  0.000,0.0
  1.000,0.013242968509476033
  0.000,0.013242968509476033
 5.7970E-05,0.015131144895202588
 1.1594E-04,0.01958198578938627
 1.7391E-04,0.021082832696104097
 2.3188E-04,0.022129826980821967
 2.8985E-04,0.024967836405366397
 3.4782E-04,0.026821549707171828
 4.0579E-04,0.02619517615510358
 4.6376E-04,0.02570092787945608
 5.2173E-04,0.02630002689498017
 5.7970E-04,0.025513622629295095
 6.3767E-04,0.022661835473136292
 6.9564E-04,0.020493402909266115
 7.5361E-04,0.01921335307526682
 8.1158E-04,0.01649773125555013
 8.6955E-04,0.012680606894348074
 9.2752E-04,0.010095484263202743
 9.8549E-04,0.008433227561298565
 1.0435E-03,0.005664703051061057
 1.1014E-03,0.0027294633982941556
 1.1594E-03,0.001534717661490043
 1.2174E-03,0.0011425951563035555
 1.2753E-03,4.41573255276198e-05
 1.3333E-03,-0.000602162472663039
 1.3913E-03,0.0005751666015023373
 1.4493E-03,0.002215732518313574
 1.5072E-03,0.0032255689024030735
 1.5652E-03,0.0049103659851459
 1.6232E-03,0.007969454245139123
 1.6811E-03,0.010902594071339752
 1.7391E-03,0.01301658021538766
 1.7971E-03,0.01562986163821828
 1.8550E-03,0.018918494568234356
 1.9130E-03,0.021390860868293296
 1.9710E-03,0.02285390970793377
 2.0290E-03,0.02452214782192284
 2.0869E-03,0.026231133352291332
 2.1449E-03,0.02669259442035388
 2.2029E-03,0.02617464693359247
 2.2608E-03,0.02578393673510462
 2.3188E-03,0.025115172211910317
 2.3768E-03,0.023237135354009238
 2.4347E-03,0.020764944393691538
 2.4927E-03,0.018644033155100923
 2.5507E-03,0.016328720467023848
 2.6087E-03,0.013235031804934927
 2.6666E-03,0.010192888334182037
 2.7246E-03,0.00788177664839569
 2.7826E-03,0.005670494284266074
 2.8405E-03,0.0032419224674144903
 2.8985E-03,0.0014594389506272791
 2.9565E-03,0.0006754546133783002
 3.0144E-03,0.00017560093802175937
 3.0724E-03,-0.00017057040104465662
 3.1304E-03,0.00037947825742246636
 3.1884E-03,0.0018427325618849898
 3.2463E-03,0.0034596745027069145
 3.3043E-03,0.005225028858329045
 3.3623E-03,0.007704705002070988
 3.4202E-03,0.010636369506763579
 3.4782E-03,0.013307575151398073
 3.5362E-03,0.015830577336382025
 3.5941E-03,0.018614449170312623
 3.6521E-03,0.021243376753122538
 3.7101E-03,0.023158167419190332
 3.7681E-03,0.024617116965278893
 3.8260E-03,0.02592554191730785
 3.8840E-03,0.02665032903764044
 3.9420E-03,0.026466653278584294
 3.9999E-03,0.025781722544117647
 4.0579E-03,0.0248415705758591
 4.1159E-03,0.023279786512319864
 4.1738E-03,0.021020432877571965
 4.2318E-03,0.01856696633496629
 4.2898E-03,0.016103189495478218
 4.3478E-03,0.013342929120177505
 4.4057E-03,0.010392853467863445
 4.4637E-03,0.0077544146072706845
 4.5217E-03,0.005502258322429914
 4.5796E-03,0.003389801096662119
 4.6376E-03,0.0015978614503903274
 4.6956E-03,0.000518010122852149
 4.7535E-03,6.862329595097523e-05
 4.8115E-03,-6.6141151031635605e-06
 4.8695E-03,0.00045677070753187007
 4.9274E-03,0.0016755238219882914
 4.9854E-03,0.0034100158611236357
 5.0434E-03,0.005387467749130931
 5.1014E-03,0.007725584355911887
 5.1593E-03,0.010477580131584665
 5.2173E-03,0.013307924138185198
 5.2753E-03,0.01597747017308675
 5.3332E-03,0.018589327708480728
 5.3912E-03,0.02110613698269124
 5.4492E-03,0.023199548072841008
 5.5072E-03,0.02473833536513819
 5.5651E-03,0.025867260526425725
 5.6231E-03,0.026543603976598502
 5.6811E-03,0.026537266233333495
 5.7390E-03,0.025872068678382206
 5.7970E-03,0.024762684388502522
 5.8550E-03,0.023207745343911502
 5.9129E-03,0.021107385635866546
 5.9709E-03,0.018624659106378234
 6.0289E-03,0.016015365256754927
 6.0869E-03,0.013304414116642491
 6.1448E-03,0.010484220690488306
 6.2028E-03,0.007780401291301988
 6.2608E-03,0.00541507575253237
 6.3187E-03,0.003380299659645031
 6.3767E-03,0.0016835088823997954
 6.4347E-03,0.0005160118747304268
 6.4926E-03,-1.0871457939429187e-05
 6.5506E-03,7.0160472422371424e-06
 6.6086E-03,0.0005294162194066808
 6.6666E-03,0.0016512483011298974
 6.7245E-03,0.0033435132150969565
 6.7825E-03,0.00541801137094838
 6.8405E-03,0.007781348756889217
 6.8984E-03,0.010437946481964182
 6.9564E-03,0.013258216876351068
 7.0144E-03,0.01601909295826717
 7.0723E-03,0.018627142500779018
 7.1303E-03,0.02105859645477079
 7.1883E-03,0.02316851986274749
 7.2463E-03,0.02478570955321424
 7.3042E-03,0.025888022741384492
 7.3622E-03,0.026494968612342712
 7.4202E-03,0.026524583302601747
 7.4781E-03,0.02592013057313906
 7.5361E-03,0.02476847231820951
 7.5941E-03,0.02316309878119516
 7.6520E-03,0.021110515923394642
 7.7100E-03,0.01866873458385746
 7.7680E-03,0.016008701530404255
 7.8259E-03,0.013266757108088178
 7.8839E-03,0.010499005071800863
 7.9419E-03,0.007816688208710157
 7.9999E-03,0.0053986044629757675
 8.0578E-03,0.003350886992309306
 8.1158E-03,0.0017052919367471096
 8.1738E-03,0.0005420883477735092
 8.2317E-03,-3.4264691255599306e-05
 8.2897E-03,-1.3886805429666757e-05
 8.3477E-03,0.0005541574649153474
 8.4056E-03,0.001666434291909184
 8.4636E-03,0.003316481984311624
 8.5216E-03,0.005405599265181406
 8.5796E-03,0.007806193774737048
 8.6375E-03,0.010443273896540133
 8.6955E-03,0.013231089662618385
 8.7535E-03,0.016015043734915517
 8.8114E-03,0.018650368770508585
 8.8694E-03,0.02105626137242304
 8.9274E-03,0.02314455638532502
 8.9853E-03,0.024789452921020718
 9.0433E-03,0.025908566427576926
 9.1013E-03,0.026487489951072588
 9.1593E-03,0.02650602510528054
 9.2172E-03,0.025930252148057144
 9.2752E-03,0.024785414410387743
 9.3332E-03,0.023152568367132673
 9.3911E-03,0.021098110871899667
 9.4491E-03,0.018682922132688535
 9.5071E-03,0.016021066410248676
 9.5651E-03,0.013254507694166688
 9.6230E-03,0.010492132093599157
 9.6810E-03,0.007832172758019463
 9.7390E-03,0.005405573041200795
 9.7969E-03,0.0033376957087757984
 9.8549E-03,0.0017026271706782343
 9.9129E-03,0.0005564001487786041
 9.9708E-03,-3.290457754072948e-05
 1.0029E-02,-2.727584717756269e-05
 1.0087E-02,0.0005544822020980017
 1.0145E-02,0.0016780672133259998
 1.0203E-02,0.003312979150654562
 1.0261E-02,0.005393124954959205
 1.0319E-02,0.007808872029406904
 1.0377E-02,0.010451892121219789
 1.0435E-02,0.013224368633618862
 1.0493E-02,0.016004906077223303
 1.0551E-02,0.01865525832932756
 1.0609E-02,0.021062360269465237
 1.0666E-02,0.02313663066032748
 1.0724E-02,0.024782878223010934
 1.0782E-02,0.025915520369943084
 1.0840E-02,0.026491744904195768
 1.0898E-02,0.0264985413572422
 1.0956E-02,0.025927674933430636
 1.1014E-02,0.02479379077586626
 1.1072E-02,0.02315527466695269
 1.1130E-02,0.021091832141324374
 1.1188E-02,0.01868372841432803
 1.1246E-02,0.01602961566907819
 1.1304E-02,0.013255435144888703
 1.1362E-02,0.010486935529669922
 1.1420E-02,0.007834987038913225
 1.1478E-02,0.00541280107394753
 1.1536E-02,0.00333641452941292
 1.1594E-02,0.0016979950318675176
 1.1652E-02,0.0005597662669775017
 1.1710E-02,-2.8109073995761136e-05
 1.1768E-02,-3.084183587182881e-05
 1.1826E-02,0.0005501490138931609
 1.1884E-02,0.001681114256745781
 1.1942E-02,0.003315109344362751
 1.2000E-02,0.005387925535632839
 1.2058E-02,0.007805184026434134
 1.2116E-02,0.010454582081850785
 1.2174E-02,0.013224512946993531
 1.2232E-02,0.015999349375728878
 1.2290E-02,0.018653005942364003
 1.2348E-02,0.021065192715044128
 1.2406E-02,0.023135916711289544
 1.2464E-02,0.024778317045104636
 1.2522E-02,0.025915379324856408
 1.2579E-02,0.026495150991516177
 1.2637E-02,0.02649787063978564
 1.2695E-02,0.025924890426184795
 1.2753E-02,0.024795774426754718
 1.2811E-02,0.023159119151954694
 1.2869E-02,0.021091413203568558
 1.2927E-02,0.01868260006619473
 1.2985E-02,0.016032922689786084
 1.3043E-02,0.01325895344602451
 1.3101E-02,0.010486304546147482
 1.3159E-02,0.007834693708818511
 1.3217E-02,0.005416175033787993
 1.3275E-02,0.003338622546531783
 1.3333E-02,0.0016964925795233102
 1.3391E-02,0.0005593906042516961
 1.3449E-02,-2.5723608176062636e-05
 1.3507E-02,-3.053194139670242e-05
 1.3565E-02,0.0005475280751840553
 1.3623E-02,0.001680260395255712
 1.3681E-02,0.003316190539230803
 1.3739E-02,0.005386554796534483
 1.3797E-02,0.00780192810031601
 1.3855E-02,0.010453600993542906
 1.3913E-02,0.013224786331705953
 1.3971E-02,0.01599723320977544
 1.4029E-02,0.018650126934323302
 1.4087E-02,0.021064875179514577
 1.4145E-02,0.023136257618326835
 1.4203E-02,0.024776568802355233
 1.4261E-02,0.025913828323296015
 1.4319E-02,0.026496114176705755
 1.4377E-02,0.026498890199406343
 1.4435E-02,0.025924158838196456
 1.4493E-02,0.024795861273492176
 1.4550E-02,0.023161307893675348
 1.4608E-02,0.0210930265963355
 1.4666E-02,0.018682734383485906
 1.4724E-02,0.016034128163103383
 1.4782E-02,0.01326158837918061
 1.4840E-02,0.010487784212709043
 1.4898E-02,0.00783492621778289
 1.4956E-02,0.005417482207226879
 1.5014E-02,0.003340634156308785
 1.5072E-02,0.0016969674138030866
 1.5130E-02,0.0005589144860733775
 1.5188E-02,-2.5187689999783304e-05
 1.5246E-02,-2.9860015710874464e-05
 1.5304E-02,0.0005465987072205727
 1.5362E-02,0.0016788210515704697
 1.5420E-02,0.003315762449388619
 1.5478E-02,0.00538595504824693
 1.5536E-02,0.007799982680290078
 1.5594E-02,0.010451702494145624
 1.5652E-02,0.01322395878332976
 1.5710E-02,0.015996142734627707
 1.5768E-02,0.018648134722355485
 1.5826E-02,0.02106346045610368
 1.5884E-02,0.023135924341620855
 1.5942E-02,0.02477595387680173
 1.6000E-02,0.02591274495796469
 1.6058E-02,0.02649593967045413
 1.6116E-02,0.02649963685412761
 1.6174E-02,0.02592453969026074
 1.6232E-02,0.024796040683983053
 1.6290E-02,0.023162433777193535
 1.6348E-02,0.021094708922278355
 1.6406E-02,0.018683860566764705
 1.6463E-02,0.016035123088203637
 1.6521E-02,0.013263318713192102
 1.6579E-02,0.010489594414681756
 1.6637E-02,0.007835963753925864
 1.6695E-02,0.005418360876976093
 1.6753E-02,0.00334194880793418
 1.6811E-02,0.0016979471973456446
 1.6869E-02,0.000559022603512233
 1.6927E-02,-2.521216860232095e-05
 1.6985E-02,-2.965789042010649e-05
 1.7043E-02,0.0005462655929672073
 1.7101E-02,0.0016777385012520982
 1.7159E-02,0.003314720913375764
 1.7217E-02,0.005385108239835698
 1.7275E-02,0.0077986515240007145
 1.7333E-02,0.010449947502351373
 1.7391E-02,0.013222531535957628
 1.7449E-02,0.015995004887091244
 1.7507E-02,0.018646714554589716
 1.7565E-02,0.021062006109318725
 1.7623E-02,0.023135057635705093
 1.7681E-02,0.024775454803688004
 1.7739E-02,0.025912146942930477
 1.7797E-02,0.026495583890826388
 1.7855E-02,0.026499952503917477
 1.7913E-02,0.02592515481397474
 1.7971E-02,0.02479659146259989
 1.8029E-02,0.02316328361583911
 1.8087E-02,0.021096081348519792
 1.8145E-02,0.018685292220146633
 1.8203E-02,0.01603636515547406
 1.8261E-02,0.013264724626850423
 1.8319E-02,0.010491218781059065
 1.8376E-02,0.00783733430374358
 1.8434E-02,0.005419366607836484
 1.8492E-02,0.003342931309377673
 1.8550E-02,0.0016988556064714384
 1.8608E-02,0.0005594546585265248
 1.8666E-02,-2.521566394252464e-05
 1.8724E-02,-2.9763717708557207e-05
 1.8782E-02,0.0005459576381107251
 1.8840E-02,0.0016769430245315666
 1.8898E-02,0.003313614502192649
 1.8956E-02,0.005384000650756891
 1.9014E-02,0.007797419745268111
 1.9072E-02,0.010448424065471874
 1.9130E-02,0.013220977028746502
 1.9188E-02,0.015993667602536742
 1.9246E-02,0.018645443627413168
 1.9304E-02,0.02106071769860679
 1.9362E-02,0.023134025688423834
 1.9420E-02,0.024774823523701014
 1.9478E-02,0.02591172393157411
 1.9536E-02,0.02649532654136145
 1.9594E-02,0.02650008833616527
 1.9652E-02,0.025925703464913716
 1.9710E-02,0.02479732135867462
 1.9768E-02,0.023164169521343203
 1.9826E-02,0.021097279428527103
 1.9884E-02,0.018686715365969858
 1.9942E-02,0.016037772784081892
 2.0000E-02,0.013266114290604319
 2.0058E-02,0.010492689369829956
 2.0116E-02,0.007838742590568288
 2.0174E-02,0.0054205119772586415
 2.0232E-02,0.003343858177873793
 2.0290E-02,0.001699640674646136
 2.0347E-02,0.0005599573679605277
 2.0405E-02,-2.51126202392368e-05
 2.0463E-02,-2.9951036279264666e-05
 2.0521E-02,0.0005455615341427026
 2.0579E-02,0.0016762375896759176
 2.0637E-02,0.0033125785579263783
 2.0695E-02,0.0053827983128186055
 2.0753E-02,0.007796135569815539
 2.0811E-02,0.010446997697704411
 2.0869E-02,0.01321945776995894
 2.0927E-02,0.01599223364272227
 2.0985E-02,0.01864415354479227
 2.1043E-02,0.02105952299479288
 2.1101E-02,0.023132997689665404
 2.1159E-02,0.024774102988221497
 2.1217E-02,0.02591130996966938
 2.1275E-02,0.02649515151114945
 2.1333E-02,0.026500202959678632
 2.1391E-02,0.025926177139974995
 2.1449E-02,0.02479808184096488
 2.1507E-02,0.023165121180213143
 2.1565E-02,0.021098438646909315
 2.1623E-02,0.018688081978597285
 2.1681E-02,0.016039225203693837
 2.1739E-02,0.013267550665857707
 2.1797E-02,0.010494110939008853
 2.1855E-02,0.007840114065022687
 2.1913E-02,0.005421709079216968
 2.1971E-02,0.003344812470080306
 2.2029E-02,0.0017003732384232677
 2.2087E-02,0.0005604420834316233
 2.2145E-02,-2.4957171547752496e-05
 2.2203E-02,-3.0128633604741665e-05
 2.2260E-02,0.0005451149562347616
 2.2318E-02,0.0016755306097756594
 2.2376E-02,0.003311590698846026
 2.2434E-02,0.005381590690015696
 2.2492E-02,0.007794807010105979
 2.2550E-02,0.01044558286535063
 2.2608E-02,0.013217978664415035
 2.2666E-02,0.015990782874348804
 2.2724E-02,0.018642827969217245
 2.2782E-02,0.021058349175696003
 2.2840E-02,0.023131999841252
 2.2898E-02,0.024773358068893584
 2.2956E-02,0.0259108709228984
 2.3014E-02,0.026495002882346005
 2.3072E-02,0.026500337012442837
 2.3130E-02,0.025926622724368006
 2.3188E-02,0.024798827817167926
 2.3246E-02,0.023166101135654683
 2.3304E-02,0.021099607082834225
 2.3362E-02,0.018689420320784286
 2.3420E-02,0.016040672922137147
 2.3478E-02,0.013269014328739198
 2.3536E-02,0.010495533003213296
 2.3594E-02,0.00784145987701979
 2.3652E-02,0.005422909672325352
 2.3710E-02,0.003345790757971646
 2.3768E-02,0.0017010993880740067
 2.3826E-02,0.0005609054739305714
 2.3884E-02,-2.479221822120634e-05
 2.3942E-02,-3.028713178994642e-05
 2.4000E-02,0.0005446570068240628
 2.4058E-02,0.00167480759179911
 2.4116E-02,0.003310616169073066
 2.4173E-02,0.005380396500063285
 2.4231E-02,0.00779346413911082
 2.4289E-02,0.010444157604431584
 2.4347E-02,0.013216514646298473
 2.4405E-02,0.015989339729343424
 2.4463E-02,0.018641486990732998
 2.4521E-02,0.021057170306605987
 2.4579E-02,0.02313101706515945
 2.4637E-02,0.024772615453965998
 2.4695E-02,0.025910417074476486
 2.4753E-02,0.02649485400727178
 2.4811E-02,0.026500484799790443
 2.4869E-02,0.02592706627701014
 2.4927E-02,0.02479956093860889
 2.4985E-02,0.023167084725231626
 2.5043E-02,0.021100786956216692
 2.5101E-02,0.018690753439900877
 2.5159E-02,0.01604211054284589
 2.5217E-02,0.013270484358910086
 2.5275E-02,0.010496963674771959
 2.5333E-02,0.007842798498656116
 2.5391E-02,0.0054241033148305804
 2.5449E-02,0.0033467770101476848
 2.5507E-02,0.0017018311642708589
 2.5565E-02,0.0005613608026255896
 2.5623E-02,-2.4631125340060164e-05
 2.5681E-02,-3.043719042910857e-05
 2.5739E-02,0.0005442017448886353
 2.5797E-02,0.00167407647090002
 2.5855E-02,0.0033096404859809195
 2.5913E-02,0.005379210281973203
 2.5971E-02,0.007792121321650055
 2.6029E-02,0.010442724901789307
 2.6087E-02,0.013215051691075522
 2.6144E-02,0.01598790341002313
 2.6202E-02,0.018640143916289344
 2.6260E-02,0.021055985159506026
 2.6318E-02,0.0231300369757438
 2.6376E-02,0.024771878089326894
 2.6434E-02,0.025909959599986047
 2.6492E-02,0.02649470036679026
 2.6550E-02,0.026500636341165812
 2.6608E-02,0.025927513404486454
 2.6666E-02,0.024800289657248096
 2.6724E-02,0.023168065300760297
 2.6782E-02,0.021101971184204253
 2.6840E-02,0.01869208857828139
 2.6898E-02,0.016043543637896743
 2.6956E-02,0.013271953082739043
 2.7014E-02,0.010498398797775933
 2.7072E-02,0.007844137751081257
 2.7130E-02,0.005425292764380477
 2.7188E-02,0.0033477634172521557
 2.7246E-02,0.0017025670550467075
 2.7304E-02,0.0005618156088264103
 2.7362E-02,-2.447359191622882e-05
 2.7420E-02,-3.058598309919692e-05
 2.7478E-02,0.0005437499166584679
 2.7536E-02,0.0016733439089182415
 2.7594E-02,0.00330866199787147
 2.7652E-02,0.005378026014345788
 2.7710E-02,0.0077907810040689866
 2.7768E-02,0.010441290086475296
 2.7826E-02,0.01321358672649666
 2.7884E-02,0.015986469362364853
 2.7942E-02,0.01863880233884744
 2.8000E-02,0.021054797541125155
 2.8057E-02,0.023129055685047993
 2.8115E-02,0.024771143035030977
 2.8173E-02,0.025909502682724864
 2.8231E-02,0.02649454420033734
 2.8289E-02,0.026500787440378502
 2.8347E-02,0.025927962675087738
 2.8405E-02,0.024801018174495468
 2.8463E-02,0.023169043601823477
 2.8521E-02,0.021103155687668282
 2.8579E-02,0.018693425619907965
 2.8637E-02,0.016044976052476595
 2.8695E-02,0.01327342003596287
 2.8753E-02,0.010499834814819711
 2.8811E-02,0.007845478605653098
 2.8869E-02,0.005426481264843182
 2.8927E-02,0.0033487486347453144
 2.8985E-02,0.0017033042449099154
 2.9043E-02,0.0005622716202782576
 2.9101E-02,-2.4317155827878532e-05
 2.9159E-02,-3.073543106498371e-05
 2.9217E-02,0.0005432995507055133
 2.9275E-02,0.0016726120847889662
 2.9333E-02,0.0033076823402737425
 2.9391E-02,0.005376841504730524
 2.9449E-02,0.007789442060115002
 2.9507E-02,0.010439855474565298
 2.9565E-02,0.013212120543455122
 2.9623E-02,0.01598503533328416
 2.9681E-02,0.018637461865400513
 2.9739E-02,0.021053609632172367
 2.9797E-02,0.023128073224404657
 2.9855E-02,0.024770408204075937
 2.9913E-02,0.025909046574911658
 2.9970E-02,0.026494387421314554
 3.0028E-02,0.02650093757608296
 3.0086E-02,0.025928412376857987
 3.0144E-02,0.02480174725973216
 3.0202E-02,0.023170021157588087
 3.0260E-02,0.02110433954212431
 3.0318E-02,0.018694763278387854
 3.0376E-02,0.01604640885838838
 3.0434E-02,0.013274886278394151
 3.0492E-02,0.010501270557985406
 3.0550E-02,0.007846820227151965
 3.0608E-02,0.005427670032833852
 3.0666E-02,0.0033497332697104082
 3.0724E-02,0.0017040414969579836
 3.0782E-02,0.0005627284425603592
 3.0840E-02,-2.4160596220587183e-05
 3.0898E-02,-3.088534567521445e-05
 3.0956E-02,0.0005428494551872638
 3.1014E-02,0.0016718809722486784
 3.1072E-02,0.0033067026145377244
 3.1130E-02,0.005375656590622984
 3.1188E-02,0.007788103449647532
 3.1246E-02,0.010438421348375884
 3.1304E-02,0.01321065406124361
 3.1362E-02,0.015983600902511736
 3.1420E-02,0.018636121668119298
 3.1478E-02,0.021052421920365706
 3.1536E-02,0.02312709026245623
 3.1594E-02,0.0247696729870374
 3.1652E-02,0.02590859067317566
 3.1710E-02,0.026494230619630462
 3.1768E-02,0.02650108715020794
 3.1826E-02,0.025928861814981937
 3.1884E-02,0.024802476563292427
 3.1941E-02,0.023170998611091585
 3.1999E-02,0.02110552293048312
 3.2057E-02,0.018696100880302033
 3.2115E-02,0.01604784195318187
 3.2173E-02,0.013276352442017782
 3.2231E-02,0.010502706023216471
 3.2289E-02,0.007848162020556833
 3.2347E-02,0.0054288591675156804
 3.2405E-02,0.003350717886528815
 3.2463E-02,0.00170477866221303
 3.2521E-02,0.0005631855983813498
 3.2579E-02,-2.4003666278898787e-05
 3.2637E-02,-3.103527580087691e-05
 3.2695E-02,0.000542399363003578
 3.2753E-02,0.0016711502045912495
 3.2811E-02,0.0033057231317294693
 3.2869E-02,0.005374471565213031
 3.2927E-02,0.007786764819300233
 3.2985E-02,0.010436987460754433
 3.3043E-02,0.013209187628107369
 3.3101E-02,0.015982166237845152
 3.3159E-02,0.0186347813903936
 3.3217E-02,0.021051234308218057
 3.3275E-02,0.023126107170031898
 3.3333E-02,0.024768937452066826
 3.3391E-02,0.025908134655642207
 3.3449E-02,0.02649407381758325
 3.3507E-02,0.02650123649817912
 3.3565E-02,0.02592931094852619
 3.3623E-02,0.024803205799859795
 3.3681E-02,0.023171976065272763
 3.3739E-02,0.021106706128303857
 3.3797E-02,0.01869743831021958
 3.3854E-02,0.01604927511672057
 3.3912E-02,0.01327781869111319
 3.3970E-02,0.010504141417357008
 3.4028E-02,0.007849503823074196
 3.4086E-02,0.0054300485179373265
 3.4144E-02,0.003351702678978731
 3.4202E-02,0.0017055158719172223
 3.4260E-02,0.0005636429031172846
 3.4318E-02,-2.3846443936255597e-05
 3.4376E-02,-3.118501307576582e-05
 3.4434E-02,0.0005419493452364067
 3.4492E-02,0.0016704196067152924
 3.4550E-02,0.003304743883427448
 3.4608E-02,0.005373286626355599
 3.4666E-02,0.0077854261749168
 3.4724E-02,0.01043555364347809
 3.4782E-02,0.01320772127320574
 3.4840E-02,0.015980731494726588
 3.4898E-02,0.018633440975666556
 3.4956E-02,0.021050046646458872
 3.5014E-02,0.0231251240097335
 3.5072E-02,0.02476820171977568
 3.5130E-02,0.02590767843946658
 3.5188E-02,0.026493916913842577
 3.5246E-02,0.026501385718741607
 3.5304E-02,0.02592975986789413
 3.5362E-02,0.024803934874518502
 3.5420E-02,0.023172953461425366
 3.5478E-02,0.021107889246645393
 3.5536E-02,0.018698775619976838
 3.5594E-02,0.01605070824845597
 3.5652E-02,0.013279285001108
 3.5710E-02,0.010505576844829712
 3.5767E-02,0.007850845643519714
 3.5825E-02,0.005431237977968904
 3.5883E-02,0.003352687638537956
 3.5941E-02,0.00170625320107771
 3.5999E-02,0.000564100316474988
 3.6057E-02,-2.3689041767981566e-05
 3.6115E-02,-3.133455850657928e-05
 3.6173E-02,0.0005414994493000427
 3.6231E-02,0.0016696891148421252
 3.6289E-02,0.0033037647815098207
 3.6347E-02,0.0053721018024913605
 3.6405E-02,0.007784087560451643
 3.6463E-02,0.010434119837525405
 3.6521E-02,0.013206254945641198
 3.6579E-02,0.01597929672397638
 3.6637E-02,0.01863210045617044
 3.6695E-02,0.021048858876403537
 3.6753E-02,0.023124140754272812
 3.6811E-02,0.024767465842952467
 3.6869E-02,0.02590722203435493
 3.6927E-02,0.026493759847765086
 3.6985E-02,0.02650153480194218
 3.7043E-02,0.02593020862197168
 3.7101E-02,0.02480466377926813
 3.7159E-02,0.023173930743240208
 3.7217E-02,0.02110907228844608
 3.7275E-02,0.01870011284850937
 3.7333E-02,0.016052141326540627
 3.7391E-02,0.013280751326681755
 3.7449E-02,0.010507012323721887
 3.7507E-02,0.007852187516535648
 3.7565E-02,0.005432427524372459
 3.7623E-02,0.003353672738787053
 3.7680E-02,0.0017069906808788351
 3.7738E-02,0.0005645578645115008
 3.7796E-02,-2.3531489648452998e-05
 3.7854E-02,-3.148393346383265e-05
 3.7912E-02,0.0005410497000912793
 3.7970E-02,0.0016689587344703672
 3.8028E-02,0.003302785787757798
 3.8086E-02,0.00537091707966297
 3.8144E-02,0.007782749001857889
 3.8202E-02,0.010432686044485077
 3.8260E-02,0.013204788618616589
 3.8318E-02,0.015977861932354148
 3.8376E-02,0.018630759867112243
 3.8434E-02,0.02104767100353576
 3.8492E-02,0.023123157391626
 3.8550E-02,0.02476672984336603
 3.8608E-02,0.02590676547505374
 3.8666E-02,0.026493602620808732
 3.8724E-02,0.026501683742291855
 3.8782E-02,0.025930657238445738
 3.8840E-02,0.024805392543927957
 3.8898E-02,0.023174907908153228
 3.8956E-02,0.021110255251116834
 3.9014E-02,0.01870145001894185
 3.9072E-02,0.01605357436427963
 3.9130E-02,0.013282217651759853
 3.9188E-02,0.010508447845102098
 3.9246E-02,0.007853529454301717
 3.9304E-02,0.005433617155734748
 3.9362E-02,0.00335465795915026
 3.9420E-02,0.0017077283079277713
 3.9478E-02,0.0005650155634694632
 3.9536E-02,-2.3373784764457012e-05
 3.9594E-02,-3.163314564543207e-05
 3.9651E-02,0.000540600109522847
 3.9709E-02,0.0016682284885711014
 3.9767E-02,0.003301806907163249
 3.9825E-02,0.005369732455220422
 3.9883E-02,0.00778141051310933
 3.9941E-02,0.01043125228049483
 3.9999E-02,0.013203322288923946
 4.0057E-02,0.01597642711359934
 4.0115E-02,0.01862941921685246
 4.0173E-02,0.021046483032974624
 4.0231E-02,0.0231221739098951
 4.0289E-02,0.024765993711482706
 4.0347E-02,0.025906308765163966
 4.0405E-02,0.026493445230435807
 4.0463E-02,0.02650183252454086
 4.0521E-02,0.025931105709255303
 4.0579E-02,0.02480612117198777
 4.0637E-02,0.023175884952886742
 4.0695E-02,0.021111438123813532
 4.0753E-02,0.018702787130148515
 4.0811E-02,0.016055007367571775
 4.0869E-02,0.013283683972220265
 4.0927E-02,0.01050988339859387
 4.0985E-02,0.007854871454544549
 4.1043E-02,0.005434806871232083
 4.1101E-02,0.003355643287224973
 4.1159E-02,0.0017084660668611662
 4.1217E-02,0.0005654734073804958
 4.1275E-02,-2.321593166798e-05
 4.1333E-02,-3.1782206758256364e-05
 4.1391E-02,0.000540150668876895
 4.1449E-02,0.0016674983785979328
 4.1507E-02,0.003300828140498895
 4.1564E-02,0.0053685479232347694
 4.1622E-02,0.0077800720917073855
 4.1680E-02,0.01042981854999536
 4.1738E-02,0.013201855957517869
 4.1796E-02,0.015974992263260435
 4.1854E-02,0.018628078505377038
 4.1912E-02,0.021045294969081772
 4.1970E-02,0.023121190308134424
 4.2028E-02,0.02476525744224367
 4.2086E-02,0.02590585190421053
 4.2144E-02,0.026493287677842817
 4.2202E-02,0.02650198114281392
 4.2260E-02,0.025931554024624076
 4.2318E-02,0.0248068496571667
 4.2376E-02,0.023176861871262507
 4.2434E-02,0.021112620895673295
 4.2492E-02,0.018704124172608527
 4.2550E-02,0.016056440333965086
 4.2608E-02,0.013285150287698545
 4.2666E-02,0.010511318982422404
 4.2724E-02,0.007856213519773968
 4.2782E-02,0.005435996679937305
 4.2840E-02,0.003356628731905315
 4.2898E-02,0.001709203963568147
 4.2956E-02,0.0005659314041798428
 4.3014E-02,-2.3057919921030783e-05
 4.3072E-02,-3.193110959586467e-05
 4.3130E-02,0.0005397013820794755
 4.3188E-02,0.001666768410478175
 4.3246E-02,0.0032998494949599906
 4.3304E-02,0.005367363487265712
 4.3362E-02,0.0077787337388772575
 4.3420E-02,0.01042838485616921
 4.3478E-02,0.013200389627699151
 4.3535E-02,0.015973557381190738
 4.3593E-02,0.018626737731853853
 4.3651E-02,0.02104410681389926
 4.3709E-02,0.023120206588853533
 4.3767E-02,0.02476452103647071
 4.3825E-02,0.025905394894788124
 4.3883E-02,0.02649312996964349
 4.3941E-02,0.026502129604432444
 4.3999E-02,0.025932002190407664
 4.4057E-02,0.024807578006215372
 4.4115E-02,0.02317783867117485
 4.4173E-02,0.02111380357216266
 4.4231E-02,0.018705461148874572
 4.4289E-02,0.016057873266334434
 4.4347E-02,0.013286616601797054
 4.4405E-02,0.010512754598415433
 4.4463E-02,0.007857555650950167
 4.4521E-02,0.005437186585172478
 4.4579E-02,0.0033576142985017386
 4.4637E-02,0.00170994200298308
 4.4695E-02,0.0005663895590838138
 4.4753E-02,-2.2899742444253807e-05
 4.4811E-02,-3.207984706545371e-05
 4.4869E-02,0.0005392522539917075
 4.4927E-02,0.0016660385882049252
 4.4985E-02,0.003298870975220653
 4.5043E-02,0.005366179151160864
 4.5101E-02,0.0077773954564381515
 4.5159E-02,0.01042695120028794
 4.5217E-02,0.013198923300663124
 4.5275E-02,0.01597212246638119
 4.5333E-02,0.01862539689236902
 4.5391E-02,0.021042918562502132
 4.5448E-02,0.023119222746649657
 4.5506E-02,0.02476378448681101
 4.5564E-02,0.025904937727944378
 4.5622E-02,0.026492972097586113
 4.5680E-02,0.0265022779024541
 4.5738E-02,0.025932450200258993
 4.5796E-02,0.024808306214149613
 4.5854E-02,0.02317881535028574
 4.5912E-02,0.021114986152604428
 4.5970E-02,0.018706798058164404
 4.6028E-02,0.016059306164017732
 4.6086E-02,0.013288082914535291
 4.6144E-02,0.010514190246154591
 4.6202E-02,0.007858897846151042
 4.6260E-02,0.00543837658434926
 4.6318E-02,0.003358599984638551
 4.6376E-02,0.0017106801823384278
 4.6434E-02,0.0005668478686836379
 4.6492E-02,-2.2741402452924994e-05
 4.6550E-02,-3.222842211534117e-05
 4.6608E-02,0.0005388032807844681
 4.6666E-02,0.001665308906704385
 4.6724E-02,0.0032978925759104705
 4.6782E-02,0.005364994909640862
 4.6840E-02,0.0077760572390190245
 4.6898E-02,0.010425517577644481
 4.6956E-02,0.013197456973554105
 4.7014E-02,0.01597068751777753
 4.7072E-02,0.018624055986856167
 4.7130E-02,0.021041730215851654
 4.7188E-02,0.023118238783787205
 4.7246E-02,0.024763047795908672
 4.7304E-02,0.025904480405322953
 4.7361E-02,0.026492814061866737
 4.7419E-02,0.026502426035845655
 4.7477E-02,0.025932898051899182
 4.7535E-02,0.02480903427780156
 4.7593E-02,0.02317979190563248
 4.7651E-02,0.021116168635024014
 4.7709E-02,0.018708134899375388
 4.7767E-02,0.016060739026657774
 4.7825E-02,0.013289549226714211
 4.7883E-02,0.010515625927540352
 4.7941E-02,0.007860240107653736
 4.7999E-02,0.005439566679651664
 4.8057E-02,0.0033595857924662263
 4.8115E-02,0.0017114185035377672
 4.8173E-02,0.0005673063342292689
 4.8231E-02,-2.2582899016762885e-05
 4.8289E-02,-3.237683354925383e-05
 4.8347E-02,0.0005383544638877272
 4.8405E-02,0.0016645793671979992
 4.8463E-02,0.003296914297988283
 4.8521E-02,0.005363810763445348
 4.8579E-02,0.007774719086752703
 4.8637E-02,0.010424083987562671
 4.8695E-02,0.013195990645414525
 4.8753E-02,0.015969252534802733
 4.8811E-02,0.018622715015336758
 4.8869E-02,0.02104054177480658
 4.8927E-02,0.023117254702517985
 4.8985E-02,0.024762310967737438
 4.9043E-02,0.0259040229323951
 4.9101E-02,0.026492655869068068
 4.9159E-02,0.026502574011851382
 4.9217E-02,0.025933345752536033
 4.9274E-02,0.024809762203636
 4.9332E-02,0.02318076834266388
 4.9390E-02,0.021117351023971567
 4.9448E-02,0.018709471676228735
 4.9506E-02,0.01606217185710733
 4.9564E-02,0.013291015540421166
 4.9622E-02,0.010517061644087703
 4.9680E-02,0.007861582436394877
 4.9738E-02,0.005440756871339351
 4.9796E-02,0.0033605717214786053
 4.9854E-02,0.001712156965284017
 4.9912E-02,0.0005677649536008787
 4.9970E-02,-2.242423504690929e-05
 5.0028E-02,-3.252508457562487e-05
 5.0086E-02,0.0005379058004494799
 5.0144E-02,0.0016638499677080498
 5.0202E-02,0.003295936140576391
 5.0260E-02,0.005362626712858479
 5.0318E-02,0.0077733810007804376
 5.0376E-02,0.010422650431357037
 5.0434E-02,0.01319452431709783
 5.0492E-02,0.01596781751753794
 5.0550E-02,0.018621373976993493
 5.0608E-02,0.021039353237497907
 5.0666E-02,0.02311627049986598
 5.0724E-02,0.024761573998488603
 5.0782E-02,0.025903565305089228
 5.0840E-02,0.026492497515573463
 5.0898E-02,0.02650272182782662
 5.0956E-02,0.025933793300489946
 5.1014E-02,0.024810489990538465
 5.1072E-02,0.023181744660453876
 5.1130E-02,0.021118533318450754
 5.1188E-02,0.018710808387399077
 5.1245E-02,0.016063604653582475
 5.1303E-02,0.013292481853449195
 5.1361E-02,0.010518497393280955
 5.1419E-02,0.007862924829673783
 5.1477E-02,0.005441947156678025
 5.1535E-02,0.0033615577691341876
 5.1593E-02,0.0017128955652235731
 5.1651E-02,0.0005682237243649739
 5.1709E-02,-2.22654132922375e-05
 5.1767E-02,-3.2673178414538e-05
 5.1825E-02,0.0005374572867320256
 5.1883E-02,0.0016631207041015086
 5.1941E-02,0.0032949580995898014
 5.1999E-02,0.0053614427543677585
 5.2057E-02,0.007772042978621859
 5.2115E-02,0.010421216907863465
 5.2173E-02,0.013193057988845559
 5.2231E-02,0.015966382467481107
 5.2289E-02,0.018620032874249178
 5.2347E-02,0.021038164606790498
 5.2405E-02,0.023115286178683615
 5.2463E-02,0.024760836890501757
 5.2521E-02,0.025903107524725133
 5.2579E-02,0.026492339001490353
 5.2637E-02,0.026502869483014054
 5.2695E-02,0.02593424069468768
 5.2753E-02,0.024811217637388583
 5.2811E-02,0.0231827208578763
 5.2869E-02,0.021119715517413023
 5.2927E-02,0.01871214503198997
 5.2985E-02,0.016065037415238112
 5.3043E-02,0.013293948164889482
 5.3101E-02,0.01051993317422002
 5.3158E-02,0.007864267286687291
 5.3216E-02,0.005443137535051977
 5.3274E-02,0.003362543935170914
 5.3332E-02,0.0017136343038071397
 5.3390E-02,0.0005686826479400584
 5.3448E-02,-2.2106431314232087e-05
 5.3506E-02,-3.282111174863235e-05
 5.3564E-02,0.0005370089265700463
 5.3622E-02,0.0016623915802082248
 5.3680E-02,0.0032939801782855705
 5.3738E-02,0.00536025889034287
 5.3796E-02,0.007770705021700821
 5.3854E-02,0.010419783417708663
 5.3912E-02,0.013191591660833498
 5.3970E-02,0.015964947384738304
 5.4028E-02,0.01861869170737155
 5.4086E-02,0.021036975883354663
 5.4144E-02,0.023114301740246125
 5.4202E-02,0.02476009964575283
 5.4260E-02,0.02590264959387141
 5.4318E-02,0.02649218032960988
 5.4376E-02,0.02650301697996772
 5.4434E-02,0.02593468793723208
 5.4492E-02,0.024811945145902785
 5.4550E-02,0.023183696936441456
 5.4608E-02,0.021120897622294573
 5.4666E-02,0.018713481611408275
 5.4724E-02,0.01606647014343657
 5.4782E-02,0.013295414476040358
 5.4840E-02,0.010521368988038618
 5.4898E-02,0.007865609808251565
 5.4956E-02,0.005444328006786679
 5.5014E-02,0.0033635302193683017
 5.5072E-02,0.0017143731803322035
 5.5129E-02,0.000569141723406242
 5.5187E-02,-2.194728994983565e-05
 5.5245E-02,-3.2968884974235075e-05
 5.5303E-02,0.0005365607203534664
 5.5361E-02,0.001661662597283539
 5.5419E-02,0.0032930023786024235
 5.5477E-02,0.005359075123059614
 5.5535E-02,0.0077693671321993375
 5.5593E-02,0.010418349962531891
 5.5651E-02,0.013190125333766125
 5.5709E-02,0.015963512268965134
 5.5767E-02,0.018617350475038305
 5.5825E-02,0.021035787064939776
 5.5883E-02,0.02311331718153962
 5.5941E-02,0.02475936226091013
 5.5999E-02,0.025902191509396686
 5.6057E-02,0.02649202149728363
 5.6115E-02,0.02650316431646747
 5.6173E-02,0.025935135026080545
 5.6231E-02,0.02481267251406303
 5.6289E-02,0.02318467289409535
 5.6347E-02,0.02112207963102279
 5.6405E-02,0.018714818123738115
 5.6463E-02,0.01606790283661014
 5.6521E-02,0.013296880785788405
 5.6579E-02,0.010522804834177224
 5.6637E-02,0.007866952394484567
 5.6695E-02,0.005445518572623417
 5.6753E-02,0.0033645166228470687
 5.6811E-02,0.001715112195982904
 5.6869E-02,0.0005696009516566668
 5.6927E-02,-2.1787988872814363e-05
 5.6985E-02,-3.311649852276402e-05
 5.7042E-02,0.0005361126669086175
 5.7100E-02,0.0016609337536815862
 5.7158E-02,0.003292024698806022
 5.7216E-02,0.005357891451010335
 5.7274E-02,0.007768029309099688
 5.7332E-02,0.010416916541965571
 5.7390E-02,0.013188659007909947
 5.7448E-02,0.015962077120848996
 5.7506E-02,0.018616009178141036
 5.7564E-02,0.021034598152494567
 5.7622E-02,0.023112332503386783
 5.7680E-02,0.024758624736377192
 5.7738E-02,0.025901733271183447
 5.7796E-02,0.02649186250404166
 5.7854E-02,0.02650331149198981
 5.7912E-02,0.025935581960875084
 5.7970E-02,0.02481339974167893
 5.8028E-02,0.023185648730772564
 5.8086E-02,0.021123261543573572
 5.8144E-02,0.018716154568847235
 5.8202E-02,0.01606933549451112
 5.8260E-02,0.013298347093875864
 5.8318E-02,0.010524240712439518
 5.8376E-02,0.007868295045326993
 5.8434E-02,0.0054467092329007006
 5.8492E-02,0.0033655031465836937
 5.8550E-02,0.0017158513524358984
 5.8608E-02,0.0005700603350074413
 5.8666E-02,-2.1628525299717126e-05
 5.8724E-02,-3.3263949461325117e-05
 5.8782E-02,0.0005356647688675398
 5.8840E-02,0.0016602050513853561
 5.8898E-02,0.0032910471400617054
 5.8955E-02,0.005356707874595442
 5.9013E-02,0.007766691552192844
 5.9071E-02,0.010415483155419967
 5.9129E-02,0.013187192682565697
 5.9187E-02,0.01596064193977538
 5.9245E-02,0.01861466781631002
 5.9303E-02,0.021033409145999375
 5.9361E-02,0.02311134770618058
 5.9419E-02,0.02475788707298225
 5.9477E-02,0.025901274880267378
 5.9535E-02,0.02649170335083331
 5.9593E-02,0.026503458507296088
 5.9651E-02,0.025936028742341896
 5.9709E-02,0.024814126829681156
 5.9767E-02,0.023186624447641677
 5.9825E-02,0.021124443361327898
 5.9883E-02,0.01871749094829837
 5.9941E-02,0.016070768118728054
 5.9999E-02,0.013299813401672352
 6.0057E-02,0.010525676623821147
 6.0115E-02,0.007869637761285495
 6.0173E-02,0.00544789998747703
 6.0231E-02,0.003366489789762627
 6.0289E-02,0.0017165906484122497
 6.0347E-02,0.0005705198720190783
 6.0405E-02,-2.1468900596370772e-05
 6.0463E-02,-3.3411238864522484e-05
 6.0521E-02,0.0005352170256619869
 6.0579E-02,0.0016594764903238852
 6.0637E-02,0.0032900697026256405
 6.0695E-02,0.00535552439412706
 6.0753E-02,0.007765353861660914
 6.0811E-02,0.010414049802825027
 6.0868E-02,0.013185726357302696
 6.0926E-02,0.01595920672499658
 6.0984E-02,0.018613326388520528
 6.1042E-02,0.021032220044272826
 6.1100E-02,0.023110362788725268
 6.1158E-02,0.02475714926959586
 6.1216E-02,0.025900816335715098
 6.1274E-02,0.026491544036950743
 6.1332E-02,0.026503605361727
 6.1390E-02,0.025936475369648198
 6.1448E-02,0.024814853777027822
 6.1506E-02,0.023187600043605178
 6.1564E-02,0.021125625083249413
 6.1622E-02,0.018718827261209475
 6.1680E-02,0.016072200708629178
 6.1738E-02,0.013301279708902661
 6.1796E-02,0.01052711256837651
 6.1854E-02,0.007870980542630465
 6.1912E-02,0.00544909083671807
 6.1970E-02,0.0033674765526454306
 6.2028E-02,0.0017173300838207093
 6.2086E-02,0.0005709795620472951
 6.2144E-02,-2.130911597087847e-05
 6.2202E-02,-3.355836838722401e-05
 6.2260E-02,0.0005347694353619123
 6.2318E-02,0.0016587480685803396
 6.2376E-02,0.003289092384874047
 6.2434E-02,0.0053543410084910155
 6.2492E-02,0.007764016236922437
 6.2550E-02,0.010412616484082187
 6.2608E-02,0.013184260032467063
 6.2666E-02,0.015957771477157087
 6.2724E-02,0.018611984895618917
 6.2782E-02,0.021031030848250528
 6.2839E-02,0.0231093777519273
 6.2897E-02,0.024756411327034124
 6.2955E-02,0.025900357638236338
 6.3013E-02,0.026491384563098883
 6.3071E-02,0.026503752056138506
 6.3129E-02,0.02593692184378936
 6.3187E-02,0.024815580584636645
 6.3245E-02,0.023188575519316273
 6.3303E-02,0.021126806709688434
 6.3361E-02,0.01872016350760658
 6.3419E-02,0.01607363326396118
 6.3477E-02,0.013302746015102066
 6.3535E-02,0.010528548545563284
 6.3593E-02,0.007872323388920573
 6.3651E-02,0.00545028178044465
 6.3709E-02,0.003368463435422471
 6.3767E-02,0.0017180696591859229
 6.3825E-02,0.0005714394058638742
 6.3883E-02,-2.114917051393439e-05
 6.3941E-02,-3.370533714181853e-05
 6.3999E-02,0.0005343219986642318
 6.4057E-02,0.0016580197865839338
 6.4115E-02,0.003288115186991721
 6.4173E-02,0.005353157717694371
 6.4231E-02,0.007762678677899112
 6.4289E-02,0.01041118319909557
 6.4347E-02,0.013182793707997704
 6.4405E-02,0.015956336196323247
 6.4463E-02,0.018610643337816438
 6.4521E-02,0.021029841558246123
 6.4579E-02,0.02310839259616896
 6.4637E-02,0.024755673245711672
 6.4695E-02,0.025899898788216698
 6.4752E-02,0.02649122492958062
 6.4810E-02,0.02650389859081883
 6.4868E-02,0.025937368165181617
 6.4926E-02,0.02481630725312032
 6.4984E-02,0.0231895508755646
 6.5042E-02,0.021127988241503574
 6.5100E-02,0.018721499688312698
 6.5158E-02,0.016075065785360637
 6.5216E-02,0.013304212320608808
 6.5274E-02,0.010529984555375231
 6.5332E-02,0.00787366629975186
 6.5390E-02,0.005451472817814319
 6.5448E-02,0.003369450436954635
 6.5506E-02,0.0017188093733466216
 6.5564E-02,0.0005718994024666239
 6.5622E-02,-2.0989065025834447e-05
 6.5680E-02,-3.3852145629943374e-05
 6.5738E-02,0.0005338747154680335
 6.5796E-02,0.0016572916445143787
 6.5854E-02,0.0032871381092413254
 6.5912E-02,0.005351974521984077
 6.5970E-02,0.007761341184806968
 6.6028E-02,0.010409749947982563
 6.6086E-02,0.013181327383853775
 6.6144E-02,0.015954900882311652
 6.6202E-02,0.018609301714834697
 6.6260E-02,0.021028652173899518
 6.6318E-02,0.023107407321001146
 6.6376E-02,0.02475493502512728
 6.6434E-02,0.02589943978513487
 6.6492E-02,0.02649106513582263
 6.6550E-02,0.026504044965018268
 6.6608E-02,0.025937814332879595
 6.6666E-02,0.024817033781447825
 6.6723E-02,0.023190526111291066
 6.6781E-02,0.02112916967770977
 6.6839E-02,0.018722835802531767
 6.6897E-02,0.016076498272296336
 6.6955E-02,0.013305678625148911
 6.7013E-02,0.010531420597730727
 6.7071E-02,0.007875009275211373
 6.7129E-02,0.005452663949056953
 6.7187E-02,0.0033704375574329006
 6.7245E-02,0.0017195492263035784
 6.7303E-02,0.0005723595516823421
 6.7361E-02,-2.082879975616426e-05
 6.7419E-02,-3.3998794135072564e-05
 6.7477E-02,0.0005334275854555513
 6.7535E-02,0.0016565636421571389
 6.7593E-02,0.003286161151632832
 6.7651E-02,0.005350791421523367
 6.7709E-02,0.007760003757858654
 6.7767E-02,0.01040831673104766
 6.7825E-02,0.0131798610604463
 6.7883E-02,0.01595346553555804
 6.7941E-02,0.018607960027079283
 6.7999E-02,0.021027462695616627
 6.8057E-02,0.023106421926830597
 6.8115E-02,0.024754196665663676
 6.8173E-02,0.025898980629384307
 6.8231E-02,0.026490905182281452
 6.8289E-02,0.026504191179244727
 6.8347E-02,0.025938260347319407
 6.8405E-02,0.024817760169881745
 6.8463E-02,0.02319150122663831
 6.8521E-02,0.02113035101829347
 6.8579E-02,0.018724171850091082
 6.8636E-02,0.016077930724534256
 6.8694E-02,0.013307144928519834
 6.8752E-02,0.010532856672528474
 6.8810E-02,0.007876352315352598
 6.8868E-02,0.005453855174440572
 6.8926E-02,0.0033714247973897693
 6.8984E-02,0.0017202892188004095
 6.9042E-02,0.0005728198543651761
 6.9100E-02,-2.0668373795088902e-05
 6.9158E-02,-3.414528179379002e-05
 6.9216E-02,0.0005329806093937708
 6.9274E-02,0.001655835780133173
 6.9332E-02,0.0032851843146077912
 6.9390E-02,0.005349608416632234
 6.9448E-02,0.007758666397300384
 6.9506E-02,0.010406883548443458
 6.9564E-02,0.013178394737824162
 6.9622E-02,0.01595203015603306
 6.9680E-02,0.01860661827447533
 6.9738E-02,0.021026273123252642
 6.9796E-02,0.023105436413464464
 6.9854E-02,0.024753458167104874
 6.9912E-02,0.025898521320749587
 6.9970E-02,0.02649074506876307
 7.0028E-02,0.026504337233395694
 7.0086E-02,0.02593870620855544
 7.0144E-02,0.024818486418654147
 7.0202E-02,0.023192476221901008
 7.0260E-02,0.021131532263616283
 7.0318E-02,0.018725507831368848
 7.0376E-02,0.016079363142362968
 7.0434E-02,0.013308611230885347
 7.0492E-02,0.010534292779826133
 7.0549E-02,0.007877695420118448
 7.0607E-02,0.0054550464937714
 7.0665E-02,0.0033724121565747727
 7.0723E-02,0.0017210293506316782
 7.0781E-02,0.0005732803103993807
 7.0839E-02,-2.050778721030585e-05
 7.0897E-02,-3.429160862667472e-05
 7.0955E-02,0.000532533787305336
 7.1013E-02,0.001655108058452592
 7.1071E-02,0.0032842075981236686
 7.1129E-02,0.005348425507216985
 7.1187E-02,0.007757329102999539
 7.1245E-02,0.010405450399985479
 7.1303E-02,0.013176928415777138
 7.1361E-02,0.015950594743504413
 7.1419E-02,0.018605276456723014
 7.1477E-02,0.021025083456464727
 7.1535E-02,0.023104450780548142
 7.1593E-02,0.024752719529085573
 7.1651E-02,0.025898061858802134
 7.1709E-02,0.026490584794766504
 7.1767E-02,0.026504483126881053
 7.1825E-02,0.025939151915953272
 7.1883E-02,0.02481921252713188
 7.1941E-02,0.023193451096544956
 7.1999E-02,0.02113271341324317
 7.2057E-02,0.01872684374605749
 7.2115E-02,0.016080795525641473
 7.2173E-02,0.013310077532260161
 7.2231E-02,0.010535728919708623
 7.2289E-02,0.0078790385896475
 7.2347E-02,0.005456237907247951
 7.2405E-02,0.0033733996351480457
 7.2463E-02,0.0017217696218694057
 7.2520E-02,0.000573740919771017
 7.2578E-02,-2.034704006255981e-05
 7.2636E-02,-3.443777470763329e-05
 7.2694E-02,0.0005320871190676499
 7.2752E-02,0.0016543804769835729
 7.2810E-02,0.0032832310020861465
 7.2868E-02,0.005347242693194769
 7.2926E-02,0.007755991874873943
 7.2984E-02,0.01040401728564258
 7.3042E-02,0.013175462094331207
 7.3100E-02,0.015949159298064258
 7.3158E-02,0.018603934574011886
 7.3216E-02,0.021023893695534875
 7.3274E-02,0.023103465028416172
 7.3332E-02,0.024751980751981307
 7.3390E-02,0.025897602243974797
 7.3448E-02,0.026490424360731655
 7.3506E-02,0.026504628860127197
 7.3564E-02,0.025939597469856385
 7.3622E-02,0.02481993849557888
 7.3680E-02,0.023194425850753746
 7.3738E-02,0.021133894467301337
 7.3796E-02,0.018728179594239648
 7.3854E-02,0.01608222787439495
 7.3912E-02,0.013311543832643942
 7.3970E-02,0.010537165092226113
 7.4028E-02,0.007880381824013492
 7.4086E-02,0.005457429414948837
 7.4144E-02,0.0033743872332384593
 7.4202E-02,0.0017225100326752534
 7.4260E-02,0.0005742016826279569
 7.4318E-02,-2.0186132220697335e-05
 7.4376E-02,-3.4583779938576895e-05
 7.4433E-02,0.0005316406047894537
 7.4491E-02,0.0016536530358232959
 7.4549E-02,0.003282254526557898
 7.4607E-02,0.0053460599746416
 7.4665E-02,0.0077546547129919855
 7.4723E-02,0.010402584205449737
 7.4781E-02,0.01317399577348671
 7.4839E-02,0.015947723819680612
 7.4897E-02,0.01860259262627683
 7.4955E-02,0.021022703840364258
 7.5013E-02,0.02310247915700668
 7.5071E-02,0.024751241835773055
 7.5129E-02,0.025897142476262663
 7.5187E-02,0.026490263766703537
 7.5245E-02,0.026504774433248446
 7.5303E-02,0.025940042870485992
 7.5361E-02,0.02482066432423462
 7.5419E-02,0.02319540048476331
 7.5477E-02,0.021135075426026335
 7.5535E-02,0.018729515376106474
 7.5593E-02,0.016083660188765586
 7.5651E-02,0.013313010132112143
 7.5709E-02,0.010538601297367134
 7.5767E-02,0.007881725123132594
 7.5825E-02,0.005458621016700983
 7.5883E-02,0.003375374950595714
 7.5941E-02,0.0017232505827648344
 7.5999E-02,0.0005746625986732636
 7.6057E-02,-2.0025064028604154e-05
 7.6115E-02,-3.47296246572613e-05
 7.6173E-02,0.0005311942441499255
 7.6231E-02,0.001652925734667131
 7.6289E-02,0.003281278171288083
 7.6346E-02,0.005344877351336456
 7.6404E-02,0.007753317617217915
 7.6462E-02,0.010401151159301422
 7.6520E-02,0.013172529453160773
 7.6578E-02,0.015946288308300683
 7.6636E-02,0.018601250613488475
 7.6694E-02,0.021021513890938072
 7.6752E-02,0.02310149316623757
 7.6810E-02,0.024750502780337896
 7.6868E-02,0.02589668255551789
 7.6926E-02,0.02649010301248723
 7.6984E-02,0.02650491984602628
 7.7042E-02,0.02594048811760564
 7.7100E-02,0.024821390012892484
 7.7158E-02,0.023196374998379912
 7.7216E-02,0.02113625628922035
 7.7274E-02,0.01873085109149693
 7.7332E-02,0.01608509246860659
 7.7390E-02,0.01331447643052469
 7.7448E-02,0.01054003753501345
 7.7506E-02,0.007883068486917706
 7.7564E-02,0.005459812712457757
 7.7622E-02,0.0033763627871907483
 7.7680E-02,0.001723991272104537
 7.7738E-02,0.0005751236678765751
 7.7796E-02,-1.9863835502307594e-05
 7.7854E-02,-3.487530889755499e-05
 7.7912E-02,0.0005307480370949217
 7.7970E-02,0.0016521985734857733
 7.8028E-02,0.0032803019362521516
 7.8086E-02,0.0053436948232888325
 7.8144E-02,0.0077519805875677205
 7.8202E-02,0.010399718147286359
 7.8260E-02,0.013171063133485043
 7.8317E-02,0.015944852764099234
 7.8375E-02,0.0185999085358665
 7.8433E-02,0.021020323847481318
 7.8491E-02,0.02310050705636418
 7.8549E-02,0.024749763585931082
 7.8607E-02,0.025896222481992064
 7.8665E-02,0.026489942098318155
 7.8723E-02,0.02650506509863679
 7.8781E-02,0.025940933211357004
 7.8839E-02,0.024822115561678473
 7.8897E-02,0.023197349391680815
 7.8955E-02,0.021137437056917667
 7.9013E-02,0.018732186740408927
 7.9071E-02,0.01608652471391536
 7.9129E-02,0.013315942727863798
 7.9187E-02,0.010541473805115551
 7.9245E-02,0.00788441191532015
 7.9303E-02,0.005461004502185729
 7.9361E-02,0.003377350742978715
 7.9419E-02,0.0017247321006866295
 7.9477E-02,0.0005755848902877162
 7.9535E-02,-1.970244653195705e-05
 7.9593E-02,-3.5020832517010374e-05
 7.9651E-02,0.0005303019838204365
 7.9709E-02,0.001651471552513938
 7.9767E-02,0.0032793258216730556
 7.9825E-02,0.005342512390667039
 7.9883E-02,0.007750643624174599
 7.9941E-02,0.010398285169485955
 7.9999E-02,0.013169596814509075
 8.0057E-02,0.015943417187067054
 8.0115E-02,0.018598566393357635
 8.0173E-02,0.021019133709956714
 8.0230E-02,0.023099520827346752
 8.0288E-02,0.02474902425249579
 8.0346E-02,0.025895762255624705
 8.0404E-02,0.026489781024169157
 8.0462E-02,0.02650521019109069
 8.0520E-02,0.02594137815172852
 8.0578E-02,0.024822840970564846
 8.0636E-02,0.02319832366467799
 8.0694E-02,0.021138617729143744
 8.0752E-02,0.018733522322860387
 8.0810E-02,0.016087956924688333
 8.0868E-02,0.013317409024136107
 8.0926E-02,0.010542910107677826
 8.0984E-02,0.007885755408290382
 8.1042E-02,0.005462196385812322
 8.1100E-02,0.003378338817914104
 8.1158E-02,0.001725473068428496
 8.1216E-02,0.0005760462657826513
 8.1274E-02,-1.95408972328327e-05
 8.1332E-02,-3.5166195582611774e-05
 8.1390E-02,0.0005298560842526486
 8.1448E-02,0.001650744671670961
 8.1506E-02,0.0032783498275244212
 8.1564E-02,0.005341330053494554
 8.1622E-02,0.007749306727060696
 8.1680E-02,0.010396852225917717
 8.1738E-02,0.013168130496253982
 8.1796E-02,0.01594198157721019
 8.1854E-02,0.018597224185940526
 8.1912E-02,0.021017943478300112
 8.1970E-02,0.02309853447908849
 8.2028E-02,0.0247482847799105
 8.2086E-02,0.0258953018762867
 8.2143E-02,0.02648961978990777
 8.2201E-02,0.02650535512324807
 8.2259E-02,0.025941822938596103
 8.2317E-02,0.02482356623939701
 8.2375E-02,0.023199297817207806
 8.2433E-02,0.021139798305742377
 8.2491E-02,0.018734857838693813
 8.2549E-02,0.01608938910082912
 8.2607E-02,0.013318875319265875
 8.2665E-02,0.010544346442671066
 8.2723E-02,0.007887098965893177
 8.2781E-02,0.005463388363431111
 8.2839E-02,0.0033793270121136405
 8.2897E-02,0.001726214175482108
 8.2955E-02,0.0005765077945314721
 8.3013E-02,-1.9379187464344102e-05
 8.3071E-02,-3.5311398010673296e-05
 8.3129E-02,0.0005294103384779132
 8.3187E-02,0.0016500179310262831
 8.3245E-02,0.003277373953838258
 8.3303E-02,0.005340147811785632
 8.3361E-02,0.007747969896260667
 8.3419E-02,0.010395419316621714
 8.3477E-02,0.013166664178732919
 8.3535E-02,0.015940545934577766
 8.3593E-02,0.018595881913680255
 8.3651E-02,0.02101675315258003
 8.3709E-02,0.023097548011660588
 8.3767E-02,0.024747545168269665
 8.3825E-02,0.02589484134406454
 8.3883E-02,0.026489458395595317
 8.3941E-02,0.026505499895163997
 8.3999E-02,0.025942267571995314
 8.4057E-02,0.024824291368257364
 8.4114E-02,0.02320027184933647
 8.4172E-02,0.021140978786771097
 8.4230E-02,0.01873619328797931
 8.4288E-02,0.016090821242346027
 8.4346E-02,0.01332034161327366
 8.4404E-02,0.010545782810104324
 8.4462E-02,0.007888442588089482
 8.4520E-02,0.005464580435027868
 8.4578E-02,0.0033803153255756663
 8.4636E-02,0.0017269554218667304
 8.4694E-02,0.0005769694765796406
 8.4752E-02,-1.9217317137221407e-05
 8.4810E-02,-3.545643966737588e-05
 8.4868E-02,0.0005289647466015228
 8.4926E-02,0.0016492913306497738
 8.4984E-02,0.0032763982006824227
 8.5042E-02,0.00533896566560222
 8.5100E-02,0.007746633131776853
 8.5158E-02,0.010393986441582457
 8.5216E-02,0.01316519786196221
 8.5274E-02,0.015939110259162868
 8.5332E-02,0.01859453957654587
 8.5390E-02,0.0210155627327574
 8.5448E-02,0.02309656142504616
 8.5506E-02,0.02474680541753484
 8.5564E-02,0.025894380658906146
 8.5622E-02,0.026489296841176495
 8.5680E-02,0.026505644506801426
 8.5738E-02,0.02594271205191359
 8.5796E-02,0.02482501635709889
 8.5854E-02,0.023201245761039085
 8.5912E-02,0.021142159172229717
 8.5970E-02,0.01873752867072381
 8.6027E-02,0.016092253349265177
 8.6085E-02,0.01332180790615479
 8.6143E-02,0.010547219209968697
 8.6201E-02,0.007889786274887949
 8.6259E-02,0.005465772600570163
 8.6317E-02,0.0033813037582313002
 8.6375E-02,0.001727696807501474
 8.6433E-02,0.0005774313118372236
 8.6491E-02,-1.9055286367765248e-05
 8.6549E-02,-3.560132068132421e-05
 8.6607E-02,0.0005285193085306798
 8.6665E-02,0.0016485648705069477
 8.6723E-02,0.0032754225680102604
 8.6781E-02,0.005337783614883171
 8.6839E-02,0.007745296433597747
 8.6897E-02,0.010392553600781106
 8.6955E-02,0.0131637315458978
 8.7013E-02,0.01593767455092725
 8.7071E-02,0.01859319717453011
 8.7129E-02,0.021014372218825322
 8.7187E-02,0.02309557471921397
 8.7245E-02,0.024746065527705773
 8.7303E-02,0.02589391982084524
 8.7361E-02,0.026489135126683872
 8.7419E-02,0.026505788958135438
 8.7477E-02,0.025943156378312553
 8.7535E-02,0.024825741205896274
 8.7593E-02,0.023202219552271326
 8.7651E-02,0.021143339462061088
 8.7709E-02,0.018738863986882234
 8.7767E-02,0.01609368542155868
 8.7825E-02,0.013323274197912426
 8.7883E-02,0.010548655642283472
 8.7940E-02,0.007891130026296342
 8.7998E-02,0.005466964860092724
 8.8056E-02,0.003382292310122912
 8.8114E-02,0.0017284383324077549
 8.8172E-02,0.0005778933003106933
 8.8230E-02,-1.8893095159746372e-05
 8.8288E-02,-3.5746041067459566e-05
 8.8346E-02,0.0005280740242407494
 8.8404E-02,0.0016478385505544224
 8.8462E-02,0.0032744470557886938
 8.8520E-02,0.00533660165961667
 8.8578E-02,0.007743959801726557
 8.8636E-02,0.01039112079426504
 8.8694E-02,0.013162265230599235
 8.8752E-02,0.01593623880991221
 8.8810E-02,0.018591854707680606
 8.8868E-02,0.021013181610856566
 8.8926E-02,0.023094587894234783
 8.8984E-02,0.02474532549884725
 8.9042E-02,0.025893458829927312
 8.9100E-02,0.02648897325216954
 8.9158E-02,0.02650593324925248
 8.9216E-02,0.02594360055128449
 8.9274E-02,0.0248264659147336
 8.9332E-02,0.023203193223095973
 8.9390E-02,0.021144519656300004
 8.9448E-02,0.018740199236456315
 8.9506E-02,0.016095117459230143
 8.9564E-02,0.013324740488511665
 8.9622E-02,0.01055009210697527
 8.9680E-02,0.007892473842269246
 8.9738E-02,0.005468157213552327
 8.9796E-02,0.003383280981227662
 8.9854E-02,0.0017291799965803787
 8.9911E-02,0.0005783554420008725
 8.9969E-02,-1.873074349743474e-05
 9.0027E-02,-3.589060080277012e-05
 9.0085E-02,0.0005276288937352415
 9.0143E-02,0.0016471123707928164
 9.0201E-02,0.003273471664055258
 9.0259E-02,0.0053354197998444096
 9.0317E-02,0.0077426232361794065
 9.0375E-02,0.01038968802202967
 9.0433E-02,0.013160798916068034
 9.0491E-02,0.015934803036161682
 9.0549E-02,0.018590512176001148
 9.0607E-02,0.02101199090884029
 9.0665E-02,0.023093600950129214
 9.0723E-02,0.024744585330941538
 9.0781E-02,0.02589299768611311
 9.0839E-02,0.02648881121760019
 9.0897E-02,0.026506077380125666
 9.0955E-02,0.025944044570775666
 9.1013E-02,0.024827190483556503
 9.1071E-02,0.02320416677349928
 9.1129E-02,0.021145699754952937
 9.1187E-02,0.018741534419449306
 9.1245E-02,0.016096549462237174
 9.1303E-02,0.01332620677792927
 9.1361E-02,0.010551528604046298
 9.1419E-02,0.007893817722762658
 9.1477E-02,0.0054693496608672395
 9.1535E-02,0.0033842697714479286
 9.1593E-02,0.0017299217999333521
 9.1651E-02,0.0005788177368266302
 9.1709E-02,-1.856823144929631e-05
 9.1767E-02,-3.603499994154399e-05
 9.1824E-02,0.000527183917007092
 9.1882E-02,0.001646386331219552
 9.1940E-02,0.0032724963927816316
 9.1998E-02,0.005334238035557236
 9.2056E-02,0.007741286736964855
 9.2114E-02,0.010388255284090833
 9.2172E-02,0.013159332602320677
 9.2230E-02,0.015933367229677708
 9.2288E-02,0.0185891695795386
 9.2346E-02,0.02101080011281771
 9.2404E-02,0.02309261388690399
 9.2462E-02,0.024743845024019318
 9.2520E-02,0.02589253638944876
 9.2578E-02,0.026488649022977435
 9.2636E-02,0.0265062213507369
 9.2694E-02,0.025944488436778674
 9.2752E-02,0.024827914912340973
 9.2810E-02,0.0232051402034221
 9.2868E-02,0.021146879757959345
 9.2926E-02,0.01874286953581348
 9.2984E-02,0.016097981430558895
 9.3042E-02,0.013327673066134697
 9.3100E-02,0.010552965133465913
 9.3158E-02,0.00789516166777104
 9.3216E-02,0.005470542202070772
 9.3274E-02,0.003385258680822779
 9.3332E-02,0.0017306637424895498
 9.3390E-02,0.0005792801848202658
 9.3448E-02,-1.8405558989096206e-05
 9.3506E-02,-3.617923844374805e-05
 9.3564E-02,0.0005267390940791416
 9.3622E-02,0.00164566043188717
 9.3680E-02,0.0032715212420307547
 9.3737E-02,0.005333056366801594
 9.3795E-02,0.007739950304127764
 9.3853E-02,0.010386822580492863
 9.3911E-02,0.013157866289409719
 9.3969E-02,0.015931931390493016
 9.4027E-02,0.018587826918294408
 9.4085E-02,0.02100960922278712
 9.4143E-02,0.02309162670457337
 9.4201E-02,0.024743104578094078
 9.4259E-02,0.025892074939937924
 9.4317E-02,0.026488486668341457
 9.4375E-02,0.02650636516111677
 9.4433E-02,0.025944932149307955
 9.4491E-02,0.024828639201103158
 9.4549E-02,0.023206113512885342
 9.4607E-02,0.021148059665321805
 9.4665E-02,0.018744204585532713
 9.4723E-02,0.016099413364172616
 9.4781E-02,0.013329139353123843
 9.4839E-02,0.010554401695229334
 9.4897E-02,0.0078965056772845
 9.4955E-02,0.0054717348371442764
 9.5013E-02,0.0033862477093568465
 9.5071E-02,0.0017314058242667376
 9.5129E-02,0.000579742785994093
 9.5187E-02,-1.8242726091768652e-05
 9.5245E-02,-3.632331629086713e-05
 9.5303E-02,0.0005262944249787019
 9.5361E-02,0.0016449346727960721
 9.5419E-02,0.003270546211813953
 9.5477E-02,0.005331874793608683
 9.5535E-02,0.007738613937696122
 9.5593E-02,0.01038538991125506
 9.5651E-02,0.013156399977342739
 9.5708E-02,0.01593049551862954
 9.5766E-02,0.018586484192296165
 9.5824E-02,0.021008418238772537
 9.5882E-02,0.02309063940312847
 9.5940E-02,0.024742363993139466
 9.5998E-02,0.025891613337551456
 9.6056E-02,0.02648832415364178
 9.6114E-02,0.026506508811225668
 9.6172E-02,0.025945375708336604
 9.6230E-02,0.024829363349823594
 9.6288E-02,0.02320708670185619
 9.6346E-02,0.02114923947700781
 9.6404E-02,0.018745539568596023
 9.6462E-02,0.01610084526306547
 9.6520E-02,0.013330605638859506
 9.6578E-02,0.010555838289284669
 9.6636E-02,0.007897849751279414
 9.6694E-02,0.005472927566075864
 9.6752E-02,0.0033872368570110963
 9.6810E-02,0.0017321480452431085
 9.6868E-02,0.0005802055403506968
 9.6926E-02,-1.807973275274764e-05
 9.6984E-02,-3.646723349124073e-05
 9.7042E-02,0.0005258499096991922
 9.7100E-02,0.0016442090539674603
 9.7158E-02,0.003269571302151338
 9.7216E-02,0.005330693315966289
 9.7274E-02,0.007737277637670799
 9.7332E-02,0.010383957276392946
 9.7390E-02,0.01315493366612553
 9.7448E-02,0.01592905961409384
 9.7506E-02,0.01858514140153471
 9.7564E-02,0.021007227160759163
 9.7621E-02,0.02308965198258229
 9.7679E-02,0.024741623269175547
 9.7737E-02,0.025891151582301444
 9.7795E-02,0.026488161478874415
 9.7853E-02,0.026506652301044285
 9.7911E-02,0.02594581911384701
 9.7969E-02,0.024830087358463187
 9.8027E-02,0.023208059770308823
 9.8085E-02,0.02115041919300852
 9.8143E-02,0.01874687448498118
 9.8201E-02,0.01610227712722809
 9.8259E-02,0.013332071923350095
 9.8317E-02,0.010557274915670972
 9.8375E-02,0.007899193889757055
 9.8433E-02,0.0054741203888535
 9.8491E-02,0.0033882261238070118
 9.8549E-02,0.0017328904054295983
 9.8607E-02,0.0005806684478888711
 9.8665E-02,-1.791657897649867e-05
 9.8723E-02,-3.661099001441892e-05
 9.8781E-02,0.0005254055482799986
 9.8839E-02,0.0016434835754200587
 9.8897E-02,0.003268596513042751
 9.8955E-02,0.005329511933904963
 9.9013E-02,0.007735941404068738
 9.9071E-02,0.010382524675905558
 9.9129E-02,0.013153467355764425
 9.9187E-02,0.015927623676884904
 9.9245E-02,0.01858379854604445
 9.9303E-02,0.021006035988796534
 9.9361E-02,0.023088664442957436
 9.9419E-02,0.02474088240621857
 9.9477E-02,0.025890689674206838
 9.9534E-02,0.026487998644080392
 9.9592E-02,0.026506795630615507
 9.9650E-02,0.025946262365855132
 9.9708E-02,0.024830811227051646
 9.9766E-02,0.023209032718252157
 9.9824E-02,0.021151598813312758
 9.9882E-02,0.01874820933468352
 9.9940E-02,0.01610370895663994
 0.1000,0.013333538206566471
 0.1001,0.01055871157433828
 0.1001,0.007900538092709575
 0.1002,0.005475313305477611
 0.1002,0.0033892155097080484
 0.1003,0.0017336329048006055
 0.1003,0.0005811315086045137
 0.1004,-1.7753264762005306e-05
 0.1005,-3.675458588797591e-05
 0.1005,0.0005249613406845429
 0.1006,0.0016427582371513793
 0.1006,0.0032676218445030335
 0.1007,0.005328330647415417
 0.1008,0.00773460523690906
 0.1008,0.010381092109840664
 0.1009,0.013152001046303458
 0.1009,0.015926187707039244
 0.1010,0.018582455625833796
 0.1010,0.021004844722864405
 0.1011,0.023087676784242527
 0.1012,0.024740141404254203
 0.1012,0.025890227613270107
 0.1013,0.026487835649245565
 0.1013,0.02650693879990417
 0.1014,0.025946705464336493
 0.1014,0.02483153495556867
 0.1015,0.023210005545686026
 0.1016,0.02115277833790427
 0.1016,0.018749544117680088
 0.1017,0.016105140751288907
 0.1017,0.01333500448849337
 0.1018,0.010560148265279398
 0.1019,0.007901882360102839
 0.1019,0.005476506315925417
 0.1020,0.003390205014712173
 0.1020,0.0017343755433557309
 0.1021,0.0005815947224648264
 0.1021,-1.758979013598554e-05
 0.1022,-3.68980211105397e-05
 0.1023,0.0005245172869229662
 0.1023,0.0016420330391488651
 0.1024,0.003266647296519593
 0.1024,0.0053271494565264605
 0.1025,0.007733269136185203
 0.1025,0.010379659578167383
 0.1026,0.013150534737735682
 0.1027,0.015924751704553645
 0.1027,0.018581112640912587
 0.1028,0.021003653363001917
 0.1028,0.023086689006482974
 0.1029,0.024739400263321845
 0.1030,0.025889765399483473
 0.1030,0.026487672494366194
 0.1031,0.026507081808931965
 0.1031,0.02594714840931261
 0.1032,0.024832258544005704
 0.1032,0.023210978252581678
 0.1033,0.021153957766787048
 0.1034,0.018750878833963786
 0.1034,0.01610657251115967
 0.1035,0.01333647076911797
 0.1035,0.010561584988462188
 0.1036,0.007903226691913035
 0.1037,0.005477699420168996
 0.1037,0.003391194638813209
 0.1038,0.0017351183210632846
 0.1038,0.0005820580894793086
 0.1039,-1.7426155075777813e-05
 0.1039,-3.704129568162454e-05
 0.1040,0.0005240733869963673
 0.1041,0.0016413079814224648
 0.1041,0.003265672869129656
 0.1042,0.005325968361237589
 0.1042,0.0077319331019137455
 0.1043,0.010378227080936997
 0.1043,0.013149068430102823
 0.1044,0.01592331566947505
 0.1045,0.018579769591299148
 0.1045,0.021002461909222486
 0.1046,0.023085701109686968
 0.1046,0.02473865898341461
 0.1047,0.02588930303287215
 0.1048,0.02648750917946864
 0.1048,0.02650722465770051
 0.1049,0.025947591200758305
 0.1049,0.02483298199235536
 0.1050,0.023211950838953152
 0.1050,0.02115513709993876
 0.1051,0.01875221348349632
 0.1052,0.016108004236217853
 0.1052,0.013337937048425074
 0.1053,0.01056302174389303
 0.1053,0.007904571088127721
 0.1054,0.005478892618194101
 0.1054,0.003392184381990896
 0.1055,0.0017358612379257707
 0.1056,0.0005825216096172702
 0.1056,-1.7262359612563454e-05
 0.1057,-3.718440959503985e-05
 0.1057,0.000523629640914077
 0.1058,0.0016405830639911355
 0.1059,0.0032646985623380545
 0.1059,0.005324787361590422
 0.1060,0.007730597134142797
 0.1060,0.010376794618157083
 0.1061,0.013147602123395939
 0.1061,0.015921879601803024
 0.1062,0.01857842647702653
 0.1063,0.021001270361519293
 0.1063,0.02308471309384306
 0.1064,0.02473791756455684
 0.1064,0.025888840513436977
 0.1065,0.02648734570452553
 0.1065,0.02650736734618862
 0.1066,0.025948033838688433
 0.1067,0.02483370530061107
 0.1067,0.023212923304748525
 0.1068,0.021156316337340622
 0.1068,0.01875354806630117
 0.1069,0.016109435926459355
 0.1070,0.013339403326372068
 0.1070,0.010564458531534074
 0.1071,0.007905915548745566
 0.1071,0.005480085909987017
 0.1072,0.003393174244207194
 0.1072,0.0017366042939391698
 0.1073,0.0005829852829083457
 0.1074,-1.7098403740268002e-05
 0.1074,-3.7327362863853565e-05
 0.1075,0.0005231860486944415
 0.1075,0.0016398582868576584
 0.1076,0.003263724376136842
 0.1077,0.0053236064575728805
 0.1077,0.007729261232875543
 0.1078,0.01037536218984849
 0.1078,0.013146135817646024
 0.1079,0.015920443501576204
 0.1079,0.018577083298105954
 0.1080,0.021000078719936525
 0.1081,0.023083724958984753
 0.1081,0.02473717600674836
 0.1082,0.025888377841182322
 0.1082,0.026487182069551862
 0.1083,0.02650750987441089
 0.1083,0.02594847632308315
 0.1084,0.02483442846875505
 0.1085,0.023213895649978514
 0.1085,0.02115749547897283
 0.1086,0.01875488258232793
 0.1086,0.016110867581857827
 0.1087,0.013340869602958627
 0.1088,0.010565895351372234
 0.1088,0.007907260073737812
 0.1089,0.005481279295550253
 0.1089,0.0033941642254908515
 0.1090,0.0017373474890897483
 0.1090,0.0005834491093316496
 0.1091,-1.693428744546871e-05
 0.1092,-3.747015546066508e-05
 0.1092,0.0005227426103304593
 0.1093,0.0016391336500502715
 0.1093,0.003262750310580983
 0.1094,0.005322425649215078
 0.1094,0.007727925398126969
 0.1095,0.01037392979603425
 0.1096,0.013144669512883036
 0.1096,0.01591900736877601
 0.1097,0.018575740054537982
 0.1097,0.02099888698447408
 0.1098,0.02308273670510937
 0.1099,0.02473643430998982
 0.1099,0.025887915016114104
 0.1100,0.02648701827455058
 0.1100,0.026507652242354688
 0.1101,0.025948918653927726
 0.1101,0.024835151496789356
 0.1102,0.02321486787463366
 0.1103,0.021158674524829457
 0.1103,0.01875621703156949
 0.1104,0.01611229920241207
 0.1104,0.013342335878174839
 0.1105,0.010567332203392031
 0.1105,0.007908604663091085
 0.1106,0.005482472774849845
 0.1107,0.0033951543258043306
 0.1107,0.0017380908233715054
 0.1108,0.0005839130888899405
 0.1108,-1.6770010729729107e-05
 0.1109,-3.761278739824059e-05
 0.1110,0.0005222993258366907
 0.1110,0.0016384091535711258
 0.1111,0.003261776365646642
 0.1111,0.005321244936521564
 0.1112,0.007726589629902688
 0.1112,0.010372497436724016
 0.1113,0.013143203209103707
 0.1114,0.015917571203448277
 0.1114,0.018574396746363502
 0.1115,0.020997695155144627
 0.1115,0.02308174833223112
 0.1116,0.024735692474292963
 0.1117,0.025887452038223308
 0.1117,0.026486854319516983
 0.1118,0.026507794450012744
 0.1118,0.025949360831228795
 0.1119,0.02483587438470115
 0.1119,0.023215839978690547
 0.1120,0.02115985347488077
 0.1121,0.018757551414002732
 0.1121,0.016113730788084635
 0.1122,0.013343802151985298
 0.1122,0.01056876908757173
 0.1123,0.007909949316785868
 0.1123,0.005483666347884957
 0.1124,0.003396144545163758
 0.1125,0.001738834296780824
 0.1125,0.0005843772215589846
 0.1126,-1.6605573612128548e-05
 0.1126,-3.775525865845318e-05
 0.1127,0.0005218561952142224
 0.1128,0.0016376847974121167
 0.1128,0.0032608025413668413
 0.1129,0.005320064319526146
 0.1129,0.007725253928236947
 0.1130,0.010371065111939855
 0.1130,0.013141736906345023
 0.1131,0.015916135005596885
 0.1132,0.018573053373565854
 0.1132,0.020996503231960135
 0.1133,0.023080759840379363
 0.1133,0.02473495049967533
 0.1134,0.025886988907533885
 0.1134,0.026486690204458062
 0.1135,0.0265079364974011
 0.1136,0.02594980285497835
 0.1136,0.024836597132467608
 0.1137,0.02321681196214857
 0.1137,0.02116103232913643
 0.1138,0.01875888572962635
 0.1139,0.016115162338866198
 0.1139,0.013345268424385902
 0.1140,0.010570206003922215
 0.1140,0.007911294034812402
 0.1141,0.005484860014634392
 0.1141,0.0033971348835258
 0.1142,0.0017395779092977124
 0.1143,0.0005848415073664995
 0.1143,-1.644097607301782e-05
 0.1144,-3.789756925550559e-05
 0.1144,0.0005214132184674968
 0.1145,0.0016369605815988184
 0.1145,0.003259828837749459
 0.1146,0.0053188837982227994
 0.1147,0.0077239182931280155
 0.1147,0.010369632821680217
 0.1148,0.013140270604606355
 0.1148,0.01591469877524636
 0.1149,0.01857170993618341
 0.1150,0.02099531121494794
 0.1150,0.023079771229543324
 0.1151,0.024734208386143527
 0.1151,0.025886525624047682
 0.1152,0.026486525929377773
 0.1152,0.02650807838451022
 0.1153,0.025950244725173113
 0.1154,0.024837319740102757
 0.1154,0.02321778382498837
 0.1155,0.021162211087577744
 0.1155,0.01876021997842304
 0.1156,0.016116593854748153
 0.1157,0.013346734695354138
 0.1157,0.010571642952379686
 0.1158,0.007912638817150297
 0.1158,0.005486053775085732
 0.1159,0.0033981253408994685
 0.1159,0.0017403216609224734
 0.1160,0.0005853059462693033
 0.1161,-1.627621812929237e-05
 0.1161,-3.803971918940382e-05
 0.1162,0.0005209703956003138
 0.1162,0.001636236506126495
 0.1163,0.003258855254786165
 0.1163,0.0053177033726328725
 0.1164,0.007722582724605187
 0.1165,0.01036820056599498
 0.1165,0.013138804303923522
 0.1166,0.015913262512410577
 0.1166,0.018570366434217413
 0.1167,0.020994119104092893
 0.1168,0.02307878249974635
 0.1168,0.024733466133700924
 0.1169,0.025886062187756364
 0.1169,0.026486361494267027
 0.1170,0.026508220111340536
 0.1170,0.025950686441811196
 0.1171,0.024838042207583354
 0.1172,0.023218755567196308
 0.1172,0.021163389750171145
 0.1173,0.018761554160364926
 0.1173,0.01611802533570918
 0.1174,0.013348200964880564
 0.1174,0.010573079932964611
 0.1175,0.007913983663784242
 0.1176,0.00548724762922099
 0.1176,0.0033991159172571295
 0.1177,0.0017410655516380883
 0.1177,0.0005857705382766637
 0.1178,-1.6111299788565902e-05
 0.1179,-3.818170845118528e-05
 0.1179,0.0005205277266219287
 0.1180,0.0016355125710115072
 0.1180,0.0032578817925033744
 0.1181,0.005316523042772067
 0.1181,0.007721247222676312
 0.1182,0.010366768344867975
 0.1183,0.013137338004284679
 0.1183,0.01591182621709974
 0.1184,0.018569022867712788
 0.1184,0.020992926899455654
 0.1185,0.02307779365100012
 0.1185,0.024732723742358225
 0.1186,0.02588559859868855
 0.1187,0.026486196899149547
 0.1187,0.026508361677879615
 0.1188,0.02595112800487967
 0.1188,0.024838764534915098
 0.1189,0.02321972718877859
 0.1190,0.021164568316919256
 0.1190,0.018762888275446452
 0.1191,0.016119456781732128
 0.1191,0.01334966723292742
 0.1192,0.010574516945630219
 0.1192,0.00791532857469774
 0.1193,0.0054884415770318174
 0.1194,0.0034001066125961144
 0.1194,0.001741809581437157
 0.1195,0.0005862352833908009
 0.1195,-1.5946221030410743e-05
 0.1196,-3.83235370514685e-05
 0.1197,0.000520085211525173
 0.1197,0.0016347887762698783
 0.1198,0.0032569084509162993
 0.1198,0.00531534280864079
 0.1199,0.007719911787358585
 0.1199,0.010365336158358416
 0.1200,0.013135871705750977
 0.1201,0.01591038988934505
 0.1201,0.01856767923666118
 0.1202,0.020991734601010646
 0.1202,0.02307680468330798
 0.1203,0.024731981212125453
 0.1203,0.025885134856835766
 0.1204,0.02648603214400447
 0.1205,0.02650850308413228
 0.1205,0.02595156941437364
 0.1206,0.024839486722065634
 0.1206,0.023220698689700125
 0.1207,0.021165746787799415
 0.1208,0.018764222323644806
 0.1208,0.016120888192787838
 0.1209,0.013351133499497885
 0.1209,0.01057595399038678
 0.1210,0.007916673549874055
 0.1210,0.0054896356184979235
 0.1211,0.0034010974269143334
 0.1212,0.0017425537503205312
 0.1212,0.0005867001815918625
 0.1213,-1.5780981889467697e-05
 0.1213,-3.846520496881405e-05
 0.1214,0.0005196428503421289
 0.1214,0.0016340651218967406
 0.1215,0.003255935230036628
 0.1216,0.005314162670274355
 0.1216,0.007718576418672836
 0.1217,0.010363904006433318
 0.1217,0.01313440540830615
 0.1218,0.01590895352916184
 0.1219,0.018566335541076187
 0.1219,0.02099054220878401
 0.1220,0.023075815596704245
 0.1220,0.02473123854302372
 0.1221,0.02588467096220205
 0.1221,0.0264858672288414
 0.1222,0.02650864433010722
 0.1223,0.025952010670296156
 0.1223,0.024840208769044827
 0.1224,0.023221670069967597
 0.1224,0.02116692516281772
 0.1225,0.018765556304952663
 0.1225,0.016122319568871016
 0.1226,0.013352599764563178
 0.1227,0.010577391067196835
 0.1227,0.007918018589291743
 0.1228,0.005490829753608288
 0.1228,0.003402088360171411
 0.1229,0.001743298058260566
 0.1230,0.000587165232882275
 0.1230,-1.5615582329402654e-05
 0.1231,-3.860671220474876e-05
 0.1231,0.0005192006430444373
 0.1232,0.0016333416079015732
 0.1232,0.0032549621298692904
 0.1233,0.005312982627673348
 0.1234,0.007717241116632212
 0.1234,0.010362471889149492
 0.1235,0.013132939111991048
 0.1235,0.015907517136563427
 0.1236,0.018564991780993113
 0.1237,0.02098934972279966
 0.1237,0.023074826391169895
 0.1238,0.02473049573503718
 0.1238,0.02588420691480032
 0.1239,0.026485702153670024
 0.1239,0.026508785415789583
 0.1240,0.025952451772634166
 0.1241,0.02484093067583482
 0.1241,0.023222641329552082
 0.1242,0.0211681034419309
 0.1242,0.018766890219335537
 0.1243,0.016123750909956328
 0.1243,0.013354066028105925
 0.1244,0.010578828176061372
 0.1245,0.007919363692945611
 0.1245,0.005492023982345845
 0.1246,0.0034030794123859447
 0.1246,0.0017440425052666598
 0.1247,0.0005876304372635401
 0.1248,-1.5450022391392745e-05
 0.1248,-3.874805877425074e-05
 0.1249,0.0005187585896743067
 0.1249,0.0016326182343178318
 0.1250,0.003253989150433668
 0.1250,0.005311802680860426
 0.1251,0.007715905881255353
 0.1252,0.010361039806500615
 0.1252,0.013131472816797595
 0.1253,0.015906080711558163
 0.1253,0.018563647956415397
 0.1254,0.020988157143067177
 0.1254,0.023073837066740082
 0.1255,0.024729752788191752
 0.1256,0.025883742714633153
 0.1256,0.026485536918481527
 0.1257,0.026508926341183164
 0.1257,0.025952892721378733
 0.1258,0.024841652442442116
 0.1259,0.02322361246845965
 0.1259,0.021169281625139473
 0.1260,0.018768224066802362
 0.1260,0.016125182216037384
 0.1261,0.013355532290109304
 0.1261,0.010580265316941005
 0.1262,0.007920708860811095
 0.1263,0.005493218304693222
 0.1263,0.00340407058352427
 0.1264,0.0017447870913219184
 0.1264,0.0005880957947180614
 0.1265,-1.528430204137646e-05
 0.1265,-3.888924465529986e-05
 0.1266,0.0005183166902066596
 0.1267,0.0016318950011177363
 0.1267,0.0032530162917356184
 0.1268,0.005310622829842182
 0.1268,0.007714570712556674
 0.1269,0.010359607758516463
 0.1270,0.013130006522763919
 0.1270,0.01590464425418415
 0.1271,0.018562304067366288
 0.1271,0.020986964469592292
 0.1272,0.023072847623410272
 0.1272,0.024729009702491454
 0.1273,0.025883278361702046
 0.1274,0.026485371523284895
 0.1274,0.026509067106275288
 0.1275,0.025953333516536125
 0.1275,0.024842374068840413
 0.1276,0.02322458348666273
 0.1276,0.021170459712421406
 0.1277,0.018769557847312417
 0.1278,0.01612661348709328
 0.1278,0.013356998550560897
 0.1279,0.01058170248983243
 0.1279,0.007922054092884032
 0.1280,0.0054944127206467104
 0.1281,0.00340506187357751
 0.1281,0.001745531816415411
 0.1282,0.0005885613052485396
 0.1282,-1.5118421304516285e-05
 0.1283,-3.903026986533569e-05
 0.1283,0.0005178749446628985
 0.1284,0.0016311719083399378
 0.1285,0.0032520435537870536
 0.1285,0.0053094430746395
 0.1286,0.00771323561055808
 0.1286,0.010358175745206626
 0.1287,0.013128540229887797
 0.1288,0.015903207764439046
 0.1288,0.018560960113860218
 0.1289,0.0209857717023964
 0.1289,0.02307185806120012
 0.1290,0.024728266477949814
 0.1290,0.02588281385602939
 0.1291,0.026485205968081276
 0.1292,0.026509207711075764
 0.1292,0.025953774158094446
 0.1293,0.024843095555035877
 0.1293,0.023225554384159724
 0.1294,0.021171637703776308
 0.1294,0.01877089156087218
 0.1295,0.01612804472310711
 0.1296,0.013358464809436307
 0.1296,0.010583139694712074
 0.1297,0.007923399389134961
 0.1297,0.005495607230186076
 0.1298,0.0034060532825441743
 0.1299,0.0017462766805391669
 0.1299,0.0005890269688474143
 0.1300,-1.4952380176124565e-05
 0.1300,-3.9171134398384736e-05
 0.1301,0.0005174333530373978
 0.1301,0.0016304489559689033
 0.1302,0.00325107093660516
 0.1303,0.005308263415264202
 0.1303,0.007711900575252652
 0.1304,0.01035674376659961
 0.1304,0.013127073938223786
 0.1305,0.015901771242352754
 0.1305,0.018559616095893277
 0.1306,0.020984578841496862
 0.1307,0.023070868380137676
 0.1307,0.024727523114567725
 0.1308,0.02588234919758788
 0.1308,0.026485040252871933
 0.1309,0.02650934815559585
 0.1310,0.025954214646047115
 0.1310,0.02484381690099892
 0.1311,0.023226525160940314
 0.1311,0.0211728155991825
 0.1312,0.018772225207440967
 0.1312,0.016129475924045476
 0.1313,0.013359931066718692
 0.1314,0.010584576931570066
 0.1314,0.007924744749544426
 0.1315,0.005496801833295813
 0.1315,0.0034070448104133624
 0.1316,0.0017470216836815249
 0.1316,0.0005894927854954686
 0.1317,-1.4786178647658546e-05
 0.1318,-3.931183823952006e-05
 0.1318,0.0005169919153412498
 0.1319,0.001629726144034437
 0.1319,0.0032500984401998482
 0.1320,0.005307083851733887
 0.1321,0.007710565606684439
 0.1321,0.01035531182270314
 0.1322,0.013125607647746357
 0.1322,0.01590033468792963
 0.1323,0.018558272013510048
 0.1323,0.020983385886902527
 0.1324,0.023069878580209587
 0.1325,0.024726779612360465
 0.1325,0.025881884386409187
 0.1326,0.0264848743776562
 0.1326,0.02650948843981487
 0.1327,0.02595465498038866
 0.1328,0.024844538106736615
 0.1328,0.023227495816989213
 0.1329,0.02117399339863091
 0.1329,0.018773558787023182
 0.1330,0.016130907089910405
 0.1330,0.013361397322398758
 0.1331,0.010586014200390279
 0.1332,0.007926090174102866
 0.1332,0.005497996529949235
 0.1333,0.003408036457155699
 0.1333,0.001747766825843646
 0.1334,0.0005899587552002259
 0.1334,-1.4619816755713196e-05
 0.1335,-3.9452381395807156e-05
 0.1336,0.0005165506315866556
 0.1336,0.0016290034725251978
 0.1337,0.0032491260645703002
 0.1337,0.005305904384056648
 0.1338,0.007709230704872389
 0.1339,0.010353879913534826
 0.1339,0.01312414135848663
 0.1340,0.015898898101208925
 0.1340,0.018556927866725782
 0.1341,0.020982192838624597
 0.1341,0.023068888661429678
 0.1342,0.02472603597133242
 0.1343,0.025881419422502636
 0.1343,0.026484708342437185
 0.1344,0.0265096285637254
 0.1344,0.025955095161128323
 0.1345,0.024845259172241133
 0.1345,0.023228466352285225
 0.1346,0.02117517110208888
 0.1347,0.018774892299605665
 0.1347,0.016132338220677174
 0.1348,0.013362863576439683
 0.1348,0.01058745150114559
 0.1349,0.007927435662808678
 0.1350,0.005499191320164331
 0.1350,0.0034090282227684687
 0.1351,0.0017485121070075257
 0.1351,0.0005904248779633615
 0.1352,-1.4453294465164917e-05
 0.1352,-3.9592763869270866e-05
 0.1353,0.0005161095017746393
 0.1354,0.0016282809414689245
 0.1354,0.0032481538097445094
 0.1355,0.00530472501224505
 0.1355,0.0077078958698051855
 0.1356,0.010352448039110809
 0.1356,0.013122675070480533
 0.1357,0.0158974614821929
 0.1358,0.018555583655542548
 0.1358,0.020980999696685425
 0.1359,0.023067898623829502
 0.1359,0.024725292191512507
 0.1360,0.025880954305863357
 0.1361,0.02648454214720934
 0.1361,0.02650976852733288
 0.1362,0.025955535188248054
 0.1362,0.024845980097502968
 0.1363,0.023229436766820506
 0.1363,0.021176348709562427
 0.1364,0.018776225745162415
 0.1365,0.016133769316334635
 0.1365,0.013364329828828181
 0.1366,0.010588888833812659
 0.1366,0.007928781215625437
 0.1367,0.005500386203898696
 0.1368,0.0034100201072389687
 0.1368,0.0017492575271655915
 0.1369,0.000590891153774544
 0.1369,-1.4286611789267973e-05
 0.1370,-3.9732985658024416e-05
 0.1370,0.0005156685258983968
 0.1371,0.0016275585508756958
 0.1372,0.0032471816757314136
 0.1372,0.005303545736318722
 0.1373,0.007706561101522735
 0.1373,0.01035101619946331
 0.1374,0.013121208783732394
 0.1374,0.015896024830881785
 0.1375,0.018554239379977123
 0.1376,0.02097980646111465
 0.1376,0.02306690846739025
 0.1377,0.024724548272866083
 0.1377,0.025880489036493565
 0.1378,0.026484375791996594
 0.1379,0.02650990833064643
 0.1379,0.025955975061727476
 0.1380,0.02484670088251261
 0.1380,0.023230407060602434
 0.1381,0.021177526221019947
 0.1381,0.018777559123668807
 0.1382,0.016135200376860614
 0.1383,0.013365796079576745
 0.1383,0.010590326198392208
 0.1384,0.00793012683254324
 0.1384,0.005501581181148794
 0.1385,0.003411012110567832
 0.1385,0.0017500030863136895
 0.1386,0.0005913575826137791
 0.1387,-1.4119768730438075e-05
 0.1387,-3.9873046743457306e-05
 0.1388,0.0005152277039757512
 0.1388,0.0016268363007371097
 0.1389,0.0032462096625408637
 0.1390,0.005302366556283687
 0.1390,0.007705226400019792
 0.1391,0.010349584394597572
 0.1391,0.013119742498260773
 0.1392,0.015894588147322086
 0.1392,0.01855289504005185
 0.1393,0.020978613131892473
 0.1394,0.023065918192165042
 0.1394,0.02472380421543534
 0.1395,0.02588002361440465
 0.1395,0.02648420927679494
 0.1396,0.026510047973648383
 0.1396,0.025956414781572294
 0.1397,0.02484742152725649
 0.1398,0.02323137723361457
 0.1398,0.021178703636470068
 0.1399,0.01877889243510973
 0.1399,0.016136631402236458
 0.1400,0.013367262328641077
 0.1401,0.010591763594851644
 0.1401,0.00793147251353096
 0.1402,0.005502776251894647
 0.1402,0.003412004232726068
 0.1403,0.001750748784434508
 0.1403,0.0005918241644869739
 0.1404,-1.3952765292050669e-05
 0.1405,-4.0012947145528886e-05
 0.1405,0.0005147870360122163
 0.1406,0.0016261141910682052
 0.1406,0.003245237770190511
 0.1407,0.005301187472174794
 0.1408,0.007703891765330921
 0.1408,0.010348152624530838
 0.1409,0.013118276214087267
 0.1409,0.01589315143151983
 0.1410,0.01855155063577542
 0.1410,0.02097741970904847
 0.1411,0.023064927798137846
 0.1412,0.024723060019228776
 0.1412,0.02587955803959233
 0.1413,0.02648404260157848
 0.1413,0.026510187456357012
 0.1414,0.025956854347801966
 0.1414,0.024848142031715887
 0.1415,0.023232347285814733
 0.1416,0.021179880955877705
 0.1416,0.01878022567949449
 0.1417,0.016138062392450095
 0.1417,0.013368728575998004
 0.1418,0.010593201023186215
 0.1419,0.0079328182585965
 0.1419,0.005503971416125875
 0.1420,0.003412996473710975
 0.1420,0.001751494621525239
 0.1421,0.0005922908993835788
 0.1421,-1.3785601483232352e-05
 0.1422,-4.015268684929644e-05
 0.1423,0.0005143465220070189
 0.1423,0.0016253922218790158
 0.1424,0.0032442659986743
 0.1424,0.005300008483987067
 0.1425,0.007702557197461443
 0.1425,0.010346720889269584
 0.1426,0.013116809931218401
 0.1427,0.015891714683496025
 0.1427,0.01855020616717259
 0.1428,0.020976226192603944
 0.1428,0.023063937285326075
 0.1429,0.024722315684250644
 0.1430,0.025879092312076222
 0.1430,0.026483875766379884
 0.1431,0.02651032677875663
 0.1431,0.025957293760383197
 0.1432,0.024848862395906432
 0.1432,0.023233317217223156
 0.1433,0.021181058179247453
 0.1434,0.018781558856775953
 0.1434,0.016139493347474998
 0.1435,0.013370194821644876
 0.1435,0.010594638483369376
 0.1436,0.007934164067709106
 0.1436,0.005505166673824815
 0.1437,0.003413988833509238
 0.1438,0.001752240597572739
 0.1438,0.0005927577873097222
 0.1439,-1.3618277294500042e-05
 0.1439,-4.029226585713028e-05
 0.1440,0.0005139061619750052
 0.1441,0.0016246703931751209
 0.1441,0.003243294348021215
 0.1442,0.0052988295917444014
 0.1442,0.007701222696440406
 0.1443,0.01034528918885143
 0.1443,0.013115343649682643
 0.1444,0.015890277903269828
 0.1445,0.01854886163425775
 0.1445,0.020975032582555498
 0.1446,0.023062946653734668
 0.1446,0.0247215712105081
 0.1447,0.025878626431858894
 0.1448,0.02648370877118714
 0.1448,0.026510465940832978
 0.1449,0.02595773301931871
 0.1449,0.024849582619811912
 0.1450,0.023234287027811995
 0.1450,0.021182235306539378
 0.1451,0.018782891966954082
 0.1452,0.016140924267307226
 0.1452,0.013371661065556486
 0.1453,0.010596075975394687
 0.1453,0.007935509940868822
 0.1454,0.005506362024979615
 0.1454,0.0034149813121009762
 0.1455,0.0017529867125707472
 0.1456,0.0005932248282504791
 0.1456,-1.3450792725968122e-05
 0.1457,-4.043168417075664e-05
 0.1457,0.0005134659559107644
 0.1458,0.0016239487049756838
 0.1459,0.0032423228182372095
 0.1459,0.005297650795448764
 0.1460,0.007699888262266984
 0.1460,0.010343857523287737
 0.1461,0.013113877369498754
 0.1461,0.015888841090841373
 0.1462,0.018547517037034906
 0.1463,0.02097383887895123
 0.1463,0.023061955903403243
 0.1464,0.024720826598001636
 0.1464,0.025878160398932207
 0.1465,0.026483541616016546
 0.1465,0.02651060494262255
 0.1466,0.025958172124596803
 0.1467,0.02485030270340995
 0.1467,0.023235256717588342
 0.1468,0.021183412337772677
 0.1468,0.018784225010006594
 0.1469,0.016142355151918992
 0.1470,0.013373127307739067
 0.1470,0.01059751349923037
 0.1471,0.007936855878017346
 0.1471,0.00550755746957711
 0.1472,0.003415973909496255
 0.1472,0.0017537329665058307
 0.1473,0.0005936920221787493
 0.1474,-1.3283147790072282e-05
 0.1474,-4.057094177569212e-05
 0.1475,0.0005130259038091864
 0.1475,0.0016232271572655978
 0.1476,0.003241351409343376
 0.1476,0.0052964720951382315
 0.1477,0.007698553894961808
 0.1478,0.010342425892582479
 0.1478,0.01311241109069161
 0.1479,0.015887404246260353
 0.1479,0.018546172375536255
 0.1480,0.020972645081756138
 0.1481,0.02306096503431398
 0.1481,0.024720081846763168
 0.1482,0.025877694213308697
 0.1482,0.026483374300842268
 0.1483,0.02651074378408783
 0.1483,0.025958611076231864
 0.1484,0.024851022646695246
 0.1485,0.02323622628650449
 0.1485,0.02118458927290887
 0.1486,0.018785557985930214
 0.1486,0.016143786001278797
 0.1487,0.013374593548115144
 0.1488,0.01059895105487813
 0.1488,0.007938201879207603
 0.1489,0.005508753007588159
 0.1489,0.0034169666256449595
 0.1490,0.001754479359391751
 0.1490,0.0005941593691383199
 0.1491,-1.311534250066364e-05
 0.1492,-4.071003869773178e-05
 0.1492,0.0005125860057249784
 0.1493,0.0016225057500916028
 0.1493,0.003240380121317007
 0.1494,0.005295293490802627
 0.1494,0.007697219594562682
 0.1495,0.01034099429676931
 0.1496,0.013110944813235437
 0.1496,0.01588596736950562
 0.1497,0.01854482764978603
 0.1497,0.020971451191025316
 0.1498,0.023059974046474495
 0.1499,0.024719336956785007
 0.1499,0.02587722787502558
 0.1500,0.02648320682568955
 0.1500,0.026510882465222697
 0.1501,0.025959049874202833
 0.1501,0.024851742449685695
 0.1502,0.023237195734578022
 0.1503,0.021185766111933044
 0.1503,0.018786890894709793
 0.1504,0.016145216815415465
 0.1504,0.01337605978670968
 0.1505,0.010600388642292178
 0.1505,0.00793954794437256
 0.1506,0.0055099486390215325
 0.1507,0.0034179594605540414
 0.1507,0.0017552258911810365
 0.1508,0.0005946268690988526
 0.1508,-1.2947376835518976e-05
 0.1509,-4.084897491752133e-05
 0.1510,0.0005121462616143558
 0.1510,0.0016217844834416012
 0.1511,0.003239408954208615
 0.1511,0.005294114982448429
 0.1512,0.007695885361062025
 0.1512,0.010339562735869416
 0.1513,0.013109478537197655
 0.1514,0.015884530460621483
 0.1514,0.018543482859783175
 0.1515,0.020970257206769306
 0.1515,0.023058982939914704
 0.1516,0.024718591928065258
 0.1516,0.025876761384042626
 0.1517,0.026483039190563364
 0.1518,0.026511020986062245
 0.1518,0.025959488518491718
 0.1519,0.024852462112351044
 0.1519,0.023238165061802412
 0.1520,0.02118694285483127
 0.1521,0.018788223736297367
 0.1521,0.016146647594272333
 0.1522,0.013377526023521614
 0.1522,0.010601826261475504
 0.1523,0.007940894073502465
 0.1523,0.005511144363860807
 0.1524,0.0034189524142295663
 0.1525,0.0017559725618843042
 0.1525,0.0005950945220402272
 0.1526,-1.2779250789792885e-05
 0.1526,-4.098775042234714e-05
 0.1527,0.0005117066714876139
 0.1528,0.0016210633573162598
 0.1528,0.003238437908028133
 0.1529,0.005292936570127699
 0.1529,0.007694551194472203
 0.1530,0.010338131209886591
 0.1530,0.013108012262587055
 0.1531,0.015883093519609016
 0.1532,0.01854213800553548
 0.1532,0.02096906312898587
 0.1533,0.023057991714647577
 0.1533,0.024717846760630567
 0.1534,0.0258762947403828
 0.1534,0.026482871395455975
 0.1535,0.02651115934657718
 0.1536,0.025959927009109523
 0.1536,0.02485318163466873
 0.1537,0.023239134268149487
 0.1537,0.02118811950161431
 0.1538,0.01878955651070147
 0.1539,0.01614807833783834
 0.1539,0.013378992258509022
 0.1540,0.010603263912411901
 0.1540,0.007942240266584128
 0.1541,0.005512340182066248
 0.1541,0.003419945486637086
 0.1542,0.0017567193714887607
 0.1543,0.0005955623279631176
 0.1543,-1.2610964389194509e-05
 0.1544,-4.112636522523737e-05
 0.1544,0.0005112672353670536
 0.1545,0.0016203423717277734
 0.1545,0.003237466982763406
 0.1546,0.005291758253831255
 0.1547,0.007693217094820764
 0.1547,0.01033669971883735
 0.1548,0.013106545989409685
 0.1548,0.015881656546506848
 0.1549,0.018540793087082258
 0.1550,0.020967868957699774
 0.1550,0.02305700037068673
 0.1551,0.02471710145449199
 0.1551,0.02587582794405174
 0.1552,0.026482703440356838
 0.1552,0.02651129754678066
 0.1553,0.025960365346065238
 0.1554,0.024853901016650384
 0.1554,0.02324010335361086
 0.1555,0.021189296052236163
 0.1555,0.018790889217907225
 0.1556,0.016149509046097788
 0.1556,0.013380458491639461
 0.1557,0.01060470159507787
 0.1558,0.007943586523607193
 0.1558,0.0055135360936467755
 0.1559,0.003420938677778634
 0.1559,0.0017574663200031347
 0.1560,0.0005960302868778891
 0.1561,-1.2442517633207443e-05
 0.1561,-4.1264819318406634e-05
 0.1562,0.0005108279532559951
 0.1562,0.0016196215266981108
 0.1563,0.0032364961784417806
 0.1563,0.00529058003357689
 0.1564,0.007691883062132859
 0.1565,0.0103352682627421
 0.1565,0.013105079717668926
 0.1566,0.01588021954130781
 0.1566,0.018539448104428397
 0.1567,0.020966674692915313
 0.1568,0.02305600890802132
 0.1568,0.024716356009642587
 0.1569,0.02587536099506884
 0.1569,0.02648253532530363
 0.1570,0.026511435586653642
 0.1570,0.025960803529323347
 0.1571,0.02485462025828604
 0.1572,0.02324107231817666
 0.1572,0.021190472506700475
 0.1573,0.018792221857896592
 0.1573,0.016150939719044355
 0.1574,0.013381924722930084
 0.1574,0.010606139309455406
 0.1575,0.007944932844543999
 0.1576,0.005514732098588496
 0.1576,0.00342193198762744
 0.1577,0.0017582134073875092
 0.1577,0.0005964983987652678
 0.1578,-1.227391051098869e-05
 0.1579,-4.1403112706439704e-05
 0.1579,0.0005103888251417141
 0.1580,0.0016189008222247557
 0.1580,0.0032355254950737775
 0.1581,0.005289401909366187
 0.1581,0.0076905490964011124
 0.1582,0.010333836841621136
 0.1583,0.013103613447426998
 0.1583,0.01587878250404611
 0.1584,0.018538103057590342
 0.1584,0.020965480334669957
 0.1585,0.02305501732669856
 0.1585,0.024715610426107117
 0.1586,0.025874893893403635
 0.1587,0.026482367050261624
 0.1587,0.026511573466214987
 0.1588,0.02596124155889571
 0.1588,0.02485533935955793
 0.1589,0.02324204116184041
 0.1590,0.021191648864996224
 0.1590,0.018793554430642463
 0.1591,0.01615237035663455
 0.1591,0.013383390952337018
 0.1592,0.010607577055532622
 0.1592,0.007946279229390408
 0.1593,0.0055159281968522374
 0.1594,0.0034229254161902366
 0.1594,0.0017589606336727505
 0.1595,0.0005969666636136775
 0.1595,-1.2105143046044187e-05
 0.1596,-4.1541245375403983e-05
 0.1596,0.0005099498510554684
 0.1597,0.0016181802583109498
 0.1598,0.003234554932664368
 0.1598,0.005288223881250682
 0.1599,0.007689215197666658
 0.1599,0.010332405455487578
 0.1600,0.01310214717865678
 0.1601,0.015877345434738184
 0.1601,0.01853675794658287
 0.1602,0.020964285882938475
 0.1602,0.023054025626698227
 0.1603,0.024714864703897835
 0.1603,0.025874426639102055
 0.1604,0.026482198615244115
 0.1605,0.026511711185445232
 0.1605,0.025961679434785452
 0.1606,0.024856058320471115
 0.1606,0.023243009884567525
 0.1607,0.021192825127091464
 0.1608,0.01879488693615061
 0.1608,0.016153800958889044
 0.1609,0.013384857179851346
 0.1609,0.010609014833276257
 0.1610,0.007947625678128623
 0.1610,0.005517124388453197
 0.1611,0.003423918963436058
 0.1612,0.0017597079988059838
 0.1612,0.0005974350814346124
 0.1613,-1.1936215210681675e-05
 0.1613,-4.1679217343656295e-05
 0.1614,0.0005095110309867311
 0.1614,0.001617459834977011
 0.1615,0.0032335844912287793
 0.1616,0.005287045949191618
 0.1616,0.0076878813659232645
 0.1617,0.010330974104373811
 0.1617,0.013100680911389469
 0.1618,0.01587590833339222
 0.1619,0.01853541277143283
 0.1619,0.020963091337778406
 0.1620,0.023053033808043737
 0.1620,0.024714118842993456
 0.1621,0.02587395923215497
 0.1621,0.026482030020260287
 0.1622,0.02651184874434487
 0.1623,0.025962117156966447
 0.1623,0.024856777141010575
 0.1624,0.023243978486375595
 0.1624,0.021194001292976432
 0.1625,0.018796219374392353
 0.1625,0.0161552315257616
 0.1626,0.013386323405446255
 0.1627,0.01061045264268493
 0.1627,0.007948972190745416
 0.1628,0.005518320673365241
 0.1628,0.0034249126293487728
 0.1629,0.0017604555028072036
 0.1630,0.0005979036522299338
 0.1630,-1.176712702716221e-05
 0.1631,-4.181702860447115e-05
 0.1631,0.0005090723649385242
 0.1632,0.0016167395522478731
 0.1632,0.0032326141707859557
 0.1633,0.005285868113235731
 0.1634,0.007686547601206277
 0.1634,0.010329542788286208
 0.1635,0.013099214645659277
 0.1635,0.015874471200013184
 0.1636,0.018534067532139535
 0.1636,0.02096189669918746
 0.1637,0.02305204187074919
 0.1638,0.024713372843429116
 0.1638,0.02587349167256262
 0.1639,0.026481861265322815
 0.1639,0.026511986142923577
 0.1640,0.0259625547254377
 0.1641,0.02485749582115221
 0.1641,0.023244946967249186
 0.1642,0.02119517736265223
 0.1642,0.01879755174533496
 0.1643,0.01615666205725454
 0.1643,0.013387789629136539
 0.1644,0.010611890483738513
 0.1645,0.007950318767197047
 0.1645,0.005519517051571821
 0.1646,0.003425906413955969
 0.1646,0.0017612031456568052
 0.1647,0.0005983723759503705
 0.1648,-1.1597878495120308e-05
 0.1648,-4.195467912468074e-05
 0.1649,0.0005086338529254274
 0.1649,0.0016160194100877717
 0.1650,0.0032316439713376563
 0.1650,0.005284690373413255
 0.1651,0.007685213903527148
 0.1652,0.010328111507215233
 0.1652,0.01309774838146059
 0.1653,0.01587303403466003
 0.1653,0.018532722228731473
 0.1654,0.020960701967159535
 0.1654,0.023051049814837975
 0.1655,0.02471262670522094
 0.1656,0.025873023960327462
 0.1656,0.026481692350395335
 0.1657,0.02651212338117508
 0.1657,0.025962992140218088
 0.1658,0.024858214360902627
 0.1659,0.023245915327151933
 0.1659,0.021196353336099604
 0.1660,0.01879888404900074
 0.1660,0.01615809255333226
 0.1661,0.0133892558508515
 0.1661,0.010613328356416287
 0.1662,0.007951665407504855
 0.1663,0.005520713523053787
 0.1663,0.0034269003171921455
 0.1664,0.0017619509273423626
 0.1664,0.0005988412526381885
 0.1665,-1.142846960969137e-05
 0.1665,-4.209216894394685e-05
 0.1666,0.0005081954949463007
 0.1667,0.0016152994085398059
 0.1667,0.0032306738929098054
 0.1668,0.0052835127296954835
 0.1668,0.007683880272884014
 0.1669,0.01032668026123086
 0.1670,0.013096282118843776
 0.1670,0.015871596837318754
 0.1671,0.018531376861211955
 0.1671,0.020959507141738866
 0.1672,0.02305005764029822
 0.1672,0.02471188042835503
 0.1673,0.0258725560954583
 0.1674,0.026481523275518566
 0.1674,0.026512260459098616
 0.1675,0.025963429401263702
 0.1675,0.024858932760257062
 0.1676,0.02324688356609968
 0.1676,0.02119752921329207
 0.1677,0.018800216285334008
 0.1678,0.016159523013980607
 0.1678,0.013390722070625458
 0.1679,0.010614766260713109
 0.1679,0.007953012111634761
 0.1680,0.005521910087805724
 0.1681,0.0034278943390889226
 0.1681,0.0017626988478681835
 0.1682,0.0005993102822557366
 0.1682,-1.1258900378571823e-05
 0.1683,-4.2229498046636666e-05
 0.1683,0.000507757291013481
 0.1684,0.0016145795476014326
 0.1685,0.0032297039354988056
 0.1685,0.005282335182131826
 0.1686,0.007682546709307127
 0.1686,0.010325249050320508
 0.1687,0.01309481585779
 0.1688,0.01587015960800833
 0.1688,0.018530031429612237
 0.1689,0.02095831222292686
 0.1689,0.023049065347169686
 0.1690,0.024711134012855733
 0.1690,0.025872088077970676
 0.1691,0.02648135404067377
 0.1692,0.026512397376687355
 0.1692,0.025963866508599418
 0.1693,0.02485965101919609
 0.1693,0.023247851684069232
 0.1694,0.021198704994228962
 0.1694,0.018801548454336313
 0.1695,0.01616095343918647
 0.1696,0.013392188288418322
 0.1696,0.01061620419659734
 0.1697,0.00795435887955675
 0.1697,0.005523106745807354
 0.1698,0.0034288884796209577
 0.1699,0.0017634469072135978
 0.1699,0.0005997794648079158
 0.1700,-1.1089170805928038e-05
 0.1700,-0.00010069889547227541
