67,0.0
67,2.8924166434044253e-05
67,2.8924166434044253e-05
67,2.891146816962379e-05
67,2.8824866581567068e-05
67,2.891423375417825e-05
67,2.970655393066726e-05
67,3.145241321367108e-05
67,3.4245209755061195e-05
67,3.789046220306457e-05
67,4.2070841845457746e-05
67,4.65989964576154e-05
67,5.138574195566042e-05
67,5.625058444027694e-05
67,6.090701923561753e-05
67,6.520247459567216e-05
67,6.90940470119105e-05
67,7.230918976505647e-05
67,7.445538693159743e-05
67,7.53927301625768e-05
67,7.502860310638891e-05
67,7.30409389843662e-05
67,6.932104263248577e-05
67,6.431346652385245e-05
67,5.8446922898351886e-05
67,5.1657505038805275e-05
67,4.390126355330032e-05
67,3.571970595087149e-05
67,2.7866939053923363e-05
67,2.068062380149926e-05
67,1.4197154699597092e-05
67,8.627016839721072e-06
67,4.260685793473699e-06
67,1.016273890128247e-06
67,-1.4191655526419174e-06
67,-2.9848741580359935e-06
67,-3.1970874581685992e-06
67,-1.7458344050570193e-06
67,1.191618280490587e-06
67,5.380240503863536e-06
67,1.0988718439515603e-05
67,1.8224219274784172e-05
67,2.6698588140329252e-05
67,3.570963384212276e-05
67,4.483894075953093e-05
67,5.365502563217546e-05
67,6.13268517600955e-05
67,6.711945384141126e-05
67,7.076188620681898e-05
67,7.201744053655233e-05
67,7.055067076337974e-05
67,6.646823968913155e-05
67,6.042426316530704e-05
67,5.302969956455098e-05
67,4.4583238782943996e-05
67,3.5425361991071755e-05
67,2.6130376454843707e-05
67,1.7276063844717936e-05
67,9.274347755199482e-06
67,2.3480249936508607e-06
67,-3.5064305517854125e-06
67,-8.385216378988845e-06
67,-1.220465488244421e-05
67,-1.470817197847611e-05
67,-1.5725116750687317e-05
67,-1.5204592309379373e-05
67,-1.2981375509189254e-05
67,-8.708631266762654e-06
67,-2.082045947453784e-06
67,6.979338217744843e-06
67,1.831636123439637e-05
67,3.146925967594724e-05
67,4.5633677238655416e-05
67,5.986323110712801e-05
67,7.33129266703811e-05
67,8.522028020978345e-05
67,9.485196228671796e-05
67,0.00010165770867796528
67,0.00010534651410819975
67,0.00010573757688590619
67,0.00010275274850114616
67,9.664695999202161e-05
67,8.803072861107086e-05
67,7.755247065350303e-05
67,6.57033420728862e-05
67,5.2934117023712564e-05
67,3.971054387287562e-05
67,2.6373999654145977e-05
67,1.3116149666177863e-05
67,1.4507024547210912e-07
67,-1.222282308658544e-05
67,-2.3622854903524303e-05
67,-3.365194562253243e-05
67,-4.1806276432373844e-05
67,-4.756424666450937e-05
67,-5.0570183344771086e-05
67,-5.060581803856114e-05
67,-4.738542758845055e-05
67,-4.058512022812999e-05
67,-3.0161418799587117e-05
67,-1.6550754697800157e-05
67,-5.950746640818497e-07
67,1.6613140741082134e-05
67,3.394714711381025e-05
67,5.050270511228019e-05
67,6.562679340857632e-05
67,7.874768590389845e-05
67,8.933327642532246e-05
67,9.695219661086975e-05
67,0.00010128108915705237
67,0.00010218847401574352
67,9.988727177552082e-05
67,9.485577198863715e-05
67,8.752383567909039e-05
67,7.813307566371835e-05
67,6.690506915272724e-05
67,5.416900957697347e-05
67,4.0289475686591415e-05
67,2.5639523475161746e-05
67,1.0700939215673704e-05
67,-3.918458172253796e-06
67,-1.7577597671719026e-05
67,-2.9623044251970033e-05
67,-3.9390789973884214e-05
67,-4.636507638374962e-05
67,-5.032071428724797e-05
67,-5.117715049958596e-05
67,-4.875028674684415e-05
67,-4.2791019614610206e-05
67,-3.3271704594082935e-05
67,-2.0561174298781234e-05
67,-5.380828820835158e-06
67,1.1318524974252325e-05
67,2.8540829054143006e-05
67,4.546632638305363e-05
67,6.149201420261582e-05
67,7.604866719740608e-05
67,8.848495877061378e-05
67,9.816931418207424e-05
67,0.00010463105629578433
67,0.00010759993219111175
67,0.00010700255899567785
67,0.00010295212552756714
67,9.568646636078445e-05
67,8.550587141290158e-05
67,7.279755375411021e-05
67,5.8071341127491414e-05
67,4.190775326621388e-05
67,2.489142387980001e-05
67,7.619342719374953e-06
67,-9.268887697448948e-06
67,-2.5100147810399042e-05
67,-3.919278448633432e-05
67,-5.0915307516126654e-05
67,-5.981526091089485e-05
67,-6.568533643764489e-05
67,-6.841020304082325e-05
67,-6.774537768409745e-05
67,-6.333454262125194e-05
67,-5.496674114177367e-05
67,-4.2794056820935005e-05
67,-2.7379343026140163e-05
67,-9.640573800126492e-06
67,9.322877308579353e-06
67,2.8521152744019256e-05
67,4.723448274739825e-05
67,6.486356074341782e-05
67,8.070603420268967e-05
67,9.396204989592488e-05
67,0.00010391432425101496
67,0.0001100723055629255
67,0.00011223502206820837
67,0.00011050991395227764
67,0.0001052557778502696
67,9.695165221616958e-05
67,8.609479120388392e-05
67,7.317582782092818e-05
67,5.867332310481599e-05
67,4.3043022254244645e-05
67,2.673800075290427e-05
67,1.0260024182244989e-05
67,-5.80776097093695e-06
67,-2.0825687219273324e-05
67,-3.41874794764618e-05
67,-4.543496199596024e-05
67,-5.428078177470157e-05
67,-6.0457944407960507e-05
67,-6.35272569459275e-05
67,-6.289195886918043e-05
67,-5.8072520080834575e-05
67,-4.90190553252467e-05
67,-3.622881512426081e-05
67,-2.063068505213737e-05
67,-3.320311433485956e-06
67,1.4726063939767608e-05
67,3.27693549107264e-05
67,5.01628066203834e-05
67,6.613552700614839e-05
67,7.978299066860983e-05
67,9.028813235850498e-05
67,9.716378398151228e-05
67,0.00010034199123383032
67,0.00010008713660791124
67,9.680405134121206e-05
67,9.08582264397296e-05
67,8.251794640043335e-05
67,7.201758637887375e-05
67,5.96348710014023e-05
67,4.570949988661414e-05
67,3.06320692841403e-05
67,1.4855953225791505e-05
67,-1.07170525757953e-06
67,-1.650654813899528e-05
67,-3.076578704630577e-05
67,-4.323060119706762e-05
67,-5.340285295687263e-05
67,-6.0834331292085827e-05
67,-6.49956103117878e-05
67,-6.527915319774161e-05
67,-6.122838773983588e-05
67,-5.283510000791689e-05
67,-4.065343510936666e-05
67,-2.5642457916034927e-05
67,-8.859545922762387e-06
67,8.79458751037795e-06
67,2.6625317858241264e-05
67,4.3991843320202556e-05
67,6.0148594548539464e-05
67,7.42821913620283e-05
67,8.572278510334005e-05
67,9.412193945114377e-05
67,9.944253185583848e-05
67,0.00010179614170640861
67,0.00010128002783466008
67,9.793580244026666e-05
67,9.183136019752997e-05
67,8.315470439428929e-05
67,7.221094428799997e-05
67,5.934055867533036e-05
67,4.4876937674885974e-05
67,2.9208759465839883e-05
67,1.287997400135667e-05
67,-3.3904852214056437e-06
67,-1.8812109575033104e-05
67,-3.2678240008984835e-05
67,-4.444472380220762e-05
67,-5.3661101797299465e-05
67,-5.983671773534066e-05
67,-6.242155866165282e-05
67,-6.0983008002079185e-05
67,-5.5448841012126634e-05
67,-4.620729532495362e-05
67,-3.399146289729409e-05
67,-1.9652112284348365e-05
67,-3.97449880148483e-06
67,1.2366226845916668e-05
67,2.8726779424377967e-05
67,4.441394134653494e-05
67,5.871283141922901e-05
67,7.100426494266198e-05
67,8.08486258470204e-05
67,8.797155916839036e-05
67,9.220712468190734e-05
67,9.347718606510779e-05
67,9.181340562496029e-05
67,8.73731771107523e-05
67,8.041087282903338e-05
67,7.121157735770451e-05
67,6.0041916651555066e-05
67,4.717862312111383e-05
67,3.300871446819775e-05
67,1.8109024126519744e-05
67,3.2111470504802218e-06
67,-1.0942529414028814e-05
67,-2.3745019715628737e-05
67,-3.4759467582091844e-05
67,-4.362015483380565e-05
67,-4.98966284582481e-05
67,-5.306451890164358e-05
67,-5.264444354472209e-05
67,-4.8422590629377246e-05
67,-4.059361305187749e-05
67,-2.973090391766168e-05
67,-1.6615457118665727e-05
67,-2.0375728922837214e-06
67,1.3313007719732122e-05
67,2.8825815966801182e-05
67,4.388056714803764e-05
67,5.7803079987289255e-05
67,6.991823689878319e-05
67,7.965488308817011e-05
67,8.663034725932807e-05
67,9.068186898623164e-05
67,9.184567328183649e-05
67,9.029329047838735e-05
67,8.624992769490594e-05
67,7.99344141300714e-05
67,7.154510249454746e-05
67,6.128663307545314e-05
67,4.9419735167562077e-05
67,3.631235415236233e-05
67,2.2459678027748258e-05
67,8.44430314590671e-06
67,-5.151534484970287e-06
67,-1.7821409680577444e-05
67,-2.913521526501026e-05
67,-3.8658610440423506e-05
67,-4.586106708139402e-05
67,-5.01156068846164e-05
67,-5.0842375979372594e-05
67,-4.7735953354133006e-05
67,-4.093265995170142e-05
67,-3.0999550094543626e-05
67,-1.8748064500778468e-05
67,-4.995732668893077e-06
67,9.57233550273929e-06
67,2.437525769798001e-05
67,3.881284898496395e-05
67,5.219546981445452e-05
67,6.38167068515564e-05
67,7.311918368621483e-05
67,7.982144090802459e-05
67,8.391510670353537e-05
67,8.554930377867126e-05
67,8.489469472391067e-05
67,8.207427705128442e-05
67,7.718085599774196e-05
67,7.033234745037633e-05
67,6.170461561613299e-05
67,5.152977118303823e-05
67,4.0094217957843654e-05
67,2.7760558428529704e-05
67,1.4989625400105899e-05
67,2.320877334597156e-06
67,-9.689165303082423e-06
67,-2.0516082402936943e-05
67,-2.965235189812094e-05
67,-3.654926479578097e-05
67,-4.0610572286558236e-05
67,-4.1313190286864874e-05
67,-3.8414127710639266e-05
67,-3.209864368134155e-05
67,-2.294616839878783e-05
67,-1.1728708591236904e-05
67,8.141590775436057e-07
67,1.407244223902849e-05
67,2.75013664493262e-05
67,4.050360436926154e-05
67,5.2407279627845125e-05
67,6.258702053880886e-05
67,7.062753515210534e-05
67,7.638505095326465e-05
67,7.990192347107571e-05
67,8.12624661869324e-05
67,8.051098604567146e-05
67,7.76722603031742e-05
67,7.281690601104999e-05
67,6.609105531679225e-05
67,5.768805088402326e-05
67,4.7812202762215555e-05
67,3.669670882204214e-05
67,2.4675660096376166e-05
67,1.2237710350993601e-05
67,-9.60442087155733e-09
67,-1.1450292069829873e-05
67,-2.1548836463560266e-05
67,-2.984025183426974e-05
67,-3.58537453823649e-05
67,-3.908662598172898e-05
67,-3.910648571134972e-05
67,-3.573258553036588e-05
67,-2.916019954205108e-05
67,-1.9928330690942375e-05
67,-8.752766483935026e-06
67,3.656294114780067e-06
67,1.6677128210045502e-05
67,2.974183097341917e-05
67,4.227038267777289e-05
67,5.3674936659538845e-05
67,6.344725867508627e-05
67,7.124604909429754e-05
67,7.69027390697704e-05
67,8.035437467991544e-05
67,8.158069144744497e-05
67,8.059811258864533e-05
67,7.748999454419163e-05
67,7.241737198707464e-05
67,6.558544581789188e-05
67,5.7196206316694116e-05
67,4.7441818311946676e-05
67,3.6562257656591395e-05
67,2.4925797016891503e-05
67,1.3052225404809053e-05
67,1.5371310857316985e-06
67,-9.071258981474366e-06
67,-1.833701228005609e-05
67,-2.5889809737808674e-05
67,-3.1327082171736246e-05
67,-3.418432370828138e-05
67,-3.403638364752781e-05
67,-3.067693152280609e-05
67,-2.4253486998583455e-05
67,-1.5263138346860592e-05
67,-4.410508286424823e-06
67,7.577674343076691e-06
67,2.006640414973878e-05
67,3.250896309294861e-05
67,4.4380558798002294e-05
67,5.514279563900616e-05
67,6.428189626966991e-05
67,7.138603616423575e-05
67,7.620204626961885e-05
67,7.864509744068965e-05
67,7.87723655039419e-05
67,7.673921148536863e-05
67,7.274969196615601e-05
67,6.701305925325159e-05
67,5.972024136830559e-05
67,5.104987809745129e-05
67,4.120417006448564e-05
67,3.0461567463365582e-05
67,1.921537899104136e-05
67,7.960813026472967e-06
67,-2.7777441502211992e-06
67,-1.2532669730832446e-05
67,-2.0920780838050546e-05
67,-2.7586675940370062e-05
67,-3.211925582761902e-05
67,-3.40404944211222e-05
67,-3.291915289432908e-05
67,-2.8561565979823687e-05
67,-2.1157462280000674e-05
67,-1.1272759647573195e-05
67,3.181182918665443e-07
67,1.2851564272787681e-05
67,2.5701427685260955e-05
67,3.835163135738857e-05
67,5.028539466306153e-05
67,6.092406018920513e-05
67,6.968895785584403e-05
67,7.614153365523127e-05
67,8.009050065069762e-05
67,8.15892295232329e-05
67,8.083652915290362e-05
67,7.805839266904137e-05
67,7.344367718523689e-05
67,6.715061237314859e-05
67,5.934702111053009e-05
67,5.02387401026032e-05
67,4.007538772214199e-05
67,2.9155282800994544e-05
67,1.7842896745575348e-05
67,6.576881750015182e-06
67,-4.162135139987285e-06
67,-1.3913237541940018e-05
67,-2.2269269121291315e-05
67,-2.8841510532383937e-05
67,-3.3191419273315584e-05
67,-3.482652097200917e-05
67,-3.332331123047172e-05
67,-2.852749954873187e-05
67,-2.0693305675544338e-05
67,-1.0447712473132783e-05
67,1.4077060423914933e-06
67,1.4119822002727516e-05
67,2.7081030450727975e-05
67,3.976462879519895e-05
67,5.160626493599299e-05
67,6.197916722716126e-05
67,7.030984393052954e-05
67,7.62390416917004e-05
67,7.968904464813426e-05
67,8.078801868059784e-05
67,7.972689745130563e-05
67,7.666444354477045e-05
67,7.172972752149157e-05
67,6.507804796277407e-05
67,5.6924444716786934e-05
67,4.7524894563307694e-05
67,3.714266330198883e-05
67,2.605564841974497e-05
67,1.4610388362247915e-05
67,3.263310649335007e-06
67,-7.452269633956641e-06
67,-1.7019062718541123e-05
67,-2.5000860268345598e-05
67,-3.101426155592997e-05
67,-3.464937566522158e-05
67,-3.54576690056596e-05
67,-3.307566786772441e-05
67,-2.74204555174913e-05
67,-1.880921542278041e-05
67,-7.901957689533531e-06
67,4.498552560688719e-06
67,1.7648603222079395e-05
67,3.0936066954846056e-05
67,4.381254467214691e-05
67,5.5698706239904565e-05
67,6.598830915822303e-05
67,7.416420068799754e-05
67,7.992081583067489e-05
67,8.318482496479473e-05
67,8.403083485528071e-05
67,8.258131086350201e-05
67,7.89694310248876e-05
67,7.336235006458014e-05
67,6.598565281649426e-05
67,5.710641127363663e-05
67,4.699116030099391e-05
67,3.589269309375816e-05
67,2.409748015913645e-05
67,1.1999987911883375e-05
67,1.2519025115583753e-07
67,-1.0945284391371053e-05
67,-2.0692751863319167e-05
67,-2.8718295354610112e-05
67,-3.4684367566528154e-05
67,-3.821258523518974e-05
67,-3.88690703305324e-05
67,-3.629521666382386e-05
67,-3.0406209570207078e-05
67,-2.1511084602086795e-05
67,-1.0262052035297452e-05
67,2.5342954465842776e-06
67,1.6114285790275754e-05
67,2.9839183299504593e-05
67,4.31444985038404e-05
67,5.545412297144335e-05
67,6.617228310103498e-05
67,7.477238054907852e-05
67,8.090241695531814e-05
67,8.442168583895165e-05
67,8.535914413653687e-05
67,8.3846436279736e-05
67,8.007286197262343e-05
67,7.426645755214633e-05
67,6.668044297422244e-05
67,5.7574160941602494e-05
67,4.720138888213958e-05
67,3.5828842062099814e-05
67,2.378800155964345e-05
67,1.1523598881332492e-05
67,-4.1724562743957074e-07
67,-1.1471862674081364e-05
67,-2.1165017798439048e-05
67,-2.913573279908149e-05
67,-3.505976972778434e-05
67,-3.854838825917909e-05
67,-3.9145341994340445e-05
67,-3.646860760680445e-05
67,-3.0417824344432864e-05
67,-2.1303120037581115e-05
67,-9.797980715792453e-06
67,3.2583800202152336e-06
67,1.707642609953439e-05
67,3.101156717520896e-05
67,4.4509234926054145e-05
67,5.699828397678382e-05
67,6.78621278366513e-05
67,7.652747085793678e-05
67,8.259665681178971e-05
67,8.591942270696808e-05
67,8.656329751887266e-05
67,8.472196027109469e-05
67,8.062896635454104e-05
67,7.45167365937384e-05
67,6.66165228885069e-05
67,5.717157166170209e-05
67,4.644536889290711e-05
67,3.473214236200894e-05
67,2.238357699651501e-05
67,9.83935086571091e-06
67,-2.3787581442091856e-06
67,-1.3731008210745332e-05
67,-2.3742106377112242e-05
67,-3.2025170937079784e-05
67,-3.821697647182841e-05
67,-4.189135220350272e-05
67,-4.256434182362479e-05
67,-3.984072890620637e-05
67,-3.362652200409941e-05
67,-2.4257772600845207e-05
67,-1.2441705760230622e-05
67,9.592558413696237e-07
67,1.5152530001822474e-05
67,2.950164028900047e-05
67,4.3450304882877366e-05
67,5.6401805567041354e-05
67,6.769848059057054e-05
67,7.673783529651927e-05
67,8.312832727749965e-05
67,8.6756985974806e-05
67,8.772789464898345e-05
67,8.623775108611017e-05
67,8.248516071174531e-05
67,7.66561368033412e-05
67,6.895571551597478e-05
67,5.963036154654375e-05
67,4.89592743305419e-05
67,3.724170633396131e-05
67,2.4816702038294618e-05
67,1.2107884153540472e-05
67,-3.616805275035768e-07
67,-1.2025970808047234e-05
67,-2.2370248126433392e-05
67,-3.097452732388951e-05
67,-3.7459394374834664e-05
67,-4.1396594995408074e-05
67,-4.2306984998158997e-05
67,-3.980353679077899e-05
67,-3.38016403146918e-05
67,-2.4641747741355802e-05
67,-1.3023541146874707e-05
67,2.0854980343643979e-07
67,1.4277918876637074e-05
67,2.8548175642526194e-05
67,4.244537040451502e-05
67,5.535208968951013e-05
67,6.660779551923753e-05
67,7.563269381565774e-05
67,8.206716136054371e-05
67,8.580963064682258e-05
67,8.6938164539964e-05
67,8.559902670283899e-05
67,8.194848296815433e-05
67,7.616171549292961e-05
67,6.846003749960519e-05
67,5.910893687277774e-05
67,4.83892485182277e-05
67,3.6585539822268405e-05
67,2.4024369504831466e-05
67,1.1136601055237426e-05
67,-1.5269929822302889e-06
67,-1.3368049604848783e-05
67,-2.385257402711347e-05
67,-3.255973326923124e-05
67,-3.9119941498606266e-05
67,-4.3115265318999304e-05
67,-4.4072687877012174e-05
67,-4.160594313183725e-05
67,-3.562368847659341e-05
67,-2.645128950758296e-05
67,-1.4770905476749233e-05
67,-1.4181575281792715e-06
67,1.2823921444978147e-05
67,2.7303388234146098e-05
67,4.143718604951765e-05
67,5.461694415107098e-05
67,6.620421648808973e-05
67,7.563258114047074e-05
67,8.252544165734394e-05
67,8.673327690076887e-05
67,8.827999727179081e-05
67,8.728239034373572e-05
67,8.390265311355507e-05
67,7.834013788506499e-05
67,7.083112024410284e-05
67,6.163379241967946e-05
67,5.100946339483906e-05
67,3.9231421724570255e-05
67,2.6634334778486457e-05
67,1.3669363692468344e-05
67,9.023165615809012e-07
67,-1.1070142560745136e-05
67,-2.1728942949524238e-05
67,-3.0668556427572446e-05
67,-3.7525392203651606e-05
67,-4.187706786095521e-05
67,-4.3237963489528245e-05
67,-4.1201227038992974e-05
67,-3.5647614460076224e-05
67,-2.687403337360696e-05
67,-1.5544410599655786e-05
67,-2.4914888914364746e-06
67,1.149588466057884e-05
67,2.5764432514173337e-05
67,3.974136198527564e-05
67,5.283284598412279e-05
67,6.440222751255426e-05
67,7.386137418854857e-05
67,8.079744338820117e-05
67,8.503472065988595e-05
67,8.660025154817283e-05
67,8.563880910172358e-05
67,8.234051245586159e-05
67,7.69097375832691e-05
67,6.956347641054076e-05
67,6.053459723147396e-05
67,5.007220131662762e-05
67,3.845376309207676e-05
67,2.6021469191904032e-05
67,1.322197140305968e-05
67,6.015810426841086e-07
67,-1.1265839365456583e-05
67,-2.187240813126365e-05
67,-3.080719471766976e-05
67,-3.769147652650153e-05
67,-4.208730369818811e-05
67,-4.34963888059125e-05
67,-4.1500978272677735e-05
67,-3.597333747341178e-05
67,-2.720747641722804e-05
67,-1.5870388954015933e-05
67,-2.7985373278041646e-06
67,1.1221417880161474e-05
67,2.5545003563244138e-05
67,3.960754602135273e-05
67,5.2813121063657306e-05
67,6.45108263139945e-05
67,7.409653019780626e-05
67,8.115498772134192e-05
67,8.552696538753704e-05
67,8.726232288711019e-05
67,8.651421646136301e-05
67,8.345676808326754e-05
67,7.826407550148939e-05
67,7.11289006484478e-05
67,6.22780633263472e-05
67,5.196745625491968e-05
67,4.0478334010316104e-05
67,2.8142477364060094e-05
67,1.538519295874021e-05
67,2.7348542284297128e-06
67,-9.23648645982876e-06
67,-2.0006063183658248e-05
67,-2.9141958652351733e-05
67,-3.6249723680155065e-05
67,-4.088453897490804e-05
67,-4.254675734681896e-05
67,-4.081857045007131e-05
67,-3.5571321969776526e-05
67,-2.7095520711874783e-05
67,-1.605023192393202e-05
67,-3.2601565486381826e-06
67,1.0499002411638174e-05
67,2.4587117392381325e-05
67,3.843563875051402e-05
67,5.1442205690201626e-05
67,6.295703917359852e-05
67,7.239099857629825e-05
67,7.935256388858766e-05
67,8.369975997556154e-05
67,8.547990288466345e-05
67,8.482478299869251e-05
67,8.188364037013837e-05
67,7.681828729044452e-05
67,6.982482669566784e-05
67,6.11379519760426e-05
67,5.1012255890810344e-05
67,3.971452847415211e-05
67,2.7557221714029664e-05
67,1.4954125633506786e-05
67,2.4362536598557138e-06
67,-9.41209666593559e-06
67,-2.0057007465782646e-05
67,-2.9064356569831995e-05
67,-3.604668798453489e-05
67,-4.057065030979129e-05
67,-4.2147867536793496e-05
67,-4.036846274857942e-05
67,-3.510544599917901e-05
67,-2.664274091693483e-05
67,-1.5626628569721584e-05
67,-2.869347301372188e-06
67,1.0859315144803024e-05
67,2.491840068298192e-05
67,3.8738379579421545e-05
67,5.1723526945932126e-05
67,6.323941825163891e-05
67,7.271230185526944e-05
67,7.975346895553465e-05
67,8.420588666053728e-05
67,8.609230264080059e-05
67,8.552643219168483e-05
67,8.265586672184771e-05
67,7.765289580264035e-05
67,7.072293976047704e-05
67,6.209935985122825e-05
67,5.202681402268164e-05
67,4.076361584789784e-05
67,2.862324887179985e-05
67,1.6029072075664724e-05
67,3.521739501729762e-06
67,-8.31292636598269e-06
67,-1.8948888296681456e-05
67,-2.7963990219426773e-05
67,-3.4980683081957596e-05
67,-3.957096594790512e-05
67,-4.124744360440453e-05
67,-3.959660463055192e-05
67,-3.44827198868233e-05
67,-2.6178209985104682e-05
67,-1.53206940811274e-05
67,-2.721017668146556e-06
67,1.084662729818338e-05
67,2.47379218070478e-05
67,3.838732617596567e-05
67,5.121005040506867e-05
67,6.258179070857915e-05
67,7.192955020711965e-05
67,7.885529738629646e-05
67,8.319186403596272e-05
67,8.496249353295114e-05
67,8.429474754289898e-05
67,8.135448049394618e-05
67,7.632435889575732e-05
67,6.940765433677627e-05
67,6.082907183233935e-05
67,5.082781744814431e-05
67,3.966401551796255e-05
67,2.7655476941825347e-05
67,1.5223909500281221e-05
67,2.898191293738103e-06
67,-8.753729652231277e-06
67,-1.9221236877971686e-05
67,-2.80893341044409e-05
67,-3.4980015997566316e-05
67,-3.9461554487283224e-05
67,-4.1042749495825006e-05
67,-3.930700605968859e-05
67,-3.411685282518166e-05
67,-2.57456934574927e-05
67,-1.4834849871427196e-05
67,-2.1984747678286073e-06
67,1.1390533150384183e-05
67,2.5294835068702784e-05
67,3.895742194633087e-05
67,5.179677275442453e-05
67,6.31829660693399e-05
67,7.253244705377848e-05
67,7.944121585572789e-05
67,8.374778563713511e-05
67,8.549025713066464e-05
67,8.480967547784442e-05
67,8.1874722736844e-05
67,7.686034575488194e-05
67,6.996006096770087e-05
67,6.13952456829376e-05
67,5.1409296051152243e-05
67,4.026790451410001e-05
67,2.8288873093581405e-05
67,1.5886950745558328e-05
67,3.58224701480611e-06
67,-8.06112168039193e-06
67,-1.8529062167282063e-05
67,-2.7399262995739078e-05
67,-3.4287964105281936e-05
67,-3.8762005011351664e-05
67,-4.033261954203709e-05
67,-3.8588356305441366e-05
67,-3.3398987592119365e-05
67,-2.504584126381355e-05
67,-1.4175822237110115e-05
67,-1.6038179855028438e-06
67,1.1900510079117729e-05
67,2.570280349314804e-05
67,3.9244769057539635e-05
67,5.193978871583787e-05
67,6.315488185349696e-05
67,7.231247930786306e-05
67,7.902507034476784e-05
67,8.31511484063657e-05
67,8.474161602187253e-05
67,8.393779673211087e-05
67,8.090063842327364e-05
67,7.579915544321517e-05
67,6.882882856436416e-05
67,6.021854500548448e-05
67,5.021729525567684e-05
67,3.908918186452251e-05
67,2.714452321594434e-05
67,1.4790679687855803e-05
67,2.545454452347136e-06
67,-9.024430902410899e-06
67,-1.9401713995242927e-05
67,-2.8164246146857186e-05
67,-3.493199896179847e-05
67,-3.9276938140982536e-05
67,-4.071548310420527e-05
67,-3.8841704435861615e-05
67,-3.353095892118383e-05
67,-2.5068128931457278e-05
67,-1.4099696877234606e-05
67,-1.4370737677479847e-06
67,1.2153009551752645e-05
67,2.603556865757311e-05
67,3.964884625800172e-05
67,5.240420371183893e-05
67,6.367201073430973e-05
67,7.288245951348619e-05
67,7.965392348623326e-05
67,8.384251325290247e-05
67,8.54884498758835e-05
67,8.472131379112567e-05
67,8.169751877434958e-05
67,7.659073760396056e-05
67,6.960486285219455e-05
67,6.097379214891893e-05
67,5.094579095176495e-05
67,3.978238817242304e-05
67,2.7795316128318653e-05
67,1.539952997647071e-05
67,3.1231565883483555e-06
67,-8.460054053098522e-06
67,-1.8832588788537137e-05
67,-2.7577442973114113e-05
67,-3.4321199208132736e-05
67,-3.8641312653812614e-05
67,-4.005850177905146e-05
67,-3.817054031214441e-05
67,-3.285562695457211e-05
67,-2.4400310346448207e-05
67,-1.345248257734218e-05
67,-8.262081751005305e-07
67,1.2707770672924534e-05
67,2.6511195548194246e-05
67,4.0022612924442365e-05
67,5.2658170748458744e-05
67,6.379489389098323e-05
67,7.286687572549809e-05
67,7.949114251521872e-05
67,8.351992654110409e-05
67,8.499325057021833e-05
67,8.40481952066278e-05
67,8.085408735825956e-05
67,7.559620030994135e-05
67,6.848354271607035e-05
67,5.9749173071507836e-05
67,4.963947356297389e-05
67,3.8417417648385184e-05
67,2.6399501110178125e-05
67,1.4004670213616362e-05
67,1.7598962283832614e-06
67,-9.768123014167123e-06
67,-2.0071295820543633e-05
67,-2.8739617989884845e-05
67,-3.540185486800764e-05
67,-3.963378397123531e-05
67,-4.095305923557277e-05
67,-3.895504109674112e-05
67,-3.351739969729536e-05
67,-2.4928663829849132e-05
67,-1.3840725712202915e-05
67,-1.071682773348119e-06
67,1.2606024271272078e-05
67,2.6555433008337217e-05
67,4.021725875226001e-05
67,5.3006959650940494e-05
67,6.429556198985599e-05
67,7.35072525847383e-05
67,8.02502998293721e-05
67,8.437440373654055e-05
67,8.592396319809433e-05
67,8.504269962046288e-05
67,8.190284358716039e-05
67,7.66867589045412e-05
67,6.959808941656517e-05
67,6.086740850736217e-05
67,5.0744031161743745e-05
67,3.949728438124962e-05
67,2.744918797353336e-05
67,1.502063233567894e-05
67,2.737633370057393e-06
67,-8.834063813876713e-06
67,-1.9185082998855767e-05
67,-2.7902103784765228e-05
67,-3.461041293444614e-05
67,-3.888370006157827e-05
67,-4.023934200391229e-05
67,-3.827427372403455e-05
67,-3.286979905062933e-05
67,-2.43197602298318e-05
67,-1.3281328406473052e-05
67,-5.757095090820783e-07
67,1.302432328720361e-05
67,2.6882543602081735e-05
67,4.0438929641743084e-05
67,5.310595226164854e-05
67,6.425177565086299e-05
67,7.330191171923796e-05
67,7.987229376378844e-05
67,8.38242653191437e-05
67,8.521225786822987e-05
67,8.418413846056691e-05
67,8.091101943700063e-05
67,7.557344584738184e-05
67,6.837654906599446e-05
67,5.955560457954396e-05
67,4.9364232931289624e-05
67,3.8072184348623156e-05
67,2.599774689992002e-05
67,1.3556835807666503e-05
67,1.2726525064676325e-06
67,-1.0288532069621669e-05
67,-2.0614899493953506e-05
67,-2.9290869762938764e-05
67,-3.594049753993868e-05
67,-4.013692808620688e-05
67,-4.13976007852832e-05
67,-3.932082528837159e-05
67,-3.3790902068429536e-05
67,-2.5105097317524235e-05
67,-1.3922504735430983e-05
67,-1.0640394662222302e-06
67,1.2698642090964319e-05
67,2.672898032312736e-05
67,4.046416148434692e-05
67,5.331272728175611e-05
67,6.464022149242246e-05
67,7.387180000335581e-05
67,8.062330883396256e-05
67,8.475291105878145e-05
67,8.630748165499951e-05
67,8.54255174977278e-05
67,8.227134302005615e-05
67,7.702366159666059e-05
67,6.988923709707588e-05
67,6.110501955211835e-05
67,5.092438598114416e-05
67,3.961612193283229e-05
67,2.7499821005210094e-05
67,1.4996815305400986e-05
67,2.6386413344122406e-06
67,-9.000630907805288e-06
67,-1.9404957882080088e-05
67,-2.8158624832364377e-05
67,-3.488791966399135e-05
67,-3.916857287379338e-05
67,-4.051997569851665e-05
67,-3.8541486400764835e-05
67,-3.3117270449986104e-05
67,-2.4543220324395574e-05
67,-1.3476684651033739e-05
67,-7.379936877944305e-07
67,1.2899762133172872e-05
67,2.6797451880002446e-05
67,4.039079879998823e-05
67,5.3089883708257964e-05
67,6.426457646948912e-05
67,7.334468178816875e-05
67,7.994832524330946e-05
67,8.393324020397524e-05
67,8.534569241252761e-05
67,8.432641306263377e-05
67,8.104531095719105e-05
67,7.56874580754372e-05
67,6.846352394676287e-05
67,5.9610791484932546e-05
67,4.938101917080029e-05
67,3.804191745836566e-05
67,2.5913568016957425e-05
67,1.3418139510872052e-05
67,1.0862501856117612e-06
67,-1.0511538866869593e-05
67,-2.0863887897963103e-05
67,-2.9558490064550715e-05
67,-3.622222859413022e-05
67,-4.042901362939269e-05
67,-4.169546619825215e-05
67,-3.961845974710851e-05
67,-3.4080602127269986e-05
67,-2.537753005225086e-05
67,-1.4167716720776817e-05
67,-1.2733565499550163e-06
67,1.2531128132207712e-05
67,2.660676849749336e-05
67,4.0390538659272126e-05
67,5.329291622746304e-05
67,6.46809794593489e-05
67,7.397771627096883e-05
67,8.079219682475473e-05
67,8.497429788430142e-05
67,8.656607794504483e-05
67,8.570719884313128e-05
67,8.256686611882943e-05
67,7.7327536320805e-05
67,7.019564853785431e-05
67,6.140502704042678e-05
67,5.120691889853704e-05
67,3.9871606305153664e-05
67,2.7723049305583805e-05
67,1.5186580433069174e-05
67,2.794598010798987e-06
67,-8.881088630054915e-06
67,-1.9327291255211192e-05
67,-2.8129127784688546e-05
67,-3.49110421939347e-05
67,-3.924534952704294e-05
67,-4.064768478095688e-05
67,-3.871384726100755e-05
67,-3.3325093688784416e-05
67,-2.4775904738723622e-05
67,-1.3724199794066619e-05
67,-9.920325943222472e-07
67,1.2646392009861169e-05
67,2.6552545677654656e-05
67,4.016367813818271e-05
67,5.2890006204644495e-05
67,6.409829583917034e-05
67,7.321270375763538e-05
67,7.984647386563641e-05
67,8.385655016221006e-05
67,8.529268551524366e-05
67,8.42999442515713e-05
67,8.10493899337889e-05
67,7.572305900350468e-05
67,6.85270153408116e-05
67,5.969587395381386e-05
67,4.948186758224218e-05
67,3.815450892300748e-05
67,2.603420285301451e-05
67,1.3540825870483906e-05
67,1.2015890876848037e-06
67,-1.0414756011521258e-05
67,-2.079555834005049e-05
67,-2.9524855499176132e-05
67,-3.622551919953319e-05
67,-4.046841978072093e-05
67,-4.17681681739704e-05
67,-3.9720313830494204e-05
67,-3.420682603931491e-05
67,-2.5523361424696967e-05
67,-1.4328435306138508e-05
67,-1.4434525547697017e-06
67,1.2358832264297466e-05
67,2.644086630838529e-05
67,4.023933030453571e-05
67,5.316233447099557e-05
67,6.457398563316214e-05
67,7.389611064883441e-05
67,8.073963159067206e-05
67,8.495775842367631e-05
67,8.659403936913327e-05
67,8.578559056140218e-05
67,8.269608251856805e-05
67,7.750279809567069e-05
67,7.040997200939261e-05
67,6.165193360218946e-05
67,5.148067703398838e-05
67,4.0165300011564154e-05
67,2.8026703417334545e-05
67,1.5487395072498634e-05
67,3.0794306772023637e-06
67,-8.622760492782558e-06
67,-1.910196331655755e-05
67,-2.793998604392496e-05
67,-3.475970435461823e-05
67,-3.9133212048776575e-05
67,-4.057637662382366e-05
67,-3.868506695876737e-05
67,-3.334003488370167e-05
67,-2.483427745766995e-05
67,-1.3823250199952842e-05
67,-1.1264210182535218e-06
67,1.2483402626628286e-05
67,2.6367273257502245e-05
67,3.99610354392719e-05
67,5.26743821805201e-05
67,6.387584887326478e-05
67,7.299313673698535e-05
67,7.964231928864764e-05
67,8.3679844020138e-05
67,8.515126404043085e-05
67,8.41961698124964e-05
67,8.098209729760828e-05
67,7.569075133403431e-05
67,6.852949472206027e-05
67,5.9733225761045694e-05
67,4.95521767438842e-05
67,3.825261026780595e-05
67,2.6152606244843873e-05
67,1.367200091257948e-05
67,1.3397689445567237e-06
67,-1.0273462798571247e-05
67,-2.065442237292253e-05
67,-2.9387856527672635e-05
67,-3.6097829450057415e-05
67,-4.035611154303329e-05
67,-4.167760535266114e-05
67,-3.9657303058436714e-05
67,-3.417540956556658e-05
67,-2.5524665523533556e-05
67,-1.436046559800455e-05
67,-1.5022064619649088e-06
67,1.2277752861439553e-05
67,2.6341551080476117e-05
67,4.0126452229608065e-05
67,5.304281323639778e-05
67,6.44576051518827e-05
67,7.379386459676765e-05
67,8.066052293913915e-05
67,8.490641019061053e-05
67,8.657105329409813e-05
67,8.579025694075229e-05
67,8.27289902568429e-05
67,7.756616012667007e-05
67,7.050573414420886e-05
67,6.177968969674579e-05
67,5.1637308521106185e-05
67,4.034647129833768e-05
67,2.822868779460686e-05
67,1.5707593391273147e-05
67,3.3152826838357897e-06
67,-8.375314824424661e-06
67,-1.8849071610742156e-05
67,-2.7689192239336895e-05
67,-3.451880882487106e-05
67,-3.8909549573142226e-05
67,-4.037650139932269e-05
67,-3.8514321408261846e-05
67,-3.320194815928181e-05
67,-2.4730376778200205e-05
67,-1.3753662592944987e-05
67,-1.0907956293582491e-06
67,1.2485552720917692e-05
67,2.6337183854187424e-05
67,3.990163816292711e-05
67,5.25904556066675e-05
67,6.377282827879665e-05
67,7.287536879445743e-05
67,7.951236773244018e-05
67,8.353971044762041e-05
67,8.50045687843217e-05
67,8.404926461932959e-05
67,8.084298988222088e-05
67,7.556675294808237e-05
67,6.842559291560338e-05
67,5.965233361832412e-05
67,4.9496602349250856e-05
67,3.822507217964603e-05
67,2.6155692981873724e-05
67,1.3706477511804483e-05
67,1.4032095269054253e-06
67,-1.0186504681723963e-05
67,-2.0550817488232135e-05
67,-2.927410794062423e-05
67,-3.597920488892137e-05
67,-4.023677626462531e-05
67,-4.1561073004586436e-05
67,-3.954670418582595e-05
67,-3.407362092382332e-05
67,-2.5434426901218413e-05
67,-1.428431127365279e-05
67,-1.4420121297869353e-06
67,1.232139668734696e-05
67,2.6369581499937996e-05
67,4.014080386139302e-05
67,5.304536277649819e-05
67,6.444945082791461e-05
67,7.37757567876286e-05
67,8.063434209016375e-05
67,8.487647905604848e-05
67,8.654394186501715e-05
67,8.577296261078101e-05
67,8.272685799250471e-05
67,7.758213404671096e-05
67,7.054126840594386e-05
67,6.183618437004573e-05
67,5.171664258073234e-05
67,4.045019255155743e-05
67,2.835666828563401e-05
67,1.5857396066687992e-05
67,3.4828386557546243e-06
67,-8.194226347462894e-06
67,-1.8657647479167603e-05
67,-2.7489452679022634e-05
67,-3.431228794251169e-05
67,-3.869815352427463e-05
67,-4.016308604624204e-05
67,-3.830294675960056e-05
67,-3.299780483082804e-05
67,-2.4539251043162376e-05
67,-1.3581007675684006e-05
67,-9.409164461130174e-07
67,1.2609612884056002e-05
67,2.643299402529392e-05
67,3.996661413030297e-05
67,5.262186021908019e-05
67,6.376887434515977e-05
67,7.283675802162745e-05
67,7.944298753488742e-05
67,8.344570054421507e-05
67,8.489230666292414e-05
67,8.392378747673351e-05
67,8.070796410604416e-05
67,7.542567959563972e-05
67,6.828290149676428e-05
67,5.951330834980105e-05
67,4.936627836132981e-05
67,3.810714175575109e-05
67,2.6052333692235235e-05
67,1.3619116399655983e-05
67,1.333435301215452e-06
67,-1.0236692350296679e-05
67,-2.0579533822030915e-05
67,-2.9280307979097836e-05
67,-3.5963027379402376e-05
67,-4.0199485207379116e-05
67,-4.1504946718794784e-05
67,-3.947499461625779e-05
67,-3.399032118573506e-05
67,-2.5343670138374796e-05
67,-1.4189695198812924e-05
67,-1.3463524891482692e-06
67,1.2415747938472897e-05
67,2.6460284615242592e-05
67,4.022556205893619e-05
67,5.312262173225211e-05
67,6.451922710665008e-05
67,7.383972182375024e-05
67,8.069481518503767e-05
67,8.49350084899477e-05
67,8.660065885390549e-05
67,8.58272510193875e-05
67,8.27786695452349e-05
67,7.763272789146797e-05
67,7.059279386091027e-05
67,6.189064560262769e-05
67,5.177528243507335e-05
67,4.051383371890566e-05
67,2.8426615684443412e-05
67,1.5935990680987456e-05
67,3.573074048826901e-06
67,-8.0897762470436e-06
67,-1.8537760750288227e-05
67,-2.7354434990557015e-05
67,-3.416351711589466e-05
67,-3.853759403949118e-05
67,-3.9993152627971745e-05
67,-3.812658387394508e-05
67,-3.281849013991213e-05
67,-2.436087855366235e-05
67,-1.340779454261082e-05
67,-7.773608482245017e-07
67,1.2758878591340694e-05
67,2.6563579993501542e-05
67,4.007487279221118e-05
67,5.270518405096412e-05
67,6.382550548092745e-05
67,7.286520966292442e-05
67,7.944163397096023e-05
67,8.341310003371102e-05
67,8.482819513551466e-05
67,8.382996529285963e-05
67,8.058828069896526e-05
67,7.52850965082959e-05
67,6.812640927237492e-05
67,5.934550995710878e-05
67,4.919176570077735e-05
67,3.793107867931037e-05
67,2.5880525395994963e-05
67,1.345732717127387e-05
67,1.1863723730728032e-06
67,-1.0366015790260233e-05
67,-2.068964016751035e-05
67,-2.9370501491716733e-05
67,-3.603263095807158e-05
67,-4.024752327390298e-05
67,-4.153033074962435e-05
67,-3.947700950874007e-05
67,-3.396916967922122e-05
67,-2.5300820126195117e-05
67,-1.412777379656446e-05
67,-1.2685305116990123e-06
67,1.2506557048425367e-05
67,2.6561872401761914e-05
67,4.0336194930389025e-05
67,5.3240322924422864e-05
67,6.464118196593846e-05
67,7.396239846473177e-05
67,8.081487329103286e-05
67,8.50503970069462e-05
67,8.671105747215215e-05
67,8.593349592383044e-05
67,8.288164725657005e-05
67,7.773263847101115e-05
67,7.068928668307e-05
67,6.198353829913779e-05
67,5.186514235279938e-05
67,4.060194890868633e-05
67,2.851447272182563e-05
67,1.602475221531025e-05
67,3.6634492713890245e-06
67,-7.997270468176726e-06
67,-1.8442453130135574e-05
67,-2.7255347735197786e-05
67,-3.405945568814065e-05
67,-3.8427387803253814e-05
67,-3.987601393944756e-05
67,-3.8002593185371556e-05
67,-3.268905126348937e-05
67,-2.4228804809176665e-05
67,-1.3276827228267648e-05
67,-6.513757875270228e-07
67,1.28764002702668e-05
67,2.6669436099091157e-05
67,4.016558728444873e-05
67,5.277668617497903e-05
67,6.387358968623688e-05
67,7.288665473899905e-05
67,7.943520068046423e-05
67,8.33796190681464e-05
67,8.476968281939482e-05
67,8.374851770515214e-05
67,8.048562151708384e-05
67,7.516298466780752e-05
67,6.798732745654383e-05
67,5.919289219394936e-05
67,4.902955202932512e-05
67,3.776303040310019e-05
67,2.5709897278583872e-05
67,1.3287090217738248e-05
67,1.0196505793221513e-06
67,-1.0525774859143417e-05
67,-2.083889515306091e-05
67,-2.9505953442345748e-05
67,-3.6151342503641896e-05
67,-4.0346864384529776e-05
67,-4.160806893382445e-05
67,-3.953167812767772e-05
67,-3.4000434667117396e-05
67,-2.5309450985542894e-05
67,-1.4115166838649219e-05
67,-1.2361512128080505e-06
67,1.255739038815905e-05
67,2.6629793118404813e-05
67,4.041952459920302e-05
67,5.3337153704038315e-05
67,6.474983467448827e-05
67,7.408180680679761e-05
67,8.094440563473926e-05
67,8.518915278160978e-05
67,8.685724552207481e-05
67,8.608448031329415e-05
67,8.303462063506074e-05
67,7.788530709562408e-05
67,7.08400050121036e-05
67,6.213091116991972e-05
67,5.200761749690084e-05
67,4.073789633437779e-05
67,2.8642759105403924e-05
67,1.614532674585514e-05
67,3.7774033590727267e-06
67,-7.888267053889061e-06
67,-1.833690635067526e-05
67,-2.7152341326666167e-05
67,-3.395856166781405e-05
67,-3.832840805734301e-05
67,-3.97789177321664e-05
67,-3.790768070407561e-05
67,-3.2597108999741294e-05
67,-2.4141085010231332e-05
67,-1.3194903071571727e-05
67,-5.770149767165914e-07
67,1.2941285105680245e-05
67,2.6722827415700055e-05
67,4.020549586642736e-05
67,5.280137570708565e-05
67,6.388173491028543e-05
67,7.287727394615266e-05
67,7.94074362026311e-05
67,8.333267177464671e-05
67,8.470311374180287e-05
67,8.366274005904314e-05
67,8.038214473361273e-05
67,7.504415876628896e-05
67,6.785578565113163e-05
67,5.905113930171155e-05
67,4.8879976739720494e-05
67,3.760822673256598e-05
67,2.555291587965301e-05
67,1.3131302874903953e-05
67,8.682420938018036e-07
67,-1.067033550147122e-05
67,-2.0974999648899597e-05
67,-2.9632509323474333e-05
67,-3.62672195614669e-05
67,-4.0450538182515284e-05
67,-4.169766162315789e-05
67,-3.960530627061508e-05
67,-3.405663105637618e-05
67,-2.534743778417265e-05
67,-1.413483760972741e-05
67,-1.2377625044781473e-06
67,1.2573634215318981e-05
67,2.666398857882071e-05
67,4.0471981862635765e-05
67,5.340802877514868e-05
67,6.483872125949957e-05
67,7.418756362906238e-05
67,8.106535346835824e-05
67,8.532351603681289e-05
67,8.700350709876143e-05
67,8.624136652380339e-05
67,8.320074404253928e-05
67,7.805879773746389e-05
67,7.10184604291421e-05
67,6.231170404572757e-05
67,5.2188311329629946e-05
67,4.091648236968712e-05
67,2.8817618514575323e-05
67,1.6315038096775675e-05
67,3.940593760696875e-06
67,-7.73290777403174e-06
67,-1.819047532585675e-05
67,-2.7015560118708364e-05
67,-3.3831716867639016e-05
67,-3.821143798256892e-05
67,-3.96716282512693e-05
67,-3.7810036961240606e-05
67,-3.250949706763917e-05
67,-2.4064392838572014e-05
67,-1.3130335943593107e-05
67,-5.257541654613507e-07
67,1.2978317341299299e-05
67,2.6744903863518475e-05
67,4.021179767009802e-05
67,5.279079214749149e-05
67,6.385303441972776e-05
67,7.282964121298594e-05
67,7.934104234556951e-05
67,8.324886658918553e-05
67,8.460409643497153e-05
67,8.355096572540385e-05
67,8.025990353641853e-05
67,7.49135620469309e-05
67,6.771901069447964e-05
67,5.891058521966555e-05
67,4.873812654702036e-05
67,3.746731799421785e-05
67,2.5414691542230257e-05
67,1.2997015530952354e-05
67,7.388539752915117e-07
67,-1.0793942936006523e-05
67,-2.1091919083668436e-05
67,-2.9741764118485058e-05
67,-3.636770735181131e-05
67,-4.0540996192490886e-05
67,-4.17767723854578e-05
67,-3.967196307789075e-05
67,-3.4110182970472585e-05
67,-2.5387679784015827e-05
67,-1.4161706989722852e-05
67,-1.2509691037085666e-06
67,1.257474877592473e-05
67,2.668027372378904e-05
67,4.050418400985583e-05
67,5.345667881470336e-05
67,6.49042988077943e-05
67,7.427071463400455e-05
67,8.116683194505523e-05
67,8.544376563147275e-05
67,8.71421638061721e-05
67,8.639707165204724e-05
67,8.337138853435493e-05
67,7.824194977387277e-05
67,7.121162160402481e-05
67,6.251226956405264e-05
67,5.2393422167769504e-05
67,4.11230543476799e-05
67,2.9022646504425753e-05
67,1.6515993640201993e-05
67,4.135624892093469e-06
67,-7.545103378552763e-06
67,-1.8010958397143492e-05
67,-2.6845381934373943e-05
67,-3.3671967813212076e-05
67,-3.806322074349231e-05
67,-3.953609366622531e-05
67,-3.768846246418281e-05
67,-3.2403274392862464e-05
67,-2.3974874797034627e-05
67,-1.30586582662407e-05
67,-4.727915988782912e-07
67,1.3011830877570684e-05
67,2.675823320887092e-05
67,4.0204235480156306e-05
67,5.276191528980106e-05
67,6.380301997161446e-05
67,7.275938379031008e-05
67,7.92519811712078e-05
67,8.314270702673405e-05
67,8.44827017021484e-05
67,8.341649143647905e-05
67,8.011497368849298e-05
67,7.476123573293453e-05
67,6.756249724071871e-05
67,5.875289916026695e-05
67,4.85819099937099e-05
67,3.731488909888704e-05
67,2.5268172536639343e-05
67,1.2858333388507247e-05
67,6.095468913103179e-07
67,-1.0912958753635417e-05
67,-2.1200379389316804e-05
67,-2.9839792778533525e-05
67,-3.645542433383263e-05
67,-4.0618267061844234e-05
67,-4.18432271979792e-05
67,-3.972718905652057e-05
67,-3.415390030963356e-05
67,-2.541977547326928e-05
67,-1.4182117462296079e-05
67,-1.2594842841051809e-06
67,1.257865578928389e-05
67,2.6697507769013656e-05
67,4.0535953921518075e-05
67,5.350431209676607e-05
67,6.496899190141778e-05
67,7.43532913710925e-05
67,8.12676088443856e-05
67,8.55625865030812e-05
67,8.727854514839146e-05
67,8.655029885027224e-05
67,8.354045015548703e-05
67,7.842536709472565e-05
67,7.140735024228087e-05
67,6.271780013150884e-05
67,5.260604615579796e-05
67,4.134014104584928e-05
67,2.9241784431711807e-05
67,1.6734960218892218e-05
67,4.352271887281742e-06
67,-7.332913899499175e-06
67,-1.7805298726363744e-05
67,-2.6648138530183533e-05
67,-3.348477825833526e-05
67,-3.788754058225092e-05
67,-3.93733566932691e-05
67,-3.7540232224541087e-05
67,-3.22712983741882e-05
67,-2.3861009389129774e-05
67,-1.2964697884430556e-05
67,-4.002944712948549e-07
67,1.3061613954262203e-05
67,2.678429274846635e-05
67,4.0205686223096324e-05
67,5.273798046468866e-05
67,6.375321440962831e-05
67,7.26838526759131e-05
67,7.915182406744299e-05
67,8.30200937725799e-05
67,8.434069493100575e-05
67,8.32586690327343e-05
67,7.994506443450144e-05
67,7.458293842063192e-05
67,6.73794798245161e-05
67,5.856882656174885e-05
67,4.840035428829996e-05
67,3.713910735012634e-05
67,2.5100859137260707e-05
67,1.2701468871528716e-05
67,4.6439538423831223e-07
67,-1.1045722546143514e-05
67,-2.1320459194678612e-05
67,-2.9947025162679764e-05
67,-3.65495676710087e-05
67,-4.069891804028776e-05
67,-4.190992621018217e-05
67,-3.977966121341427e-05
67,-3.419225382539151e-05
67,-2.5444471962482756e-05
67,-1.4193685935621587e-05
67,-1.2581580108914217e-06
67,1.2593129276444628e-05
67,2.6725773190584744e-05
67,4.05787912447936e-05
67,5.356244847551146e-05
67,6.504310797183607e-05
67,7.444412582122099e-05
67,8.137594787362503e-05
67,8.568903014279149e-05
67,8.742316596319068e-05
67,8.671242690088463e-05
67,8.37187173677775e-05
67,7.861793180055178e-05
67,7.161210654204205e-05
67,6.293245164192899e-05
67,5.28280934836347e-05
67,4.156692522356904e-05
67,2.9470663557662892e-05
67,1.6963547585175513e-05
67,4.578581595459973e-06
67,-7.110501918829266e-06
67,-1.7588197339191878e-05
67,-2.6437706870934973e-05
67,-3.328241002762514e-05
67,-3.769473718250671e-05
67,-3.919184135961177e-05
67,-3.737205731527325e-05
67,-3.211882720805938e-05
67,-2.3726725512871422e-05
67,-1.2850945319954797e-05
67,-3.091238585882687e-07
67,1.3128406624128335e-05
67,2.6825026194316195e-05
67,4.021875738257459e-05
67,5.272206987623944e-05
67,6.370766218349846e-05
67,7.260896639823775e-05
67,7.904892340373334e-05
67,8.289131515165406e-05
67,8.418875552679636e-05
67,8.30867555430533e-05
67,7.975683089822293e-05
67,7.438247039288845e-05
67,6.717112312828225e-05
67,5.835691834343018e-05
67,4.818898494629096e-05
67,3.6932005568832015e-05
67,2.4901371954998388e-05
67,1.2512522405485918e-05
67,2.883631428312163e-07
67,-1.120717383396333e-05
67,-2.1466378822426615e-05
67,-3.007695229101502e-05
67,-3.666318178015064e-05
67,-4.079580414399061e-05
67,-4.198960506720206e-05
67,-3.984181469136073e-05
67,-3.423692860896421e-05
67,-2.5472082194899923e-05
67,-1.4204796517390644e-05
67,-1.25318177212826e-06
67,1.2614142998777053e-05
67,2.6763162155685527e-05
67,4.063315331601097e-05
67,5.3634470298966046e-05
67,6.513341508114373e-05
67,7.455314858563708e-05
67,8.150379169527915e-05
67,8.583538468181652e-05
67,8.758729480481703e-05
67,8.689321691221624e-05
67,8.391471600513883e-05
67,7.882733342608365e-05
67,7.183273091632592e-05
67,6.316179756907976e-05
67,5.306350806081477e-05
67,4.1805843789297796e-05
67,2.9710813764097365e-05
67,1.7203018891377996e-05
67,4.815742539986213e-06
67,-6.877154924581302e-06
67,-1.7360141342435148e-05
67,-2.6216398045503602e-05
67,-3.306926030174702e-05
67,-3.749116393740374e-05
67,-3.899941468365883e-05
67,-3.71926617663621e-05
67,-3.195472134797739e-05
67,-2.35804438205857e-05
67,-1.2725088053601493e-05
67,-2.0615238298393305e-07
67,1.3206259166549555e-05
67,2.6875715879769014e-05
67,4.02403704862127e-05
67,5.271289000635161e-05
67,6.366642024230897e-05
67,7.253518809974595e-05
67,7.894321227860698e-05
67,8.275544457725208e-05
67,8.402554659655314e-05
67,8.289981616880894e-05
67,7.955027642210353e-05
67,7.416071815296527e-05
67,6.69387726811636e-05
67,5.811865724377752e-05
67,4.794945434484592e-05
67,3.669561238566825e-05
67,2.4672083455782968e-05
67,1.2293687023704314e-05
67,8.259239004149063e-08
67,-1.139802021410509e-05
67,-2.164105920437951e-05
67,-3.0234567170937872e-05
67,-3.68028633896974e-05
67,-4.0916546487722865e-05
67,-4.2090352606962324e-05
67,-3.992175752665117e-05
67,-3.429578865606134e-05
67,-2.5510156421091162e-05
67,-1.4222686348022794e-05
67,-1.2513709169864075e-06
67,1.2635583227586586e-05
67,2.680456445945755e-05
67,4.069500564858021e-05
67,5.371715271384164e-05
67,6.52370994767328e-05
67,7.467784479334139e-05
67,8.164938081602725e-05
67,8.600151665346199e-05
67,8.777318332820116e-05
67,8.709747640099127e-05
67,8.413535400745286e-05
67,7.906188702500136e-05
67,7.20784438950272e-05
67,6.341575283802676e-05
67,5.3322720283562885e-05
67,4.206737868464861e-05
67,2.9971967752895823e-05
67,1.7461499865684538e-05
67,5.069743091411363e-06
67,-6.629041298791679e-06
67,-1.7119095763609312e-05
67,-2.5983530254043282e-05
67,-3.284569841482726e-05
67,-3.727813806933548e-05
67,-3.879839648699549e-05
67,-3.700552023478401e-05
67,-3.1783771899561044e-05
67,-2.342831207167119e-05
67,-1.2594451493942378e-05
67,-9.952802967056082e-08
67,1.3286550597425596e-05
67,2.6927441577545947e-05
67,4.0261319879675726e-05
67,5.2701036719064545e-05
67,6.362031514958357e-05
67,7.245437955305853e-05
67,7.882845168639374e-05
67,8.260860231874202e-05
67,8.384936930057279e-05
67,8.269771435115066e-05
67,7.932622055432803e-05
67,7.391917793985619e-05
67,6.668459224850809e-05
67,5.785683169936737e-05
67,4.768487287657353e-05
67,3.6432862737835476e-05
67,2.4415347384442957e-05
67,1.204666649525543e-05
67,-1.5160208619558298e-07
67,-1.161698778456444e-05
67,-2.1843101786021242e-05
67,-3.0418466170567818e-05
67,-3.696752884543696e-05
67,-4.1060773075536295e-05
67,-4.221286204925883e-05
67,-4.002148309097905e-05
67,-3.437216388418456e-05
67,-2.5563169504873837e-05
67,-1.4252641223510075e-05
67,-1.2585090916155134e-06
67,1.2651357461806337e-05
67,2.6843708110074656e-05
67,4.0758155128185605e-05
67,5.380489857208059e-05
67,6.534983279012348e-05
67,7.481566163469149e-05
67,8.181197673742311e-05
67,8.618806434718219e-05
67,8.798225892518081e-05
67,8.732708259863491e-05
67,8.438300980715157e-05
67,7.932471558458267e-05
67,7.235323244165001e-05
67,6.369902761566576e-05
67,5.3610900611230784e-05
67,4.2357023339902955e-05
67,3.0260040757214598e-05
67,1.7745531822059512e-05
67,5.347805800851539e-06
67,-6.3585108402679094e-06
67,-1.6857491201680877e-05
67,-2.573218505123768e-05
67,-3.260592132954818e-05
67,-3.705127164767456e-05
67,-3.8585953238833046e-05
67,-3.680933765991635e-05
67,-3.1606070301503173e-05
67,-2.3271594823928615e-05
67,-1.24613003018074e-05
67,7.57917015949056e-09
67,1.3365294917431225e-05
67,2.697560281773273e-05
67,4.0276734099829406e-05
67,5.268172085660559e-05
67,6.356478572241576e-05
67,7.236203706155453e-05
67,7.869985114295284e-05
67,8.244551227688232e-05
67,8.365464567422988e-05
67,8.247508246145437e-05
67,7.908005092922692e-05
67,7.365429598508823e-05
67,6.640611547201602e-05
67,5.757000573602321e-05
67,4.739488916911534e-05
67,3.61446672724325e-05
67,2.413345769090702e-05
67,1.1775001204705249e-05
67,-4.0986939496043777e-07
67,-1.1859491994811268e-05
67,-2.206817946764196e-05
67,-3.0624856295346875e-05
67,-3.715400145528785e-05
67,-4.122590143711468e-05
67,-4.2355088942543994e-05
67,-4.013943259612514e-05
67,-3.446496715418663e-05
67,-2.563055194027045e-05
67,-1.4294683787310313e-05
67,-1.2752328934586403e-06
67,1.2660305900117173e-05
67,2.6879078331057343e-05
67,4.082085369902707e-05
67,5.3895690388986985e-05
67,6.54691590765401e-05
67,7.496358974014065e-05
67,8.198817337137512e-05
67,8.639170395633593e-05
67,8.821188827887374e-05
67,8.75805340371907e-05
67,8.465742883882109e-05
67,7.961668921353915e-05
67,7.265895522290214e-05
67,6.401446060309645e-05
67,5.393193255503016e-05
67,4.267966935290005e-05
67,3.058067498053511e-05
67,1.8061081054200307e-05
67,5.655810162809902e-06
67,-6.059996150328645e-06
67,-1.657007870439854e-05
67,-2.5457318516045574e-05
67,-3.2344986761834e-05
67,-3.680570529672239e-05
67,-3.835738954382567e-05
67,-3.65997523203728e-05
67,-3.1417814023447235e-05
67,-2.310726258318113e-05
67,-1.2323503388620261e-05
67,1.163879296980119e-07
67,1.3442833216556292e-05
67,2.7019647245832614e-05
67,4.0285063367979346e-05
67,5.265228864826423e-05
67,6.349612876040681e-05
67,7.225372743809797e-05
67,7.855275563690597e-05
67,8.226176275432875e-05
67,8.343741577810375e-05
67,8.222834222221264e-05
67,7.880839922237003e-05
67,7.336284848361755e-05
67,6.610036453325904e-05
67,5.725560272286285e-05
67,4.707737984542022e-05
67,3.5829256034866857e-05
67,2.3824844355661345e-05
67,1.1477265426474523e-05
67,-6.933770441383545e-07
67,-1.2126221970507905e-05
67,-2.2316313060121298e-05
67,-3.085303087688936e-05
67,-3.73609308888906e-05
67,-4.141012040596076e-05
67,-4.251499461593868e-05
67,-4.027357993324489e-05
67,-3.4572378027909405e-05
67,-2.5710787382122843e-05
67,-1.434760723555309e-05
67,-1.3006193743764156e-06
67,1.2663055333407412e-05
67,2.691095137324675e-05
67,4.0883010415481006e-05
67,5.398918947651117e-05
67,6.559475976724727e-05
67,7.512162502717002e-05
67,8.217841976555105e-05
67,8.661322888894331e-05
67,8.846294250843552e-05
67,8.785855801207638e-05
67,8.495916328105369e-05
67,7.993831865446259e-05
67,7.299623236769444e-05
67,6.436282859099201e-05
67,5.428670492348542e-05
67,4.3036297769686633e-05
67,3.093505125654346e-05
67,1.8409752887240937e-05
67,5.996010616500156e-06
67,-5.730496771120455e-06
67,-1.6253185106587175e-05
67,-2.5154773827335214e-05
67,-3.205847284066481e-05
67,-3.653694548123908e-05
67,-3.810828999116033e-05
67,-3.6372524097076e-05
67,-3.121497970883257e-05
67,-2.2931518948763242e-05
67,-1.2177520800405889e-05
67,2.300984824531795e-07
67,1.35219110126222e-05
67,2.7061786559490904e-05
67,4.028799306415771e-05
67,5.2613965591588274e-05
67,6.341513190448275e-05
67,7.212968244437286e-05
67,7.83865957833206e-05
67,8.205574928784015e-05
67,8.319498026194895e-05
67,8.195386471558752e-05
67,7.850699684510552e-05
67,7.304018520949667e-05
67,6.576245683194593e-05
67,5.690859890949129e-05
67,4.6727319307169134e-05
67,3.548183691460304e-05
67,2.348521945341998e-05
67,1.1149862066337712e-05
67,-1.0050071306737774e-06
67,-1.2419459870326062e-05
67,-2.258934125879212e-05
67,-3.11044911065718e-05
67,-3.758950496536397e-05
67,-4.161426633540087e-05
67,-4.2692995338386504e-05
67,-4.0423850472093435e-05
67,-3.469379135691694e-05
67,-2.58027639871636e-05
67,-1.4409881934100792e-05
67,-1.33283174852927e-06
67,1.2661675333357957e-05
67,2.694161013722829e-05
67,4.094710975028433e-05
67,5.4087998883871775e-05
67,6.572916764209882e-05
67,7.529199820007789e-05
67,8.238450024163759e-05
67,8.685401487454652e-05
67,8.873658024800416e-05
67,8.816230784785047e-05
67,8.528946742253837e-05
67,8.029094220223696e-05
67,7.336643227110563e-05
67,6.474553484684003e-05
67,5.467673479851959e-05
67,4.342862219075604e-05
67,3.1325082180449446e-05
67,1.8793562816478272e-05
67,6.370395287795677e-06
67,-5.36812451501502e-06
67,-1.590499079867084e-05
67,-2.4822689098449574e-05
67,-3.174434476746475e-05
67,-3.624268142181804e-05
67,-3.7836014701528435e-05
67,-3.612469346500038e-05
67,-3.099436669684827e-05
67,-2.2741053488714188e-05
67,-1.2020073585711021e-05
67,3.5184770990341984e-07
67,1.3605444167997881e-05
67,2.71046259993218e-05
67,4.02876729994481e-05
67,5.256825350998572e-05
67,6.332248409174485e-05
67,7.198973457792101e-05
67,7.82004548522602e-05
67,8.182599002420431e-05
67,8.292542827200584e-05
67,8.164932573029948e-05
67,7.817303803709795e-05
67,7.268296912574507e-05
67,6.538856346700597e-05
67,5.652478420291436e-05
67,4.634022157657459e-05
67,3.5097691351192555e-05
67,2.3109629109665365e-05
67,1.078762495842548e-05
67,-1.350027767885226e-06
67,-1.2744380396720444e-05
67,-2.2892125807775226e-05
67,-3.138360857856867e-05
67,-3.784349782126295e-05
67,-4.1841468411623814e-05
67,-4.289156971019984e-05
67,-4.059209756434122e-05
67,-3.483047785384382e-05
67,-2.5907207227289264e-05
67,-1.4481705244448136e-05
67,-1.3715470315802721e-06
67,1.2656981012959442e-05
67,2.697229602514631e-05
67,4.101473803626407e-05
67,5.419400572506816e-05
67,6.587460146369107e-05
67,7.547734197475992e-05
67,8.26095117113999e-05
67,8.711756013363232e-05
67,8.903651905145284e-05
67,8.849549949402729e-05
67,8.565189532325226e-05
67,8.067789032128905e-05
67,7.377265547878903e-05
67,6.516542890744534e-05
67,5.510455843498759e-05
67,4.385880189192614e-05
67,3.1752550968460034e-05
67,1.9214013899798256e-05
67,6.780343494319122e-06
67,-4.971479459738622e-06
67,-1.552399843952667e-05
67,-2.445946552831847e-05
67,-3.1400939271756304e-05
67,-3.59212298187448e-05
67,-3.753889500681229e-05
67,-3.5854624445482565e-05
67,-3.075437032620126e-05
67,-2.25342800723894e-05
67,-1.1849592989079485e-05
67,4.831537146600228e-07
67,1.3694833406138996e-05
67,2.7149379130991887e-05
67,4.028509336910471e-05
67,5.251592334283166e-05
67,6.32187416381457e-05
67,7.18341699528615e-05
67,7.799420638745401e-05
67,8.157176053621412e-05
67,8.262729904686177e-05
67,8.131250308135261e-05
67,7.780361800610771e-05
67,7.228772630438775e-05
67,6.497472577142623e-05
67,5.6099763936736365e-05
67,4.591131337957311e-05
67,3.467177789960449e-05
67,2.2692925859963125e-05
67,1.038546542874046e-05
67,-1.7333584796686623e-06
67,-1.3105698816083124e-05
67,-2.32291911797014e-05
67,-3.1694731840724e-05
67,-3.81270653560814e-05
67,-4.2095634297180544e-05
67,-4.3114290690839314e-05
67,-4.078145604593825e-05
67,-3.498503506569749e-05
67,-2.602610843501012e-05
67,-1.456443790143043e-05
67,-1.4175028126369654e-06
67,1.2648851017944115e-05
67,2.7003520631336727e-05
67,4.1087068091966806e-05
67,5.430903975553784e-05
67,6.603347048740675e-05
67,7.568049925895825e-05
67,8.285657489536828e-05
67,8.740716833462959e-05
67,8.936623641687465e-05
67,8.886181825660116e-05
67,8.60503460685145e-05
67,8.110321644866093e-05
67,7.421900798502482e-05
67,6.562657941000162e-05
67,5.557416220073419e-05
67,4.4330726789677504e-05
67,3.222122501978987e-05
67,1.967468448651967e-05
67,7.229149482089384e-06
67,-4.537633613820246e-06
67,-1.5107679712188282e-05
67,-2.4062953907441007e-05
67,-3.1026431759407074e-05
67,-3.557102573935312e-05
67,-3.721556518348146e-05
67,-3.556110559859248e-05
67,-3.0493915212301738e-05
67,-2.231027105608984e-05
67,-1.1665327607386956e-05
67,6.245677837354716e-07
67,1.3790419877751113e-05
67,2.7196165739006173e-05
67,4.02801124055946e-05
67,5.245649117927072e-05
67,6.310298372071576e-05
67,7.166157524027018e-05
67,7.776596758480911e-05
67,8.129079845611018e-05
67,8.229804928885985e-05
67,8.094062286664843e-05
67,7.739572507843391e-05
67,7.185118296114367e-05
67,6.451741394435714e-05
67,5.562980014949531e-05
67,4.543670767611245e-05
67,3.420009100179131e-05
67,2.2230976641151356e-05
67,9.939101728184547e-06
67,-2.1594217049069266e-06
67,-1.35079201048147e-05
67,-2.3605029641214222e-05
67,-3.204223863370049e-05
67,-3.844438454763695e-05
67,-4.238067414265333e-05
67,-4.336475239376729e-05
67,-4.0995169859327785e-05
67,-3.516033443250694e-05
67,-2.6161945524669037e-05
67,-1.4660132377456919e-05
67,-1.4722822357126676e-06
67,1.2636213570626328e-05
67,2.703474724287531e-05
67,4.116410263650639e-05
67,5.4433648937997345e-05
67,6.62069013547983e-05
67,7.5903239243658e-05
67,8.312816149210561e-05
67,8.772601844304812e-05
67,8.972954133798837e-05
67,8.926556597148958e-05
67,8.648946972802e-05
67,8.157180597593243e-05
67,7.471052725331094e-05
67,6.613409121698499e-05
67,5.609060879132305e-05
67,4.4849292475299226e-05
67,3.2735728337110326e-05
67,2.0179874915135638e-05
67,7.720792091472356e-06
67,-4.062901818924051e-06
67,-1.4652625036931781e-05
67,-2.363002968996006e-05
67,-3.0618015590774864e-05
67,-3.51896232518914e-05
67,-3.6863981196163384e-05
67,-3.52425249734576e-05
67,-3.0211831461025097e-05
67,-2.2068284839004955e-05
67,-1.1466936092428026e-05
67,7.760544589670845e-07
67,1.3891797086115251e-05
67,2.724420194012893e-05
67,4.0271571367931085e-05
67,5.2388452120070393e-05
67,6.297340799875416e-05
67,7.146988915564193e-05
67,7.751341629237617e-05
67,8.098047803921092e-05
67,8.193470144649611e-05
67,8.053034558483858e-05
67,7.694570141494352e-05
67,7.136943791181566e-05
67,6.401255316128846e-05
67,5.511069060744727e-05
67,4.4912109494983846e-05
67,3.3678290990687416e-05
67,2.1719469318378132e-05
67,9.44433010690371e-06
67,-2.6322532056718375e-06
67,-1.395489340199273e-05
67,-2.4023320715512914e-05
67,-3.2429668085110777e-05
67,-3.879887278071524e-05
67,-4.2699880961794764e-05
67,-4.3646098442968196e-05
67,-4.1236188091661735e-05
67,-3.5359070984682275e-05
67,-2.631709715883854e-05
67,-1.4770798353507685e-05
67,-1.5374861174949269e-06
67,1.2617914170144123e-05
67,2.706531727267514e-05
67,4.124574359686913e-05
67,5.45683575095121e-05
67,6.639607047055577e-05
67,7.614737107484511e-05
67,8.342665638259348e-05
67,8.807701073299556e-05
67,9.012981428380379e-05
67,8.971059135315727e-05
67,8.69735659552192e-05
67,8.208835905503491e-05
67,7.525222823329564e-05
67,6.669319602153023e-05
67,5.665926139075935e-05
67,4.5419927207318025e-05
67,3.3301491435694464e-05
67,2.0734939295699815e-05
67,8.260450758349656e-06
67,-3.542380802517973e-06
67,-1.4154289359911649e-05
67,-2.3156557406991362e-05
67,-3.0171990673840037e-05
67,-3.47737699750527e-05
67,-3.648134566826613e-05
67,-3.4896545858495394e-05
67,-2.9906249688138612e-05
67,-2.1806929409578345e-05
67,-1.125351561212059e-05
67,9.380200233292015e-07
67,1.399887645526642e-05
67,2.7292911035752665e-05
67,4.025840518223245e-05
67,5.231023578125796e-05
67,6.282791068127848e-05
67,7.125645879903735e-05
67,7.723337448367547e-05
67,8.063716842994152e-05
67,8.153327262982301e-05
67,8.007743191812822e-05
67,7.644912091422626e-05
67,7.083792797143547e-05
67,6.345549443961627e-05
67,5.453776701548003e-05
67,4.4332904964666946e-05
67,3.310187739145397e-05
67,2.1154044538358862e-05
67,8.896931647222785e-06
67,-3.15594109702209e-06
67,-1.4450574298707255e-05
67,-2.4487867327512834e-05
67,-3.2860638794989175e-05
67,-3.919393189030203e-05
67,-4.305641240750733e-05
67,-4.396122082539798e-05
67,-4.150712138271869e-05
67,-3.558356290031222e-05
67,-2.649357711545337e-05
67,-1.4898124139056646e-05
67,-1.6144430752869856e-06
67,1.2593026049724013e-05
67,2.7094744957690833e-05
67,4.1331975558777384e-05
67,5.4713644781191956e-05
67,6.660198424403197e-05
67,7.641447609490905e-05
67,8.375426861068689e-05
67,8.846301306047379e-05
67,9.057056717150764e-05
67,9.020098737569173e-05
67,8.750721842486165e-05
67,8.265785853431413e-05
67,7.584941124456065e-05
67,6.73094315822505e-05
67,5.728580354498167e-05
67,4.604835506879801e-05
67,3.392417420547452e-05
67,2.134538930882476e-05
67,8.853436404486802e-06
67,-2.9709873783240915e-06
67,-1.3607835267207906e-05
67,-2.2637969708874302e-05
67,-2.968409657584388e-05
67,-3.431956058284017e-05
67,-3.6064163342093275e-05
67,-3.4520137904352835e-05
67,-2.9574649938869964e-05
67,-2.152422392829063e-05
67,-1.1023637254580262e-05
67,1.1113342818122445e-06
67,1.4111955321932097e-05
67,2.7341996027683594e-05
67,4.0239702958489384e-05
67,5.22203161831356e-05
67,6.266437527550842e-05
67,7.101861828248043e-05
67,7.692266551509005e-05
67,8.025720689945178e-05
67,8.108963245759742e-05
67,7.957731699506869e-05
67,7.590104757491591e-05
67,7.025143596496835e-05
67,6.284083747016571e-05
67,5.3905534813237045e-05
67,4.369358151293054e-05
67,3.2465391609932967e-05
67,2.0529373405259017e-05
67,8.29178370850683e-06
67,-3.7353376040828636e-06
67,-1.4999505627192215e-05
67,-2.500289102341466e-05
67,-3.333905628647154e-05
67,-3.96331601171523e-05
67,-4.345356250130475e-05
67,-4.431310349474268e-05
67,-4.181062840332794e-05
67,-3.5836119682559016e-05
67,-2.669331653730138e-05
67,-1.5043633869049812e-05
67,-1.7042453883515395e-06
67,1.2560913343796718e-05
67,2.712288300358088e-05
67,4.142318380294344e-05
67,5.487047752826726e-05
67,6.682622749527479e-05
67,7.67067641966857e-05
67,8.411380673766445e-05
67,8.888738604856058e-05
67,9.105566541609229e-05
67,9.074108562330538e-05
67,8.809518721105421e-05
67,8.328544093980656e-05
67,7.650751579066249e-05
67,6.798845360152217e-05
67,5.797602309954887e-05
67,4.6740425440368674e-05
67,3.460962876920707e-05
67,2.201702296945788e-05
67,9.505430590037003e-06
67,-2.3432224045546586e-06
67,-1.3008007067786943e-05
67,-2.2069303822065964e-05
67,-2.9149702114902298e-05
67,-3.382272889264834e-05
67,-3.560856534219959e-05
67,-3.4109861394493523e-05
67,-2.9214052827846158e-05
67,-2.1217680937098025e-05
67,-1.0775338589987153e-05
67,1.2974012166645243e-06
67,1.4231848195507669e-05
67,2.7391654223950996e-05
67,4.021501757328787e-05
67,5.2117571174642904e-05
67,6.248097217142776e-05
67,7.075380753341856e-05
67,7.65780023821063e-05
67,7.983662129598168e-05
67,8.059920025922036e-05
67,7.90249062372483e-05
67,7.529596807556694e-05
67,6.960411976076339e-05
67,6.216250238243271e-05
67,5.320777639360513e-05
67,4.29878909689046e-05
67,3.176265689029936e-05
67,1.9839432906072844e-05
67,7.623073328793697e-06
67,-4.37601005351673e-06
67,-1.5606982497125154e-05
67,-2.5573387417410395e-05
67,-3.3869585513541105e-05
67,-4.012085822678487e-05
67,-4.3895234190398315e-05
67,-4.4705219646432e-05
67,-4.2149724915838856e-05
67,-3.611927915777578e-05
67,-2.6918361903705394e-05
67,-1.5208871264761669e-05
67,-1.8079179313962717e-06
67,1.252109330177204e-05
67,2.7149817330850942e-05
67,4.152004574732641e-05
67,5.504013989776465e-05
67,6.707070093653854e-05
67,7.702676176021782e-05
67,8.45084307844367e-05
67,8.935392071212473e-05
67,9.158950432010286e-05
67,9.133582825961391e-05
67,8.87428793776078e-05
67,8.397688589850066e-05
67,7.723260267387217e-05
67,6.873651549340554e-05
67,5.8736275887914254e-05
67,4.750250285991235e-05
67,3.5364137089877626e-05
67,2.2755962215145853e-05
67,1.0222340744215954e-05
67,-1.6534243538866578e-06
67,-1.2349406392423079e-05
67,-2.144543974860674e-05
67,-2.8563987678724937e-05
67,-3.3278787783180536e-05
67,-3.51104384123146e-05
67,-3.366202419805221e-05
67,-2.8821235111999172e-05
67,-2.088458877823727e-05
67,-1.050645526269494e-05
67,1.4978053416747152e-06
67,1.4359523745528598e-05
67,2.744219546495803e-05
67,4.018395445353206e-05
67,5.200086490687112e-05
67,6.227580701303968e-05
67,7.0459379333537e-05
67,7.619600796710626e-05
67,7.937133659461356e-05
67,8.00572418020049e-05
67,7.841485768272134e-05
67,7.462800502837591e-05
67,6.888966110357256e-05
67,6.141383896803932e-05
67,5.243762107591e-05
67,4.220884844546861e-05
67,3.09866742876392e-05
67,1.9077306305248452e-05
67,6.88405799041586e-06
67,-5.084444436981608e-06
67,-1.627916896296636e-05
67,-2.6205153003404025e-05
67,-3.445762522626795e-05
67,-4.0662003691907895e-05
67,-4.438595914690579e-05
67,-4.514162657931362e-05
67,-4.252796208064581e-05
67,-3.6436053802736356e-05
67,-2.7171156251656072e-05
67,-1.5395682878774317e-05
67,-1.926687415983011e-06
67,1.2472981592424647e-05
67,2.717563208447164e-05
67,4.162334580894124e-05
67,5.522415003751367e-05
67,6.73376808578376e-05
67,7.737750589734721e-05
67,8.494191233092272e-05
67,8.986707052896963e-05
67,9.217715099561172e-05
67,9.199082201416288e-05
67,8.945636388143154e-05
67,8.473863954830058e-05
67,7.803139866044324e-05
67,6.956051943871684e-05
67,5.957353518130101e-05
67,4.834153839799111e-05
67,3.619455067961516e-05
67,2.3568896048609377e-05
67,1.1010640003962436e-05
67,-8.953831378068294e-07
67,-1.1626127793830131e-05
67,-2.0760812723240768e-05
67,-2.7921761425477078e-05
67,-3.268294987804317e-05
67,-3.45654324393393e-05
67,-3.3172747050411305e-05
67,-2.8392821482934914e-05
67,-2.0522109075756153e-05
67,-1.0214720502548475e-05
67,1.7142042095372475e-06
67,1.4495990222053474e-05
67,2.7493937806827918e-05
67,4.014610111318974e-05
67,5.1869015158035296e-05
67,6.204689214644818e-05
67,7.013251507267498e-05
67,7.577302774471297e-05
67,7.88568875520416e-05
67,7.94585388715793e-05
67,7.774128357017534e-05
67,7.389069904719816e-05
67,6.810113326642466e-05
67,6.0587562227382876e-05
67,5.158754104596402e-05
67,4.1348803892303105e-05
67,3.0129790093331576e-05
67,1.8235442572078233e-05
67,6.0673757549712915e-06
67,-5.8677481993349835e-06
67,-1.7022868402347245e-05
67,-2.690464576203835e-05
67,-3.510924856742751e-05
67,-4.126224332385569e-05
67,-4.4930912576775755e-05
67,-4.562697964474562e-05
67,-4.294942781325011e-05
67,-3.6789922159999935e-05
67,-2.7454535421841763e-05
67,-1.5606235149853537e-05
67,-2.0620248927523796e-06
67,1.2415832943441724e-05
67,2.72003425361871e-05
67,4.173389318615074e-05
67,5.5424135597773776e-05
67,6.762962450258143e-05
67,7.776228082057666e-05
67,8.541834702792984e-05
67,9.043171212241903e-05
67,9.282421226053397e-05
67,9.271232849353624e-05
67,9.024245882073781e-05
67,8.557796297685862e-05
67,7.89114882370026e-05
67,7.046825373756529e-05
67,6.049567564038e-05
67,4.92653791904065e-05
67,3.710858285154996e-05
67,2.4463312140369283e-05
67,1.187751963319343e-05
67,-6.225218775990429e-08
67,-1.0831700590096406e-05
67,-2.000935136455621e-05
67,-2.7217375644603067e-05
67,-3.203002139253907e-05
67,-3.396884446196806e-05
67,-3.263785919109892e-05
67,-2.7925215540513224e-05
67,-2.012725903275413e-05
67,-9.897800119423045e-06
67,1.9482500143347464e-06
67,1.4642181160628824e-05
67,2.754705304829212e-05
67,4.0100820351911116e-05
67,5.172053265988809e-05
67,6.179185825583086e-05
67,6.976996031333088e-05
67,7.530494137125013e-05
67,7.828832730391739e-05
67,7.879737314172914e-05
67,7.699776419141182e-05
67,7.307701640739236e-05
67,6.723099416237884e-05
67,5.967574172573765e-05
67,5.064934381552035e-05
67,4.03994269250168e-05
67,2.9183652452221836e-05
67,1.7305574962049825e-05
67,5.164940903457225e-06
67,-6.733742599770536e-06
67,-1.7845569064047155e-05
67,-2.767896755680807e-05
67,-3.583112890972761e-05
67,-4.192778427593497e-05
67,-4.553579599434982e-05
67,-4.616643114484895e-05
67,-4.341867895148985e-05
67,-3.718480018105737e-05
67,-2.7771732425221505e-05
67,-1.5843039772476135e-05
67,-2.2156843578374874e-06
67,1.234868823510472e-05
67,2.7223824558510036e-05
67,4.185244145790598e-05
67,5.564176870112848e-05
67,6.79491529079382e-05
67,7.81846659652879e-05
67,8.594225312815683e-05
67,9.105325211507178e-05
67,9.353690683537972e-05
67,9.350728439270701e-05
67,9.110871258730224e-05
67,8.650289952639562e-05
67,7.988128259070201e-05
67,7.146836245571877e-05
67,6.151143832139452e-05
67,5.028273579293938e-05
67,3.8114802520533264e-05
67,2.5447546390155e-05
67,1.2831009457937585e-05
67,8.536338104302227e-07
67,-9.95887188260375e-06
67,-1.9184256684729737e-05
67,-2.644452453981069e-05
67,-3.131423034411558e-05
67,-3.331547931613825e-05
67,-3.205278550559379e-05
67,-2.7414502346541662e-05
67,-1.969681956663591e-05
67,-9.553204035807638e-06
67,2.2016695307378104e-06
67,1.479902184720719e-05
67,2.7601623084835005e-05
67,4.004730816062343e-05
67,5.1553689105811705e-05
67,6.150802381291684e-05
67,6.936806661230763e-05
67,7.478714128778327e-05
67,7.766012429990447e-05
67,7.806735397855432e-05
67,7.617714149686162e-05
67,7.217914298164328e-05
67,6.627089712368472e-05
67,5.866962927113005e-05
67,4.9614015678869386e-05
67,3.93515760646021e-05
67,2.813912567527752e-05
67,1.62786948356196e-05
67,4.167973380251482e-06
67,-7.690900403310519e-06
67,-1.8755377999604544e-05
67,-2.853581479511242e-05
67,-3.663051247126351e-05
67,-4.266538162979534e-05
67,-4.62068269977991e-05
67,-4.67656092188047e-05
67,-4.394069987428237e-05
67,-3.762497673280636e-05
67,-2.8126294964510626e-05
67,-1.6108863267735625e-05
67,-2.389612228952834e-06
67,1.2270464161767486e-05
67,2.7245906458303882e-05
67,4.1979780194162875e-05
67,5.587884258364722e-05
67,6.829908952460177e-05
67,7.864852033232872e-05
67,8.651850742747736e-05
67,9.173754362188068e-05
67,9.43219981049413e-05
67,9.438327217222931e-05
67,9.206341210503169e-05
67,8.752230755042933e-05
67,8.09500670987751e-05
67,7.257040927849527e-05
67,6.263051788509455e-05
67,5.140329262545326e-05
67,3.922275367813887e-05
67,2.653088872458253e-05
67,1.3880053059635273e-05
67,1.8608023691203816e-06
67,-8.999581313772168e-06
67,-1.827797588884211e-05
67,-2.5596201425529058e-05
67,-3.0529158827867015e-05
67,-3.259955613867903e-05
67,-3.141243344128592e-05
67,-2.6856327393446136e-05
67,-1.922721876189469e-05
67,-9.178181925933205e-06
67,2.4763545860998804e-06
67,1.496750573225933e-05
67,2.7657697278132534e-05
67,3.998462057145722e-05
67,5.1366502252734285e-05
67,6.119233841173224e-05
67,6.89227100137208e-05
67,7.42144537032285e-05
67,7.696610680651867e-05
67,7.726138780539113e-05
67,7.52714966746407e-05
67,7.118844981901293e-05
67,6.52116350668601e-05
67,5.755958504046986e-05
67,4.847163638679127e-05
67,3.81952016391374e-05
67,2.6986172540613133e-05
67,1.5144904491483624e-05
67,3.0668241002071095e-06
67,-8.748532182922432e-06
67,-1.9761196025179564e-05
67,-2.9483623031379392e-05
67,-3.751532409384821e-05
67,-4.3482406958786116e-05
67,-4.695077845398567e-05
67,-4.7430637729424e-05
67,-4.4520912339677277e-05
67,-3.811511948326544e-05
67,-2.8522088458770086e-05
67,-1.6406724021673607e-05
67,-2.5859353956111197e-06
67,1.2179972811466266e-05
67,2.7266391210801184e-05
67,4.21167574408108e-05
67,5.613730077155169e-05
67,6.868251107967068e-05
67,7.91580689018044e-05
67,8.715246758641054e-05
67,9.249102753438182e-05
67,9.518692887711682e-05
67,9.534862911325513e-05
67,9.31156618994167e-05
67,8.864591647195035e-05
67,8.212804184915302e-05
67,7.378490275140652e-05
67,6.386356775832388e-05
67,5.263769199092812e-05
67,4.0442927743479686e-05
67,2.772356180285587e-05
67,1.5034509625977781e-05
67,2.96867510153485e-06
67,-7.944903655454824e-06
67,-1.7282130581314047e-05
67,-2.4664623738447407e-05
67,-2.9667672572283984e-05
67,-3.1814645827531086e-05
67,-3.071113721360436e-05
67,-2.6245842713114497e-05
67,-1.8714474253164332e-05
67,-8.769659416407609e-06
67,2.7744297512811066e-06
67,1.5148761607081905e-05
67,2.7715357434302315e-05
67,3.991174005476956e-05
67,5.1156809379442126e-05
67,6.084146310950433e-05
67,6.842936639394821e-05
67,7.358118790681183e-05
67,7.619946707777025e-05
67,7.637163117884529e-05
67,7.427206126668646e-05
67,7.009537808398735e-05
67,6.404301067462087e-05
67,5.633493612337385e-05
67,4.721122590537808e-05
67,3.691918490506185e-05
67,2.571369690413946e-05
67,1.389327647135822e-05
67,1.850858069088452e-06
67,-9.916882662556231e-06
67,-2.0872804338740932e-05
67,-3.0531654861979926e-05
67,-3.849426184991815e-05
67,-4.4386948329060263e-05
67,-4.777507768291761e-05
67,-4.8168226137353496e-05
67,-4.5165247681745744e-05
67,-3.866032347754614e-05
67,-2.8963319246567753e-05
67,-1.6739892602435172e-05
67,-2.8069426286026794e-06
67,1.2075957754283761e-05
67,2.7285111954369312e-05
67,4.226435578172514e-05
67,5.6419328645441085e-05
67,6.910284168790319e-05
67,7.971798440043103e-05
67,8.785003425304314e-05
67,9.332078020147775e-05
67,9.613986864366918e-05
67,9.641250713896876e-05
67,9.4275460511545e-05
67,8.988441494286896e-05
67,8.342641463910113e-05
67,7.512339192519799e-05
67,6.522230119373824e-05
67,5.3997642602727294e-05
67,4.178687520290572e-05
67,2.9036824934050504e-05
67,1.630523876416284e-05
67,4.187627835688639e-06
67,-6.785011040374649e-06
67,-1.6187493345489097e-05
67,-2.3641214592176486e-05
67,-2.8721899746477347e-05
67,-3.095364245192351e-05
67,-2.9942620885716076e-05
67,-2.5577664284823305e-05
67,-1.8154149778444038e-05
67,-8.324197965979208e-06
67,3.0982876306695294e-06
67,1.5344084350710675e-05
67,2.7774742844821095e-05
67,3.9827589415681786e-05
67,5.0922261515947066e-05
67,6.045173921871842e-05
67,6.788305753006247e-05
67,7.288107100597743e-05
67,7.535269835654072e-05
67,7.538943717671548e-05
67,7.316916989272149e-05
67,6.888938898489415e-05
67,6.275377612298869e-05
67,5.498390485666426e-05
67,4.582066412662138e-05
67,3.5511250187971685e-05
67,2.4309444524522827e-05
67,1.2511736830626835e-05
67,5.083167533571751e-07
67,-1.1207285627825829e-05
67,-2.2101026817803543e-05
67,-3.169015821214578e-05
67,-3.957694288498103e-05
67,-4.5387939811645e-05
67,-4.868791945036688e-05
67,-4.898576802613108e-05
67,-4.588023385092535e-05
67,-3.926618909471098e-05
67,-2.9454604160137967e-05
67,-1.711195138014328e-05
67,-3.0551312763469643e-06
67,1.1957061655205637e-05
67,2.7301912374761467e-05
67,4.242368352322164e-05
67,5.672735692919738e-05
67,6.956387572441946e-05
67,8.033343914632533e-05
67,8.861773726412652e-05
67,9.423463042876405e-05
67,9.718984970287145e-05
67,9.758501451265404e-05
67,9.55538390647279e-05
67,9.124958437721935e-05
67,8.485753044008966e-05
67,7.659859029221887e-05
67,6.671960462650222e-05
67,5.5496017116645766e-05
67,4.326728665959676e-05
67,3.048304401395466e-05
67,1.7704167351295153e-05
67,5.529060296733561e-06
67,-5.509099284887555e-06
67,-1.4983913349052343e-05
67,-2.2516533038909238e-05
67,-2.7683170950464558e-05
67,-3.0008716377582355e-05
67,-2.909996571028076e-05
67,-2.4845852257112146e-05
67,-1.754134518058965e-05
67,-7.837991578719385e-06
67,3.4505865494183198e-06
67,1.5554926212583057e-05
67,2.783603456397402e-05
67,3.973101113384668e-05
67,5.066030267837839e-05
67,6.001917145246112e-05
67,6.727833688667662e-05
67,7.210722854208179e-05
67,7.441755957094794e-05
67,7.430529690675832e-05
67,7.195217877925418e-05
67,6.7558865466048e-05
67,6.133152469853308e-05
67,5.349349351743587e-05
67,4.4286568785238854e-05
67,3.395783690954337e-05
67,2.2759873430199897e-05
67,1.098694071481384e-05
67,-9.737950604435481e-07
67,-1.2632264210550386e-05
67,-2.3457821030863233e-05
67,-3.297045400219513e-05
67,-4.077399259911136e-05
67,-4.6495254163986754e-05
67,-4.969836130761451e-05
67,-4.989143603949373e-05
67,-4.667308543130645e-05
67,-3.993890251384791e-05
67,-3.0001037926780056e-05
67,-1.752684739742795e-05
67,-3.333245930189655e-06
67,1.1821802147772705e-05
67,2.7316639578898463e-05
67,4.2595987640800606e-05
67,5.70640956747713e-05
67,7.006982929388787e-05
67,8.101016675777154e-05
67,8.946280106016086e-05
67,9.524122701369042e-05
67,9.834684109978645e-05
67,9.887730270102548e-05
67,9.696296471256646e-05
67,9.275441751658992e-05
67,8.643500071497816e-05
67,7.822451246951e-05
67,6.83696809410781e-05
67,5.714700241344947e-05
67,4.489814837898292e-05
67,3.207584663797928e-05
67,1.998257456977617e-05
