  0.000,0.0
  1.000,0.01456641940121728
  0.000,0.01456641940121728
 4.5980E-05,0.01619683726609214
 9.1960E-05,0.02102136876557078
 1.3794E-04,0.02451318467163583
 1.8392E-04,0.02522325160592662
 2.2990E-04,0.02590764208755285
 2.7588E-04,0.02849141734227783
 3.2186E-04,0.030506627420378303
 3.6784E-04,0.02965698084375086
 4.1382E-04,0.02748807661549022
 4.5980E-04,0.026526072566407176
 5.0578E-04,0.026374249324044197
 5.5176E-04,0.024214628709742378
 5.9774E-04,0.02002639482937308
 6.4372E-04,0.016549595066859248
 6.8970E-04,0.014738419924023773
 7.3568E-04,0.012635386483246629
 7.8166E-04,0.008724131137368925
 8.2764E-04,0.004871083555499772
 8.7362E-04,0.003180261673450679
 9.1960E-04,0.0026500385823236476
 9.6558E-04,0.0012365039730395165
 1.0116E-03,-0.0007253492999221224
 1.0575E-03,-0.0009406558118142583
 1.1035E-03,0.0009073015785794893
 1.1495E-03,0.00270296076823118
 1.1955E-03,0.0035412932311109885
 1.2415E-03,0.004997774847473782
 1.2874E-03,0.008375558547170096
 1.3334E-03,0.012314558964760323
 1.3794E-03,0.014980854386666001
 1.4254E-03,0.016975992996416497
 1.4714E-03,0.01995680866314804
 1.5173E-03,0.0236779731591223
 1.5633E-03,0.026218798713866873
 1.6093E-03,0.027080769263408466
 1.6553E-03,0.027824251249375848
 1.7013E-03,0.02921565692188528
 1.7472E-03,0.02993132124092112
 1.7932E-03,0.028773754259751212
 1.8392E-03,0.026680913271138106
 1.8852E-03,0.025132966744247563
 1.9312E-03,0.023724029070248776
 1.9771E-03,0.021068673589243515
 2.0231E-03,0.01729653503372557
 2.0691E-03,0.013975549564505262
 2.1151E-03,0.011652385895120581
 2.1611E-03,0.009181666023506846
 2.2070E-03,0.0059380216086682616
 2.2530E-03,0.0030343705039285623
 2.2990E-03,0.0015937171196560628
 2.3450E-03,0.001040878423951475
 2.3910E-03,0.00024517579068615027
 2.4369E-03,-0.00047221658858006426
 2.4829E-03,0.00010635793170184356
 2.5289E-03,0.002032746396966573
 2.5749E-03,0.0041056815298018065
 2.6209E-03,0.005825392071864927
 2.6668E-03,0.008079265448951977
 2.7128E-03,0.011437941244121274
 2.7588E-03,0.015026815833244701
 2.8048E-03,0.017832962938240642
 2.8508E-03,0.020179587305254307
 2.8967E-03,0.022923974010845574
 2.9427E-03,0.025792056608012027
 2.9887E-03,0.027692925945122883
 3.0347E-03,0.028411622508493915
 3.0807E-03,0.02880522917870698
 3.1266E-03,0.029245594395897044
 3.1726E-03,0.0289681793025319
 3.2186E-03,0.027396728754010863
 3.2646E-03,0.025145419070235563
 3.3106E-03,0.02303545974370498
 3.3565E-03,0.020846504334805165
 3.4025E-03,0.01788533992675979
 3.4485E-03,0.014353397947018788
 3.4945E-03,0.01118406439790018
 3.5405E-03,0.008673470260968062
 3.5864E-03,0.006229662301253049
 3.6324E-03,0.0036011545116507917
 3.6784E-03,0.0014741059940262102
 3.7244E-03,0.000453903329896127
 3.7704E-03,0.00018614690140357883
 3.8163E-03,7.341754374785872e-05
 3.8623E-03,0.00032469258624043967
 3.9083E-03,0.0015757738566827828
 3.9543E-03,0.0037653302457272943
 4.0003E-03,0.006172719399999373
 4.0462E-03,0.008515784201243408
 4.0922E-03,0.01124067335136946
 4.1382E-03,0.014559369600511698
 4.1842E-03,0.017895296417081916
 4.2302E-03,0.020657663958053837
 4.2761E-03,0.023011648763274054
 4.3221E-03,0.025365757243648333
 4.3681E-03,0.027491487187144274
 4.4141E-03,0.028767563594787226
 4.4601E-03,0.029105836243446835
 4.5060E-03,0.02899101520207736
 4.5520E-03,0.028604145162767165
 4.5980E-03,0.027532976056540884
 4.6440E-03,0.025530096456432835
 4.6900E-03,0.023010009821263024
 4.7359E-03,0.020460694327339317
 4.7819E-03,0.017788485362003656
 4.8279E-03,0.014686879392758239
 4.8739E-03,0.011364857850500079
 4.9199E-03,0.008396093809472677
 4.9658E-03,0.005965258190498175
 5.0118E-03,0.003782700722929734
 5.0578E-03,0.0017753990711305342
 5.1038E-03,0.0003628260707461762
 5.1498E-03,-0.00013339901593338696
 5.1957E-03,6.600351589219412e-05
 5.2417E-03,0.0006310923322358227
 5.2877E-03,0.0016760501585703245
 5.3337E-03,0.003504916654810796
 5.3797E-03,0.006006534355131254
 5.4256E-03,0.008725449427539446
 5.4716E-03,0.011470892305212428
 5.5176E-03,0.014434606669277053
 5.5636E-03,0.0176472111525467
 5.6096E-03,0.020714962867327078
 5.6555E-03,0.023275809853882393
 5.7015E-03,0.02539539341403436
 5.7475E-03,0.027252528206989528
 5.7935E-03,0.02867448587295008
 5.8395E-03,0.02931170019539051
 5.8854E-03,0.02914124338171851
 5.9314E-03,0.028448644230294872
 5.9774E-03,0.027340189617113434
 6.0234E-03,0.02561873278683269
 6.0694E-03,0.023214748043724108
 6.1153E-03,0.020427049610982444
 6.1613E-03,0.01757269050755566
 6.2073E-03,0.014646652700007128
 6.2533E-03,0.011550986240050522
 6.2993E-03,0.008479762768074347
 6.3452E-03,0.005801716419660164
 6.3912E-03,0.0036463065413469657
 6.4372E-03,0.0018862080158900934
 6.4832E-03,0.0005218043853539339
 6.5292E-03,-0.0001962347528059389
 6.5751E-03,-0.00010641779651393293
 6.6211E-03,0.0006419419604973126
 6.6671E-03,0.0018481968787629627
 6.7131E-03,0.0035499833000430265
 6.7591E-03,0.005860768901510538
 6.8050E-03,0.008647331508326625
 6.8510E-03,0.011597203919868513
 6.8970E-03,0.014556248908383434
 6.9430E-03,0.017571025430054652
 6.9890E-03,0.020585329163048043
 7.0349E-03,0.023320256068625544
 7.0809E-03,0.02554089286730024
 7.1269E-03,0.027258561441402793
 7.1729E-03,0.028541124419412468
 7.2189E-03,0.029270154242761724
 7.2648E-03,0.02925844198782834
 7.3108E-03,0.02852155879263403
 7.3568E-03,0.027245520003585537
 7.4028E-03,0.02551610976621792
 7.4488E-03,0.023269397814558782
 7.4947E-03,0.020533767348433277
 7.5407E-03,0.017542251928940225
 7.5867E-03,0.014525467637965722
 7.6327E-03,0.011535054114712206
 7.6787E-03,0.008582167751785094
 7.7246E-03,0.005838151792799903
 7.7706E-03,0.00355056216208996
 7.8166E-03,0.0018165124538638987
 7.8626E-03,0.0005886122043489508
 7.9086E-03,-0.00011248980416786512
 7.9545E-03,-0.000147032587617152
 8.0005E-03,0.0005505143289899019
 8.0465E-03,0.001863485271834144
 8.0925E-03,0.0036473760437180356
 8.1385E-03,0.005881237703895075
 8.1844E-03,0.008567609565962718
 8.2304E-03,0.011563153063911952
 8.2764E-03,0.01463256156327455
 8.3224E-03,0.017635841191226537
 8.3684E-03,0.0205403911844585
 8.4143E-03,0.02325375022284381
 8.4603E-03,0.025572655066232193
 8.5063E-03,0.02733826215751353
 8.5523E-03,0.028538556086072687
 8.5983E-03,0.029195703794240795
 8.6442E-03,0.029240262175780393
 8.6902E-03,0.02858682206921795
 8.7362E-03,0.027278880544031325
 8.7822E-03,0.025458057609667666
 8.8282E-03,0.023213807921257153
 8.8741E-03,0.02056548400048824
 8.9201E-03,0.017596030228473405
 8.9661E-03,0.014501057432771575
 9.0121E-03,0.011466367628719156
 9.0581E-03,0.00857598563215655
 9.1040E-03,0.005893527079691972
 9.1500E-03,0.003564881730195742
 9.1960E-03,0.0017609251727181453
 9.2420E-03,0.0005536543542736579
 9.2880E-03,-7.224279677632854e-05
 9.3339E-03,-0.00010251725311449892
 9.3799E-03,0.0005259713724246264
 9.4259E-03,0.0018165358441293734
 9.4719E-03,0.0036621517275165745
 9.5179E-03,0.005937336491840426
 9.5638E-03,0.008577799148879486
 9.6098E-03,0.01152115023242781
 9.6558E-03,0.014620074306452494
 9.7018E-03,0.01768238369485524
 9.7478E-03,0.0205755305336114
 9.7937E-03,0.02322813249133175
 9.8397E-03,0.0255392864846293
 9.8857E-03,0.027359705663169826
 9.9317E-03,0.028581715657281095
 9.9777E-03,0.029190564300460693
 1.0024E-02,0.029198204879175287
 1.0070E-02,0.028578465621993537
 1.0116E-02,0.02731382889409098
 1.0162E-02,0.02547130201137833
 1.0208E-02,0.023177429107319958
 1.0254E-02,0.02053418211017614
 1.0300E-02,0.017612940309645234
 1.0345E-02,0.014526530029559165
 1.0391E-02,0.011447750829028033
 1.0437E-02,0.008536456016339428
 1.0483E-02,0.005890938777290795
 1.0529E-02,0.0035942849355702793
 1.0575E-02,0.001765553518970783
 1.0621E-02,0.0005218846732941045
 1.0667E-02,-8.899756413413237e-05
 1.0713E-02,-7.78295530866315e-05
 1.0759E-02,0.0005504444988017724
 1.0805E-02,0.0018030709948766196
 1.0851E-02,0.0036396119629862954
 1.0897E-02,0.005950279963036468
 1.0943E-02,0.008611235854494567
 1.0989E-02,0.011527461055888838
 1.1035E-02,0.014599350998737529
 1.1081E-02,0.017680054919142235
 1.1127E-02,0.020604343618577985
 1.1173E-02,0.023247674986854226
 1.1219E-02,0.02552513447533932
 1.1265E-02,0.027343292695306658
 1.1311E-02,0.028595393975926683
 1.1357E-02,0.029213279440610584
 1.1403E-02,0.02919259021388254
 1.1449E-02,0.028553886108712588
 1.1495E-02,0.027308997958075787
 1.1541E-02,0.02548859122371645
 1.1587E-02,0.02318050314150378
 1.1633E-02,0.02051047634192215
 1.1679E-02,0.017594095218778822
 1.1725E-02,0.014534249936568707
 1.1771E-02,0.011458354701461348
 1.1817E-02,0.008522569268958318
 1.1863E-02,0.005867747272337513
 1.1909E-02,0.0035929648932935916
 1.1955E-02,0.0017809875418407562
 1.2001E-02,0.0005228602472640011
 1.2047E-02,-0.00010651707110998182
 1.2093E-02,-8.486972561601719e-05
 1.2139E-02,0.0005663283965070206
 1.2185E-02,0.0018176095443231644
 1.2231E-02,0.0036335626788140197
 1.2277E-02,0.00594112784356703
 1.2323E-02,0.008622337709919638
 1.2369E-02,0.011548488203558756
 1.2415E-02,0.014604411581284806
 1.2461E-02,0.017671098502785403
 1.2507E-02,0.020606425367632252
 1.2553E-02,0.023265807201019804
 1.2599E-02,0.02553628036639015
 1.2644E-02,0.027335584191936817
 1.2690E-02,0.028587262345829884
 1.2736E-02,0.029221286284700464
 1.2782E-02,0.029203684046253342
 1.2828E-02,0.0285483039480716
 1.2874E-02,0.027293604645589553
 1.2920E-02,0.02548452725993318
 1.2966E-02,0.02318752601922201
 1.3012E-02,0.020508467413717722
 1.3058E-02,0.017577775649774936
 1.3104E-02,0.014521825197522868
 1.3150E-02,0.011460637207621215
 1.3196E-02,0.008525634701345059
 1.3242E-02,0.005857536049159687
 1.3288E-02,0.003579142015863805
 1.3334E-02,0.001780259927512609
 1.3380E-02,0.0005311201256435808
 1.3426E-02,-0.00010633928292654927
 1.3472E-02,-9.37103385789125e-05
 1.3518E-02,0.0005646597808690464
 1.3564E-02,0.0018287251485723673
 1.3610E-02,0.00364339659182109
 1.3656E-02,0.005939931307897019
 1.3702E-02,0.008620495760714468
 1.3748E-02,0.011558076353164644
 1.3794E-02,0.014618578545749477
 1.3840E-02,0.017675801936757607
 1.3886E-02,0.02060372992697248
 1.3932E-02,0.02326940898599572
 1.3978E-02,0.025547792669519627
 1.4024E-02,0.0273419553062228
 1.4070E-02,0.02858286342150205
 1.4116E-02,0.029216828831891983
 1.4162E-02,0.029207565103382536
 1.4208E-02,0.028552615633956658
 1.4254E-02,0.027288020946533827
 1.4300E-02,0.02547379088520028
 1.4346E-02,0.02318316503204503
 1.4392E-02,0.02050956158751045
 1.4438E-02,0.017573315041158468
 1.4484E-02,0.014509876249889591
 1.4530E-02,0.01145164542867868
 1.4576E-02,0.008524941843017594
 1.4622E-02,0.005857075356607087
 1.4668E-02,0.00357180031240948
 1.4714E-02,0.0017720557380116544
 1.4760E-02,0.0005309489257534449
 1.4806E-02,-0.00010144249072896688
 1.4852E-02,-9.30467911940614e-05
 1.4898E-02,0.0005612495297532342
 1.4943E-02,0.0018301892715896595
 1.4989E-02,0.0036520749373557884
 1.5035E-02,0.005947682680048177
 1.5081E-02,0.008622390037941192
 1.5127E-02,0.011560153387622894
 1.5173E-02,0.014626957340142578
 1.5219E-02,0.01768603979380404
 1.5265E-02,0.020608213855784673
 1.5311E-02,0.023269776406820777
 1.5357E-02,0.025551456654723324
 1.5403E-02,0.02734915378849718
 1.5449E-02,0.028586250538914285
 1.5495E-02,0.02921383178484777
 1.5541E-02,0.02920437567975086
 1.5587E-02,0.028553465656921607
 1.5633E-02,0.027288230964365338
 1.5679E-02,0.02546806594815805
 1.5725E-02,0.02317468387901822
 1.5771E-02,0.020504630722162694
 1.5817E-02,0.017571060970163768
 1.5863E-02,0.01450436947798115
 1.5909E-02,0.011442413896980003
 1.5955E-02,0.008517979442601246
 1.6001E-02,0.00585500892469401
 1.6047E-02,0.0035700234292953105
 1.6093E-02,0.0017670344325096772
 1.6139E-02,0.0005263615693452716
 1.6185E-02,-0.0001009034055734553
 1.6231E-02,-8.94118070057749e-05
 1.6277E-02,0.0005629094529988104
 1.6323E-02,0.001830288514358519
 1.6369E-02,0.0036554783765242113
 1.6415E-02,0.005955202167089781
 1.6461E-02,0.008629292399308475
 1.6507E-02,0.011563920871822269
 1.6553E-02,0.014631014294372014
 1.6599E-02,0.017693390244178014
 1.6645E-02,0.020616011861824823
 1.6691E-02,0.023273884144823967
 1.6737E-02,0.02555301855769896
 1.6783E-02,0.02735214081689317
 1.6829E-02,0.02859043318325608
 1.6875E-02,0.02921511307682949
 1.6921E-02,0.029201658733432004
 1.6967E-02,0.028550332670760098
 1.7013E-02,0.027286825690365453
 1.7059E-02,0.025465700564878117
 1.7105E-02,0.023168731482196493
 1.7151E-02,0.020497200960684588
 1.7197E-02,0.017565642855867585
 1.7243E-02,0.014500342854085293
 1.7288E-02,0.01143666037112919
 1.7334E-02,0.008510611749272999
 1.7380E-02,0.005849478005690865
 1.7426E-02,0.0035676221896706736
 1.7472E-02,0.0017651668604005044
 1.7518E-02,0.0005233056392013398
 1.7564E-02,-0.00010294476194846753
 1.7610E-02,-8.80051344614739e-05
 1.7656E-02,0.0005664009542630834
 1.7702E-02,0.001833073703728766
 1.7748E-02,0.003657912237039318
 1.7794E-02,0.005959856544601018
 1.7840E-02,0.008636290081113964
 1.7886E-02,0.011570473625010708
 1.7932E-02,0.014635794518354065
 1.7978E-02,0.017698272976350314
 1.8024E-02,0.02062239401541801
 1.8070E-02,0.02327995141431588
 1.8116E-02,0.025556509759153544
 1.8162E-02,0.02735380067402346
 1.8208E-02,0.028592371146176358
 1.8254E-02,0.029217015653830156
 1.8300E-02,0.02920127759419211
 1.8346E-02,0.02854727611604193
 1.8392E-02,0.02728319143892071
 1.8438E-02,0.02546261036394836
 1.8484E-02,0.023164710213029724
 1.8530E-02,0.020491028883389394
 1.8576E-02,0.017558731449875832
 1.8622E-02,0.01449466893156802
 1.8668E-02,0.011431862332167095
 1.8714E-02,0.008505110077669437
 1.8760E-02,0.005843576178769355
 1.8806E-02,0.003563318539792609
 1.8852E-02,0.001763100306874815
 1.8898E-02,0.0005220253303782234
 1.8944E-02,-0.00010426877888420325
 1.8990E-02,-8.809209157726427e-05
 1.9036E-02,0.00056876699067658
 1.9082E-02,0.0018369687711951282
 1.9128E-02,0.0036617580927311624
 1.9174E-02,0.0059638604704585815
 1.9220E-02,0.008641741252381471
 1.9266E-02,0.011577200899949385
 1.9312E-02,0.014642113955084003
 1.9358E-02,0.01770343710791386
 1.9404E-02,0.020627376964015624
 1.9450E-02,0.023285339018767285
 1.9496E-02,0.025561146707646094
 1.9541E-02,0.027356444223691517
 1.9587E-02,0.028593489203384104
 1.9633E-02,0.029217730142626425
 1.9679E-02,0.02920133638154177
 1.9725E-02,0.02854548632103987
 1.9771E-02,0.02727949799070491
 1.9817E-02,0.025458280540329736
 1.9863E-02,0.023160382246828863
 1.9909E-02,0.020485958028373087
 1.9955E-02,0.017552434705810065
 2.0001E-02,0.014488113841409515
 2.0047E-02,0.01142621507627877
 2.0093E-02,0.008500208706286521
 2.0139E-02,0.005838669380461447
 2.0185E-02,0.0035587316725675653
 2.0231E-02,0.0017599960840887028
 2.0277E-02,0.0005207161406989085
 2.0323E-02,-0.00010459885852895769
 2.0369E-02,-8.785486447739181e-05
 2.0415E-02,0.0005702761299747
 2.0461E-02,0.0018403039885440378
 2.0507E-02,0.0036662673575230094
 2.0553E-02,0.005968600569664165
 2.0599E-02,0.008646772420951574
 2.0645E-02,0.011583098800191646
 2.0691E-02,0.01464859574967645
 2.0737E-02,0.01770944629467594
 2.0783E-02,0.020632449255040534
 2.0829E-02,0.023289938229519355
 2.0875E-02,0.025565466070350117
 2.0921E-02,0.027359750829583415
 2.0967E-02,0.028595101831852363
 2.1013E-02,0.029217946573343877
 2.1059E-02,0.029200770865080116
 2.1105E-02,0.02854399052570994
 2.1151E-02,0.027276486864648383
 2.1197E-02,0.025453862744893918
 2.1243E-02,0.023155369195325872
 2.1289E-02,0.02048077001279177
 2.1335E-02,0.017546761547643994
 2.1381E-02,0.01448185283439661
 2.1427E-02,0.0114200536957758
 2.1473E-02,0.008494874600661197
 2.1519E-02,0.005834132136986126
 2.1565E-02,0.0035546720492026372
 2.1611E-02,0.0017566940141193236
 2.1657E-02,0.0005188448099149329
 2.1703E-02,-0.00010490014746159112
 2.1749E-02,-8.706440502364432e-05
 2.1795E-02,0.0005719241110666577
 2.1840E-02,0.0018431514669153078
 2.1886E-02,0.00367050316833441
 2.1932E-02,0.005973732463234261
 2.1978E-02,0.008652183683977147
 2.2024E-02,0.011588732648007643
 2.2070E-02,0.01465463554258782
 2.2116E-02,0.01771558035728069
 2.2162E-02,0.02063798217004911
 2.2208E-02,0.023294549778445677
 2.2254E-02,0.02556934360721681
 2.2300E-02,0.027362914191593233
 2.2346E-02,0.028597094378841396
 2.2392E-02,0.02921840726535571
 2.2438E-02,0.02919990676249876
 2.2484E-02,0.028542169050435138
 2.2530E-02,0.02727366461242167
 2.2576E-02,0.025449809746650308
 2.2622E-02,0.023150277544201448
 2.2668E-02,0.020475205696020512
 2.2714E-02,0.017541052679958796
 2.2760E-02,0.014475942759522402
 2.2806E-02,0.011414029359022757
 2.2852E-02,0.00848924377772607
 2.2898E-02,0.00582937772265138
 2.2944E-02,0.0035508366998839515
 2.2990E-02,0.0017536699072935751
 2.3036E-02,0.0005168429438601157
 2.3082E-02,-0.00010550337636665134
 2.3128E-02,-8.623306279612435e-05
 2.3174E-02,0.0005738786828162484
 2.3220E-02,0.0018460535989128588
 2.3266E-02,0.0036744636203341324
 2.3312E-02,0.005978734014978332
 2.3358E-02,0.008657823994335808
 2.3404E-02,0.011594560552277745
 2.3450E-02,0.014660512602032473
 2.3496E-02,0.01772148027641353
 2.3542E-02,0.02064360249939085
 2.3588E-02,0.023299410328734265
 2.3634E-02,0.025573207114643254
 2.3680E-02,0.027365830985441403
 2.3726E-02,0.028599025347947574
 2.3772E-02,0.029219083473748835
 2.3818E-02,0.02919916050114753
 2.3864E-02,0.028540170505593692
 2.3910E-02,0.027270673806091713
 2.3956E-02,0.02544587474720975
 2.4002E-02,0.023145379526266295
 2.4048E-02,0.02046958194762788
 2.4094E-02,0.01753513856996441
 2.4139E-02,0.014470029163599001
 2.4185E-02,0.01140820155096616
 2.4231E-02,0.008483674723854723
 2.4277E-02,0.005824453878117626
 2.4323E-02,0.003546894484948205
 2.4369E-02,0.00175078037533574
 2.4415E-02,0.0005149868689141135
 2.4461E-02,-0.00010618950140214899
 2.4507E-02,-8.556248123736915e-05
 2.4553E-02,0.0005758696354196368
 2.4599E-02,0.0018491248002821836
 2.4645E-02,0.0036784420999221483
 2.4691E-02,0.005983581099005254
 2.4737E-02,0.008663403940012398
 2.4783E-02,0.01160052087318027
 2.4829E-02,0.014666487142198334
 2.4875E-02,0.01772728118586023
 2.4921E-02,0.020649099284159176
 2.4967E-02,0.023304328428097133
 2.5013E-02,0.025577203771429153
 2.5059E-02,0.027368728096231695
 2.5105E-02,0.028600819028140708
 2.5151E-02,0.02921973493879836
 2.5197E-02,0.029198535142332272
 2.5243E-02,0.028538226879768636
 2.5289E-02,0.02726757881494762
 2.5335E-02,0.025441853156711464
 2.5381E-02,0.023140553604203307
 2.5427E-02,0.020464060190291324
 2.5473E-02,0.01752918321781661
 2.5519E-02,0.014464004573360912
 2.5565E-02,0.011402381032888148
 2.5611E-02,0.008478215532925399
 2.5657E-02,0.005819556940979902
 2.5703E-02,0.0035428568851050743
 2.5749E-02,0.0017478400079784353
 2.5795E-02,0.0005132112161900647
 2.5841E-02,-0.00010679914568528077
 2.5887E-02,-8.494270509216379e-05
 2.5933E-02,0.0005777761390954837
 2.5979E-02,0.0018522239446192206
 2.6025E-02,0.0036825135521542907
 2.6071E-02,0.005988431601351041
 2.6117E-02,0.008668897841276208
 2.6163E-02,0.011606454364068182
 2.6209E-02,0.014672537431473336
 2.6255E-02,0.017733130002792752
 2.6301E-02,0.020654536332873098
 2.6347E-02,0.02330918140994804
 2.6393E-02,0.02558123656979653
 2.6439E-02,0.027371695348590484
 2.6484E-02,0.028602594835350444
 2.6530E-02,0.029220309938867064
 2.6576E-02,0.029197900822563756
 2.6622E-02,0.028536350274417484
 2.6668E-02,0.027264508155302347
 2.6714E-02,0.02543777074408822
 2.6760E-02,0.02313568366525579
 2.6806E-02,0.020458581857866823
 2.6852E-02,0.017523281322369747
 2.6898E-02,0.014457953014803926
 2.6944E-02,0.01139650120803875
 2.6990E-02,0.00847276577225065
 2.7036E-02,0.005814721465402671
 2.7082E-02,0.003538830574390959
 2.7128E-02,0.0017448467403513707
 2.7174E-02,0.0005114125586545468
 2.7220E-02,-0.00010736091522244875
 2.7266E-02,-8.428281610773488e-05
 2.7312E-02,0.0005796522635907113
 2.7358E-02,0.0018552792729215149
 2.7404E-02,0.003686604712543962
 2.7450E-02,0.005993332884270692
 2.7496E-02,0.008674389890581866
 2.7542E-02,0.011612339967792594
 2.7588E-02,0.014678576210385801
 2.7634E-02,0.017739021399646754
 2.7680E-02,0.02065999592844072
 2.7726E-02,0.023313998288220564
 2.7772E-02,0.02558523476043173
 2.7818E-02,0.027374684244927495
 2.7864E-02,0.02860440671366757
 2.7910E-02,0.029220870755993725
 2.7956E-02,0.02919722368482509
 2.8002E-02,0.028534470889300216
 2.8048E-02,0.027261474071387667
 2.8094E-02,0.02543369817048732
 2.8140E-02,0.023130778427151253
 2.8186E-02,0.020453081444225873
 2.8232E-02,0.017517405366975363
 2.8278E-02,0.01445192950433348
 2.8324E-02,0.01139060469109263
 2.8370E-02,0.008467285047925845
 2.8416E-02,0.005809894701332897
 2.8462E-02,0.0035348390733377405
 2.8508E-02,0.0017418583885983174
 2.8554E-02,0.0005095854080583177
 2.8600E-02,-0.00010793190292736256
 2.8646E-02,-8.359416864102421e-05
 2.8692E-02,0.0005815497552130203
 2.8737E-02,0.0018583170712529718
 2.8783E-02,0.0036906736777334733
 2.8829E-02,0.0059982475256801825
 2.8875E-02,0.008679909582354893
 2.8921E-02,0.011618222459321974
 2.8967E-02,0.014684588333118835
 2.9013E-02,0.01774490800574611
 2.9059E-02,0.020665478919016815
 2.9105E-02,0.023318824936049257
 2.9151E-02,0.025589210912348885
 2.9197E-02,0.02737765434075842
 2.9243E-02,0.02860623084592327
 2.9289E-02,0.0292214494006714
 2.9335E-02,0.029196535959255723
 2.9381E-02,0.02853256732159299
 2.9427E-02,0.02725843938335466
 2.9473E-02,0.025429645275335467
 2.9519E-02,0.023125876579260643
 2.9565E-02,0.020447560787004288
 2.9611E-02,0.017511518670268976
 2.9657E-02,0.014445921548610265
 2.9703E-02,0.011384723084460861
 2.9749E-02,0.008461794554930239
 2.9795E-02,0.005805052333521432
 2.9841E-02,0.003530854708745374
 2.9887E-02,0.0017388900684372384
 2.9933E-02,0.0005077606740404065
 2.9979E-02,-0.00010851773072977034
 3.0025E-02,-8.290832013797808e-05
 3.0071E-02,0.0005834645863678446
 3.0117E-02,0.0018613663636531605
 3.0163E-02,0.0036947326977522176
 3.0209E-02,0.006003151055121952
 3.0255E-02,0.00868543781978611
 3.0301E-02,0.011624119649962985
 3.0347E-02,0.014690597250230569
 3.0393E-02,0.01775077943137752
 3.0439E-02,0.020670959639751848
 3.0485E-02,0.02332366381468959
 3.0531E-02,0.025593190387181795
 3.0577E-02,0.0273806106140075
 3.0623E-02,0.028608044265223752
 3.0669E-02,0.029222034399545228
 3.0715E-02,0.029195856385341952
 3.0761E-02,0.028530656015082714
 3.0807E-02,0.027255390793233487
 3.0853E-02,0.025425592322877093
 3.0899E-02,0.02312098513083774
 3.0945E-02,0.02044204088598775
 3.0991E-02,0.0175056205968687
 3.1036E-02,0.014439908765466225
 3.1082E-02,0.011378851085803344
 3.1128E-02,0.008456312437349279
 3.1174E-02,0.005800204896127701
 3.1220E-02,0.0035268632486955697
 3.1266E-02,0.0017359276201583179
 3.1312E-02,0.0005059480620721391
 3.1358E-02,-0.00010910174138668936
 3.1404E-02,-8.222953369603326e-05
 3.1450E-02,0.000585379647785899
 3.1496E-02,0.0018644263858365292
 3.1542E-02,0.0036987981625401234
 3.1588E-02,0.006008049165761625
 3.1634E-02,0.008690960648070317
 3.1680E-02,0.01163002211026469
 3.1726E-02,0.014696613742452897
 3.1772E-02,0.017756647987907076
 3.1818E-02,0.020676431384210617
 3.1864E-02,0.02332850118205595
 3.1910E-02,0.025597175670878825
 3.1956E-02,0.027383567023940927
 3.2002E-02,0.028609848647930366
 3.2048E-02,0.02922261282792657
 3.2094E-02,0.029195179624292338
 3.2140E-02,0.028528747889768148
 3.2186E-02,0.027252336651887584
 3.2232E-02,0.025421531277181136
 3.2278E-02,0.023116093747178823
 3.2324E-02,0.020436526489896155
 3.2370E-02,0.017499722480808166
 3.2416E-02,0.014433889868481905
 3.2462E-02,0.011372977352682242
 3.2508E-02,0.008450836523586797
 3.2554E-02,0.005795362554269202
 3.2600E-02,0.0035228696310480702
 3.2646E-02,0.0017329625597500861
 3.2692E-02,0.0005041401625170813
 3.2738E-02,-0.00010967812093361099
 3.2784E-02,-8.154914248612887e-05
 3.2830E-02,0.0005872917242075994
 3.2876E-02,0.0018674876895196334
 3.2922E-02,0.003702870229632585
 3.2968E-02,0.006012950836843061
 3.3014E-02,0.008696480399863198
 3.3060E-02,0.011635921752774914
 3.3106E-02,0.014702633088387825
 3.3152E-02,0.01776251998594011
 3.3198E-02,0.020681900469330855
 3.3244E-02,0.0233333327689446
 3.3290E-02,0.025601159427734742
 3.3335E-02,0.027386525540457386
 3.3381E-02,0.028611651621795645
 3.3427E-02,0.029223184999727866
 3.3473E-02,0.029194498412569502
 3.3519E-02,0.028526840505325876
 3.3565E-02,0.0272492831995011
 3.3611E-02,0.02541746625675316
 3.3657E-02,0.02311119758297164
 3.3703E-02,0.020431012199821696
 3.3749E-02,0.017493827410826897
 3.3795E-02,0.014427870988407076
 3.3841E-02,0.011367100774195942
 3.3887E-02,0.008445360691625424
 3.3933E-02,0.005790524715319406
 3.3979E-02,0.003518879729136848
 3.4025E-02,0.001729997353958886
 3.4071E-02,0.0005023322291395334
 3.4117E-02,-0.000110250454286859
 3.4163E-02,-8.0863451444623e-05
 3.4209E-02,0.0005892055277302979
 3.4255E-02,0.0018705482732010482
 3.4301E-02,0.003706943938595902
 3.4347E-02,0.0060178566905625735
 3.4393E-02,0.008702002171273334
 3.4439E-02,0.011641819599050996
 3.4485E-02,0.014708650793975833
 3.4531E-02,0.017768393215572904
 3.4577E-02,0.020687370631434207
 3.4623E-02,0.023338161822328778
 3.4669E-02,0.02560513902228967
 3.4715E-02,0.027389482275983236
 3.4761E-02,0.028613454590823872
 3.4807E-02,0.029223755065506517
 3.4853E-02,0.029193812619345446
 3.4899E-02,0.028524929859660056
 3.4945E-02,0.027246229440220232
 3.4991E-02,0.025413400869162953
 3.5037E-02,0.023106298689080918
 3.5083E-02,0.020425495171086255
 3.5129E-02,0.01748793258954251
 3.5175E-02,0.014421854019659177
 3.5221E-02,0.011361224533153753
 3.5267E-02,0.00843988394973091
 3.5313E-02,0.005785687891840638
 3.5359E-02,0.0035148933138286972
 3.5405E-02,0.0017270351122379594
 3.5451E-02,0.0005005252047043285
 3.5497E-02,-0.00011082165354469957
 3.5543E-02,-8.017442068078336e-05
 3.5589E-02,0.0005911230925561984
 3.5634E-02,0.0018736104371627161
 3.5680E-02,0.003711017834064196
 3.5726E-02,0.006022763923826415
 3.5772E-02,0.008707526390868098
 3.5818E-02,0.0116477183388681
 3.5864E-02,0.014714667124450633
 3.5910E-02,0.01777426508509114
 3.5956E-02,0.020692840805348
 3.6002E-02,0.023342990495754695
 3.6048E-02,0.025609116096832054
 3.6094E-02,0.02739243564038436
 3.6140E-02,0.028615255520574097
 3.6186E-02,0.029224323965243063
 3.6232E-02,0.029193124463356066
 3.6278E-02,0.02852301566759194
 3.6324E-02,0.027243173120701052
 3.6370E-02,0.02540933469368901
 3.6416E-02,0.02310139907524932
 3.6462E-02,0.020419976371606613
 3.6508E-02,0.01748203636678981
 3.6554E-02,0.014415837582756892
 3.6600E-02,0.011355349884859355
 3.6646E-02,0.008434408100014962
 3.6692E-02,0.005780851543616062
 3.6738E-02,0.0035109086589153815
 3.6784E-02,0.0017240760348133043
 3.6830E-02,0.0004987210106996614
 3.6876E-02,-0.00011139113802351283
 3.6922E-02,-7.948351975428861e-05
 3.6968E-02,0.0005930436314466407
 3.7014E-02,0.0018766755593940653
 3.7060E-02,0.0037150932639248915
 3.7106E-02,0.006027671780456347
 3.7152E-02,0.008713051698208454
 3.7198E-02,0.011653618437090016
 3.7244E-02,0.014720683632558988
 3.7290E-02,0.01778013567871741
 3.7336E-02,0.020698309570227315
 3.7382E-02,0.023347818315714475
 3.7428E-02,0.0256130918806058
 3.7474E-02,0.02739538643464758
 3.7520E-02,0.02861705344815782
 3.7566E-02,0.029224890644502555
 3.7612E-02,0.029192434575922504
 3.7658E-02,0.02852109915500591
 3.7704E-02,0.027240114031359158
 3.7750E-02,0.025405266537976697
 3.7796E-02,0.023096498641248676
 3.7842E-02,0.02041445695059867
 3.7888E-02,0.017476139179943888
 3.7933E-02,0.014409820670760565
 3.7979E-02,0.011349476045754016
 3.8025E-02,0.008428933774557699
 3.8071E-02,0.0057760164670631695
 3.8117E-02,0.0035069252175727755
 3.8163E-02,0.0017211190002047471
 3.8209E-02,0.0004969196344853037
 3.8255E-02,-0.00011195804832864816
 3.8301E-02,-7.879069935021344e-05
 3.8347E-02,0.0005949661224455786
 3.8393E-02,0.0018797430912215226
 3.8439E-02,0.003719170858869714
 3.8485E-02,0.006032580792907306
 3.8531E-02,0.00871857747663532
 3.8577E-02,0.01165951905518278
 3.8623E-02,0.014726700546893477
 3.8669E-02,0.017786005780978144
 3.8715E-02,0.020703776877617975
 3.8761E-02,0.023352644484783427
 3.8807E-02,0.025617066182207757
 3.8853E-02,0.02739833537811135
 3.8899E-02,0.028618848778036575
 3.8945E-02,0.029225454533439714
 3.8991E-02,0.029191742393137994
 3.9037E-02,0.028519180680428743
 3.9083E-02,0.027237052778983386
 3.9129E-02,0.025401196186501173
 3.9175E-02,0.023091596696119886
 3.9221E-02,0.020408936883528652
 3.9267E-02,0.01747024168126852
 3.9313E-02,0.01440380352698305
 3.9359E-02,0.011343602528960862
 3.9405E-02,0.008423460707523431
 3.9451E-02,0.00577118320137794
 3.9497E-02,0.003502943584061757
 3.9543E-02,0.0017181638686027691
 3.9589E-02,0.0004951206842997314
 3.9635E-02,-0.00011252213566924395
 3.9681E-02,-7.809527979572033e-05
 3.9727E-02,0.0005968907489466836
 3.9773E-02,0.0018828126448418919
 3.9819E-02,0.003723250528026789
 3.9865E-02,0.00603749149244558
 3.9911E-02,0.008724104136470553
 3.9957E-02,0.011665419946843173
 4.0003E-02,0.014732717517360489
 4.0049E-02,0.017791875611485874
 4.0095E-02,0.020709243181208616
 4.0141E-02,0.023357468947959457
 4.0187E-02,0.02562103855083779
 4.0232E-02,0.027401282380835782
 4.0278E-02,0.02862064190345687
 4.0324E-02,0.02922601582655568
 4.0370E-02,0.02919104760245042
 4.0416E-02,0.028517259993194904
 4.0462E-02,0.027233989633868885
 4.0508E-02,0.025397124009726133
 4.0554E-02,0.02308669313698146
 4.0600E-02,0.020403415820708985
 4.0646E-02,0.017464343879997783
 4.0692E-02,0.01439778646816699
 4.0738E-02,0.011337729354812157
 4.0784E-02,0.008417988494512071
 4.0830E-02,0.005766351463765984
 4.0876E-02,0.0034989638861404613
 4.0922E-02,0.0017152107442565119
 4.0968E-02,0.000493323842873986
 4.1014E-02,-0.00011308382980112922
 4.1060E-02,-7.739732107155746e-05
 4.1106E-02,0.0005988176723394024
 4.1152E-02,0.0018858841001502334
 4.1198E-02,0.0037273318676828556
 4.1244E-02,0.00604240367776003
 4.1290E-02,0.008729631827457672
 4.1336E-02,0.011671321194165266
 4.1382E-02,0.014738734298239152
 4.1428E-02,0.017797744926739217
 4.1474E-02,0.020714708586383027
 4.1520E-02,0.023362291939758077
 4.1566E-02,0.025625008946361168
 4.1612E-02,0.02740422721278604
 4.1658E-02,0.02862243280627697
 4.1704E-02,0.029226574741883497
 4.1750E-02,0.02919035027096482
 4.1796E-02,0.028515336871468643
 4.1842E-02,0.027230924420674683
 4.1888E-02,0.025393050116251047
 4.1934E-02,0.02308178811260489
 4.1980E-02,0.020397893663346597
 4.2026E-02,0.017458445592639777
 4.2072E-02,0.014391769560759337
 4.2118E-02,0.01133185678690423
 4.2164E-02,0.008412517259709353
 4.2210E-02,0.005761521187506998
 4.2256E-02,0.003494986168694652
 4.2302E-02,0.0017122599145861022
 4.2348E-02,0.0004915293798004145
 4.2394E-02,-0.00011364308966786392
 4.2440E-02,-7.669683023209616e-05
 4.2486E-02,0.0006007470866926869
 4.2531E-02,0.0018889577476961694
 4.2577E-02,0.0037314149917711302
 4.2623E-02,0.006047317303997202
 4.2669E-02,0.008735160609572298
 4.2715E-02,0.011677223016107312
 4.2761E-02,0.014744751023546313
 4.2807E-02,0.017803613648876775
 4.2853E-02,0.020720173001141134
 4.2899E-02,0.023367113537361192
 4.2945E-02,0.02562897748476642
 4.2991E-02,0.027407169823882433
 4.3037E-02,0.028624221347896082
 4.3083E-02,0.029227131283396306
 4.3129E-02,0.029189650545970506
 4.3175E-02,0.028513411386531004
 4.3221E-02,0.027227857067307515
 4.3267E-02,0.02538897447457413
 4.3313E-02,0.023076881740056444
 4.3359E-02,0.02039237051942873
 4.3405E-02,0.017452546755586995
 4.3451E-02,0.014385752662665063
 4.3497E-02,0.01132598478105546
 4.3543E-02,0.00840704701720342
 4.3589E-02,0.005756692267005806
 4.3635E-02,0.0034910101988077915
 4.3681E-02,0.0017093111962637568
 4.3727E-02,0.0004897372292066646
 4.3773E-02,-0.00011420000490037737
 4.3819E-02,-7.59940186170103e-05
 4.3865E-02,0.0006026787730704946
 4.3911E-02,0.00189203349330333
 4.3957E-02,0.003735499862516106
 4.4003E-02,0.006052232244763539
 4.4049E-02,0.00874069029506434
 4.4095E-02,0.011683125316612256
 4.4141E-02,0.014750767713408509
 4.4187E-02,0.01780948177773618
 4.4233E-02,0.020725636341679586
 4.4279E-02,0.023371933682817484
 4.4325E-02,0.02563294422027344
 4.4371E-02,0.027410110290842685
 4.4417E-02,0.028626007506859272
 4.4463E-02,0.02922768537125683
 4.4509E-02,0.02918894840875911
 4.4555E-02,0.02851148357441552
 4.4601E-02,0.027224787550625983
 4.4647E-02,0.025384896982880573
 4.4693E-02,0.02307197395314306
 4.4739E-02,0.020386846422668987
 4.4785E-02,0.017446647424090897
 4.4830E-02,0.014379735777244631
 4.4876E-02,0.011320113349932761
 4.4922E-02,0.00840157787940822
 4.4968E-02,0.005751864879025399
 4.5014E-02,0.0034870361139258134
 4.5060E-02,0.0017063646829736723
 4.5106E-02,0.0004879475304241524
 4.5152E-02,-0.00011475436974587758
 4.5198E-02,-7.528870349399694e-05
 4.5244E-02,0.0006046128373106587
 4.5290E-02,0.0018951114312785347
 4.5336E-02,0.003739586631061785
 4.5382E-02,0.006057148662731676
 4.5428E-02,0.008746220975065801
 4.5474E-02,0.011689028129095494
 4.5520E-02,0.014756784421889466
 4.5566E-02,0.017815349394337727
 4.5612E-02,0.020731098642646027
 4.5658E-02,0.02337675234050974
 4.5704E-02,0.025636909117313592
 4.5750E-02,0.02741304863135478
 4.5796E-02,0.028627791313838233
 4.5842E-02,0.029228236997981268
 4.5888E-02,0.02918824384578267
 4.5934E-02,0.02850955347664075
 4.5980E-02,0.027221715950832184
 4.6026E-02,0.025380817688669323
 4.6072E-02,0.023067064750929275
 4.6118E-02,0.020381321375164994
 4.6164E-02,0.01744074762020909
 4.6210E-02,0.014373718890485962
 4.6256E-02,0.011314242403653566
 4.6302E-02,0.008396109721209955
 4.6348E-02,0.0057470389166772665
 4.6394E-02,0.0034830638083186553
 4.6440E-02,0.0017034202215347543
 4.6486E-02,0.0004861600936913015
 4.6532E-02,-0.0001153063510409304
 4.6578E-02,-7.458101225650364e-05
 4.6624E-02,0.0006065491468501707
 4.6670E-02,0.0018981913999033908
 4.6716E-02,0.003743675145266353
 4.6762E-02,0.006062066452516883
 4.6808E-02,0.00875175256889044
 4.6854E-02,0.011694931361332933
 4.6900E-02,0.014762801061917614
 4.6946E-02,0.01782121646006017
 4.6992E-02,0.02073655991020661
 4.7038E-02,0.023381569514867587
 4.7084E-02,0.025640872161668705
 4.7129E-02,0.02741598484240082
 4.7175E-02,0.028629572789687165
 4.7221E-02,0.029228786171116742
 4.7267E-02,0.029187536819721405
 4.7313E-02,0.028507621034888513
 4.7359E-02,0.027218642229395424
 4.7405E-02,0.025376736570321603
 4.7451E-02,0.023062154099912066
 4.7497E-02,0.020375795339085796
 4.7543E-02,0.017434847345431544
 4.7589E-02,0.014367702060618597
 4.7635E-02,0.011308372027710054
 4.7681E-02,0.00839064263149665
 4.7727E-02,0.005742214489775048
 4.7773E-02,0.003479093433633295
 4.7819E-02,0.0017004779860711227
 4.7865E-02,0.00048437508039144285
 4.7911E-02,-0.00011585580184584872
 4.7957E-02,-7.387078885378475e-05
 4.8003E-02,0.0006084878673789717
 4.8049E-02,0.0019012735469629738
 4.8095E-02,0.0037477655237440934
 4.8141E-02,0.0060669857244244445
 4.8187E-02,0.008757285191670116
 4.8233E-02,0.011700835111380824
 4.8279E-02,0.014768817689457207
 4.8325E-02,0.017827082998839384
 4.8371E-02,0.020742020163453292
 4.8417E-02,0.02338638522225758
 4.8463E-02,0.025644833348554906
 4.8509E-02,0.027418918900891105
 4.8555E-02,0.028631351924106974
 4.8601E-02,0.029229332911800923
 4.8647E-02,0.02918682736743432
 4.8693E-02,0.02850568628210584
 4.8739E-02,0.027215566421262695
 4.8785E-02,0.025372653677000152
 4.8831E-02,0.023057242049704895
 4.8877E-02,0.020370268335103043
 4.8923E-02,0.01742894658192834
 4.8969E-02,0.014361685244377451
 4.9015E-02,0.011302502158597046
 4.9061E-02,0.008385176513625438
 4.9107E-02,0.005737391463437472
 4.9153E-02,0.00347512483489363
 4.9199E-02,0.001697537820671459
 4.9245E-02,0.0004825923315640067
 4.9291E-02,-0.0001164028929785618
 4.9337E-02,-7.315820647520733e-05
 4.9383E-02,0.0006104288428033677
 4.9429E-02,0.001904357735333903
 4.9474E-02,0.0037518576331323408
 4.9520E-02,0.006071906345326402
 4.9566E-02,0.008762818728263642
 4.9612E-02,0.011706739296531505
 4.9658E-02,0.014774834247327213
 4.9704E-02,0.017832948966816465
 4.9750E-02,0.020747479374786444
 4.9796E-02,0.023391199460129856
 4.9842E-02,0.025648792692985412
 4.9888E-02,0.02742185081826503
 4.9934E-02,0.02863312871315925
 4.9980E-02,0.029229877205043994
 5.0026E-02,0.02918611546662948
 5.0072E-02,0.028503749182904638
 5.0118E-02,0.027212488476369746
 5.0164E-02,0.025368568957668165
 5.0210E-02,0.02305232856565156
 5.0256E-02,0.0203647403506708
 5.0302E-02,0.017423045338716962
 5.0348E-02,0.014355668479197201
 5.0394E-02,0.011296632872437899
 5.0440E-02,0.00837971148046094
 5.0486E-02,0.005732569972887814
 5.0532E-02,0.00347115815991603
 5.0578E-02,0.0016945998875116592
 5.0624E-02,0.0004808120236871225
 5.0670E-02,-0.0001169474459507434
 5.0716E-02,-7.244309853337701e-05
 5.0762E-02,0.0006123722272340352
 5.0808E-02,0.0019074441145531915
 5.0854E-02,0.003755951618321227
 5.0900E-02,0.006076828445019698
 5.0946E-02,0.008768353286005264
 5.0992E-02,0.01171264400340974
 5.1038E-02,0.014780850802974532
 5.1084E-02,0.017838814407361996
 5.1130E-02,0.02075293756100613
 5.1176E-02,0.023396012226813746
 5.1222E-02,0.025652750187175808
 5.1268E-02,0.027424780587356312
 5.1314E-02,0.02863490315375462
 5.1360E-02,0.02923041905945843
 5.1406E-02,0.029185401145726795
 5.1452E-02,0.028501809783323492
 5.1498E-02,0.027209408445997445
 5.1544E-02,0.025364482458323817
 5.1590E-02,0.023047413684941835
 5.1636E-02,0.020359211408806373
 5.1682E-02,0.01741714361137878
 5.1727E-02,0.014349651721455806
 5.1773E-02,0.0112907640876194
 5.1819E-02,0.0083742474223936
 5.1865E-02,0.005727749886396458
 5.1911E-02,0.003467193254716429
 5.1957E-02,0.0016916640141945295
 5.2003E-02,0.0004790339774836882
 5.2049E-02,-0.00011748963640206703
 5.2095E-02,-7.172563445020266e-05
 5.2141E-02,0.000614317856432933
 5.2187E-02,0.0019105325279951033
 5.2233E-02,0.003760047334735313
 5.2279E-02,0.006081751892535786
 5.2325E-02,0.008773888748160865
 5.2371E-02,0.011718549134630121
 5.2417E-02,0.014786867285904119
 5.2463E-02,0.017844679278411706
 5.2509E-02,0.020758394701667925
 5.2555E-02,0.023400823516118413
 5.2601E-02,0.02565670583600435
 5.2647E-02,0.027427708219248274
 5.2693E-02,0.0286366752512288
 5.2739E-02,0.029230958462428347
 5.2785E-02,0.029184684372623483
 5.2831E-02,0.0284998680399913
 5.2877E-02,0.02720632628323222
 5.2923E-02,0.025360394131997036
 5.2969E-02,0.023042497366689486
 5.3015E-02,0.02035368148790963
 5.3061E-02,0.017411241410945303
 5.3107E-02,0.014343635019266075
 5.3153E-02,0.011284895886073338
 5.3199E-02,0.00836878445156947
 5.3245E-02,0.005722931344201424
 5.3291E-02,0.003463230282417568
 5.3337E-02,0.001688730377351996
 5.3383E-02,0.00047725837468829877
 5.3429E-02,-0.00011802928222603688
 5.3475E-02,-7.100563602977922e-05
 5.3521E-02,0.0006162658992658293
 5.3567E-02,0.0019136231322171614
 5.3613E-02,0.003764144928166913
 5.3659E-02,0.00608667682363768
 5.3705E-02,0.008779425234840155
 5.3751E-02,0.011724454786038278
 5.3797E-02,0.014792883764014744
 5.3843E-02,0.017850543622947666
 5.3889E-02,0.020763850819304448
 5.3935E-02,0.02340563333257363
 5.3981E-02,0.025660659630284487
 5.4026E-02,0.02743063370140531
 5.4072E-02,0.028638445002633923
 5.4118E-02,0.029231495428199465
 5.4164E-02,0.02918396517822497
 5.4210E-02,0.02849792399614121
 5.4256E-02,0.02720324203893966
 5.4302E-02,0.02535630403062294
 5.4348E-02,0.023037579653617416
 5.4394E-02,0.020348150609592684
 5.4440E-02,0.017405338728392703
 5.4486E-02,0.014337618327943832
 5.4532E-02,0.011279028186593237
 5.4578E-02,0.008363322453101086
 5.4624E-02,0.005718114203486224
 5.4670E-02,0.003459269079235229
 5.4716E-02,0.0016857987986134539
 5.4762E-02,0.0004754850282356264
 5.4808E-02,-0.00011856657209762987
 5.4854E-02,-7.028328603156603e-05
 5.4900E-02,0.0006182161832418815
 5.4946E-02,0.0019167157647132964
 5.4992E-02,0.0037682442447361264
 5.5038E-02,0.006091603095796481
 5.5084E-02,0.008784962621639554
 5.5130E-02,0.011730360857353097
 5.5176E-02,0.014798900163306969
 5.5222E-02,0.017856407392514338
 5.5268E-02,0.020769305888872276
 5.5314E-02,0.023410441670649984
 5.5360E-02,0.02566461157709437
 5.5406E-02,0.02743355704358129
 5.5452E-02,0.028640212409840514
 5.5498E-02,0.02923202994309319
 5.5544E-02,0.02918324353127534
 5.5590E-02,0.028495977606601653
 5.5636E-02,0.027200155661131223
 5.5682E-02,0.02535221210350453
 5.5728E-02,0.023032660505006387
 5.5774E-02,0.020342618753304894
 5.5820E-02,0.017399435574152827
 5.5866E-02,0.014331601696163453
 5.5912E-02,0.011273161076268329
 5.5958E-02,0.008357861547028961
 5.6004E-02,0.005713298610929651
 5.6050E-02,0.0034553098134092394
 5.6096E-02,0.001682869462160981
 5.6142E-02,0.0004737141304971095
 5.6188E-02,-0.00011910131397616986
 5.6234E-02,-6.955839900208723e-05
 5.6280E-02,0.0006201688845873193
 5.6326E-02,0.0019198105920980831
 5.6371E-02,0.0037723454410042924
 5.6417E-02,0.006096530852931267
 5.6463E-02,0.008790501034727474
 5.6509E-02,0.01173626745112965
 5.6555E-02,0.014804916558773359
 5.6601E-02,0.017862270634514302
 5.6647E-02,0.02077475993385588
 5.6693E-02,0.02341524853521192
 5.6739E-02,0.025668561668807
 5.6785E-02,0.02743647823443462
 5.6831E-02,0.02864197746924362
 5.6877E-02,0.02923256202074392
 5.6923E-02,0.029182519464772114
 5.6969E-02,0.02849402891848083
 5.7015E-02,0.027197067203291868
 5.7061E-02,0.025348118403483662
 5.7107E-02,0.02302773996484783
 5.7153E-02,0.020337085942593792
 5.7199E-02,0.017393531939101342
 5.7245E-02,0.014325585075227007
 5.7291E-02,0.011267294467717681
 5.7337E-02,0.008352401612455745
 5.7383E-02,0.005708484417303945
 5.7429E-02,0.00345135231257181
 5.7475E-02,0.0016799421794600616
 5.7521E-02,0.0004719454851602619
 5.7567E-02,-0.0001196337042818419
 5.7613E-02,-6.88311657561293e-05
 5.7659E-02,0.000622123821583869
 5.7705E-02,0.0019229074429901595
 5.7751E-02,0.003776448355884051
 5.7797E-02,0.006101459945884289
 5.7843E-02,0.00879604034225954
 5.7889E-02,0.011742174459899123
 5.7935E-02,0.014810932871615232
 5.7981E-02,0.017868133298074938
 5.8027E-02,0.02078021292732125
 5.8073E-02,0.023420053918751006
 5.8119E-02,0.025672509911702307
 5.8165E-02,0.02743939728451946
 5.8211E-02,0.028643740183273172
 5.8257E-02,0.02923309164618438
 5.8303E-02,0.029181792945032176
 5.8349E-02,0.028492077884586416
 5.8395E-02,0.02719397661172007
 5.8441E-02,0.025344022877344708
 5.8487E-02,0.02302281798954143
 5.8533E-02,0.020331552155626993
 5.8579E-02,0.017387627834940304
 5.8624E-02,0.014319568516781395
 5.8670E-02,0.011261428451984294
 5.8716E-02,0.008346942775102605
 5.8762E-02,0.005703671777440239
 5.8808E-02,0.0034473967546806423
 5.8854E-02,0.001677017144423163
 5.8900E-02,0.00047017929401430426
 5.8946E-02,-0.00012016354113324982
 5.8992E-02,-6.810139072155227e-05
 5.9038E-02,0.0006240811796630124
 5.9084E-02,0.0019260064919197773
 5.9130E-02,0.0037805531534840435
 5.9176E-02,0.006106390526343482
 5.9222E-02,0.008801580677553884
 5.9268E-02,0.011748081991595128
 5.9314E-02,0.014816949180605308
 5.9360E-02,0.01787399543373542
 5.9406E-02,0.02078566489527253
 5.9452E-02,0.02342485782719056
 5.9498E-02,0.025676456297866492
 5.9544E-02,0.027442314182237013
 5.9590E-02,0.02864550054914974
 5.9636E-02,0.029233618834588873
 5.9682E-02,0.029181064006609452
 5.9728E-02,0.02849012455384835
 5.9774E-02,0.027190883942498308
 5.9820E-02,0.025339925580709615
 5.9866E-02,0.02301789462476246
 5.9912E-02,0.020326017415982608
 5.9958E-02,0.0173817232512236
 6.0004E-02,0.014313551969454972
 6.0050E-02,0.011255562937104037
 6.0096E-02,0.008341484907500791
 6.0142E-02,0.005698860534319489
 6.0188E-02,0.003443442958984179
 6.0234E-02,0.0016740941593851044
 6.0280E-02,0.00046841535069267067
 6.0326E-02,-0.00012069103126696474
 6.0372E-02,-6.736927437010874e-05
 6.0418E-02,0.0006260407682194721
 6.0464E-02,0.0019291075587506497
 6.0510E-02,0.0037846596639263715
 6.0556E-02,0.006111322437091713
 6.0602E-02,0.00880712190209006
 6.0648E-02,0.011753989933501942
 6.0694E-02,0.014822965402941566
 6.0740E-02,0.017879856987956376
 6.0786E-02,0.020791115809605607
 6.0832E-02,0.02342966025307344
 6.0878E-02,0.02568040083413082
 6.0923E-02,0.027445228938588518
 6.0969E-02,0.028647258569329384
 6.1015E-02,0.02923414357025811
 6.1061E-02,0.02918033261406302
 6.1107E-02,0.028488168876421388
 6.1153E-02,0.027187789139000995
 6.1199E-02,0.02533582645790343
 6.1245E-02,0.023012969825280033
 6.1291E-02,0.0203204817012922
 6.1337E-02,0.01737581820084045
 6.1383E-02,0.014307535488470613
 6.1429E-02,0.011249698019961358
 6.1475E-02,0.008336028142716802
 6.1521E-02,0.005694050851045147
 6.1567E-02,0.003439491112659172
 6.1613E-02,0.0016711734284474598
 6.1659E-02,0.00046665386759598337
 6.1705E-02,-0.00012121596251370029
 6.1751E-02,-6.663461142044604e-05
 6.1797E-02,0.0006280027819562832
 6.1843E-02,0.0019322108269344937
 6.1889E-02,0.003788768059694719
 6.1935E-02,0.006116255837443581
 6.1981E-02,0.008812664156017998
 6.2027E-02,0.011759898399258088
 6.2073E-02,0.01482898162147975
 6.2119E-02,0.017885718013602572
 6.2165E-02,0.020796565697314084
 6.2211E-02,0.02343446120250788
 6.2257E-02,0.025684343512180415
 6.2303E-02,0.027448141541263932
 6.2349E-02,0.028649014240705886
 6.2395E-02,0.029234665869188322
 6.2441E-02,0.029179598803986517
 6.2487E-02,0.028486210903919874
 6.2533E-02,0.027184692260151733
 6.2579E-02,0.02533172556729117
 6.2625E-02,0.023008043638992354
 6.2671E-02,0.020314945036060954
 6.2717E-02,0.017369912672159035
 6.2763E-02,0.014301519018879615
 6.2809E-02,0.011243833602909762
 6.2855E-02,0.008330572345776876
 6.2901E-02,0.005689242561514984
 6.2947E-02,0.0034355410246522614
 6.2993E-02,0.0016682547429318242
 6.3039E-02,0.00046489462714037694
 6.3085E-02,-0.00012173855273659936
 6.3131E-02,-6.589761312514328e-05
 6.3177E-02,0.0006299670201654
 6.3223E-02,0.001935316107028683
 6.3268E-02,0.003792878162358278
 6.3314E-02,0.006121190562313509
 6.3360E-02,0.008818207293951975
 6.3406E-02,0.011765807270757305
 6.3452E-02,0.014834997749678724
 6.3498E-02,0.017891578454883237
 6.3544E-02,0.020802014529262662
 6.3590E-02,0.02343926066805077
 6.3636E-02,0.025688284339642323
 6.3682E-02,0.027451052002177793
 6.3728E-02,0.02865076756594281
 6.3774E-02,0.029235185714794748
 6.3820E-02,0.029178862539139566
 6.3866E-02,0.02848425058415614
 6.3912E-02,0.02718159324663008
 6.3958E-02,0.02532762285047215
 6.4004E-02,0.02300311601861149
 6.4050E-02,0.02030940739732611
 6.4096E-02,0.017364006679453974
 6.4142E-02,0.014295502619407083
 6.4188E-02,0.011237969788449358
 6.4234E-02,0.008325117657383287
 6.4280E-02,0.005684435838114476
 6.4326E-02,0.0034315928925690627
 6.4372E-02,0.001665338318182053
 6.4418E-02,0.0004631378534999588
 6.4464E-02,-0.0001222585778733364
 6.4510E-02,-6.515806270970923e-05
 6.4556E-02,0.0006319336883549822
 6.4602E-02,0.0019384235926724917
 6.4648E-02,0.003796990153969969
 6.4694E-02,0.006126126779708335
 6.4740E-02,0.008823751463287292
 6.4786E-02,0.011771716667164232
 6.4832E-02,0.014841013874210825
 6.4878E-02,0.017897438366891165
 6.4924E-02,0.02080746233331117
 6.4970E-02,0.023444058655548987
 6.5016E-02,0.02569222330724085
 6.5062E-02,0.027453960308023696
 6.5108E-02,0.028652518541662203
 6.5154E-02,0.029235703123964236
 6.5200E-02,0.02917812385810783
 6.5246E-02,0.028482287971497256
 6.5292E-02,0.027178492160434494
 6.5338E-02,0.025323518368766992
 6.5384E-02,0.022998187014294565
 6.5430E-02,0.02030386881040196
 6.5476E-02,0.017358100209835418
 6.5521E-02,0.014289486231481761
 6.5567E-02,0.011232106472962132
 6.5613E-02,0.008319663934545257
 6.5659E-02,0.005679630505139453
 6.5705E-02,0.003427646514616964
 6.5751E-02,0.001662423933945782
 6.5797E-02,0.000461383317015295
 6.5843E-02,-0.0001227762678327948
 6.5889E-02,-6.441618294814124e-05
 6.5935E-02,0.0006339025749592506
 6.5981E-02,0.0019415330840880534
 6.6027E-02,0.003801103846222475
 6.6073E-02,0.006131064315409311
 6.6119E-02,0.00882929651074724
 6.6165E-02,0.01177762646407874
 6.6211E-02,0.01484702990407149
 6.6257E-02,0.017903297691192883
 6.6303E-02,0.020812909079166036
 6.6349E-02,0.023448855157538855
 6.6395E-02,0.025696160423329013
 6.6441E-02,0.02745686647167733
 6.6487E-02,0.028654267170948187
 6.6533E-02,0.029236218079371577
 6.6579E-02,0.029177382721685137
 6.6625E-02,0.028480323010911114
 6.6671E-02,0.027175388939089044
 6.6717E-02,0.025319412060702873
 6.6763E-02,0.022993256576297184
 6.6809E-02,0.020298329251286763
 6.6855E-02,0.017352193278675328
 6.6901E-02,0.01428346991741069
 6.6947E-02,0.011226243764960005
 6.6993E-02,0.008314211326151934
 6.7039E-02,0.005674826744941809
 6.7085E-02,0.003423702099691496
 6.7131E-02,0.0016595118177361405
 6.7177E-02,0.00045963125451709734
 6.7223E-02,-0.00012329138592010608
 6.7269E-02,-6.3671744962978e-05
 6.7315E-02,0.0006358738968146637
 6.7361E-02,0.001944644785517765
 6.7407E-02,0.003805219431176685
 6.7453E-02,0.006136003346642927
 6.7499E-02,0.008834842591774632
 6.7545E-02,0.011783536787123901
 6.7591E-02,0.014853045930584162
 6.7637E-02,0.01790915648573642
 6.7683E-02,0.020818354795980164
 6.7729E-02,0.023453650179934553
 6.7775E-02,0.025700095677935467
 6.7820E-02,0.027459770478943296
 6.7866E-02,0.028656013450073004
 6.7912E-02,0.029236730598642163
 6.7958E-02,0.029176639170397787
 6.8004E-02,0.02847835575960381
 6.8050E-02,0.027172283647819803
 6.8096E-02,0.025315303990798132
 6.8142E-02,0.022988324757346093
 6.8188E-02,0.020292788746478416
 6.8234E-02,0.017346285872161544
 6.8280E-02,0.014277453615234385
 6.8326E-02,0.011220381554999282
 6.8372E-02,0.008308759681161485
 6.8418E-02,0.005670024371911378
 6.8464E-02,0.0034197594346003675
 6.8510E-02,0.0016566017368147541
 6.8556E-02,0.00045788142321617027
 6.8602E-02,-0.0001238041752387129
 6.8648E-02,-6.292498425341855e-05
 6.8694E-02,0.0006378474303231101
 6.8740E-02,0.0019477584858686166
 6.8786E-02,0.003809336709921396
 6.8832E-02,0.006140943689531905
 6.8878E-02,0.008840389544732746
 6.8924E-02,0.011789447505202565
 6.8970E-02,0.014859061857837145
 6.9016E-02,0.01791501468896394
 6.9062E-02,0.02082379945197649
 6.9108E-02,0.023458443715024944
 6.9154E-02,0.025704029079901068
 6.9200E-02,0.02746267234336397
 6.9246E-02,0.028657757382283357
 6.9292E-02,0.02923724066350264
 6.9338E-02,0.029175893162804067
 6.9384E-02,0.028476386159437872
 6.9430E-02,0.02716917622070847
 6.9476E-02,0.025311194094290935
 6.9522E-02,0.02298339150506627
 6.9568E-02,0.02028724727072039
 6.9614E-02,0.01734037800660788
 6.9660E-02,0.014271437390786224
 6.9706E-02,0.011214519957623348
 6.9752E-02,0.008303309156612627
 6.9798E-02,0.005665223578303081
 6.9844E-02,0.0034158187396021423
 6.9890E-02,0.0016536939311317803
 6.9936E-02,0.0004561340729809149
 6.9982E-02,-0.0001243143859958459
 7.0028E-02,-6.217565922659632e-05
 7.0074E-02,0.0006398234045091446
 7.0120E-02,0.0019508744009599105
 7.0165E-02,0.003813455885444559
 7.0211E-02,0.006145885531354435
 7.0257E-02,0.008845937533836268
 7.0303E-02,0.011795358751019485
 7.0349E-02,0.014865077782309416
 7.0395E-02,0.0179208723620841
 7.0441E-02,0.02082924307788089
 7.0487E-02,0.023463235769091206
 7.0533E-02,0.025707960618832355
 7.0579E-02,0.02746557205004318
 7.0625E-02,0.028659498963598116
 7.0671E-02,0.029237748292517518
 7.0717E-02,0.029175144741772095
 7.0763E-02,0.028474414270844555
 7.0809E-02,0.02716606672653903
 7.0855E-02,0.025307082439096396
 7.0901E-02,0.02297845687497316
 7.0947E-02,0.020281704851889345
 7.0993E-02,0.017334469667282148
 7.1039E-02,0.014265421178499818
 7.1085E-02,0.011208658857158754
 7.1131E-02,0.008297859593019222
 7.1177E-02,0.005660424168144183
 7.1223E-02,0.00341187978964024
 7.1269E-02,0.0016507881551350106
 7.1315E-02,0.00045438894773832447
 7.1361E-02,-0.00012482227462337614
 7.1407E-02,-6.142401832559163e-05
 7.1453E-02,0.0006418015834882386
 7.1499E-02,0.0019539923081443996
 7.1545E-02,0.0038175767479204543
 7.1591E-02,0.0061508286780934335
 7.1637E-02,0.00885148638854498
 7.1683E-02,0.011801270386268454
 7.1729E-02,0.01487109360283911
 7.1775E-02,0.01792672944015976
 7.1821E-02,0.020834685640191742
 7.1867E-02,0.023468026333950006
 7.1913E-02,0.02571189030394295
 7.1959E-02,0.027468469613125154
 7.2005E-02,0.028661238197352994
 7.2051E-02,0.02923825346633167
 7.2097E-02,0.02917439386345353
 7.2143E-02,0.02847244003236763
 7.2189E-02,0.027162955095677656
 7.2235E-02,0.025302968956826617
 7.2281E-02,0.02297352081171205
 7.2327E-02,0.020276161463256715
 7.2373E-02,0.017328560871317473
 7.2418E-02,0.01425940504768924
 7.2464E-02,0.011202798374291528
 7.2510E-02,0.008292411155939598
 7.2556E-02,0.005655626344307647
 7.2602E-02,0.0034079428171742625
 7.2648E-02,0.0016478846619586449
 7.2694E-02,0.00045264631102930075
 7.2740E-02,-0.000125327577588213
 7.2786E-02,-6.06698066089737e-05
 7.2832E-02,0.0006437822088441727
 7.2878E-02,0.00195711243502623
 7.2924E-02,0.003821699511469393
 7.2970E-02,0.006155773327351422
 7.3016E-02,0.008857036282093205
 7.3062E-02,0.011807182550902365
 7.3108E-02,0.014877109421222992
 7.3154E-02,0.017932585987891318
 7.3200E-02,0.020840127171482054
 7.3246E-02,0.023472815416383647
 7.3292E-02,0.025715818124459996
 7.3338E-02,0.027471365017180477
 7.3384E-02,0.028662975079631312
 7.3430E-02,0.029238756204737943
 7.3476E-02,0.02917364057319018
 7.3522E-02,0.028470463507842037
 7.3568E-02,0.027159841400714257
 7.3614E-02,0.025298853719079435
 7.3660E-02,0.02296858337372364
 7.3706E-02,0.020270617134042417
 7.3752E-02,0.017322651603011247
 7.3798E-02,0.014253388929107096
 7.3844E-02,0.011196938387006706
 7.3890E-02,0.008286963677170323
 7.3936E-02,0.005650829900085131
 7.3982E-02,0.003404007584835849
 7.4028E-02,0.0016449831926514914
 7.4074E-02,0.00045090589284552877
 7.4120E-02,-0.00012583056530485973
 7.4166E-02,-5.991328611443235e-05
 7.4212E-02,0.0006457650318363059
 7.4258E-02,0.001960234546826486
 7.4304E-02,0.0038258239548320076
 7.4350E-02,0.006160719274550329
 7.4396E-02,0.008862587034713511
 7.4442E-02,0.01181309509924178
 7.4488E-02,0.0148831251309435
 7.4534E-02,0.017938441936905462
 7.4580E-02,0.020845567636482595
 7.4626E-02,0.023477603007786712
 7.4672E-02,0.025719744090071654
 7.4717E-02,0.027474258276993044
 7.4763E-02,0.028664709613757555
 7.4809E-02,0.029239256487118774
 7.4855E-02,0.02917288482453066
 7.4901E-02,0.0284684846322274
 7.4947E-02,0.027156725568033606
 7.4993E-02,0.02529473665364115
 7.5039E-02,0.022963644502626727
 7.5085E-02,0.020265071836100042
 7.5131E-02,0.017316741880533223
 7.5177E-02,0.014247372896018604
 7.5223E-02,0.01119107902270352
 7.5269E-02,0.008281517331391717
 7.5315E-02,0.005646035049463354
 7.5361E-02,0.0034000743378311622
 7.5407E-02,0.0016420840142041865
 7.5453E-02,0.00044916797103907715
 7.5499E-02,-0.00012633095998601594
 7.5545E-02,-5.9154188075277936e-05
 7.5591E-02,0.0006477503071713775
 7.5637E-02,0.0019633588834906106
 7.5683E-02,0.0038299503036698535
 7.5729E-02,0.006165666727969327
 7.5775E-02,0.008868138829078505
 7.5821E-02,0.011819008178855468
 7.5867E-02,0.014889140839310033
 7.5913E-02,0.017944297355396575
 7.5959E-02,0.02085100706957293
 7.6005E-02,0.02348238911541657
 7.6051E-02,0.025723668189551845
 7.6097E-02,0.02747714937649346
 7.6143E-02,0.028666441795870443
 7.6189E-02,0.029239754334574604
 7.6235E-02,0.029172126665487567
 7.6281E-02,0.028466503473023236
 7.6327E-02,0.027153607674309334
 7.6373E-02,0.02529061783606385
 7.6419E-02,0.022958704259993003
 7.6465E-02,0.02025952560013597
 7.6511E-02,0.017310831687118295
 7.6557E-02,0.014241356875084309
 7.6603E-02,0.011185220152434715
 7.6649E-02,0.008276071940999115
 7.6695E-02,0.0056412415742493945
 7.6741E-02,0.003396142825564719
 7.6787E-02,0.0016391868532983126
 7.6833E-02,0.00044743226082293486
 7.6879E-02,-0.00012682904673964803
 7.6925E-02,-5.8392788809173124e-05
 7.6971E-02,0.0006497377725470781
 7.7017E-02,0.0019664851975429273
 7.7062E-02,0.003834078324916535
 7.7108E-02,0.006170615472148066
 7.7154E-02,0.008873691475829528
 7.7200E-02,0.01182492163634198
 7.7246E-02,0.014895156434245322
 7.7292E-02,0.01795015217147179
 7.7338E-02,0.020856445433665598
 7.7384E-02,0.023487173730276475
 7.7430E-02,0.02572759043316079
 7.7476E-02,0.02748003833116791
 7.7522E-02,0.02866817162920504
 7.7568E-02,0.029240249725126875
 7.7614E-02,0.029171366046940313
 7.7660E-02,0.028464519961525506
 7.7706E-02,0.027150487641770527
 7.7752E-02,0.02528649719009601
 7.7798E-02,0.02295376258429391
 7.7844E-02,0.02025397839658711
 7.7890E-02,0.017304921042095852
 7.7936E-02,0.01423534094377855
 7.7982E-02,0.01117936191072441
 7.8028E-02,0.00827062769033199
 7.8074E-02,0.005636449700225105
 7.8120E-02,0.0033922133067843824
 7.8166E-02,0.0016362919916617408
 7.8212E-02,0.00044569905526626913
 7.8258E-02,-0.0001273245326004949
 7.8304E-02,-5.762880480544609e-05
 7.8350E-02,0.0006517276966645705
 7.8396E-02,0.0019696137420711106
 7.8442E-02,0.003838208256537949
 7.8488E-02,0.006175565726685162
 7.8534E-02,0.008879245167508145
 7.8580E-02,0.011830835627144582
 7.8626E-02,0.014901172028731988
 7.8672E-02,0.017956006456974503
 7.8718E-02,0.0208618827650474
 7.8764E-02,0.023491956859968303
 7.8810E-02,0.025731510809024798
 7.8856E-02,0.02748292512421151
 7.8902E-02,0.02866989910999641
 7.8948E-02,0.029240742681317006
 7.8994E-02,0.029170603019664797
 7.9040E-02,0.02846253416902776
 7.9086E-02,0.027147365551436452
 7.9132E-02,0.025282374795479692
 7.9178E-02,0.022948819540325405
 7.9224E-02,0.02024843025755237
 7.9270E-02,0.017299009927484326
 7.9315E-02,0.014229325024457291
 7.9361E-02,0.011173504161232336
 7.9407E-02,0.008265184391714132
 7.9453E-02,0.005631659196982186
 7.9499E-02,0.0033882855170261853
 7.9545E-02,0.0016333991409209147
 7.9591E-02,0.00044396805395144584
 7.9637E-02,-0.00012781771826771333
 7.9683E-02,-5.686252741233643e-05
 7.9729E-02,0.000653719802980003
 7.9775E-02,0.0019727442561451314
 7.9821E-02,0.003842339852748034
 7.9867E-02,0.006180517264396506
 7.9913E-02,0.00888479970457276
 7.9959E-02,0.011836749989710068
 8.0005E-02,0.01490718750474835
 8.0051E-02,0.017961860136157397
 8.0097E-02,0.02086731902465357
 8.0143E-02,0.023496738495123716
 8.0189E-02,0.025735429328025902
 8.0235E-02,0.027485809771856343
 8.0281E-02,0.028671624241462156
 8.0327E-02,0.029241233179781643
 8.0373E-02,0.029169837531733273
 8.0419E-02,0.02846054602293312
 8.0465E-02,0.02714424132110292
 8.0511E-02,0.025278250571710053
 8.0557E-02,0.022943875063266006
 8.0603E-02,0.020242881152020293
 8.0649E-02,0.01729309836383446
 8.0695E-02,0.014223309198991448
 8.0741E-02,0.011167647046108509
 8.0787E-02,0.008259742239886087
 8.0833E-02,0.005626870302894179
 8.0879E-02,0.0033843597293566163
 8.0925E-02,0.0016305085983542053
 8.0971E-02,0.00044223956613502393
 8.1017E-02,-0.00012830829470151075
 8.1063E-02,-5.609365768646144e-05
 8.1109E-02,0.0006557143748381386
 8.1155E-02,0.001975877006716696
 8.1201E-02,0.0038464733645683117
 8.1247E-02,0.006185470316866247
 8.1293E-02,0.00889035528998719
 8.1339E-02,0.011842664887918701
 8.1385E-02,0.014913202981461426
 8.1431E-02,0.01796771328481401
 8.1477E-02,0.020872754250737185
 8.1523E-02,0.02350151864376278
 8.1569E-02,0.02573934597772747
 8.1614E-02,0.027488692256546186
 8.1660E-02,0.028673347019810343
 8.1706E-02,0.029241721244459923
 8.1752E-02,0.029169069636837124
 8.1798E-02,0.02845855559853604
 8.1844E-02,0.027141115036266688
 8.1890E-02,0.025274124602844634
 8.1936E-02,0.022938929221338923
 8.1982E-02,0.02023733111366276
 8.2028E-02,0.017287186331933865
 8.2074E-02,0.01421729338519204
 8.2120E-02,0.011161790421227785
 8.2166E-02,0.008254301036651044
 8.2212E-02,0.00562208277475632
 8.2258E-02,0.003380435664590234
 8.2304E-02,0.0016276200595476812
 8.2350E-02,0.0004405132747522407
 8.2396E-02,-0.00012879657909767837
 8.2442E-02,-5.5322502880661304e-05
 8.2488E-02,0.0006577111205252467
 8.2534E-02,0.001979011718503908
 8.2580E-02,0.0038506085327764763
 8.2626E-02,0.006190424644569502
 8.2672E-02,0.008895911713418933
 8.2718E-02,0.01184858015142742
 8.2764E-02,0.014919218334451392
 8.2810E-02,0.017973565823130037
 8.2856E-02,0.020878188402142818
 8.2902E-02,0.023506297295989687
 8.2948E-02,0.02574326076953356
 8.2994E-02,0.027491572595293418
 8.3040E-02,0.028675067448266003
 8.3086E-02,0.029242206850473053
 8.3132E-02,0.029168299280010048
 8.3178E-02,0.028456562819146082
 8.3224E-02,0.027137986610189038
 8.3270E-02,0.02526999680397162
 8.3316E-02,0.022933981946184463
 8.3362E-02,0.02023178010988185
 8.3408E-02,0.017281273853659386
 8.3454E-02,0.01421127766967449
 8.3500E-02,0.011155934436731001
 8.3546E-02,0.008248860987486194
 8.3592E-02,0.005617296864027238
 8.3638E-02,0.003376513610831469
 8.3684E-02,0.0016247338381416953
 8.3730E-02,0.0004387895060039193
 8.3776E-02,-0.00012928224556041563
 8.3822E-02,-5.454874773304465e-05
 8.3868E-02,0.0006597103389492192
 8.3914E-02,0.001982148673138414
 8.3959E-02,0.003854745622200542
 8.4005E-02,0.006195380491846472
 8.4051E-02,0.008901469189016383
 8.4097E-02,0.011854495953193173
 8.4143E-02,0.014925233689449167
 8.4189E-02,0.017979417831117346
 8.4235E-02,0.020883621519347022
 8.4281E-02,0.0235110744603839
 8.4327E-02,0.025747173690447787
 8.4373E-02,0.02749445076971231
 8.4419E-02,0.028676785523048635
 8.4465E-02,0.0292426900233241
 8.4511E-02,0.02916752651803732
 8.4557E-02,0.028454567764250906
 8.4603E-02,0.02713485613303552
 8.4649E-02,0.02526586726370153
 8.4695E-02,0.02292903330964869
 8.4741E-02,0.020226228175943932
 8.4787E-02,0.017275360908437974
 8.4833E-02,0.014205261965389081
 8.4879E-02,0.011150078940270591
 8.4925E-02,0.008243421883088792
 8.4971E-02,0.005612512313996567
 8.5017E-02,0.003372593273473341
 8.5063E-02,0.0016218496129475418
 8.5109E-02,0.0004370679254239952
 8.5155E-02,-0.0001297656286072136
 8.5201E-02,-5.3772716235863166e-05
 8.5247E-02,0.0006617117224895632
 8.5293E-02,0.0019852875803456436
 8.5339E-02,0.003858884359451106
 8.5385E-02,0.006200337606097634
 8.5431E-02,0.008907027494974672
 8.5477E-02,0.011860412113586759
 8.5523E-02,0.01493124891528208
 8.5569E-02,0.017985269224574323
 8.5615E-02,0.020889053558886816
 8.5661E-02,0.02351585012644239
 8.5707E-02,0.025751084752419214
 8.5753E-02,0.027497326797624986
 8.5799E-02,0.02867850124732923
 8.5845E-02,0.029243170736529774
 8.5891E-02,0.02916675129275547
 8.5937E-02,0.028452570352856473
 8.5983E-02,0.02713172351327511
 8.6029E-02,0.02526173589243586
 8.6075E-02,0.02292408323965808
 8.6121E-02,0.020220675277596287
 8.6167E-02,0.017269447519536775
 8.6212E-02,0.014199246363920826
 8.6258E-02,0.011144224090397666
 8.6304E-02,0.008237983940334237
 8.6350E-02,0.005607729389973611
 8.6396E-02,0.0033686749564226025
 8.6442E-02,0.0016189677148415193
 8.6488E-02,0.00043534887711337033
 8.6534E-02,-0.0001302463845514549
 8.6580E-02,-5.2994075971847765e-05
 8.6626E-02,0.0006637155863524316
 8.6672E-02,0.0019884287371797447
 8.6718E-02,0.003863025023906704
 8.6764E-02,0.00620529624504695
 8.6810E-02,0.008912586857187805
 8.6856E-02,0.01186632881503873
 8.6902E-02,0.014937264144603203
 8.6948E-02,0.01799112008799486
 8.6994E-02,0.020894484563590658
 8.7040E-02,0.023520624303408014
 8.7086E-02,0.025754993941889272
 8.7132E-02,0.027500200659805154
 8.7178E-02,0.028680214617386506
 8.7224E-02,0.029243649017275428
 8.7270E-02,0.029165973664276597
 8.7316E-02,0.028450570668830413
 8.7362E-02,0.027128588845936597
 8.7408E-02,0.0252576027835705
 8.7454E-02,0.022919131811862094
 8.7500E-02,0.02021512145178717
 8.7546E-02,0.017263533664891344
 8.7592E-02,0.01419323077307938
 8.7638E-02,0.011138369726150845
 8.7684E-02,0.008232546938242078
 8.7730E-02,0.0056029478210341994
 8.7776E-02,0.003364758348875997
 8.7822E-02,0.0016160878049835898
 8.7868E-02,0.00043363200828650797
 8.7914E-02,-0.00013072486616991328
 8.7960E-02,-5.221316854569114e-05
 8.8006E-02,0.0006657216062084609
 8.8052E-02,0.0019915718375237653
 8.8098E-02,0.0038671673272687255
 8.8144E-02,0.006210256142335502
 8.8190E-02,0.008918147041781331
 8.8236E-02,0.011872245868225103
 8.8282E-02,0.014943279239161715
 8.8328E-02,0.01799697033264477
 8.8374E-02,0.02089991448761828
 8.8420E-02,0.02352539698013076
 8.8466E-02,0.025758901271417466
 8.8511E-02,0.02750307237494896
 8.8557E-02,0.028681925636348127
 8.8603E-02,0.02924412483733957
 8.8649E-02,0.02916519357101838
 8.8695E-02,0.02844856862664919
 8.8741E-02,0.02712545203444584
 8.8787E-02,0.025253467842603187
 8.8833E-02,0.022914178950307146
 8.8879E-02,0.020209566662547047
 8.8925E-02,0.017257619369288088
 8.8971E-02,0.014187215289723363
 8.9017E-02,0.011132516014972591
 8.9063E-02,0.008227111105720957
 8.9109E-02,0.0055981678871076974
 8.9155E-02,0.003360843771395844
 8.9201E-02,0.0016132102323569754
 8.9247E-02,0.00043191768182348914
 8.9293E-02,-0.00013120071104512647
 8.9339E-02,-5.142964346657882e-05
 8.9385E-02,0.000667730114384328
 8.9431E-02,0.001994717194653594
 8.9477E-02,0.003871311564156798
 8.9523E-02,0.006215217569767067
 8.9569E-02,0.008923708287018866
 8.9615E-02,0.011878163465558696
 8.9661E-02,0.01494929433889287
 8.9707E-02,0.018002820047635315
 8.9753E-02,0.020905343376200435
 8.9799E-02,0.023530168166483432
 8.9845E-02,0.025762806726870438
 8.9891E-02,0.02750594192297455
 8.9937E-02,0.028683634300506602
 8.9983E-02,0.029244598225647615
 9.0029E-02,0.02916441107659206
 9.0075E-02,0.02844656431489392
 9.0121E-02,0.02712231317906142
 9.0167E-02,0.025249331167918256
 9.0213E-02,0.0229092247345768
 9.0259E-02,0.020204010948588626
 9.0305E-02,0.017251704609123494
 9.0351E-02,0.014181199816253978
 9.0397E-02,0.011126662786713624
 9.0443E-02,0.008221676209405568
 9.0489E-02,0.00559338930225952
 9.0535E-02,0.003356930896027448
 9.0581E-02,0.0016103346395030472
 9.0627E-02,0.0004302055256044726
 9.0673E-02,-0.00013167429118937527
 9.0719E-02,-5.064386090326587e-05
 9.0765E-02,0.0006697407689302203
 9.0810E-02,0.001997864485798152
 9.0856E-02,0.003875457430634104
 9.0902E-02,0.006220180246591387
 9.0948E-02,0.008929270346394345
 9.0994E-02,0.011884081407478604
 9.1040E-02,0.014955309298110356
 9.1086E-02,0.018008669139538983
 9.1132E-02,0.02091077118106579
 9.1178E-02,0.02353493785066539
 9.1224E-02,0.02576671032137628
 9.1270E-02,0.027508809323484495
 9.1316E-02,0.02868534061300549
 9.1362E-02,0.029245069152183778
 9.1408E-02,0.029163626115787957
 9.1454E-02,0.028444557643209287
 9.1500E-02,0.027119172177889853
 9.1546E-02,0.025245192659897626
 9.1592E-02,0.02290426908464664
 9.1638E-02,0.020198454272136818
 9.1684E-02,0.01724578941082984
 9.1730E-02,0.014175184455111537
 9.1776E-02,0.011120810218227441
 9.1822E-02,0.008216242490924862
 9.1868E-02,0.0055886123618833425
 9.1914E-02,0.003353020060978652
 9.1960E-02,0.0016074613944949637
 9.2006E-02,0.00042849592237242007
 9.2052E-02,-0.00013214522439091456
 9.2098E-02,-4.9855451262552055e-05
 9.2144E-02,0.0006717539202989836
 9.2190E-02,0.002001014041300785
 9.2236E-02,0.0038796052374033244
 9.2282E-02,0.006225144459441003
 9.2328E-02,0.00893483347113221
 9.2374E-02,0.011889999896856355
 9.2420E-02,0.014961324264312369
 9.2466E-02,0.01801451770228385
 9.2512E-02,0.020916197949976276
 9.2558E-02,0.023539706043231485
 9.2604E-02,0.025770612040166015
 9.2650E-02,0.027511674555430018
 9.2696E-02,0.02868704457015565
 9.2742E-02,0.02924553764777696
 9.2788E-02,0.029162838755961092
 9.2834E-02,0.02844254870509244
 9.2880E-02,0.027116029136615583
 9.2926E-02,0.02524105242224143
 9.2972E-02,0.02289931208432367
 9.3018E-02,0.020192896673701426
 9.3064E-02,0.017239873749062575
 9.3109E-02,0.014169169102968303
 9.3155E-02,0.011114958129732047
 9.3201E-02,0.008210809703791913
 9.3247E-02,0.005583836764055706
 9.3293E-02,0.0033491109201669016
 9.3339E-02,0.0016045901203046796
 9.3385E-02,0.0004267884796276206
 9.3431E-02,-0.00013261390305114012
 9.3477E-02,-4.9064794350580434e-05
 9.3523E-02,0.0006737692079833626
 9.3569E-02,0.0020041655209022792
 9.3615E-02,0.0038837546639787315
 9.3661E-02,0.006230109912269582
 9.3707E-02,0.00894039740140915
 9.3753E-02,0.011895918723427198
 9.3799E-02,0.01496733908403543
 9.3845E-02,0.018020365637460456
 9.3891E-02,0.020921623632077925
 9.3937E-02,0.02354447273174547
 9.3983E-02,0.025774511897063056
 9.4029E-02,0.027514537639380294
 9.4075E-02,0.028688746175066893
 9.4121E-02,0.02924600368050695
 9.4167E-02,0.0291620489281094
 9.4213E-02,0.028440537405142043
 9.4259E-02,0.02711288394775002
 9.4305E-02,0.02523691034987135
 9.4351E-02,0.022894353649301133
 9.4397E-02,0.020187338113704583
 9.4443E-02,0.017233957652002543
 9.4489E-02,0.014163153868134111
 9.4535E-02,0.01110910670801727
 9.4581E-02,0.008205378103163454
 9.4627E-02,0.005579062820610301
 9.4673E-02,0.003345203830426083
 9.4719E-02,0.0016017212051706443
 9.4765E-02,0.00042508360109205973
 9.4811E-02,-0.00013307992399543326
 9.4857E-02,-4.8271500417032206e-05
 9.4903E-02,0.0006757870014754074
 9.4949E-02,0.002007319272963411
 9.4995E-02,0.0038879060380909835
 9.5041E-02,0.0062350769073825
 9.5087E-02,0.008945962402108792
 9.5133E-02,0.011901838101079584
 9.5179E-02,0.014973353912851303
 9.5225E-02,0.018026213044132173
 9.5271E-02,0.02092704827770402
 9.5317E-02,0.02354923792738642
 9.5363E-02,0.025778409876646577
 9.5408E-02,0.027517398553350246
 9.5454E-02,0.028690445424053995
 9.5500E-02,0.029246467283081737
 9.5546E-02,0.029161256703492507
 9.5592E-02,0.028438523842109542
 9.5638E-02,0.027109736722747396
 9.5684E-02,0.025232766552035758
 9.5730E-02,0.022889393867750817
 9.5776E-02,0.02018177863456439
 9.5822E-02,0.017228041092533383
 9.5868E-02,0.014157138641192417
 9.5914E-02,0.011103255763040346
 9.5960E-02,0.008199947428718709
 9.6006E-02,0.0055742902128160425
 9.6052E-02,0.0033412984265129182
 9.6098E-02,0.0015988542512863158
 9.6144E-02,0.00042338087271218843
 9.6190E-02,-0.0001335437010940969
 9.6236E-02,-4.7475969992601434e-05
 9.6282E-02,0.0006778069206359242
 9.6328E-02,0.0020104749386643745
 9.6374E-02,0.0038920590217657227
 9.6420E-02,0.006240045132665831
 9.6466E-02,0.008951528199331716
 9.6512E-02,0.011907757808183159
 9.6558E-02,0.014979368589003474
 9.6604E-02,0.01803205981861888
 9.6650E-02,0.020932471833360777
 9.6696E-02,0.023554001617029134
 9.6742E-02,0.025782305993357776
 9.6788E-02,0.027520257318875908
 9.6834E-02,0.028692142320243377
 9.6880E-02,0.029246928421642615
 9.6926E-02,0.029160462009068664
 9.6972E-02,0.028436507915176858
 9.7018E-02,0.02710658734819943
 9.7064E-02,0.025228620917975952
 9.7110E-02,0.022884432650858624
 9.7156E-02,0.020176218194715836
 9.7202E-02,0.017222124100697834
 9.7248E-02,0.014151123536747738
 9.7294E-02,0.01109740549211392
 9.7340E-02,0.008194517949762002
 9.7386E-02,0.0055695192697614825
 9.7432E-02,0.0033373950849653654
 9.7478E-02,0.0015959896681934226
 9.7524E-02,0.0004216807202766107
 9.7570E-02,-0.0001340048091556077
 9.7616E-02,-4.667779197568225e-05
 9.7662E-02,0.0006798293551496646
 9.7707E-02,0.00201363288537632
 9.7753E-02,0.0038962139606707226
 9.7799E-02,0.00624501490699951
 9.7845E-02,0.00895709507248479
 9.7891E-02,0.011913678070283974
 9.7937E-02,0.014985383276504092
 9.7983E-02,0.01803790606541352
 9.8029E-02,0.020937894352164827
 9.8075E-02,0.023558763812536965
 9.8121E-02,0.02578620023109085
 9.8167E-02,0.027523113912969684
 9.8213E-02,0.02869383685997746
 9.8259E-02,0.029247387130943336
 9.8305E-02,0.02915966492021083
 9.8351E-02,0.02843448972863078
 9.8397E-02,0.027103435941679226
 9.8443E-02,0.025224473562825575
 9.8489E-02,0.022879470091421997
 9.8535E-02,0.02017065683856388
 9.8581E-02,0.017216206647465284
 9.8627E-02,0.014145108438981608
 9.8673E-02,0.011091555694441866
 9.8719E-02,0.008189089391409173
 9.8765E-02,0.005564749654941025
 9.8811E-02,0.0033334934203014047
 9.8857E-02,0.0015931270362468208
 9.8903E-02,0.00041998270709343454
 9.8949E-02,-0.00013446368472086782
 9.8995E-02,-4.587738886006808e-05
 9.9041E-02,0.000681853904170005
 9.9087E-02,0.002016792734810446
 9.9133E-02,0.003900370498429764
 9.9179E-02,0.0062499859011744645
 9.9225E-02,0.008962662732752482
 9.9271E-02,0.011919598653810818
 9.9317E-02,0.014991397804920533
 9.9363E-02,0.01804375167522746
 9.9409E-02,0.020943315777716753
 9.9455E-02,0.02356352450014213
 9.9501E-02,0.025790092605038183
 9.9547E-02,0.027525968358150875
 9.9593E-02,0.028695529046304097
 9.9639E-02,0.02924784337500804
 9.9685E-02,0.029158865359701493
 9.9731E-02,0.028432469175979056
 9.9777E-02,0.027100282383448655
 9.9823E-02,0.02522032436976966
 9.9869E-02,0.02287450609592683
 9.9915E-02,0.020165094522541824
 0.1000,0.01721028876481947
 0.1000,0.014139093469045464
 0.1001,0.011085706578374838
 0.1001,0.008183662037948097
 0.1001,0.005559981715678898
 0.1002,0.0033295938298218792
 0.1002,0.0015902667874259948
 0.1003,0.0004182872822095162
 0.1003,-0.0001349198793002673
 0.1004,-4.507432701818821e-05
 0.1004,0.0006838809786614987
 0.1005,0.002019954874352779
 0.1005,0.003904528999598427
 0.1006,0.006254958451597596
 0.1006,0.00896823147481329
 0.1007,0.01192551979656373
 0.1007,0.014997412347210734
 0.1007,0.018049596758304694
 0.1008,0.020948736166114177
 0.1008,0.023568283692380006
 0.1009,0.02579398309832911
 0.1009,0.02752882063046617
 0.1010,0.028697218875666248
 0.1010,0.02924829719074401
 0.1011,0.02915806340720092
 0.1011,0.028430446367351606
 0.1012,0.02709712679759839
 0.1012,0.025216173460143494
 0.1012,0.022869540761981375
 0.1013,0.020159531293137474
 0.1013,0.017204370421745246
 0.1014,0.014133078504354791
 0.1014,0.011079857931726951
 0.1015,0.008178235599112828
 0.1015,0.005555215096776311
 0.1016,0.0033256959067291644
 0.1016,0.0015874084790035098
 0.1017,0.0004165939850333375
 0.1017,-0.0001353738533006021
 0.1018,-4.4269052029712494e-05
 0.1018,0.0006859101558855827
 0.1018,0.0020231189051097423
 0.1019,0.003908689088380362
 0.1019,0.006259932211131253
 0.1020,0.008973800994185334
 0.1020,0.011931441252374138
 0.1021,0.015003426723768906
 0.1021,0.018055441199461134
 0.1022,0.02095415545790694
 0.1022,0.023573041374746397
 0.1023,0.025797871726916905
 0.1023,0.027531670753424383
 0.1024,0.028698906350984713
 0.1024,0.029248748539975895
 0.1024,0.029157258981058507
 0.1025,0.02842842119023749
 0.1025,0.0270939690577015
 0.1026,0.025212020710759796
 0.1026,0.02286457399111569
 0.1027,0.02015396710462142
 0.1027,0.017198451652271095
 0.1028,0.01412706367303456
 0.1028,0.011074009974581559
 0.1029,0.008172810374982789
 0.1029,0.005550450164755873
 0.1029,0.0033218000702326792
 0.1030,0.0015845525666916616
 0.1030,0.00041490328916730045
 0.1031,-0.00013582513378637706
 0.1031,-4.3461106609051674e-05
 0.1032,0.0006879418692678403
 0.1032,0.0020262852356354253
 0.1033,0.003912851149289838
 0.1033,0.006264907534544924
 0.1034,0.008979371601640463
 0.1034,0.011937363272000958
 0.1035,0.015009441116952847
 0.1035,0.018061285115008065
 0.1035,0.020959573712315188
 0.1036,0.023577797560538814
 0.1036,0.0258017584731591
 0.1037,0.027534518702038324
 0.1037,0.028700591468864535
 0.1038,0.02924919746188503
 0.1038,0.029156452165506344
 0.1039,0.028426393760947848
 0.1039,0.02709080929470101
 0.1040,0.025207866249502747
 0.1040,0.022859605886023947
 0.1041,0.02014840200567126
 0.1041,0.017192532423252888
 0.1041,0.014121048845328013
 0.1042,0.01106816248270642
 0.1042,0.00816738605906833
 0.1043,0.005545686544706751
 0.1043,0.0033179058910232295
 0.1044,0.0015816985833724685
 0.1044,0.0004132147087772544
 0.1045,-0.00013627420626351227
 0.1045,-4.265096060408993e-05
 0.1046,0.0006899756730284988
 0.1046,0.0020294534452869094
 0.1047,0.003917014786043745
 0.1047,0.006269884055860013
 0.1047,0.008984942976212244
 0.1048,0.011943285595975187
 0.1048,0.015015455337482877
 0.1049,0.018067128383530903
 0.1049,0.020964990866702837
 0.1050,0.023582552234498195
 0.1050,0.02580564335381027
 0.1051,0.027537364500885234
 0.1051,0.02870227423205812
 0.1052,0.029249643915942574
 0.1052,0.029155642874203434
 0.1052,0.02842436396063269
 0.1053,0.027087647375149283
 0.1053,0.025203709946470122
 0.1054,0.02285463634301151
 0.1054,0.020142835948325343
 0.1055,0.017186612770932048
 0.1055,0.014115034156765674
 0.1056,0.011062315688573637
 0.1056,0.008161962968113548
 0.1057,0.005540924623362677
 0.1057,0.003314013811415051
 0.1058,0.0015788470098316275
 0.1058,0.0004115287433906999
 0.1058,-0.00013672057203291095
 0.1059,-4.183813181833686e-05
 0.1059,0.0006920120242829722
 0.1060,0.0020326239649863845
 0.1060,0.003921180404152528
 0.1061,0.006274862149184365
 0.1061,0.008990515445569745
 0.1062,0.011949208488705898
 0.1062,0.015021469577669685
 0.1063,0.018072971127695955
 0.1063,0.020970406983564276
 0.1064,0.023587305410718372
 0.1064,0.025809526350404018
 0.1064,0.027540208123867125
 0.1065,0.028703954637316627
 0.1065,0.029250087943788482
 0.1066,0.029154831196212223
 0.1066,0.02842233191209628
 0.1067,0.027084483437183424
 0.1067,0.02519955193645175
 0.1068,0.022849665470173284
 0.1068,0.020137268983574333
 0.1069,0.017180692659864556
 0.1069,0.014109019469944344
 0.1069,0.011056469355208305
 0.1070,0.008156540778511556
 0.1070,0.0055361640050495715
 0.1071,0.0033101233783573384
 0.1071,0.0015759973531785055
 0.1072,0.00040984488057036264
 0.1072,-0.0001371647430551201
 0.1073,-4.1023115701810305e-05
 0.1073,0.000694050452888504
 0.1074,0.0020357963511198423
 0.1074,0.00392534758582165
 0.1075,0.006279841428680828
 0.1075,0.008996088671349151
 0.1075,0.011955131676695926
 0.1076,0.015027483638051732
 0.1076,0.01807881321962607
 0.1077,0.020975821996883474
 0.1077,0.02359205707307891
 0.1078,0.025813407480568016
 0.1078,0.027543049596745327
 0.1079,0.028705632687249
 0.1079,0.02925052950231673
 0.1080,0.029154017040223305
 0.1080,0.028420297489850577
 0.1081,0.02708131733996302
 0.1081,0.025195392082418142
 0.1081,0.022844693158256223
 0.1082,0.02013170106110577
 0.1082,0.017174772128677084
 0.1083,0.014103004928221492
 0.1083,0.011050623728151663
 0.1084,0.008151119824607618
 0.1084,0.005531405097874192
 0.1085,0.0033062350585554468
 0.1085,0.0015731501206532467
 0.1086,0.00040816364719046096
 0.1086,-0.00013760619341731946
 0.1087,-4.020540376663189e-05
 0.1087,0.0006960914409461595
 0.1087,0.0020389710581803673
 0.1088,0.003929516758671468
 0.1088,0.006284822288863947
 0.1089,0.009001662999099321
 0.1089,0.01196105543875497
 0.1090,0.015033497721381846
 0.1090,0.018084654788641054
 0.1091,0.020981235972634835
 0.1091,0.023596807236546693
 0.1092,0.025817286724916455
 0.1092,0.027545888892202733
 0.1092,0.02870730837879601
 0.1093,0.029250968635836413
 0.1093,0.029153200500394976
 0.1094,0.02841826082352223
 0.1094,0.027078149229232906
 0.1095,0.025191230526490298
 0.1095,0.022839719521044306
 0.1096,0.0201261322342767
 0.1096,0.01716885113948611
 0.1097,0.014096990386183431
 0.1097,0.011044778556991286
 0.1098,0.008145699764688381
 0.1098,0.005526647484203024
 0.1098,0.003302348373950262
 0.1099,0.0015703047922158556
 0.1099,0.0004064845026664542
 0.1100,-0.00013804546306177626
 0.1100,-3.938551842576291e-05
 0.1101,0.0006981344927004734
 0.1101,0.002042147618333052
 0.1102,0.003933687482125711
 0.1102,0.0062898043229229475
 0.1103,0.009007238072129366
 0.1103,0.011966979486611296
 0.1104,0.015039511617451233
 0.1104,0.01809049569996272
 0.1104,0.02098664884122504
 0.1105,0.023601555884134096
 0.1105,0.02582116410200222
 0.1106,0.027548726037229875
 0.1106,0.02870898171435459
 0.1107,0.02925140529849485
 0.1107,0.02915238148016744
 0.1108,0.028416221780606103
 0.1108,0.02707497895637429
 0.1109,0.025187067124132614
 0.1109,0.022834744443444716
 0.1109,0.020120562450346078
 0.1110,0.017162929733417796
 0.1110,0.014090975995453213
 0.1111,0.011038934101112693
 0.1111,0.008140280951707768
 0.1112,0.00552189159467267
 0.1112,0.003298463816898082
 0.1113,0.0015674619029804218
 0.1113,0.00040480800278271415
 0.1114,-0.00013848199734713075
 0.1114,-3.856292350446398e-05
 0.1115,0.0007001801165298236
 0.1115,0.0020453265109369244
 0.1115,0.003937860207222645
 0.1116,0.0062947879469172725
 0.1116,0.00901281425481235
 0.1117,0.011972904114235693
 0.1117,0.015045525540031267
 0.1118,0.01809633609000859
 0.1118,0.020992060672312154
 0.1119,0.023606303031727286
 0.1119,0.025825039591526492
 0.1120,0.027551561003255023
 0.1120,0.0287106526910733
 0.1121,0.029251839537444403
 0.1121,0.029151560079144653
 0.1121,0.028414180497938767
 0.1122,0.027071806675092406
 0.1122,0.025182902025166244
 0.1123,0.022829768045241436
 0.1123,0.020114991765183967
 0.1124,0.017157007869995744
 0.1124,0.014084961602086775
 0.1125,0.01103309009588344
 0.1125,0.008134863024832927
 0.1126,0.005517136988486888
 0.1126,0.0032945808829575843
 0.1127,0.0015646209042734843
 0.1127,0.0004031335772958927
 0.1127,-0.0001389163657181477
 0.1128,-3.773816989164593e-05
 0.1128,0.0007022277897025892
 0.1129,0.0020485072426504377
 0.1129,0.003942034469357338
 0.1130,0.006299772731906059
 0.1130,0.009018391171096263
 0.1131,0.011978829017786392
 0.1131,0.015051539267623785
 0.1132,0.018102175816740347
 0.1132,0.020997471392522473
 0.1132,0.023611048661364525
 0.1133,0.02582891321296093
 0.1133,0.02755439381856407
 0.1134,0.028712321311144304
 0.1134,0.029252271303914473
 0.1135,0.029150736195152353
 0.1135,0.028412136835602293
 0.1136,0.02706863222859344
 0.1136,0.02517873507715261
 0.1137,0.022824790205189776
 0.1137,0.02010942012347733
 0.1138,0.01715108559303683
 0.1138,0.014078947366475945
 0.1138,0.011027246815269336
 0.1139,0.008129446356659013
 0.1139,0.005512384120113953
 0.1140,0.0032907000916215573
 0.1140,0.0015617823606148768
 0.1141,0.0004014618124499078
 0.1141,-0.00013934798322439627
 0.1142,-3.691069215698721e-05
 0.1142,0.0007042780483076061
 0.1143,0.002051690319023122
 0.1143,0.003946210744248875
 0.1144,0.006304759116684388
 0.1144,0.009023969205233486
 0.1144,0.011984754507239953
 0.1145,0.015057553025615811
 0.1145,0.018108015024018556
 0.1146,0.021002881075377698
 0.1146,0.023615792789930184
 0.1147,0.02583278494507823
 0.1147,0.02755722445325605
 0.1148,0.028713987571913978
 0.1148,0.02925270064804715
 0.1149,0.029149909933557327
 0.1149,0.028410090938056715
 0.1149,0.027065455778977683
 0.1150,0.025174566438016674
 0.1150,0.022819811049394918
 0.1151,0.020103847583725663
 0.1151,0.017145162859293843
 0.1152,0.014072933125677251
 0.1152,0.01102140397965416
 0.1153,0.008124030566158406
 0.1153,0.0055076325242661645
 0.1154,0.0032868209105932885
 0.1154,0.001558945693149946
 0.1155,0.00039979210668399556
 0.1155,-0.0001397774504603474
 0.1155,-3.608107121614493e-05
 0.1156,0.0007063303411410974
 0.1156,0.0020548752198033416
 0.1157,0.003950388541923939
 0.1157,0.006309746648953443
 0.1158,0.009029547960777921
 0.1158,0.011990680262295926
 0.1159,0.015063566580541678
 0.1159,0.01811385356216889
 0.1160,0.021008289643543742
 0.1160,0.023620535398426623
 0.1161,0.025836654808278115
 0.1161,0.027560052936974177
 0.1161,0.028715651475394767
 0.1162,0.029253127517993652
 0.1162,0.02914908118625799
 0.1163,0.028408042657539413
 0.1163,0.027062277160822667
 0.1164,0.02517039594702978
 0.1164,0.022814830450142133
 0.1165,0.020098274087920157
 0.1165,0.017139239715428852
 0.1166,0.014066919049319214
 0.1166,0.011015561878422724
 0.1167,0.008118616046699296
 0.1167,0.00550288268056448
 0.1167,0.003282943887941738
 0.1168,0.0015561114973717748
 0.1168,0.0003981250783943735
 0.1169,-0.0001402041504844258
 0.1169,-3.5248710809858915e-05
 0.1170,0.0007083852335277713
 0.1170,0.002058062478155317
 0.1171,0.00395456836413206
 0.1171,0.006314735791486961
 0.1172,0.009035127842917092
 0.1172,0.011996606609824007
 0.1172,0.015069580170068767
 0.1173,0.018119691582881767
 0.1173,0.021013697174624823
 0.1174,0.023625276504817157
 0.1174,0.02584052278039215
 0.1175,0.027562879238440977
 0.1175,0.028717313019122583
 0.1176,0.02925355196706593
 0.1176,0.029148250064723342
 0.1177,0.02840599214659339
 0.1177,0.02705909654511462
 0.1178,0.025166223770610376
 0.1178,0.02280984854014861
 0.1178,0.020092699697309868
 0.1179,0.017133316115258243
 0.1179,0.014060904964963167
 0.1180,0.011009720216115484
 0.1180,0.008113202395920753
 0.1181,0.005498134097881477
 0.1181,0.003279068462005699
 0.1182,0.0015532791626122185
 0.1182,0.00039646009304585505
 0.1183,-0.00014062871673274288
 0.1183,-3.4414223536261305e-05
 0.1184,0.0007104421442470388
 0.1184,0.0020612515454959198
 0.1184,0.003958749694189372
 0.1185,0.006319726067361223
 0.1185,0.009040708433698147
 0.1186,0.012002533212219285
 0.1186,0.015075593548169262
 0.1187,0.018125528928446977
 0.1187,0.021019103587088313
 0.1188,0.023630016089006455
 0.1188,0.02584438888280301
 0.1189,0.027565703388700912
 0.1189,0.028718972204889066
 0.1190,0.029253973940162215
 0.1190,0.02914741645457564
 0.1190,0.028403939249146096
 0.1191,0.02705591375730839
 0.1191,0.025162049739292584
 0.1192,0.022804865184897143
 0.1192,0.02008712435107596
 0.1193,0.01712739210848221
 0.1193,0.01405489105200981
 0.1194,0.011003879298396056
 0.1194,0.008107790029073723
 0.1195,0.005493387282372383
 0.1195,0.0032751952110392276
 0.1195,0.0015504493170493342
 0.1196,0.00039479780288744176
 0.1196,-0.00014105049854125134
 0.1197,-3.3576980596207104e-05
 0.1197,0.000712501669439814
 0.1198,0.0020644429840790354
 0.1198,0.003962933061290912
 0.1199,0.006324717964648975
 0.1199,0.009046290160396969
 0.1200,0.012008460414104593
 0.1200,0.015081606965387497
 0.1201,0.01813136575879698
 0.1201,0.0210245089628314
 0.1201,0.023634754170087258
 0.1202,0.025848253092342875
 0.1202,0.02756852535503265
 0.1203,0.02872062903046869
 0.1203,0.02925439349393909
 0.1204,0.029146580473758097
 0.1204,0.028401884126282646
 0.1205,0.02705272897773243
 0.1205,0.025157874028484087
 0.1206,0.022799880524123156
 0.1206,0.020081548113368923
 0.1207,0.017121467645786877
 0.1207,0.014048877127962284
 0.1207,0.010998038813068744
 0.1208,0.00810237852132072
 0.1208,0.005488641715640031
 0.1209,0.0032713235423648458
 0.1209,0.001547621316451078
 0.1210,0.0003931375386056113
 0.1210,-0.00014147016399793002
 0.1211,-3.2737628009593244e-05
 0.1211,0.00071456319624657
 0.1212,0.0020676362154561623
 0.1212,0.003967117920565282
 0.1212,0.006329710980433408
 0.1213,0.009051872582366319
 0.1213,0.012014387859624654
 0.1214,0.01508762016245605
 0.1214,0.01813720190776238
 0.1215,0.02102991321592955
 0.1215,0.023639490726791675
 0.1216,0.025852115431397055
 0.1216,0.027571345169960924
 0.1217,0.028722283497407557
 0.1217,0.02925481056986328
 0.1218,0.029145742001230837
 0.1218,0.02839982661315444
 0.1218,0.027049542022236656
 0.1219,0.025153696459488725
 0.1219,0.022794894416118622
 0.1220,0.02007597092039952
 0.1220,0.0171155427801066
 0.1221,0.014042863382563778
 0.1221,0.010992199082964293
 0.1222,0.008096968311022256
 0.1222,0.005483897931894195
 0.1223,0.0032674540661112345
 0.1223,0.0015447958234374238
 0.1224,0.00039147998813645344
 0.1224,-0.000141887026844347
 0.1224,-3.189550262925486e-05
 0.1225,0.000716627353289197
 0.1225,0.0020708318325302257
 0.1226,0.003971304830127831
 0.1226,0.006334705629489236
 0.1227,0.009057456150199329
 0.1227,0.012020315912127964
 0.1228,0.01509363340353296
 0.1228,0.018143037543993077
 0.1229,0.021035316432796464
 0.1229,0.02364422577939787
 0.1230,0.025855975875757962
 0.1230,0.027574162799296618
 0.1230,0.02872393560376487
 0.1231,0.02925522522809763
 0.1231,0.029144901161757584
 0.1232,0.028397766879858972
 0.1232,0.02704635308108008
 0.1233,0.025149517217202093
 0.1233,0.022789907007940233
 0.1234,0.020070392839323374
 0.1234,0.017109617458785715
 0.1235,0.01403684962268952
 0.1235,0.010986359778259305
 0.1235,0.008091558949554637
 0.1236,0.005479155383902071
 0.1236,0.003263586156853828
 0.1237,0.0015419721584094116
 0.1237,0.00038982444553609216
 0.1238,-0.0001423017917194186
 0.1238,-3.105128575057953e-05
 0.1239,0.0007186934943533385
 0.1239,0.0020740292253528273
 0.1240,0.003975493215395686
 0.1240,0.006339701381473464
 0.1241,0.00906304039931973
 0.1241,0.012026244196563795
 0.1241,0.015099646415358877
 0.1242,0.018148872492331825
 0.1242,0.021040718522871035
 0.1243,0.023648959305478678
 0.1243,0.02585983444890201
 0.1244,0.02757697827701543
 0.1244,0.028725585350757258
 0.1245,0.029255637406534696
 0.1245,0.02914405782732307
 0.1246,0.028395704752279937
 0.1246,0.027043161959879745
 0.1247,0.025145336113191915
 0.1247,0.02278491815041165
 0.1247,0.020064813803286667
 0.1248,0.017103691738175306
 0.1248,0.014030836048996041
 0.1249,0.010980521239941815
 0.1249,0.0080861508997599
 0.1250,0.005474414635464704
 0.1250,0.0032597204583356505
 0.1251,0.0015391510203330936
 0.1251,0.00038817163638229244
 0.1252,-0.00014271373482376937
 0.1252,-3.0204278046594142e-05
 0.1252,0.00072076228230416
 0.1253,0.0020772290192078093
 0.1253,0.003979683665013661
 0.1254,0.006344698779309828
 0.1254,0.00906862580485784
 0.1255,0.012032173096004191
 0.1255,0.015105659476483152
 0.1256,0.018154706930658314
 0.1256,0.021046119577299
 0.1257,0.023653691326460145
 0.1257,0.025863691125516747
 0.1258,0.027579791567465338
 0.1258,0.02872723273679219
 0.1258,0.029256047169012034
 0.1259,0.02914321212985902
 0.1259,0.028393640410068473
 0.1260,0.027039968859381015
 0.1260,0.025141153342309326
 0.1261,0.022779927998271672
 0.1261,0.020059233882605807
 0.1262,0.017097765562116146
 0.1262,0.014024822457143385
 0.1263,0.01097468311950718
 0.1263,0.0080807436878972
 0.1264,0.005469675108981399
 0.1264,0.003255856310592081
 0.1264,0.0015363316922404266
 0.1265,0.0003865208160524784
 0.1265,-0.00014312359933214814
 0.1266,-2.935519795936081e-05
 0.1266,0.0007228330357376847
 0.1267,0.002080430570897818
 0.1267,0.00398387557307517
 0.1268,0.0063496972637872885
 0.1268,0.009074211877055224
 0.1269,0.012038102215095464
 0.1269,0.015111672298849561
 0.1270,0.01816054067435772
 0.1270,0.02105151950067841
 0.1270,0.023658421818724747
 0.1271,0.025867545930192238
 0.1271,0.02758260270612289
 0.1272,0.028728877762734157
 0.1272,0.029256454449604865
 0.1273,0.029142363933972258
 0.1273,0.028391573669281325
 0.1274,0.02703677357446752
 0.1274,0.02513696870592304
 0.1275,0.02277493639440762
 0.1275,0.0200536530071806
 0.1275,0.017091838990611553
 0.1276,0.014018809059360322
 0.1276,0.010968845777118446
 0.1277,0.008075337802517827
 0.1277,0.005464937399447161
 0.1278,0.0032519943928849366
 0.1278,0.0015335149115043376
 0.1279,0.0003848727498278236
 0.1279,-0.00014353062193148732
 0.1280,-2.850330797184805e-05
 0.1280,0.0007249064537183541
 0.1281,0.002083634539832971
 0.1281,0.003988069560357985
 0.1281,0.006354697407443469
 0.1282,0.00907979911691498
 0.1282,0.012044031957768405
 0.1283,0.015117685176177433
 0.1283,0.018166373911017386
 0.1284,0.02105691838916582
 0.1284,0.023663150804972034
 0.1285,0.025871398836466192
 0.1285,0.02758541165578978
 0.1286,0.028730520427376276
 0.1286,0.02925685931612267
 0.1287,0.029141513379173645
 0.1287,0.028389504719635694
 0.1287,0.027033576316897755
 0.1288,0.025132782409395458
 0.1288,0.02276994350173616
 0.1289,0.020048071250649113
 0.1289,0.017085911963703793
 0.1290,0.014012795639354245
 0.1290,0.010963008844563239
 0.1291,0.008069932743489378
 0.1291,0.005460200897194284
 0.1292,0.0032481340087517586
 0.1292,0.0015306999217023598
 0.1292,0.0003832266523200291
 0.1293,-0.000143935586356115
 0.1293,-2.764936575679397e-05
 0.1294,0.0007269818176373277
 0.1294,0.002086840247759146
 0.1295,0.003992264987940925
 0.1295,0.006359698620639991
 0.1296,0.009085387008082684
 0.1296,0.012049961907286095
 0.1297,0.015123697804877288
 0.1297,0.0181722064460557
 0.1298,0.0210623161421763
 0.1298,0.023667878260246838
 0.1298,0.02587524987011833
 0.1299,0.02758821845353743
 0.1299,0.028732160731163043
 0.1300,0.0292572616985565
 0.1300,0.029140660322292167
 0.1301,0.02838743336688202
 0.1301,0.027030376870241592
 0.1302,0.025128594243273735
 0.1302,0.02276494915477371
 0.1303,0.02004248853951003
 0.1303,0.01707998454529321
 0.1304,0.014006782421650404
 0.1304,0.010957172702281245
 0.1304,0.008064529026525075
 0.1305,0.005455466230162801
 0.1305,0.0032442758749328107
 0.1306,0.0015278875007324287
 0.1306,0.00038158333067683944
 0.1307,-0.00014433768762252177
 0.1307,-2.6792593545800654e-05
 0.1308,0.0007290598647433967
 0.1308,0.0020900483901013745
 0.1309,0.003996462510527066
 0.1309,0.006364701507191098
 0.1310,0.009090976078889151
 0.1310,0.012055892489514771
 0.1310,0.015129710494596035
 0.1311,0.018178038477289063
 0.1311,0.02106771286117995
 0.1312,0.023672604208608887
 0.1312,0.025879099003455776
 0.1313,0.027591023060528134
 0.1313,0.028733798673336437
 0.1314,0.029257661668907267
 0.1314,0.0291398049108435
 0.1315,0.02838535981133481
 0.1315,0.027027175457896582
 0.1315,0.02512440442403746
 0.1316,0.022759953524977623
 0.1316,0.02003690495086449
 0.1317,0.017074056671429774
 0.1317,0.014000769177328018
 0.1318,0.010951336961223513
 0.1318,0.008059126123575573
 0.1319,0.005450732754858823
 0.1319,0.003240419256469928
 0.1320,0.001525076850531189
 0.1320,0.00037994195651323923
 0.1321,-0.00014473775225375964
 0.1321,-2.5933790347285106e-05
 0.1321,0.0007311398372194171
 0.1322,0.0020932582516238513
 0.1322,0.004000661454375304
 0.1323,0.006369705445324928
 0.1323,0.009096565784907602
 0.1324,0.012061823265179919
 0.1324,0.015135722925391254
 0.1325,0.018183869799624792
 0.1325,0.0210731084401279
 0.1326,0.02367732862372373
 0.1326,0.02588294626355137
 0.1327,0.027593825515520476
 0.1327,0.028735434253847426
 0.1327,0.029258059152827174
 0.1328,0.029138946993422593
 0.1328,0.02838328384785147
 0.1329,0.027023971851449904
 0.1329,0.025120212730802186
 0.1330,0.02275495643812293
 0.1330,0.020031320407691677
 0.1331,0.017068128410129745
 0.1331,0.01399475614389662
 0.1332,0.01094550202324174
 0.1332,0.008053724579008017
 0.1333,0.005446001133936683
 0.1333,0.003236564909642954
 0.1333,0.0015222687917791841
 0.1334,0.00037830338115196825
 0.1334,-0.0001451349313563306
 0.1335,-2.5072135942285023e-05
 0.1335,0.0007332225125958717
 0.1336,0.0020964705657235366
 0.1336,0.004004862509899561
 0.1337,0.00637471107183365
 0.1337,0.009102156683289054
 0.1338,0.012067754683306849
 0.1338,0.01514173542370234
 0.1338,0.018189700621664192
 0.1339,0.021078502986120597
 0.1339,0.02368205153108168
 0.1340,0.025886791621392742
 0.1340,0.02759662577794522
 0.1341,0.028737067472470432
 0.1341,0.029258454226824153
 0.1342,0.029138086726008403
 0.1342,0.02838120568791616
 0.1343,0.027020766286612822
 0.1343,0.025116019391788508
 0.1344,0.022749958074664307
 0.1344,0.020025734990708255
 0.1344,0.01706219969318094
 0.1345,0.013988743079076467
 0.1345,0.010939667477267493
 0.1346,0.008048323835324422
 0.1346,0.005441270688265768
 0.1347,0.0032327120588740137
 0.1347,0.0015194624824629332
 0.1348,0.00037666673080669977
 0.1348,-0.00014553009655277592
 0.1349,-2.4208472902616137e-05
 0.1349,0.0007353070916809704
 0.1350,0.002099684578153068
 0.1350,0.004009064966690235
 0.1350,0.006379717731102307
 0.1351,0.009107748200019668
 0.1351,0.012073686280832416
 0.1352,0.015147747652343363
 0.1352,0.01819553072726201
 0.1353,0.021083896387340977
 0.1353,0.023686772902862793
 0.1354,0.02589063510537853
 0.1354,0.02759942388834601
 0.1355,0.02873869832860262
 0.1355,0.029258846811897034
 0.1355,0.029137223948500178
 0.1356,0.028379125114940375
 0.1356,0.027017558522357876
 0.1357,0.02511182417406828
 0.1357,0.022744958251111745
 0.1358,0.020020148619194513
 0.1358,0.017056270593018785
 0.1359,0.013982730234099423
 0.1359,0.010933833747768906
 0.1360,0.008042924467192451
 0.1360,0.005436542117129508
 0.1361,0.003228861502154208
 0.1361,0.0015166587883873048
 0.1361,0.00037503290342865976
 0.1362,-0.00014592235259959735
 0.1362,-2.334193629717398e-05
 0.1363,0.000737394394462228
 0.1363,0.002102901062379795
 0.1364,0.004013269552859242
 0.1364,0.0063847260946764935
 0.1365,0.009113340922622375
 0.1365,0.012079618531204534
 0.1366,0.01515375995547074
 0.1366,0.01820136033637922
 0.1367,0.021089288756810952
 0.1367,0.02369149276608091
 0.1367,0.025894476685128166
 0.1368,0.02760221980431494
 0.1368,0.02874032682261199
 0.1369,0.029259236989349156
 0.1369,0.029136358825810543
 0.1370,0.02837704235216541
 0.1370,0.027014348807334124
 0.1371,0.025107627318238252
 0.1371,0.022739957157432055
 0.1372,0.02001456137760286
 0.1372,0.017050341036859415
 0.1373,0.013976717352604681
 0.1373,0.010928000400437086
 0.1373,0.008037525885943366
 0.1374,0.005431814703727321
 0.1374,0.0032250124211077227
 0.1375,0.0015138568212204032
 0.1375,0.00037340097732909165
 0.1376,-0.0001463126187411344
 0.1376,-2.247341461265927e-05
 0.1377,0.000739483578194196
 0.1377,0.0021061192230003804
 0.1378,0.004017475519227854
 0.1378,0.0063897354712587826
 0.1378,0.009118934245932634
 0.1379,0.012085550946296802
 0.1379,0.015159771977686035
 0.1380,0.01820718922117836
 0.1380,0.021094679976615974
 0.1381,0.023696211091352358
 0.1381,0.025898316390446624
 0.1382,0.027605013568271924
 0.1382,0.028741952953280518
 0.1383,0.029259624675243557
 0.1383,0.02913549118865184
 0.1384,0.02837495717089045
 0.1384,0.027011136887215716
 0.1384,0.025103428578664
 0.1385,0.022734954600392803
 0.1385,0.020008973181405654
 0.1386,0.017044411101841423
 0.1386,0.013970704700301276
 0.1387,0.0109221678836697
 0.1387,0.008032128698282435
 0.1388,0.005427089186033792
 0.1388,0.00322116565764163
 0.1389,0.0015110574943298643
 0.1389,0.0003717718996988741
 0.1390,-0.00014669995083676623
 0.1390,-2.1601995799739974e-05
 0.1390,0.0007415755075490278
 0.1391,0.0021093398757575073
 0.1391,0.0040216836337456565
 0.1392,0.006394746569016974
 0.1392,0.009124528789425485
 0.1393,0.012091484025274062
 0.1393,0.01516578408183398
 0.1394,0.018213017613606868
 0.1394,0.021100070166038536
 0.1395,0.02370092790732747
 0.1395,0.02590215418953745
 0.1395,0.02760780513590217
 0.1396,0.028743576721586818
 0.1396,0.02926000995596885
 0.1397,0.02913462121143084
 0.1397,0.02837286980683394
 0.1398,0.02700792302431513
 0.1398,0.025099228208978586
 0.1399,0.022729950779956116
 0.1399,0.02000338411899587
 0.1400,0.017038480710349378
 0.1400,0.01457334535755483
