67,0.0
67,6.630984245936786e-05
67,6.630984245936786e-05
67,6.630845603890675e-05
67,6.626122944037518e-05
67,6.613136249149154e-05
67,6.590747542589957e-05
67,6.573148839645453e-05
67,6.593179884512625e-05
67,6.67842588817009e-05
67,6.843503829709427e-05
67,7.107498685220524e-05
67,7.494759152488216e-05
67,8.01336650029455e-05
67,8.64033306551371e-05
67,9.32719836921189e-05
67,0.00010021029611523408
67,0.00010682447572730178
67,0.00011283969208108308
67,0.0001180090768079661
67,0.00012215982918876035
67,0.0001251966748171606
67,0.00012691696944877096
67,0.0001270369849228945
67,0.00012551491811405648
67,0.00012271233899354051
67,0.00011921531372660217
67,0.00011547064910450232
67,0.00011159471709806106
67,0.00010756442188637265
67,0.00010345734193940735
67,9.9507656729819e-05
67,9.612428017864045e-05
67,9.383578404251038e-05
67,9.296757402481148e-05
67,9.328073811474864e-05
67,9.412655728848344e-05
67,9.506085177049646e-05
67,9.616176320174767e-05
67,9.772621745896105e-05
67,9.99156337966089e-05
67,0.00010286666385570481
67,0.00010696697480512458
67,0.00011261924739576596
67,0.00011941807247931186
67,0.00012577322494915406
67,0.00012989204591247832
67,0.00013117401934274725
67,0.00013030721950718491
67,0.0001281993894896818
67,0.00012525343648540013
67,0.00012147779571065958
67,0.00011685779966981871
67,0.00011152409354118433
67,0.0001057155613379816
67,9.989495939067425e-05
67,9.488060144298722e-05
67,9.140358670658557e-05
67,8.942600064261375e-05
67,8.821625719636075e-05
67,8.721757472270527e-05
67,8.664135456939103e-05
67,8.716275754170648e-05
67,8.931561492553825e-05
67,9.3295160640643e-05
67,9.896645287297912e-05
67,0.00010569876085212229
67,0.00011243744235190082
67,0.00011834872107455499
67,0.00012334034767680387
67,0.00012773535117971234
67,0.00013165953505162815
67,0.000135194610133949
67,0.0001390246643877253
67,0.00014423111997651108
67,0.00015087071909081703
67,0.0001570589751974355
67,0.0001602876693152112
67,0.0001595702107682499
67,0.00015567008077481523
67,0.00014969714985859432
67,0.00014237958428025044
67,0.00013449198082365294
67,0.0001271950886385809
67,0.00012157445580773988
67,0.00011797760213496442
67,0.00011622011767175935
67,0.00011638808747011871
67,0.00011884614687892392
67,0.00012342721760484786
67,0.0001291404084061328
67,0.00013490078696408483
67,0.0001404132872497612
67,0.00014620174963227424
67,0.0001529142314877941
67,0.00016089104168003746
67,0.00017021882083588182
67,0.00018062573366179775
67,0.0001912933409988338
67,0.00020114661188239276
67,0.00020928038731705915
67,0.00021501322630692004
67,0.00021794621566058645
67,0.00021845408222576743
67,0.00021801766384226508
67,0.00021840764012980002
67,0.00022000451404292928
67,0.00022110660909701964
67,0.00021942081750637651
67,0.0002141117769627721
67,0.00020603316135757953
67,0.0001965683219972647
67,0.00018696350818986988
67,0.00017831646814474915
67,0.00017148677783308165
67,0.00016701270031735938
67,0.00016519156991051
67,0.00016620724896415865
67,0.00017031027790759143
67,0.0001777172124508767
67,0.00018804943216189083
67,0.00020000639703507612
67,0.00021185157010013161
67,0.0002223898716413252
67,0.00023159850111091707
67,0.0002403189162772305
67,0.00024932987090473083
67,0.00025868667671175027
67,0.0002678143430756276
67,0.00027616408620721283
67,0.0002837026264695191
67,0.00029043365212085687
67,0.00029547365327857065
67,0.00029741444431389066
67,0.00029598650756738437
67,0.00029264385521954084
67,0.00028898060737841307
67,0.0002850298171363013
67,0.0002795752731645325
67,0.0002718443111486476
67,0.00026229831121317524
67,0.0002518363955200398
67,0.00024118989434309865
67,0.00023138352079273757
67,0.00022377109478631928
67,0.00021911695517245897
67,0.0002172532046691619
67,0.000217868687897763
67,0.00022114447138017737
67,0.00022743696086326056
67,0.00023668413272576603
67,0.00024834381263333876
67,0.00026161045923652566
67,0.0002753747232717582
67,0.00028828458706735505
67,0.00029929414287393016
67,0.00030814367081844076
67,0.0003150457862385563
67,0.00031983851341675103
67,0.00032187198245503377
67,0.00032116831526132793
67,0.0003192440764741823
67,0.0003177171355112173
67,0.0003160507460928881
67,0.000311958348445808
67,0.00030435060874275645
67,0.0002944793331545308
67,0.000283759532175306
67,0.0002719370210545887
67,0.0002581896705240509
67,0.00024311584983499133
67,0.00022859535178800482
67,0.00021590781072554973
67,0.00020519173834124223
67,0.00019686732804511967
67,0.00019215178440896218
67,0.00019167320131764236
67,0.00019465350808441445
67,0.000199979333937548
67,0.00020739427977182402
67,0.00021714753453549117
67,0.00022892512739869692
67,0.0002418418454732328
67,0.0002553329572010289
67,0.00026928191322834024
67,0.00028327540655673374
67,0.00029632202809049506
67,0.0003073547063990097
67,0.00031555461103961236
67,0.00031997080345715583
67,0.0003195683125471711
67,0.00031469404999993536
67,0.00030803181622031763
67,0.0003025331510500081
67,0.00029829277071042226
67,0.00029283481994826755
67,0.00028443337693677954
67,0.00027361124611042815
67,0.000261442155563444
67,0.00024824516992738604
67,0.00023462701995628148
67,0.0002225665704618042
67,0.00021428550439797034
67,0.00021024075027551825
67,0.0002092219249657636
67,0.00021044300973566656
67,0.00021443877466221318
67,0.00022176412432876346
67,0.00023186812094938135
67,0.0002436037745725249
67,0.00025614324091463326
67,0.0002689127450104642
67,0.0002810297960977861
67,0.000291571997857793
67,0.0003005105553092765
67,0.00030873198184221964
67,0.00031688637672126687
67,0.0003245838967538764
67,0.0003307697272866875
67,0.0003343300537917734
67,0.00033411608880418674
67,0.0003294015505012471
67,0.0003213271809947439
67,0.0003131017267244636
67,0.0003073099281286365
67,0.0003031096243806971
67,0.0002971722598022389
67,0.00028720191112639656
67,0.0002734732417981515
67,0.00025746282167157385
67,0.00024071101335212684
67,0.00022526361277082346
67,0.00021374020036651483
67,0.00020785268677062077
67,0.00020710448847485776
67,0.00020961738221789164
67,0.00021414255164848474
67,0.00022066247393991476
67,0.0002292059780018948
67,0.00023898199306769495
67,0.00024891433264407
67,0.0002583925459425911
67,0.00026712172121674306
67,0.0002746320738672225
67,0.00028050740495989915
67,0.00028505331307846887
67,0.00028913605910211454
67,0.00029313474963399937
67,0.0002964363947620599
67,0.0002979831644634575
67,0.0002967842855575462
67,0.0002920281262147011
67,0.00028377566100358016
67,0.00027396593882581725
67,0.00026570317906316946
67,0.00026057516315406755
67,0.0002569962636057243
67,0.00025185079828174715
67,0.00024346401440891426
67,0.00023241334303567945
67,0.00022015699184654616
67,0.00020818454481358166
67,0.00019834779933457314
67,0.00019258117278070792
67,0.00019166794020204496
67,0.000194773533643249
67,0.00020046968013726817
67,0.00020793755857388685
67,0.00021693531598493632
67,0.000226906679878372
67,0.00023668264404960235
67,0.00024509075160282403
67,0.00025152485732586995
67,0.0002558683341794897
67,0.00025822947644223995
67,0.00025907659833866633
67,0.0002593232881068934
67,0.0002596835239778774
67,0.00025990854403706344
67,0.00025901136108488786
67,0.0002561006195453629
67,0.00025067394028093295
67,0.0002426042651605941
67,0.000232635839136518
67,0.00022265120249767402
67,0.00021442848373448125
67,0.00020784647811242717
67,0.00020095921781377639
67,0.0001921315403771828
67,0.00018163240841363848
67,0.0001709743239020335
67,0.00016145068899894155
67,0.00015380934027590864
67,0.0001486687178690405
67,0.0001463769015403224
67,0.0001465342561134453
67,0.0001483125457143096
67,0.00015139658254306607
67,0.00015620848466744525
67,0.0001630239123730677
67,0.00017114571866949196
67,0.00017917922448788527
67,0.00018592910278831404
67,0.00019086043734035824
67,0.0001939731281947332
67,0.00019567509309933133
67,0.00019679355202032397
67,0.00019811491713452622
67,0.00019947271163816516
67,0.00019962669766356015
67,0.0001974660344525625
67,0.00019309756298783537
67,0.0001875121121315516
67,0.00018169018210075166
67,0.00017644059380438157
67,0.0001724731443880393
67,0.00016978310632936893
67,0.00016718500748552016
67,0.00016329783533654878
67,0.000158180111245549
67,0.00015353321439460054
67,0.00015114344225362788
67,0.00015149616500470924
67,0.00015397595633647197
67,0.00015778317323024283
67,0.0001621911821583784
67,0.00016639506403490206
67,0.00016992010544517066
67,0.00017321439528544295
67,0.00017730172287866208
67,0.00018263170896522417
67,0.00018848535466416933
67,0.00019362502783102202
67,0.0001972733430539497
67,0.00019937185178081008
67,0.00020028288993815396
67,0.0002005837283377108
67,0.00020093184367116096
67,0.00020150756674029466
67,0.00020141717501735907
67,0.00019923827280571922
67,0.00019458128371857434
67,0.00018878626432162067
67,0.00018373701225376412
67,0.00018024729038432517
67,0.0001778123126870212
67,0.00017542255312583293
67,0.00017206117089761227
67,0.00016682983152549346
67,0.00015955220771977672
67,0.00015146571698097385
67,0.00014473323281910462
67,0.00014087308941579887
67,0.0001397816992232712
67,0.00014031825044724558
67,0.00014142353466281766
67,0.0001424389917907851
67,0.0001428712305556397
67,0.0001425447763827303
67,0.00014195462447236153
67,0.00014193123456949307
67,0.0001427624042452334
67,0.000143890962167192
67,0.00014462136219370894
67,0.00014494250929969254
67,0.00014549707644401176
67,0.00014688383224127665
67,0.00014915456411702585
67,0.00015180799760793423
67,0.0001538826023745297
67,0.0001541483858537352
67,0.0001519467300107762
67,0.00014822311233333348
67,0.0001452407183448524
67,0.00014474042320989806
67,0.00014643545742050722
67,0.00014847189248505947
67,0.00014906248627993612
67,0.00014742710513706157
67,0.00014370848220192012
67,0.00013879336198293433
67,0.00013421269690116558
67,0.00013152627774844536
67,0.00013134221439769912
67,0.00013301357834797161
67,0.00013545844986118065
67,0.00013812570045442684
67,0.0001410380930859264
67,0.00014423496272481803
67,0.00014753126252714722
67,0.00015066935542018016
67,0.00015334980406621687
67,0.00015508548674136174
67,0.00015538164027357527
67,0.00015436668981834388
67,0.00015311770446114602
67,0.00015301218170861515
67,0.00015461112697519173
67,0.0001571907345166009
67,0.0001592653051641122
67,0.0001594700886036665
67,0.00015726869675427183
67,0.0001534511504089322
67,0.00015006261119592383
67,0.00014917200887397665
67,0.00015111186093987947
67,0.00015396127179586426
67,0.00015495366807908562
67,0.00015237770166289766
67,0.00014627751203045438
67,0.000137928420170684
67,0.00012908417532982977
67,0.00012139552469027818
67,0.00011583336125403258
67,0.00011232429877563676
67,0.00011009379564055996
67,0.0001085855387678309
67,0.00010803987788440424
67,0.00010912670812532523
67,0.00011213531928739986
67,0.00011657261364300512
67,0.00012136832426870091
67,0.0001253590603887565
67,0.00012778783293136115
67,0.00012875407465360125
67,0.00012941350675941502
67,0.0001314977160581602
67,0.00013614218856362016
67,0.00014288248717921428
67,0.00014977350786707393
67,0.00015457744623396827
67,0.00015607070996716117
67,0.00015469316042149612
67,0.0001523657732358733
67,0.00015150782678046383
67,0.00015355988958463496
67,0.00015797829792447697
67,0.00016263797470947037
67,0.00016535616211511636
67,0.0001652097670038226
67,0.00016273346838488977
67,0.0001592600956991343
67,0.00015613258530136197
67,0.00015415538550134626
67,0.00015337886644210713
67,0.00015333311297557862
67,0.00015365013196952092
67,0.0001546176856024252
67,0.00015712982293651073
67,0.00016200131634885049
67,0.00016920391824080394
67,0.0001776073015797937
67,0.00018537954860266221
67,0.0001908360686354251
67,0.00019333165560652917
67,0.00019369898198168205
67,0.00019385710627921294
67,0.0001956692782737939
67,0.00019974887294072692
67,0.0002051107758864038
67,0.00020991248806455546
67,0.0002126060811513889
67,0.00021268081422374174
67,0.00021074529011268805
67,0.00020806877562213445
67,0.0002057537929421117
67,0.0002039384320335772
67,0.0002016605952631501
67,0.000197612381678536
67,0.0001911694191216688
67,0.00018281242628893256
67,0.0001737244508778871
67,0.00016511758857063786
67,0.00015780013060104095
67,0.00015199737254088357
67,0.00014738383476900005
67,0.00014345557103704557
67,0.00014013944592156926
67,0.00013812462925513126
67,0.00013850750999380655
67,0.00014200216624684568
67,0.000148377678299365
67,0.00015648893289710775
67,0.00016477551778018953
67,0.00017194848271045123
67,0.00017757961870087688
67,0.00018223810902746442
67,0.000186946096328893
67,0.00019223272887687013
67,0.00019758098502234802
67,0.00020184045080070488
67,0.00020421061249311916
67,0.00020479935685926493
67,0.00020431564482662336
67,0.00020342461381317437
67,0.00020241245400642383
67,0.0002011635413011157
67,0.0001992129105061876
67,0.00019597734917098513
67,0.00019126479202372426
67,0.00018566857382115316
67,0.00018033868565227814
67,0.0001762670033970371
67,0.00017381571743703186
67,0.0001728692180826975
67,0.0001732086438176162
67,0.00017466489911083653
67,0.00017715309195785018
67,0.00018078469024428097
67,0.00018587867595451903
67,0.00019265518683079738
67,0.0002008314086482656
67,0.00020958226994399103
67,0.00021796038400602577
67,0.00022537925978898692
67,0.00023178018922203548
67,0.0002374650606947071
67,0.00024276446762126256
67,0.0002476672877779877
67,0.00025159293916636813
67,0.0002536363010207647
67,0.0002533411794473514
67,0.00025131682889182217
67,0.0002488441879567613
67,0.00024667068633293324
67,0.00024425216999478694
67,0.00024021827879794883
67,0.00023342224423621193
67,0.00022355938024063923
67,0.00021122143986436568
67,0.00019776918132987119
67,0.00018501626703327568
67,0.0001745368323303991
67,0.00016695209068216403
67,0.00016189680657652963
67,0.00015872828602463607
67,0.00015719402692078042
67,0.0001574629750024005
67,0.0001597742030006387
67,0.00016418593361447969
67,0.00017048700191140794
67,0.00017813105908665554
67,0.0001862744001786571
67,0.00019411159322895124
67,0.0002013666414847245
67,0.00020843640994937885
67,0.0002159252489047528
67,0.00022394750422726698
67,0.0002318023672294207
67,0.0002382178597554134
67,0.0002419374335359595
67,0.0002424180690169062
67,0.00024038288447166196
67,0.00023766933227605035
67,0.00023605863006130452
67,0.00023588793138902103
67,0.000235803318075771
67,0.000233912567587161
67,0.0002291549831872979
67,0.00022179013595389365
67,0.00021308639052746434
67,0.0002047931136656615
67,0.00019857476277541352
67,0.00019540500571919945
67,0.00019525166750959024
67,0.00019741966209146217
67,0.00020130480966249349
67,0.00020682679501433192
67,0.00021419510118000993
67,0.00022338778186089183
67,0.00023385433157206126
67,0.00024457353152271396
67,0.0002543396030940927
67,0.00026216946295707207
67,0.0002677404038719355
67,0.00027160549332421667
67,0.0002748691641145396
67,0.00027839461352594
67,0.00028213610136706394
67,0.00028513598336139074
67,0.00028612281324803655
67,0.0002842607270611063
67,0.000279701295120182
67,0.000273659152573279
67,0.00026772513708564797
67,0.00026266237256961496
67,0.0002576992645958948
67,0.0002510949865099972
67,0.0002414843627573663
67,0.00022879068133323306
67,0.00021416668026843637
67,0.00019939555748098618
67,0.00018627097659529063
67,0.00017607042196112374
67,0.000169207356070297
67,0.00016532070961171018
67,0.00016382988893222345
67,0.00016450170822178087
67,0.00016751773515196527
67,0.00017304725897407456
67,0.00018079035754827078
67,0.00018986677389863166
67,0.00019906947811532328
67,0.00020730847963446866
67,0.00021404835170445651
67,0.0002195208087953109
67,0.00022448999134782764
67,0.00022958466081049575
67,0.00023465924320149398
67,0.00023875982471072696
67,0.00024073426955349076
67,0.00023994617304989074
67,0.0002366286438132188
67,0.00023181697484459573
67,0.00022689095927105044
67,0.00022280262564242526
67,0.00021946494079699619
67,0.00021592737838594167
67,0.00021128807616949117
67,0.00020550821999993187
67,0.00019943367086890088
67,0.00019419706052817452
67,0.00019066043792867482
67,0.0001892205312458562
67,0.00018984906241874394
67,0.00019225374423807856
67,0.00019616260602007665
67,0.00020158831669583446
67,0.000208801735748422
67,0.0002179562998023706
67,0.0002286672464749207
67,0.0002399204132135306
67,0.00025038454788217196
67,0.00025890548027829557
67,0.00026492510100461857
67,0.0002686557585681604
67,0.00027089147255977543
67,0.00027245157984904557
67,0.00027356406554211314
67,0.00027372906747911215
67,0.0002722614954749175
67,0.0002689895381037793
67,0.0002644036983381079
67,0.00025919637054991394
67,0.0002537208381488156
67,0.00024775752646854777
67,0.00024059418936394735
67,0.00023138603357151445
67,0.00021976377746756273
67,0.00020636007264305417
67,0.0001927489977926393
67,0.0001807101492109637
67,0.00017138230127335997
67,0.00016495723715805364
67,0.00016096653106523074
67,0.00015873376416249924
67,0.00015770630124968253
67,0.00015767244889683608
67,0.00015883708072393846
67,0.00016162292925919132
67,0.00016624502967730852
67,0.0001723949031261553
67,0.00017933053463776855
67,0.00018628036447636514
67,0.00019279767356126357
67,0.00019881936921579158
67,0.0002044563433031765
67,0.00020966944818574367
67,0.00021399853328313352
67,0.00021657740999929973
67,0.0002166277642222587
67,0.00021419502837372766
67,0.0002104178258473674
67,0.00020688537743191582
67,0.0002045577237257649
67,0.00020320219657219581
67,0.00020173723657643415
67,0.00019903907443758574
67,0.0001946134018852852
67,0.00018890312656642233
67,0.00018319801701968715
67,0.00017910681962756352
67,0.00017777316056981652
67,0.00017935893905620428
67,0.00018320204543764937
67,0.0001884326155214508
67,0.00019445484582509935
67,0.0002010125398065834
67,0.00020802063450063663
67,0.00021538492775682026
67,0.00022284518513098639
67,0.00022987363177137085
67,0.00023577631809485608
67,0.00024005084524467184
67,0.00024274922494890792
67,0.0002444765640491571
67,0.0002459506069411466
67,0.0002474492453594643
67,0.00024855385715557345
67,0.00024835222048007986
67,0.0002460127538695585
67,0.00024147077500271598
67,0.00023574969738653282
67,0.00023043671438595714
67,0.00022647736334409385
67,0.00022328617029278227
67,0.00021905532222335586
67,0.00021199746651893352
67,0.00020144564524790252
67,0.00018813471274528023
67,0.00017381208760149734
67,0.00016055058431739503
67,0.00014997084273848653
67,0.00014265029571545538
67,0.00013811673533707853
67,0.00013547437049976708
67,0.00013412345203965017
67,0.0001339834150347452
67,0.00013520226983748616
67,0.000137773884135285
67,0.00014136713654722106
67,0.00014537902358293262
67,0.00014914625274258786
67,0.00015227836390861005
67,0.00015496529488605502
67,0.00015794869017873931
67,0.00016198263050310602
67,0.00016709258658658546
67,0.00017225867537769404
67,0.00017585933739302926
67,0.00017659859759375406
67,0.00017433510641262558
67,0.00017034628987011208
67,0.0001667852637414094
67,0.0001654569786067953
67,0.00016665335009945797
67,0.00016900782938368807
67,0.00017054565742923104
67,0.00017002705235102386
67,0.00016756116135646925
67,0.0001643050613327629
67,0.0001617399330431845
67,0.0001609942761172531
67,0.00016243784450086196
67,0.00016569340063686682
67,0.0001700868661029274
67,0.0001752270486566884
67,0.00018123247158037892
67,0.000188423525171465
67,0.00019678549314338672
67,0.00020565784614108692
67,0.00021385545902301306
67,0.00022012703792734903
67,0.0002237229751861028
67,0.00022481598814144116
67,0.00022451030082022783
67,0.00022428829917469118
67,0.00022510565655122717
67,0.00022673971076320467
67,0.00022793332161018622
67,0.0002272700246727845
67,0.0002241445269707335
67,0.00021918108586058016
67,0.00021385461935092474
67,0.00020951337715606252
67,0.0002063927954648244
67,0.00020335664628333067
67,0.00019863780428652105
67,0.00019102135415787486
67,0.00018057976302258153
67,0.00016855644248823005
67,0.00015667165001249694
67,0.0001463532531604857
67,0.00013823853938032299
67,0.00013211429079390904
67,0.00012731307861563404
67,0.0001233410929626654
67,0.0001203095314588368
67,0.00011885178058159498
67,0.0001196045657585555
67,0.000122655812055689
67,0.00012734583633552658
67,0.00013253652121361352
67,0.00013718571085605111
67,0.0001409081680813899
67,0.00014417543219592398
67,0.00014794427180295775
67,0.00015285659765829375
67,0.00015855753848876723
67,0.00016372179170084068
67,0.00016686097850774256
67,0.00016732761315089593
67,0.00016577575537559818
67,0.0001637789034551711
67,0.0001628861015854048
67,0.00016372724889154847
67,0.00016573945368646706
67,0.0001676785478701672
67,0.00016852554080190162
67,0.00016813923869316464
67,0.00016725911692813756
67,0.0001669666446063153
67,0.00016804373180189875
67,0.0001706302225883795
67,0.00017430831590522553
67,0.000178482668288582
67,0.00018280597319782327
67,0.00018740329346624476
67,0.0001927518673806168
67,0.0001992692597955063
67,0.0002068691713852069
67,0.0002147997692145285
67,0.0002219041451489713
67,0.0002271649982431612
67,0.00023022123925773335
67,0.00023155127767484897
67,0.00023217359078928727
67,0.00023298174529807372
67,0.00023411948107881033
67,0.00023488378056251078
67,0.00023431208071703153
67,0.00023202466156216502
67,0.00022859486578641428
67,0.00022508088993789972
67,0.0002220942175711242
67,0.0002191930602155436
67,0.00021507623467209694
67,0.00020837217424438112
67,0.00019844876096609298
67,0.00018580532057757714
67,0.00017190752094621087
67,0.00015855839709111744
67,0.00014712175703576627
67,0.00013805491728511034
67,0.00013102139089240367
67,0.0001254088622180224
67,0.00012082399836700854
67,0.00011729389257452692
67,0.00011517921040324614
67,0.00011490525010598677
67,0.00011663293902996658
67,0.00012005776473067785
67,0.00012452068851058061
67,0.00012940721717195363
67,0.00013454057624528822
67,0.00014022472887729678
67,0.00014685004818346106
67,0.00015432985374334407
67,0.00016179625185196265
67,0.00016783659328748786
67,0.0001712179520017086
67,0.00017170962245576684
67,0.00017042684776530885
67,0.00016929241520776284
67,0.00016984405162643855
67,0.00017226038750292407
67,0.00017538197892386195
67,0.00017763315286113053
67,0.0001780445457029808
67,0.0001767203686865949
67,0.0001746734624979907
67,0.00017327275778841942
67,0.00017358464353140865
67,0.00017592493207626428
67,0.00017990084367125982
67,0.0001849047290869011
67,0.00019063638803757491
67,0.00019723230905711452
67,0.00020497231177072506
67,0.0002138560721130186
67,0.00022334219653155494
67,0.00023238960760812617
67,0.00023981133135342686
67,0.00024482239757963795
67,0.00024750379563887417
67,0.0002488352566631671
67,0.0002501495604055648
67,0.00025228646544771114
67,0.00025502258833942843
67,0.00025720293843632674
67,0.0002575056883485859
67,0.0002553502414837823
67,0.0002513558411061584
67,0.00024696363368913274
67,0.00024334983571529546
67,0.00024039352720721017
67,0.0002365775740323012
67,0.00022994518459249223
67,0.00021933328753433038
67,0.00020502211661249593
67,0.000188571220518015
67,0.0001721258166795612
67,0.0001575678234452063
67,0.0001458620151363722
67,0.00013692421328099277
67,0.0001300928566145509
67,0.0001248489274906582
67,0.00012123828753285284
67,0.00011974236180705642
67,0.0001207945682282839
67,0.00012432937092248013
67,0.0001296462488787023
67,0.00013566859328391847
67,0.0001414789137625011
67,0.00014683335928760387
67,0.00015228210542955956
67,0.00015869664462200446
67,0.00016643881169145917
67,0.0001747798444198159
67,0.00018207571355606937
67,0.00018664222975888904
67,0.000187762131234994
67,0.00018619454800565449
67,0.00018385050867544679
67,0.0001827430803156304
67,0.00018382236906110073
67,0.000186515636916811
67,0.00018930776591173366
67,0.0001908518046020974
67,0.00019076123001428733
67,0.0001896667315539607
67,0.00018872577227249857
67,0.0001890012835536008
67,0.000191029438941354
67,0.0001947469348893168
67,0.0001997829511068427
67,0.00020589588634975002
67,0.00021320723372896048
67,0.00022203572190611842
67,0.00023245901068982705
67,0.00024393671109506843
67,0.00025527365257959245
67,0.0002649843436367815
67,0.0002719011980048465
67,0.000275729905589835
67,0.0002772238081975055
67,0.0002777848596284024
67,0.0002786349281680625
67,0.00028006687931918635
67,0.00028132148374510627
67,0.0002811918428998973
67,0.00027889104914062443
67,0.0002745493941041257
67,0.00026902050190325737
67,0.0002631552427468236
67,0.0002570579324497425
67,0.0002498842332051265
67,0.00024036788129722482
67,0.00022770263756619538
67,0.0002121541913253004
67,0.00019503357308195434
67,0.00017812850531857553
67,0.00016297919706335955
67,0.00015038471078229306
67,0.00014034046398159566
67,0.00013237557932464173
67,0.00012606725159648217
67,0.00012142418752400392
67,0.00011890903105910425
67,0.000119092746288845
67,0.0001221769430541946
67,0.00012771533480013226
67,0.00013473418013081634
67,0.00014218558523306312
67,0.00014944785051033667
67,0.00015653943343385397
67,0.0001638677658978645
67,0.00017163936171861864
67,0.00017934969025158612
67,0.0001858001840366648
67,0.0001897344647966571
67,0.00019068005516757955
67,0.00018936810436608165
67,0.00018738603005583155
67,0.0001862720442784211
67,0.00018666835653912046
67,0.0001881060629643065
67,0.00018952042419332065
67,0.0001900773516895999
67,0.00018974528599479665
67,0.00018930484363005487
67,0.00018987392693122876
67,0.00019229292551799657
67,0.0001967564927524715
67,0.0002028834172251718
67,0.0002101072020348006
67,0.0002180754655295322
67,0.00022679701024310318
67,0.00023647963318986355
67,0.00024718480667654973
67,0.00025851322800937455
67,0.00026953002635406604
67,0.00027902775743692817
67,0.00028602821438609944
67,0.00029024906506564983
67,0.00029223600608345056
67,0.0002930295997134842
67,0.00029352352915107903
67,0.00029390825779434653
67,0.00029359683316007763
67,0.0002917315953939767
67,0.0002879288797389978
67,0.00028266547635583664
67,0.00027692036112823327
67,0.00027129103647267894
67,0.00026531292856091547
67,0.0002575858805672959
67,0.0002466210344934477
67,0.00023176981833523746
67,0.00021366903730391274
67,0.00019405522485804413
67,0.00017510443277822716
67,0.0001586033493821277
67,0.00014536060722111915
67,0.00013518372890562475
67,0.0001273773755281609
67,0.00012135532147468484
67,0.00011696612923859422
67,0.00011443727219437952
67,0.00011408588341006957
67,0.00011599459886467514
67,0.00011982984903295017
67,0.00012493246644513516
67,0.0001306641698980185
67,0.00013677839110725774
67,0.0001434912224457474
67,0.0001511149588351595
67,0.0001594858769268777
67,0.00016764744476280508
67,0.00017410599112810906
67,0.00017757272806115832
67,0.00017776620557150342
67,0.00017575999331642073
67,0.00017354480083283332
67,0.00017294470277272558
67,0.00017458292334338496
67,0.00017767654294837654
67,0.00018078477387173657
67,0.00018285626226447236
67,0.0001838209609618069
67,0.00018449872986877765
67,0.00018607451101549763
67,0.00018949621809136063
67,0.0001950822735626498
67,0.00020252620876802787
67,0.00021127175693086216
67,0.0002209542106618053
67,0.00023154747892753708
67,0.0002431270047395528
67,0.0002554779401292456
67,0.0002678546947020008
67,0.00027905515687122944
67,0.00028779267357769626
67,0.00029321769305313893
67,0.0002953467178575949
67,0.0002951227993428619
67,0.00029396278616478257
67,0.0002929742796527511
67,0.00029233462844568926
67,0.0002912857500648993
67,0.00028876610113634635
67,0.00028423295394114324
67,0.0002780933348708565
67,0.00027140631858247564
67,0.00026500025350741915
67,0.0002586367838922294
67,0.0002509311371353153
67,0.00024016440753691742
67,0.0002253808856770197
67,0.0002070067838085345
67,0.0001867018966871536
67,0.00016666295224934045
67,0.0001487778397662778
67,0.00013400880037777965
67,0.00012228337811506234
67,0.0001129267486122544
67,0.00010532977505726265
67,9.939666851780353e-05
67,9.551771219865628e-05
67,9.417118345081426e-05
67,9.547293290830162e-05
67,9.896960283316566e-05
67,0.00010380136527020738
67,0.00010914543255583409
67,0.00011466864993271276
67,0.00012065649825007731
67,0.00012764323297571114
67,0.00013572967035499985
67,0.00014409695394814446
67,0.0001511710091309924
67,0.0001554247525306512
67,0.00015631359689921795
67,0.0001547280007898225
67,0.00015263431870591316
67,0.0001520547784569039
67,0.0001539977708470053
67,0.00015806610668900602
67,0.00016299435848968172
67,0.00016763913103672078
67,0.00017167442445047796
67,0.00017562016518596493
67,0.00018036880532012044
67,0.00018661105519155027
67,0.00019449131966878168
67,0.00020364020103906525
67,0.00021352018984740904
67,0.0002238255739851162
67,0.0002346342954624968
67,0.00024619558125736467
67,0.00025851014512944697
67,0.0002710003944115078
67,0.00028250210114807577
67,0.00029161988424603974
67,0.00029729692085476967
67,0.00029932629122210984
67,0.0002985100680959036
67,0.00029629790125552133
67,0.0002940294927413077
67,0.0002922261815045109
67,0.0002904303387690906
67,0.00028772161614609677
67,0.00028350715010561946
67,0.0002779613380486618
67,0.0002717712496735509
67,0.00026539088293175186
67,0.0002584095514960293
67,0.0002495750804341355
67,0.00023749606804722732
67,0.00022152361049395172
67,0.00020223660060619448
67,0.00018128851800900764
67,0.00016075398252446201
67,0.0001423316700195576
67,0.0001268031987024153
67,0.0001140016895296932
67,0.0001032456026883692
67,9.393218816564728e-05
67,8.594534488789589e-05
67,7.969574514316005e-05
67,7.582411079487945e-05
67,7.47629626461072e-05
67,7.642758813898483e-05
67,8.023850511709618e-05
67,8.546318738315662e-05
67,9.163074361338983e-05
67,9.869475474157604e-05
67,0.00010678149290299707
67,0.00011568174021588465
67,0.00012449608700290768
67,0.00013179836935607844
67,0.0001363251896940747
67,0.0001377844522029848
67,0.0001372157664474776
67,0.00013656605571619397
67,0.00013766478416157312
67,0.000141266462558137
67,0.00014683330596832356
67,0.0001531534254280391
67,0.0001592497978445282
67,0.00016493434022915265
67,0.00017076497986262478
67,0.00017758345737627348
67,0.00018597443428279787
67,0.00019595521153568257
67,0.00020705658011953377
67,0.0002187044782484929
67,0.00023059400499445787
67,0.00024276871943569413
67,0.0002553716406076837
67,0.0002682736929445784
67,0.00028083435558534707
67,0.0002919495247067
67,0.0003003974111649
67,0.0003053505148169751
67,0.00030680652181720546
67,0.00030566592128906055
67,0.0003033264653824246
67,0.00030096222676478533
67,0.00029892368440400687
67,0.00029668126791667797
67,0.0002933752460206663
67,0.000288578218791523
67,0.00028267776066221323
67,0.0002765227856124071
67,0.00027054282815087207
67,0.0002640499771305524
67,0.0002553672670883811
67,0.0002427467393126099
67,0.0002254020440068956
67,0.00020399765173429333
67,0.00018042036472662524
67,0.0001570459704503639
67,0.00013585525831299187
67,0.000117802268856972
67,0.00010275609459362172
67,9.000999572292902e-05
67,7.897209135954082e-05
67,6.958116161113554e-05
67,6.226846750611637e-05
67,5.760115119200419e-05
67,5.5871044751926985e-05
67,5.6869770099671465e-05
67,5.998795065241319e-05
67,6.459340642141274e-05
67,7.043137901942261e-05
67,7.770678698441252e-05
67,8.669453845866356e-05
67,9.711183523801541e-05
67,0.00010776270122416462
67,0.00011683476161086461
67,0.00012275955414150718
67,0.00012513067220433542
67,0.00012509846348209027
67,0.00012491695478336135
67,0.00012680402028681043
67,0.00013179645450114345
67,0.0001393892101369626
67,0.00014816682154167614
67,0.00015685251300840067
67,0.0001649989912910342
67,0.0001730034641976748
67,0.00018165129238119652
67,0.00019156748230329067
67,0.00020287811895532682
67,0.00021523804523240346
67,0.00022817348814758504
67,0.00024146120243502078
67,0.00025522345574782756
67,0.00026965209812611216
67,0.0002845741674721392
67,0.000299175566326315
67,0.0003120803283447891
67,0.00032178196460131044
67,0.00032725407913334004
67,0.00032846165034796103
67,0.000326475164793662
67,0.00032302660385250567
67,0.0003196667197434185
67,0.0003170130406588658
67,0.0003145979385976261
67,0.00031142014241801816
67,0.0003067779265222388
67,0.00030075778316767613
67,0.00029400930704686436
67,0.00028696528357924914
67,0.0002791254161924624
67,0.000269032619278893
67,0.0002550278643772643
67,0.0002362433572352557
67,0.00021317757320740862
67,0.00018757972544691985
67,0.0001617888061356384
67,0.00013787476824408466
67,0.00011697956898411456
67,9.91717383484947e-05
67,8.385687534992841e-05
67,7.044984329484208e-05
67,5.8877532279764467e-05
67,4.964441005216193e-05
67,4.3491315497411224e-05
67,4.0901332397777855e-05
67,4.176760253830945e-05
67,4.543160206358381e-05
67,5.106847403811331e-05
67,5.815266941967684e-05
67,6.664256058131656e-05
67,7.668798113934408e-05
67,8.803426668644843e-05
67,9.96035211454377e-05
67,0.0001096779187902212
67,0.0001166792071657859
67,0.00012008059755117013
67,0.00012085691650922947
67,0.00012112839619611786
67,0.00012313176079261536
67,0.00012812896449565425
67,0.0001359730876291951
67,0.00014557096416148866
67,0.00015579068813978238
67,0.00016612312008874652
67,0.0001767571640118166
67,0.0001882081532160819
67,0.00020084928676274857
67,0.0002146412970903481
67,0.00022919102655228756
67,0.0002440644894206527
67,0.0002591005084549923
67,0.0002744603504317059
67,0.0002903526050964457
67,0.0003066207504161152
67,0.00032247432973748515
67,0.00033655269239976057
67,0.0003473307758533134
67,0.00035370910688224623
67,0.00035552429321512874
67,0.0003536995024032628
67,0.0003498758872839082
67,0.0003456466297798925
67,0.00034182185676925745
67,0.0003382093677760771
67,0.00033405586268053165
67,0.0003287844661008335
67,0.0003224236538398252
67,0.0003153688869585816
67,0.0003076719091524428
67,0.0002984839350825768
67,0.0002861955066543231
67,0.00026924278788838983
67,0.00024702305399468006
67,0.0002203506515024586
67,0.0001912553075330493
67,0.0001622689925852386
67,0.00013553664703392965
67,0.00011216908275893155
67,9.215709300011613e-05
67,7.483834990437653e-05
67,5.957437832037282e-05
67,4.623157736540981e-05
67,3.5260521751067146e-05
67,2.7411556103022354e-05
67,2.3284096779910626e-05
67,2.2977872259600236e-05
67,2.60626712875849e-05
67,3.187843090881602e-05
67,3.992460393690544e-05
67,4.999911388318062e-05
67,6.192469600609111e-05
67,7.505635320154102e-05
67,8.80108012142985e-05
67,9.895514285899936e-05
67,0.0001063938529957415
67,0.00011001435711711316
67,0.00011105045864846783
67,0.000111841903579614
67,0.00011473616107810961
67,0.00012097881515238883
67,0.0001303331947391432
67,0.00014162657194606703
67,0.00015370180294834826
67,0.0001660634428927951
67,0.0001789167737843268
67,0.00019277775017211
67,0.00020800493172857425
67,0.00022453426340071812
67,0.00024194457323144448
67,0.0002597768469810633
67,0.00027783711397100865
67,0.00029621070918258726
67,0.0003149541639012868
67,0.0003336935072721858
67,0.00035141852067713285
67,0.0003666257784689163
67,0.0003777738190625567
67,0.00038387189135357893
67,0.0003849464276917015
67,0.0003821256828826402
67,0.0003772089816958588
67,0.00037186917569198937
67,0.0003669297025455523
67,0.0003621840338467025
67,0.00035686942968888484
67,0.0003504176224390599
67,0.00034288561489825603
67,0.0003347032883690307
67,0.00032591621674151405
67,0.00031557119711710086
67,0.000301852403737996
67,0.00028296892001316714
67,0.00025818164255062833
67,0.00022832157585182225
67,0.00019558080255781547
67,0.00016275003310503518
67,0.0001322566130105726
67,0.00010543111614554167
67,8.235994796775342e-05
67,6.236336799474572e-05
67,4.4747538196483e-05
67,2.9353649964589306e-05
67,1.6643974771940977e-05
67,7.3805522648680095e-06
67,2.1468314801617013e-06
67,1.005191432636978e-06
67,3.4935167635773254e-06
67,8.95111821446067e-06
67,1.6919129095690428e-05
67,2.726311149466858e-05
67,3.984830761007393e-05
67,5.398229306707299e-05
67,6.811708909683437e-05
67,8.018357997146463e-05
67,8.847404035255174e-05
67,9.257525260899033e-05
67,9.377896771957156e-05
67,9.464554786851786e-05
67,9.785497636753752e-05
67,0.00010498265900777513
67,0.00011598844334095603
67,0.0001297023999712718
67,0.0001448179700775121
67,0.00016062454814576437
67,0.00017710800128524802
67,0.00019458801736910769
67,0.00021327232289527798
67,0.00023301438859992598
67,0.000253382457883454
67,0.00027395793150598223
67,0.00029461001534893436
67,0.00031548339212892924
67,0.00033665807308952227
67,0.00035771293949532685
67,0.00037750553815931506
67,0.00039433914660185095
67,0.00040647217226234177
67,0.0004127677894516524
67,0.00041321159744736044
67,0.00040902979322510625
67,0.00040225925279366813
67,0.00039489829362136667
67,0.00038808516793326775
67,0.0003818180027852569
67,0.0003753778722417275
67,0.00036808642986556686
67,0.0003597804857591712
67,0.0003506302624211936
67,0.00034047291718483945
67,0.00032826873959387756
67,0.00031223791266172987
67,0.0002906853564568664
67,0.00026296537374841784
67,0.00022998291625403707
67,0.00019399762288785583
67,0.00015787021825014477
67,0.00012409698365356656
67,9.406764764563315e-05
67,6.790175140968027e-05
67,4.490579934460156e-05
67,2.4329408509707937e-05
67,5.969147173008077e-06
67,-9.667413716717732e-06
67,-2.1647778100552243e-05
67,-2.9136993438572725e-05
67,-3.183619056307306e-05
67,-3.00758963417039e-05
67,-2.4534083380913033e-05
67,-1.5826035191424387e-05
67,-4.32771774154072e-06
67,9.579060596432575e-06
67,2.502205805696314e-05
67,4.037074567209086e-05
67,5.3548913963430935e-05
67,6.287314851646981e-05
67,6.795742693675582e-05
67,7.012238059735633e-05
67,7.197605387731036e-05
67,7.62896395278913e-05
67,8.47890742887554e-05
67,9.762630878270956e-05
67,0.00011380693250250322
67,0.00013211325399728344
67,0.00015179526369328645
67,0.00017267596929447672
67,0.0001948314080002142
67,0.0002182073150095972
67,0.00024243934901882483
67,0.00026696163830989964
67,0.00029130377911723457
67,0.00031532701758197885
67,0.0003391641883128275
67,0.0003628543626729601
67,0.0003859153566136757
67,0.00040715252617210267
67,0.00042484997320465346
67,0.0004372827728640962
67,0.00044334981494083465
67,0.00044307232405214994
67,0.0004377110865831042
67,0.0004293608194539121
67,0.00042013342846623964
67,0.0004113456979020595
67,0.00040320809858443836
67,0.00039519152459782707
67,0.00038673036449848663
67,0.0003776528674049154
67,0.0003679661580805545
67,0.00035719417706138234
67,0.0003439135961170376
67,0.00032603004201593337
67,0.00030171989982794424
67,0.0002704193549635528
67,0.0002332677361047376
67,0.0001928274068342921
67,0.00015225058957198218
67,0.00011424301744481616
67,8.027974615094955e-05
67,5.0456398925140974e-05
67,2.400634245861415e-05
67,1.118676608947274e-07
67,-2.1470473405139152e-05
67,-4.0238285528124104e-05
67,-5.521146045586001e-05
67,-6.543652626714294e-05
67,-7.04325730826282e-05
67,-7.032229358725193e-05
67,-6.560261958292396e-05
67,-5.6789976953327455e-05
67,-4.42963037098583e-05
67,-2.8704872195702714e-05
67,-1.122872839170976e-05
67,6.1180992159185904e-06
67,2.0961171736994015e-05
67,3.1497371856040196e-05
67,3.7423218872200024e-05
67,4.030799323648552e-05
67,4.309618053315506e-05
67,4.8876010278595165e-05
67,5.9570597448918294e-05
67,7.53680497801743e-05
67,9.518322511067854e-05
67,0.00011764699139684322
67,0.00014184106452666426
67,0.00016741473971644267
67,0.00019427191070404105
67,0.00022221000148726645
67,0.00025076828763455605
67,0.00027935214007281914
67,0.00030752459272124155
67,0.0003352123332534261
67,0.0003625908383855732
67,0.00038965765109903055
67,0.0004157742146805326
67,0.00043950291096916456
67,0.0004588766626879114
67,0.00047200048295573674
67,0.0004777462058754075
67,0.0004762685834260962
67,0.0004690959771725235
67,0.00045866055951662244
67,0.0004473948506573682
67,0.0004368397291720994
67,0.00042729266627607355
67,0.00041818411024815354
67,0.00040882488370485947
67,0.0003988896858181698
67,0.000388241322322553
67,0.0003762783013284027
67,0.0003614530920849981
67,0.00034153145010529186
67,0.0003145495433175989
67,0.00027985097907071344
67,0.00023858089917249214
67,0.0001934296605866157
67,0.00014778257868289772
67,0.00010462395621773889
67,6.566622543761373e-05
67,3.112905775555792e-05
67,2.4824868896423946e-07
67,-2.7844936091331934e-05
67,-5.340010723844319e-05
67,-7.58180558165645e-05
67,-9.393667067545723e-05
67,-0.0001066082201677177
67,-0.000113222640250382
67,-0.00011387810007232428
67,-0.00010914020877067181
67,-9.96415003370112e-05
67,-8.59117760555538e-05
67,-6.863976788044143e-05
67,-4.91538945088936e-05
67,-2.962391008881338e-05
67,-1.2620988739770858e-05
67,-1.4345344599107596e-07
67,7.379652411812604e-06
67,1.1528213179587768e-05
67,1.54326580294052e-05
67,2.2523863989007164e-05
67,3.512925954667381e-05
67,5.3761818007782607e-05
67,7.746868264038967e-05
67,0.00010479142760764425
67,0.00013454975882480622
67,0.00016604114875631889
67,0.00019881307960788064
67,0.00023237785408111196
67,0.00026611231216969666
67,0.00029938943114487593
67,0.0003318326366327962
67,0.0003634631579519388
67,0.0003945306785536627
67,0.00042504869954265137
67,0.00045431913422170386
67,0.0004807753730324379
67,0.0005022787628468467
67,0.0005167582752810202
67,0.0005229462632232419
67,0.000520938136426691
67,0.000512327744079612
67,0.0004997651929956675
67,0.00048603238184492066
67,0.00047306714518733424
67,0.0004614936243581727
67,0.0004509011421221353
67,0.0004405494588155236
67,0.0004298665983133848
67,0.00041833673750830286
67,0.0004049560468666563
67,0.00038787460528868405
67,0.0003647348886024108
67,0.0003336236744715389
67,0.0002940444310831806
67,0.00024734750622869864
67,0.00019644033994097328
67,0.00014491883356591758
67,9.59491625442337e-05
67,5.13750421077296e-05
67,1.1485424491527943e-05
67,-2.4476541819318735e-05
67,-5.741671351438296e-05
67,-8.761773633897765e-05
67,-0.00011443828504146366
67,-0.00013655064448243342
67,-0.00015253646612272195
67,-0.0001614925582299199
67,-0.0001633020689094092
67,-0.00015846612503267118
67,-0.00014772934100869484
67,-0.00013189163283825692
67,-0.00011201128518275185
67,-8.979679395632526e-05
67,-6.771730701445908e-05
67,-4.850740751545631e-05
67,-3.419099345553018e-05
67,-2.5117579707930158e-05
67,-1.9556958919232675e-05
67,-1.4178617198723137e-05
67,-5.318639679431433e-06
67,9.588929607661394e-06
67,3.125971771509643e-05
67,5.8863514896466415e-05
67,9.095246012798006e-05
67,0.0001262333135082045
67,0.00016378121705498328
67,0.0002028567783070648
67,0.0002426916760030538
67,0.000282459376823661
67,0.0003214428934119202
67,0.000359272333803554
67,0.0003960129716330619
67,0.00043192340116474017
67,0.000466939223322228
67,0.0005001927370197598
67,0.0005299013597220618
67,0.0005537346668260219
67,0.0005695114712190359
67,0.0005759560478057065
67,0.0005732469834223361
67,0.0005631335115625676
67,0.0005484807851278215
67,0.0005323323657961677
67,0.0005169040881798063
67,0.0005030639858807372
67,0.0004905582424967983
67,0.0004786805817285963
67,0.00046675476413896217
67,0.00045402415191429877
67,0.00043913538183049447
67,0.00041984962093183646
67,0.00039348297807422796
67,0.00035795084358851507
67,0.0003127827560119197
67,0.0002595410389506983
67,0.00020148443104181795
67,0.0001426259642348432
67,8.651688873480851e-05
67,3.526033123351055e-05
67,-1.0761539302951785e-05
67,-5.234421384818021e-05
67,-9.048314217555136e-05
67,-0.00012552189451316487
67,-0.00015680176055101448
67,-0.00018288581625070628
67,-0.0002021755449323533
67,-0.00021356340657844054
67,-0.00021675753355268138
67,-0.000212155157405021
67,-0.00020049629177513038
67,-0.0001826993409282101
67,-0.00016007975053421836
67,-0.0001347232907297568
67,-0.00010952291929811433
67,-8.757341435838884e-05
67,-7.109877725014415e-05
67,-6.0441973294600974e-05
67,-5.366203248235497e-05
67,-4.705421937270859e-05
67,-3.650017671198506e-05
67,-1.9020079333489682e-05
67,6.3600056710119694e-06
67,3.8859367443065695e-05
67,7.689271171210548e-05
67,0.00011890184552207982
67,0.0001636279845982226
67,0.00020998495099237984
67,0.00025691048833432833
67,0.0003033985545256303
67,0.000348691397971388
67,0.00039248767810461934
67,0.000434959815851046
67,0.0004764263536147736
67,0.0005167641918474587
67,0.0005549018642824304
67,0.0005887450795849367
67,0.0006156314071842804
67,0.0006331248742303522
67,0.0006398414002851571
67,0.0006360267439348
67,0.0006236695839564898
67,0.0006060150168635285
67,0.0005865602075693189
67,0.0005679496504915789
67,0.0005513542308875398
67,0.000536632953180085
67,0.0005229916541860138
67,0.0005094989745234639
67,0.0004950396028735946
67,0.0004778811054596213
67,0.00045546741710367217
67,0.0004249131790062056
67,0.0003840640242177559
67,0.00033250576490410216
67,0.00027197496099584575
67,0.00020601043523127893
67,0.00013897641864043798
67,7.477920546704425e-05
67,1.5798134541255165e-05
67,-3.7448137472157116e-05
67,-8.576231120243574e-05
67,-0.00013022577486229036
67,-0.00017123806529216684
67,-0.00020807160848275455
67,-0.00023907108362490733
67,-0.00026233009257636077
67,-0.00027645165790616925
67,-0.00028097025796177706
67,-0.0002762728412450069
67,-0.00026324796740327433
67,-0.0002430855741676088
67,-0.00021744844921823956
67,-0.00018879477526887934
67,-0.00016036245073429878
67,-0.00013551485008422747
67,-0.00011663082087389606
67,-0.00010406943553526509
67,-9.5749343876623e-05
67,-8.766354968189175e-05
67,-7.526131954541739e-05
67,-5.509009269418283e-05
67,-2.5790050252221796e-05
67,1.205106139647721e-05
67,5.680841627258723e-05
67,0.00010667593928146205
67,0.00015999951059835946
67,0.0002152343682375266
67,0.00027089769971665975
67,0.00032569213718311923
67,0.00037873838315311345
67,0.0004297552993365477
67,0.000478998444721306
67,0.0005268385051666994
67,0.0005731010851014267
67,0.0006165385847156269
67,0.0006547946560587268
67,0.0006849357272764428
67,0.0007043192453896614
67,0.0007114624385377694
67,0.0007066383186996823
67,0.000692001323948001
67,0.0006711092168738907
67,0.0006478969109118295
67,0.0006254963674907769
67,0.0006055016883477404
67,0.0005880249170823874
67,0.0005722924945305435
67,0.0005571471854295001
67,0.0005410349091317912
67,0.0005216655568679522
67,0.0004959560463224221
67,0.00046067521148059114
67,0.0004135835455960561
67,0.00035442814021715527
67,0.0002852844363775388
67,0.00021012865179920507
67,0.00013377906017425227
67,6.052422689410808e-05
67,-7.018053138066328e-06
67,-6.825596062815083e-05
67,-0.00012404869289866404
67,-0.00017559145791956734
67,-0.0002233665331344905
67,-0.00026661330152845457
67,-0.00030348044003805234
67,-0.00033172619330840576
67,-0.0003495703662338742
67,-0.0003562321028268813
67,-0.00035194344249856146
67,-0.00033764898447173977
67,-0.00031481647309658257
67,-0.00028557576585907786
67,-0.0002529537690532706
67,-0.00022072537083671915
67,-0.00019262744442401027
67,-0.0001711737329375746
67,-0.00015661700154479902
67,-0.0001465725860661263
67,-0.0001365983637701297
67,-0.00012166033888669663
67,-9.78746688617852e-05
67,-6.359245951422689e-05
67,-1.9301144183225733e-05
67,3.328796732911287e-05
67,9.212075609027213e-05
67,0.00015516634742247597
67,0.00022043049855576438
67,0.0002860008171300533
67,0.00035027155832782834
67,0.0004122318330178883
67,0.00047162348849520713
67,0.0005287909288195375
67,0.0005841436935066686
67,0.0006374028758803882
67,0.0006870483974114192
67,0.0007303462532022485
67,0.0007640004410607197
67,0.000785136535960714
67,0.0007922314124065088
67,0.0007857113199587484
67,0.0007680473480286095
67,0.0007432346580111393
67,0.0007157069774091873
67,0.0006890731994737772
67,0.000665291712518103
67,0.0006446609869382279
67,0.0006263922379430952
67,0.0006091165634273687
67,0.0005908939631046995
67,0.000568925652658032
67,0.000539594485826969
67,0.0004992367821285697
67,0.00044538961354692195
67,0.0003778339702992202
67,0.0002989243532644535
67,0.00021310633427948586
67,0.00012576388264090403
67,4.1716722437041794e-05
67,-3.605088844799793e-05
67,-0.00010681013908489774
67,-0.00017147511549101024
67,-0.00023137119135364754
67,-0.00028705244474150875
67,-0.00033768051677157077
67,-0.00038116156600001983
67,-0.00041490732677741985
67,-0.000436790518464537
67,-0.00044577823706649455
67,-0.00044199906420387534
67,-0.0004264576775772324
67,-0.00040084733487611677
67,-0.0003676871522760933
67,-0.00033052832849075317
67,-0.00029372163080157107
67,-0.00026150340373563656
67,-0.00023668651701598797
67,-0.00021954611477893138
67,-0.00020742542106552748
67,-0.0001953571016751181
67,-0.000177639576560959
67,-0.0001497505149732896
67,-0.00010960456282989829
67,-5.755196988449618e-05
67,4.538438137886882e-06
67,7.422755323744977e-05
67,0.00014895542740859006
67,0.0002261477393103623
67,0.0003033722809589681
67,0.0003786693811903871
67,0.0004508914697089921
67,0.0005198308659899511
67,0.0005859712671594625
67,0.000649821582882886
67,0.0007110510089109185
67,0.0007678905097088578
67,0.0008172051879110753
67,0.0008552614985131189
67,0.0008788401361460705
67,0.0008862600551412056
67,0.0008780233594200314
67,0.0008569207377804341
67,0.0008274836765062434
67,0.000794816985976425
67,0.000763195615946625
67,0.0007350824217050991
67,0.0007110077075405375
67,0.0006901075180984237
67,0.0006706595982907593
67,0.0006501649578157471
67,0.0006251759190333275
67,0.0005914857343882101
67,0.0005450360737150776
67,0.00048323205663018795
67,0.0004059767179660017
67,0.0003159533116360065
67,0.0002180870378910048
67,0.00011831830279969444
67,2.199273422216328e-05
67,-6.752531908551195e-05
67,-0.00014934122054188856
67,-0.00022440146849491365
67,-0.00029416314178872633
67,-0.00035926481051912993
67,-0.0004187731231109202
67,-0.0004702708731686128
67,-0.0005106861403684949
67,-0.0005373989789247035
67,-0.0005490299256478136
67,-0.0005456011023047709
67,-0.0005282714390179556
67,-0.0004991209751427052
67,-0.0004612310402000252
67,-0.0004188031831757991
67,-0.00037680967881172875
67,-0.000339959902244355
67,-0.0003113081184786582
67,-0.0002911065385134004
67,-0.0002764133723595492
67,-0.0002617443986990703
67,-0.00024072965293963155
67,-0.0002081716932903033
67,-0.00016147333736366934
67,-0.00010075827535180014
67,-2.7987851178703517e-05
67,5.402306952968898e-05
67,0.0001421300951138438
67,0.00023307713249328652
67,0.00032380075102067665
67,0.0004119018716118853
67,0.0004960530102194357
67,0.0005760883424484809
67,0.0006526350204775035
67,0.0007262961764253672
67,0.0007966630309701088
67,0.0008616750941365619
67,0.000917756033024248
67,0.0009607164357610442
67,0.0009870032265005821
67,0.000994806661037581
67,0.0009847319414332182
67,0.0009599029182223499
67,0.000925393767531966
67,0.0008869984883593761
67,0.0008497035092719342
67,0.0008165488774117853
67,0.0007883805508124633
67,0.0007643281071319674
67,0.0007423388203894689
67,0.0007193043525886267
67,0.0006909972573614043
67,0.0006524402431474194
67,0.0005990132231206097
67,0.0005279003351286958
67,0.00043914498593686333
67,0.000335871926463641
67,0.00022365445550633715
67,0.00010916505891783566
67,-1.5895807135913508e-06
67,-0.00010480011397948713
67,-0.00019940645155426144
67,-0.0002864194067764379
67,-0.0003674576822994004
67,-0.0004432607809093668
67,-0.0005128075415668415
67,-0.0005733565200378503
67,-0.0006213355732886121
67,-0.0006535920720871388
67,-0.0006683374532701814
67,-0.0006654146407193653
67,-0.0006460781537591628
67,-0.0006127839623741159
67,-0.0005692422941991035
67,-0.0005204515438137735
67,-0.00047219245702424085
67,-0.00042980822394639854
67,-0.00039667089891507303
67,-0.00037297996868161594
67,-0.00035538986421019034
67,-0.0003377346823213016
67,-0.00031281876707358567
67,-0.0002746671505586605
67,-0.00022014641278974992
67,-0.0001491975735461652
67,-6.395472341032764e-05
67,3.230644469869093e-05
67,0.00013578255091415347
67,0.00024247411781734007
67,0.000348640409428299
67,0.0004514204588131704
67,0.0005493138383188148
67,0.0006422264704016356
67,0.0007309613492416348
67,0.0008162241353547699
67,0.000897490589172887
67,0.000972318745818821
67,0.001036562879306429
67,0.0010854457252197785
67,0.0011149852796419385
67,0.0011232159329269387
67,0.001110897024042685
67,0.0010816027167079262
67,0.001041104293840762
67,0.000996039021754037
67,0.0009522217528561601
67,0.000913324489572246
67,0.0008804964706470664
67,0.0008527969969853259
67,0.0008277561350986018
67,0.0008015756238142728
67,0.0007691912514224272
67,0.0007248203825364647
67,0.0006632534550983878
67,0.0005814209921739928
67,0.00047947461101821614
67,0.00036096998299186536
67,0.00023216192402926255
67,0.00010054046547711105
67,-2.7104804120273585e-05
67,-0.0001463985788924882
67,-0.00025603647644173997
67,-0.00035707491148438567
67,-0.0004513146437770102
67,-0.000539609558584787
67,-0.0006208208225035138
67,-0.0006918087843618556
67,-0.0007484145533583922
67,-0.0007868934834760925
67,-0.0008050396889813078
67,-0.0008025579615891847
67,-0.0007808669782888154
67,-0.00074286849374875
67,-0.0006929582398943849
67,-0.0006369787884467796
67,-0.0005815725139374421
67,-0.0005327857078244385
67,-0.0004943870046561328
67,-0.0004665870978666875
67,-0.0004456523492180776
67,-0.0004246752749888076
67,-0.00039549652445822447
67,-0.0003511817750901253
67,-0.00028789567208448673
67,-0.00020530147672579907
67,-0.00010570487196547194
67,7.074545371849413e-06
67,0.00012843594657965677
67,0.00025347821626856297
67,0.00037764049731966933
67,0.000497499754087169
67,0.0006113365746468804
67,0.0007191308516495243
67,0.0008218929436637336
67,0.0009204662212283898
67,0.001014225676519624
67,0.0011003285985813755
67,0.0011740084247912532
67,0.0012298293038554599
67,0.001263305672958463
67,0.0012722513479410313
67,0.0012575403884253816
67,0.0012232031069715603
67,0.0011757772399115915
67,0.001122877678470084
67,0.0010713209480157128
67,0.0010255756397957378
67,0.0009872015121311793
67,0.0009552050504513435
67,0.0009266175015579267
67,0.000896786610694684
67,0.0008596107012026488
67,0.0008083310684453592
67,0.0007370656778732678
67,0.0006425131899666551
67,0.0005250330556088207
67,0.0003887452515372957
67,0.00024071787681019177
67,8.936733871120058e-05
67,-5.765987593761064e-05
67,-0.000195386044583324
67,-0.0003222571032275546
67,-0.0004393918051073399
67,-0.0005488040066173338
67,-0.0006514923367343764
67,-0.0007462015445344825
67,-0.0008293375496783892
67,-0.0008960371988771586
67,-0.0009418153662197044
67,-0.0009639192822254297
67,-0.0009618506683832882
67,-0.0009372185059211896
67,-0.0008934897197989143
67,-0.0008359338756128796
67,-0.0007714458290317044
67,-0.0007076975986371687
67,-0.000651522359376562
67,-0.0006070772460231227
67,-0.0005745101055894135
67,-0.0005495957175395103
67,-0.000524578112720593
67,-0.0004902356435389883
67,-0.00043859047503931093
67,-0.0003650428258336444
67,-0.00026894390631375506
67,-0.00015276907912744128
67,-2.0917921016406794e-05
67,0.0001211311669346511
67,0.0002674573060911138
67,0.00041255169824659004
67,0.0005523301471990627
67,0.0006848039213810078
67,0.0008100115865981433
67,0.0009291688527507128
67,0.0010432587121065888
67,0.0011515247663548536
67,0.001250622483894425
67,0.001335038068534297
67,0.0013985833425051997
67,0.0014362248589995094
67,0.0014455987255532442
67,0.001427791382728797
67,0.001387348621439835
67,0.0013316444576039984
67,0.0012694324050010661
67,0.0012087025128903707
67,0.0011548039983691543
67,0.0011097112762509563
67,0.001072359844337519
67,0.0010392805228026166
67,0.0010049297850307905
67,0.0009620248745806343
67,0.000902641326493855
67,0.0008200939351535642
67,0.0007107903015781551
67,0.0005752769193122758
67,0.00041827285104751655
67,0.00024779225250157714
67,7.338464866483106e-05
67,-9.625079978744174e-05
67,-0.0002554166338864954
67,-0.00040226193467631465
67,-0.0005379638202860912
67,-0.0006648141494204867
67,-0.0007840527385419406
67,-0.000894297594585835
67,-0.0009913526215403789
67,-0.0010694970908834412
67,-0.0011234319199635223
67,-0.0011498383054958166
67,-0.0011480331866286218
67,-0.0011198597919232045
67,-0.0010693797656661673
67,-0.00100277804346016
67,-0.0009281245160190897
67,-0.0008543212624628196
67,-0.0007891942023777942
67,-0.000737395214790549
67,-0.0006989739449055021
67,-0.0006691059865518709
67,-0.000639042345593881
67,-0.000598282999209678
67,-0.0005375713112153454
67,-0.00045144935171687376
67,-0.000339063991733025
67,-0.00020323583103611104
67,-4.905766858853989e-05
67,0.00011704334843462
67,0.00028802009892560734
67,0.00045729331077623157
67,0.0006200834166331092
67,0.0007741285451050654
67,0.0009194126385493879
67,0.0010572964652482033
67,0.0011890450610545055
67,0.0013138848638398937
67,0.001427834392951027
67,0.0015243362184879604
67,0.001596246468796738
67,0.001637935688153782
67,0.001646824290993619
67,0.0016242471350733742
67,0.0015755200075982672
67,0.0015091587567659518
67,0.001435192738458237
67,0.0013628389608360083
67,0.0012984751371587393
67,0.0012447004606387412
67,0.001200415504811183
67,0.0011613749262777728
67,0.0011208183767157302
67,0.0010701804624802308
67,0.0010003589685873364
67,0.000903789766332592
67,0.0007765392120877151
67,0.0006194253939613738
67,0.0004379653623766555
67,0.00024132064145663222
67,4.030454889346032e-05
67,-0.00015524570396816242
67,-0.00033885651866268513
67,-0.0005084145801436484
67,-0.0006652310029988635
67,-0.0008118342762387644
67,-0.0009495851470342426
67,-0.0010769442772121918
67,-0.0011891166285971433
67,-0.0012793946144422665
67,-0.0013414763951204425
67,-0.0013713401329927108
67,-0.0013680341634549347
67,-0.0013337025145028427
67,-0.0012732742893352288
67,-0.001194151334239989
67,-0.0011057404726123319
67,-0.0010182735173171014
67,-0.0009407206830611814
67,-0.0008783915295169923
67,-0.0008312912045026551
67,-0.000793864675300425
67,-0.000756084172834686
67,-0.0007058365662316583
67,-0.0006324004100051432
67,-0.000529527817100006
67,-0.0003963326893253767
67,-0.0002361091674481776
67,-5.47503246091909e-05
67,0.00014021500109145973
67,0.00034041726579545745
67,0.000537999978942184
67,0.0007272603450327681
67,0.0009055928151070342
67,0.0010732092468722883
67,0.0012318422626786943
67,0.0013827925975959004
67,0.0015248919277216933
67,0.0016534111215618314
67,0.0017607574678744952
67,0.001838706185733061
67,0.0018809202408602624
67,0.0018847458718046783
67,0.001852006352268775
67,0.0017889062785297358
67,0.0017052165341060709
67,0.0016125520001758038
67,0.0015218007408978938
67,0.0014406531643637722
67,0.0013722567425242132
67,0.0013152274364299167
67,0.0012644468504888278
67,0.0012119037662173743
67,0.001147523506377011
67,0.001060748583549601
67,0.0009431491858378852
67,0.00079088018258223
67,0.0006056495732486628
67,0.0003941271763104093
67,0.00016647042817865694
67,-6.553140915732582e-05
67,-0.0002908421443945818
67,-0.0005019818562381822
67,-0.0006965384304416715
67,-0.0008760825813528314
67,-0.0010434501738440078
67,-0.0011999354502218531
67,-0.0013434219355636444
67,-0.001468097380302963
67,-0.0015659486894265375
67,-0.001629473847188398
67,-0.0016541191578235905
67,-0.0016392782497547036
67,-0.0015879930190982135
67,-0.0015062937036340318
67,-0.0014028959896795247
67,-0.001288858364503877
67,-0.0011762217742291602
67,-0.0010753644835407633
67,-0.000992053002064446
67,-0.0009257520738702427
67,-0.0008697434065703451
67,-0.000812520771372476
67,-0.0007404043946095437
67,-0.0006413898000389918
67,-0.0005087291734382824
67,-0.0003421601770564612
67,-0.0001464192113783306
67,7.114889431555644e-05
67,0.00030198033654416404
67,0.000536794046460818
67,0.0007666571488556273
67,0.0009849504291990323
67,0.0011887933680904284
67,0.0013786996410141764
67,0.0015566418680031913
67,0.001723484203042808
67,0.0018768704564085118
67,0.002010456121126067
67,0.002115035735829896
67,0.002181324981186953
67,0.0022030185620189086
67,0.0021785442954922675
67,0.002111183507463372
67,0.0020084827925514236
67,0.0018816140266420917
67,0.0017441412013312779
67,0.0016093927838400246
67,0.0014870163289606708
67,0.0013806575870438439
67,0.0012880272235817898
67,0.0012024209422527104
67,0.0011140398523463136
67,0.0010111560824044845
67,0.0008823131049545081
67,0.00071961981859692
67,0.0005212593997465848
67,0.00029132712874380443
67,3.7854001425776035e-05
67,-0.00022866081451630493
67,-0.0004961048079418452
67,-0.0007527243616459644
67,-0.0009902705095777415
67,-0.0012059847995238315
67,-0.0014015461755016783
67,-0.001579679214489078
67,-0.0017406848784338807
67,-0.001880521819880348
67,-0.0019909949110607952
67,-0.0020621428419101092
67,-0.002085938918908868
67,-0.0020591885253937164
67,-0.0019839363657939823
67,-0.001865898191784202
67,-0.0017130961236504912
67,-0.0015360137191096047
67,-0.0013480680124051852
67,-0.0011640442109189433
67,-0.000996049640665562
67,-0.000849442035151948
67,-0.0007214362888406998
67,-0.0006024677936111554
67,-0.00047868883268437545
67,-0.0003352479811171772
67,-0.00016091577488146328
67,4.773325420275203e-05
67,0.0002861487240405971
67,0.0005458658509119503
67,0.0008184385261080591
67,0.0010959194504033762
67,0.0013695186672662138
67,0.0016298045511642823
67,0.0018690451673252246
67,0.0020834557566744272
67,0.002273040769993686
67,0.0024387666046194467
67,0.0025789277028749275
67,0.0026871290603390887
67,0.00275319831555277
67,0.002766557568875425
67,0.0027201456577339877
67,0.0026127079021178354
67,0.002448540075430129
67,0.0022358496968958395
67,0.00198589526013798
67,0.0017134504397448608
67,0.0014362846069192951
67,0.0011712332233031956
67,0.0009283245083760943
67,0.0007076201698485947
67,0.0005011728320690725
67,0.00029755057362742285
67,8.529269491112056e-05
67,-0.0001450556662777701
67,-0.0003987533219563603
67,-0.0006751170741852032
67,-0.0009686687123945507
67,-0.0012727078884910376
67,-0.0015811686372454075
67,-0.0018868029172397394
67,-0.002178858255781925
67,-0.0024439673808809635
67,-0.002670286356685911
67,-0.002851710103018272
67,-0.0029881259821208875
67,-0.0030803652786392816
67,-0.0031240069350150913
67,-0.0031083869149092463
67,-0.0030222564805303565
67,-0.002860875118070404
67,-0.002628559209339988
67,-0.0023360430506401617
67,-0.001996679719507947
67,-0.0016248769386937344
67,-0.0012366723554255413
67,-0.0008498302761128845
67,-0.0004808105204122642
67,-0.00013927237514883264
67,0.00017549638267919918
67,0.00047309419161619987
67,0.0007669608165726069
67,0.0010689815358177295
67,0.0013855896325200082
67,0.0017162235129094196
67,0.0020545066551383787
67,0.0023918946534379655
67,0.002722287518885663
67,0.0030439960371547504
67,0.0033565181908413334
67,0.0036548379515061657
67,0.003925668119586384
67,0.004147558278698848
67,0.004297010005770282
67,0.004359754906659959
67,0.00433598478333652
67,0.004230254335727273
67,0.004037880866789756
67,0.003747942214751274
67,0.0033607436814148987
67,0.0028966526174433113
67,0.002385050666470434
67,0.0018496449011780854
67,0.0013087999228708893
67,0.0007850883641221476
67,0.00030561408043348675
67,-0.00011150262958179325
67,-0.0004712570969267341
67,-0.0008004907091253818
67,-0.001130691216738562
67,-0.0014809567256071606
67,-0.0018516559363010836
67,-0.0022257205639283364
67,-0.002577351093812768
67,-0.002889054490816444
67,-0.0031641336990586837
67,-0.0034215624241076153
67,-0.003680660253149299
67,-0.003950985210027946
67,-0.004229476125574346
67,-0.004496906605848925
67,-0.004711344780303691
67,-0.004811993676450192
67,-0.004749847566157525
67,-0.004524731503155333
67,-0.004178563980380001
67,-0.003746428072257393
67,-0.0032319457299330003
67,-0.0026372331236270037
67,-0.0019978769969636384
67,-0.0013732595815887216
67,-0.0008116837375113211
67,-0.0003404214197888168
67,1.9754044903699873e-05
67,0.00025777313640715005
67,0.0003985420452960091
67,0.0005107737047335524
67,0.0006704846494206051
67,0.0009094182414398097
67,0.0012000672807129455
67,0.001480779288565996
67,0.0016833495740189977
67,0.0017601343344192345
67,0.0017254036253547338
67,0.0016689148451329366
67,0.0016930282555882238
67,0.0018285095579895045
67,0.002033100550168646
67,0.0022608935234464935
67,0.0024941670096277776
67,0.002703970595151429
67,0.002811197357573287
67,0.002723774875997834
67,0.0024286597553938357
67,0.002012788423405329
67,0.0015715024889093796
67,0.0011412517125418975
67,0.0007381762292596498
67,0.0004061857571782605
67,0.00019726853751351388
67,0.00013760508615578556
67,0.00023333006243510203
67,0.0004702457301957228
67,0.0007704328036657112
67,0.000980306188195535
67,0.0009608043854562693
67,0.0007144994204772473
67,0.0004085118285394266
67,0.00025797311966845965
67,0.0004007343268088648
67,0.0008604271998363796
67,0.001545488093150182
67,0.002255389516056318
67,0.0027561244972416927
67,0.002930933201724179
67,0.0028747953971383793
67,0.00278787915281244
67,0.0027641598500696358
67,0.00273535110476488
67,0.002601848619783736
67,0.0023713507461056377
67,0.0021781397862753547
67,0.0021558695781489544
67,0.002300353391796396
67,0.0024876521498593406
67,0.0025666698700423903
67,0.002393862645804886
67,0.0018758733457157595
67,0.0010667937440039235
67,0.00017344949614626752
67,-0.0006049762632054208
67,-0.001194553177245253
67,-0.0015656260429142675
67,-0.0016502235551189657
67,-0.0014445602570093224
67,-0.0011278131363713962
67,-0.0009737118004142615
67,-0.001156288296252987
67,-0.0016999420089886014
67,-0.002535162792475668
67,-0.003478989959830086
67,-0.004255250650369761
67,-0.004682480568513983
67,-0.004825801059258337
67,-0.004906622869749148
67,-0.005063976285473083
67,-0.005248343078241907
67,-0.005337399686635972
67,-0.00526675727115444
67,-0.005066680972945796
67,-0.004845554217265317
67,-0.0046961699602453486
67,-0.0046081913190235335
67,-0.0044991738838015246
67,-0.004256256860210625
67,-0.0037362136600977078
67,-0.0028565262699057556
67,-0.0017593513080330346
67,-0.0008094019552303479
67,-0.0003172581929601105
67,-0.0002679187898166075
67,-0.000394582862170898
67,-0.00044593936472706535
67,-0.00029410420817039553
67,7.361301731136527e-05
67,0.0005340135783693518
67,0.000889981779192242
67,0.001043852692076656
67,0.0010563451118341188
67,0.0010252661279921364
67,0.0010047336747451678
67,0.0010331843446990698
67,0.001131852802250202
67,0.0012585396342555365
67,0.0013280011824518914
67,0.0013315303756862426
67,0.0014049445098402395
67,0.00170630246713534
67,0.002210769132328802
67,0.002652244414296454
67,0.0027342114681742713
67,0.0024196996299496705
67,0.0019421006504159437
67,0.0015655808053881316
67,0.0014255426255980546
67,0.0015125638634471564
67,0.0017004602389814809
67,0.0018486630108115055
67,0.001941491563450923
67,0.0020713857721571085
67,0.002247398977847752
67,0.002312828181471985
67,0.0021087975285254785
67,0.0016724074665702042
67,0.0012364238600015148
67,0.0010245873913932247
67,0.0011253299802906783
67,0.0015807170205098353
67,0.0023842875560781693
67,0.003326760656204012
67,0.0040555230001370875
67,0.004373353284274558
67,0.0043871450717789745
67,0.004311437987795256
67,0.004193032284241245
67,0.003925839145354291
67,0.003477015855750249
67,0.002970192433307108
67,0.0025822268995260114
67,0.0024196717891441896
67,0.002469581948295172
67,0.0026376049686788034
67,0.002757812883583765
67,0.0025940527936726605
67,0.002020858534648682
67,0.001212077721962462
67,0.0004998667402962782
67,3.1493517642692116e-05
67,-0.0003224683479114795
67,-0.000668636431713198
67,-0.000901051539163841
67,-0.0009501437263385314
67,-0.0009542551604731956
67,-0.0010335181335323592
67,-0.0011574879579603478
67,-0.0013594997883536759
67,-0.0018190873082930166
67,-0.00257645955585636
67,-0.0033565993568903094
67,-0.0038197689944595306
67,-0.003910197734278877
67,-0.003858433171562383
67,-0.0038524102402843785
67,-0.003848131543076354
67,-0.0037553803050133943
67,-0.0036442341980636762
67,-0.0036765464494691556
67,-0.003906870874101568
67,-0.00420350677574437
67,-0.00440461075873978
67,-0.004492188513198418
67,-0.004484702627660064
67,-0.004288968821449417
67,-0.0038439788101588494
67,-0.0032599566445752964
67,-0.0026522058439446316
67,-0.0020027777348310552
67,-0.0013574563355735095
67,-0.0009538076967196296
67,-0.00088821127066663
67,-0.0008921362543209123
67,-0.0006905417942628359
67,-0.0003165546226447328
67,9.439462135601268e-05
67,0.0005305704811633279
67,0.000962117720578979
67,0.001232426198144496
67,0.0012414076077248144
67,0.0010887764143790194
67,0.0009419127096583884
67,0.0008226553052494143
67,0.0006142426135905283
67,0.00027253342145093637
67,-6.50674183126518e-05
67,-0.00018863931438075967
67,3.260894954871683e-05
67,0.000549331762201064
67,0.0011461165679681287
67,0.0016325459428218171
67,0.0019482492168338837
67,0.0020599599000379024
67,0.0019695199625312655
67,0.0018190143560131821
67,0.001749427543899119
67,0.0016416685340824872
67,0.0012434029855715662
67,0.0006471495125366045
67,0.00023980927227086547
67,9.8595062068506e-05
67,-2.3556134569420646e-05
67,-0.00023796720150827868
67,-0.0005250825509232103
67,-0.0009668769430570244
67,-0.0015844912561382997
67,-0.002097216374049566
67,-0.002179148500692691
67,-0.0018698556908926165
67,-0.0014547870289848234
67,-0.001050426363255374
67,-0.0006097393072740092
67,-0.00021986487370868576
67,-1.817828053768373e-05
67,8.745632623189726e-05
67,0.0002563967074926995
67,0.0004197808176981195
67,0.00037315592466473065
67,5.63263321197154e-05
67,-0.00031041332857186573
67,-0.00042869132696080113
67,-0.00026041143877627464
67,1.8217576549465998e-05
67,0.00029235975534103176
67,0.000536378994986782
67,0.000763591101240441
67,0.0010493788683411086
67,0.0014210273602880072
67,0.001804626473563789
67,0.0021458259362108307
67,0.002373717033735742
67,0.0023545501610806657
67,0.0021395008692836996
67,0.0020466698539553948
67,0.002267529223341662
67,0.0026070455583468467
67,0.0027832559006129042
67,0.002771487087209731
67,0.0026210308065082776
67,0.0022189568113147448
67,0.001638357804589227
67,0.0013269991487795823
67,0.0014846481011684689
67,0.0017024134899997242
67,0.001561609432191422
67,0.0011447633544408745
67,0.0007695588711240354
67,0.0005692320481867306
67,0.00044531494632391456
67,0.00027755500410326587
67,5.809737394162195e-05
67,-0.00022145993153524108
67,-0.0006476680939659988
67,-0.0012335348553938266
67,-0.0018438058717247137
67,-0.002327951367808068
67,-0.0026354487903831646
67,-0.002837660778920382
67,-0.0030237014604493047
67,-0.0031326853109875617
67,-0.003046768145186724
67,-0.002841555910863893
67,-0.0027218520462332038
67,-0.0027168100999368063
67,-0.002654410193793277
67,-0.0025002631128812915
67,-0.0024145449244037482
67,-0.002320092646664925
67,-0.0018991557392847593
67,-0.00119025306600313
67,-0.0006476891862650372
67,-0.00046994813886368843
67,-0.0003643734958821515
67,-0.00013339351348689584
67,2.2005130497215075e-05
67,-3.436469648013574e-05
67,-9.61408894168039e-05
67,0.0001020453613192446
67,0.0006208399754757258
67,0.001294507611227223
67,0.0018879531753393736
67,0.0023069146348253366
67,0.0026042158815438618
67,0.002820111991246519
67,0.002926627854182735
67,0.0029124822776645316
67,0.002806968136314226
67,0.002552900307863223
67,0.0020236931226223194
67,0.0013486821056449155
67,0.0009916883632867307
67,0.001236942264879911
67,0.0017650270286061168
67,0.0020271093995133144
67,0.0018756539067563034
67,0.0014497527250829287
67,0.0007623826880997634
67,-0.00013899280454242194
67,-0.0009724717501706726
67,-0.0014922924733973314
67,-0.0017642957478825737
67,-0.0020318381414718544
67,-0.0023042636838885517
67,-0.0022992887162117783
67,-0.0018970186183743351
67,-0.0013143207562222028
67,-0.0008342317297677679
67,-0.0006844417249650022
67,-0.0009944845282503292
67,-0.0016337773945225079
67,-0.0022273260465176573
67,-0.0024164318272920614
67,-0.0021000745449702594
67,-0.0014939278484261327
67,-0.0009754774266802078
67,-0.0007392493613605742
67,-0.0005360933868116743
67,4.221026532349461e-05
67,0.0009060984640894688
67,0.0014766443384146878
67,0.0014892994983288015
67,0.0012769546579998248
67,0.001168783988616572
67,0.001125640270568051
67,0.001073926879683673
67,0.0011632293731086362
67,0.0015336287753813685
67,0.0020482178557752776
67,0.0023397533517736475
67,0.0021719102226047424
67,0.0017361619277400648
67,0.0013858576249338964
67,0.0011986660135153515
67,0.0010348059211769947
67,0.0007600863638986351
67,0.0002633456588103494
67,-0.00042677110923292105
67,-0.0009925106650144834
67,-0.0010802405571024513
67,-0.0007409419616920267
67,-0.0004102567657848315
67,-0.0003807125948678084
67,-0.0005121185427369293
67,-0.0005886985354633417
67,-0.0006565697290578267
67,-0.0008619646432023152
67,-0.0012482576975718727
67,-0.0017552152811703674
67,-0.002226198923940787
67,-0.0025016519741663757
67,-0.0025571990002809593
67,-0.0024413090372982444
67,-0.002166165796236169
67,-0.0017632636105475376
67,-0.001372779569613963
67,-0.0011993088565727407
67,-0.0012878154358674989
67,-0.0013586634141191677
67,-0.0011099638905164367
67,-0.000649316217956733
67,-0.0003289300346381943
67,-0.0002688574701643747
67,-0.00026911715215426757
67,-3.951774056675124e-05
67,0.0005667742930338113
67,0.0013894791350538356
67,0.0019941116890587586
67,0.0019857768153989748
67,0.0013864164986755994
67,0.0006480416032905327
67,0.00022711955559978278
67,0.0002504006255228807
67,0.0005848816896584776
67,0.0010072531189295139
67,0.0013172335003057217
67,0.001447212409259554
67,0.0014043306983668406
67,0.001153573441997726
67,0.0006995137952816555
67,0.00017398217539670794
67,-0.00027333526470157884
67,-0.0006416955892545837
67,-0.001055595784622132
67,-0.0015254649131715287
67,-0.0018067806070133127
67,-0.0015978918078788226
67,-0.0009107725525207069
67,-0.0001790222247318498
67,0.00011697677126444155
67,-6.602468508192926e-05
67,-0.00035776745101230947
67,-0.000486276919663893
67,-0.0005299227900803444
67,-0.0006413706857822537
67,-0.0008124536231745164
67,-0.0009735251616476597
67,-0.0010740274305143821
67,-0.00099293773914807
67,-0.0006130082616773295
67,-5.9728379499846256e-05
67,0.0003381703234202441
67,0.00040665979301038216
67,0.0002844483720576661
67,0.00015356896975642675
67,5.354384935997214e-05
67,5.053971566592464e-05
67,0.0002742599143128203
67,0.0007051646539040808
67,0.00115231163674038
67,0.0014414912630746823
67,0.0015650284487961877
67,0.0016628218693055946
67,0.0018123612039160977
67,0.0019291129440022173
67,0.001912838107217029
67,0.0017441731624540603
67,0.0014752623174955292
67,0.0012516320249397425
67,0.0012429911750850302
67,0.0014162785907738799
67,0.0014716660713693184
67,0.0011699418696655911
67,0.0006581722453203206
67,0.0002866759338501104
67,0.0001727784730549302
67,0.00013209791789975782
67,-9.600486347927415e-06
67,-0.00018762190699984606
67,-0.00023025983752984582
67,-0.00013696408927752366
67,-5.763463802805331e-05
67,-2.902317363218007e-05
67,4.16237589262999e-05
67,0.00015136800840128705
67,0.00016633328403391155
67,-2.195327559331741e-05
67,-0.00038781111277693184
67,-0.00071609288480323
67,-0.0007368297842380636
67,-0.0004470778100990566
67,-8.623700443009753e-05
67,0.00021439495768500104
67,0.0004410769328268432
67,0.000471597248740108
67,0.00018811580318936808
67,-0.0002553071658957686
67,-0.0005736422422600318
67,-0.000777462880336627
67,-0.0011060687889525027
67,-0.001460587015264215
67,-0.0014115904215769386
67,-0.0008694132187395986
67,-0.00020879197053839526
67,0.00031476160250570883
67,0.000776991470566772
67,0.0011594613712587057
67,0.001139515522373276
67,0.0005575211663875355
67,-0.00017644789293484622
67,-0.0005029052470744472
67,-0.000362232009206839
67,-0.00010763580748986167
67,3.628029048465052e-05
67,9.380252156723614e-05
67,7.309344146916346e-05
67,-3.839808263906952e-05
67,-0.00013145713873771242
67,-0.00014878505367565026
67,-0.00020860270629272407
67,-0.0004213080627162786
67,-0.0008224242498442995
67,-0.0013924343618987628
67,-0.001935585514662403
67,-0.002123375655030087
67,-0.0018368235676147118
67,-0.0013240579354611157
67,-0.0008959477258926329
67,-0.0006564817577217698
67,-0.000599638662269675
67,-0.0007183760744538035
67,-0.0009204249599627358
67,-0.0009916725410682235
67,-0.0008270147530675059
67,-0.0006241881253948873
67,-0.0006135717405500097
67,-0.0007183264141850839
67,-0.0007260400904195665
67,-0.0006202041384103565
67,-0.0004986415686526868
67,-0.0003674901238714574
67,-0.00023635115384367647
67,-0.00019187402490585155
67,-0.00026052620380774647
67,-0.0003922455493286049
67,-0.0005647366323446924
67,-0.0007484831654618519
67,-0.0007886660452144508
67,-0.0005374706740231524
67,-0.00012719863759250302
67,0.0002006575186848175
67,0.0004455854724095056
67,0.0007359524480125359
67,0.0010734537260893467
67,0.0013702836109935398
67,0.0016064876044407975
67,0.001803792057081948
67,0.001920305111541028
67,0.0019438561692814767
67,0.0019336555821068255
67,0.0018623915207252398
67,0.0016219976670260939
67,0.0012125326143786965
67,0.0008388312045769539
67,0.0007391395245387475
67,0.0008926228134322946
67,0.0010633884732352702
67,0.0011075019125254522
67,0.0010714933171717422
67,0.0010914893616703232
67,0.0012896014446552462
67,0.0016029298405923545
67,0.0017493712278346123
67,0.0016077209707146454
67,0.001424498621005307
67,0.001393224559732858
67,0.0013598775726190492
67,0.0011253410456229325
67,0.0007786939915151408
67,0.0005634989856658709
67,0.0005035342100056923
67,0.00045495699966249364
67,0.00041436316281344074
67,0.00040301796625553444
67,0.0003014771969113304
67,7.8278829045918e-05
67,-7.599253149625167e-05
67,-7.145133218670535e-05
67,-0.00014905508918155826
67,-0.00044969533263272134
67,-0.0006448139307035344
67,-0.0004133557423475248
67,3.208121766524991e-05
67,0.00025424754825042675
67,0.00015272432188675257
67,-9.289889647450553e-05
67,-0.00036722914741088645
67,-0.0005963024899067919
67,-0.0006271801064814866
67,-0.0003829681444930321
67,-2.754342649320679e-05
67,6.237643594264184e-05
