67,0.0
67,3.7775572321913375e-05
67,3.7775572321913375e-05
67,3.7775248157835233e-05
67,3.7756183140219606e-05
67,3.769717237930883e-05
67,3.759157519952663e-05
67,3.746065862108598e-05
67,3.74231167586703e-05
67,3.764194863384424e-05
67,3.8213392568114404e-05
67,3.918208376293147e-05
67,4.061858912885596e-05
67,4.260155459244353e-05
67,4.513674710518497e-05
67,4.811436101241986e-05
67,5.132444090701116e-05
67,5.4509874459698584e-05
67,5.7434991137371854e-05
67,5.9929868489579476e-05
67,6.187932882553243e-05
67,6.322740758427931e-05
67,6.40039524723797e-05
67,6.425781055231669e-05
67,6.396680240381821e-05
67,6.305199515367209e-05
67,6.146345166595285e-05
67,5.929876130626979e-05
67,5.684189541458246e-05
67,5.440758203957548e-05
67,5.2149879454455934e-05
67,5.003707735187681e-05
67,4.796809050656248e-05
67,4.589410799952601e-05
67,4.3876599853455236e-05
67,4.2117691705956554e-05
67,4.0948904861077466e-05
67,4.070674597848905e-05
67,4.154441373231286e-05
67,4.3331622575634853e-05
67,4.574759302197392e-05
67,4.8480158220007635e-05
67,5.1307449267683076e-05
67,5.404670223671904e-05
67,5.657328392393559e-05
67,5.891589840144209e-05
67,6.123894910691484e-05
67,6.367114576770259e-05
67,6.609594655677229e-05
67,6.807192237051752e-05
67,6.902626349575287e-05
67,6.860113460679479e-05
67,6.681809405262171e-05
67,6.395973783961245e-05
67,6.0373085636628444e-05
67,5.633318445812549e-05
67,5.196949586585796e-05
67,4.727913717799738e-05
67,4.22307341526115e-05
67,3.689966140758888e-05
67,3.156700746602019e-05
67,2.6708290612668816e-05
67,2.2838902866446537e-05
67,2.0310176735909914e-05
67,1.918494143068022e-05
67,1.924341432171103e-05
67,2.0122650442598404e-05
67,2.15182464584351e-05
67,2.330126648449953e-05
67,2.5490210494688027e-05
67,2.8149916258595256e-05
67,3.128740330814856e-05
67,3.478339376632437e-05
67,3.841437916154653e-05
67,4.195801786509327e-05
67,4.525521559001555e-05
67,4.815090806720754e-05
67,5.043609790647615e-05
67,5.192853240051468e-05
67,5.260505154400607e-05
67,5.2606299461202164e-05
67,5.209116748946555e-05
67,5.106879437117078e-05
67,4.9355840871101594e-05
67,4.6711994712326214e-05
67,4.302914834695744e-05
67,3.839082837058024e-05
67,3.299905456085429e-05
67,2.7108840306299534e-05
67,2.1015685270560086e-05
67,1.503750767850026e-05
67,9.472771010518148e-06
67,4.569309506416281e-06
67,5.32245798146469e-07
67,-2.436252103689531e-06
67,-4.1135815196472105e-06
67,-4.292487126659789e-06
67,-2.8611147740305017e-06
67,1.0984760180537203e-07
67,4.3003197770328515e-06
67,9.172538632111918e-06
67,1.4179065281512744e-05
67,1.902303303883916e-05
67,2.369812935577646e-05
67,2.8262809365848754e-05
67,3.263520935506501e-05
67,3.663133260272385e-05
67,4.013197741533095e-05
67,4.3135518192433936e-05
67,4.561840478721332e-05
67,4.7367517185925816e-05
67,4.8025828711841556e-05
67,4.734144629444902e-05
67,4.531661678927657e-05
67,4.2101932341935395e-05
67,3.7842592527937104e-05
67,3.266547378492401e-05
67,2.6740597753511787e-05
67,2.03034922770467e-05
67,1.3631190891513881e-05
67,7.025344860644686e-06
67,8.305568176129729e-07
67,-4.562576727014668e-06
67,-8.789901767724475e-06
67,-1.162651086416457e-05
67,-1.3054472764111564e-05
67,-1.3239033024665356e-05
67,-1.2403288309757009e-05
67,-1.0650405381281769e-05
67,-7.870674838997432e-06
67,-3.838240561260098e-06
67,1.5589748576976438e-06
67,8.110582997476452e-06
67,1.5232610228863599e-05
67,2.2148382938283577e-05
67,2.823092875530849e-05
67,3.324674850818941e-05
67,3.7280835021463543e-05
67,4.046238471208236e-05
67,4.281242098239797e-05
67,4.429486354237842e-05
67,4.487881382927219e-05
67,4.4521303755489026e-05
67,4.3168468422216465e-05
67,4.081950908097576e-05
67,3.7581090666567487e-05
67,3.3646944485841685e-05
67,2.920631326094515e-05
67,2.435412325365115e-05
67,1.9085644701199633e-05
67,1.3376896102289426e-05
67,7.286053780336343e-06
67,1.0230940204817613e-06
67,-5.033828626901579e-06
67,-1.0372606275561565e-05
67,-1.4420401997131774e-05
67,-1.6657961683319675e-05
67,-1.6754403199983373e-05
67,-1.4649837866713649e-05
67,-1.0552250229852557e-05
67,-4.90461240036883e-06
67,1.6681469766950485e-06
67,8.531027748648646e-06
67,1.5313377336189808e-05
67,2.2011492725761603e-05
67,2.872549843441985e-05
67,3.529473542440052e-05
67,4.125956595028283e-05
67,4.616045090615032e-05
67,4.980986843867352e-05
67,5.2288086990197765e-05
67,5.373354786338655e-05
67,5.417300298184928e-05
67,5.355319581101252e-05
67,5.1866216885644326e-05
67,4.9160136432766394e-05
67,4.545381682673723e-05
67,4.07243632120615e-05
67,3.4992840694497205e-05
67,2.8409188435100875e-05
67,2.1272696830742918e-05
67,1.3986552330235403e-05
67,6.987417142797804e-06
67,6.925247955609569e-07
67,-4.541379828403689e-06
67,-8.466991542860816e-06
67,-1.09830695696668e-05
67,-1.2126197254238744e-05
67,-1.201354113646937e-05
67,-1.0749724248502352e-05
67,-8.333958869964996e-06
67,-4.650921320066701e-06
67,3.8837037244764765e-07
67,6.6241554289184655e-06
67,1.3537651637389074e-05
67,2.040048639466337e-05
67,2.6614656675888616e-05
67,3.195662794721462e-05
67,3.647877711868915e-05
67,4.018600625899167e-05
67,4.2878240084326685e-05
67,4.430489303816216e-05
67,4.435945804922982e-05
67,4.308102812216904e-05
67,4.055920966750457e-05
67,3.690206238808074e-05
67,3.2265819619413745e-05
67,2.687002591735317e-05
67,2.0953881282669542e-05
67,1.4704599921744637e-05
67,8.235830820529168e-06
67,1.632526680012826e-06
67,-4.9986517232805166e-06
67,-1.1512771506983737e-05
67,-1.7732139813243914e-05
67,-2.344465484403988e-05
67,-2.8378518517479846e-05
67,-3.2190388870945477e-05
67,-3.452056505907547e-05
67,-3.508620727196278e-05
67,-3.3739644763647986e-05
67,-3.0501313477042553e-05
67,-2.5606929286283316e-05
67,-1.9496354908267605e-05
67,-1.2663738925913362e-05
67,-5.492786140773165e-06
67,1.7212533078891356e-06
67,8.618859921675836e-06
67,1.475916924459968e-05
67,1.9804163885820247e-05
67,2.3672751774796216e-05
67,2.6482192470796867e-05
67,2.8350704576522015e-05
67,2.925734564314885e-05
67,2.907950109448213e-05
67,2.774598555178241e-05
67,2.532736530666966e-05
67,2.1986834425489848e-05
67,1.788404346029492e-05
67,1.3131244336023289e-05
67,7.813640992738574e-06
67,2.0389503076966166e-06
67,-4.026696713553977e-06
67,-1.0151654276027374e-05
67,-1.6037089386816365e-05
67,-2.131388550732204e-05
67,-2.5570871194812496e-05
67,-2.8428305665588797e-05
67,-2.9628235108880808e-05
67,-2.9112950365876173e-05
67,-2.706048422646684e-05
67,-2.3820078759428753e-05
67,-1.973635317200137e-05
67,-1.4984877298261609e-05
67,-9.58041309756969e-06
67,-3.5453885967533305e-06
67,2.95702723645521e-06
67,9.65791687844249e-06
67,1.6295579131294606e-05
67,2.2636476922799916e-05
67,2.8390989384209377e-05
67,3.3184049204962546e-05
67,3.668476041045238e-05
67,3.87699215846214e-05
67,3.952734160189626e-05
67,3.910676045246681e-05
67,3.758871582138162e-05
67,3.497923583905165e-05
67,3.130391584489466e-05
67,2.6698161177562027e-05
67,2.1404953508432554e-05
67,1.5696774886766627e-05
67,9.818603954527533e-06
67,3.9959402605105416e-06
67,-1.5430234815995336e-06
67,-6.583659693520925e-06
67,-1.097018899583902e-05
67,-1.4629426155652108e-05
67,-1.7533406075806508e-05
67,-1.96149233334322e-05
67,-2.0695536670278517e-05
67,-2.0484562605090298e-05
67,-1.86787339519956e-05
67,-1.5140035330649755e-05
67,-1.0037939778549833e-05
67,-3.815162526778968e-06
67,3.0079631963713458e-06
67,9.994041233756189e-06
67,1.678757427869437e-05
67,2.3062024682919984e-05
67,2.855929966625537e-05
67,3.316665582449705e-05
67,3.689156044431539e-05
67,3.973687603823685e-05
67,4.160442796532775e-05
67,4.2321430596009265e-05
67,4.1762858922487284e-05
67,3.9951724250375856e-05
67,3.705175192113122e-05
67,3.328402151940368e-05
67,2.885162458812104e-05
67,2.3915358511261497e-05
67,1.8613404849346944e-05
67,1.3090514418799436e-05
67,7.509138819611548e-06
67,2.0590563873500175e-06
67,-3.0093947379047136e-06
67,-7.3586232872210345e-06
67,-1.0595268408321833e-05
67,-1.2362180655946618e-05
67,-1.2460062218651519e-05
67,-1.0956686258363529e-05
67,-8.194340433259189e-06
67,-4.61825774380232e-06
67,-5.216271232667057e-07
67,4.053989249141433e-06
67,9.165109686719154e-06
67,1.4743721204263217e-05
67,2.0538766972220823e-05
67,2.6237312433432197e-05
67,3.1598151825570004e-05
67,3.6462898979708536e-05
67,4.067430821515935e-05
67,4.4035755669351726e-05
67,4.6367825611455136e-05
67,4.757377311336317e-05
67,4.7627982656878736e-05
67,4.6519766997563274e-05
67,4.4233732513331684e-05
67,4.0796133022224075e-05
67,3.6341671892122936e-05
67,3.112006860892288e-05
67,2.5419355920572666e-05
67,1.9486017841061896e-05
67,1.3528322875588331e-05
67,7.782516745424592e-06
67,2.5466932994790336e-06
67,-1.8739334315236838e-06
67,-5.27295137059581e-06
67,-7.60314365861297e-06
67,-8.925393478088594e-06
67,-9.285386589037206e-06
67,-8.634097299169556e-06
67,-6.872972354695137e-06
67,-3.9902951173611085e-06
67,-1.598255750784368e-07
67,4.310696407184813e-06
67,9.141461734072143e-06
67,1.4170984008716484e-05
67,1.9270604315861397e-05
67,2.4211673580584212e-05
67,2.8672723972830042e-05
67,3.237182853913952e-05
67,3.515854010949204e-05
67,3.698917248034954e-05
67,3.785296559412243e-05
67,3.773547578900604e-05
67,3.663797984974842e-05
67,3.460955620713587e-05
67,3.174532494566196e-05
67,2.8157391480882215e-05
67,2.396062794746572e-05
67,1.92906664948443e-05
67,1.4329912972311691e-05
67,9.304801463393086e-06
67,4.4453719753154905e-06
67,-5.3915176445625324e-08
67,-4.028160798787372e-06
67,-7.304232457704991e-06
67,-9.683488388973166e-06
67,-1.0968231694119718e-05
67,-1.1019547842424355e-05
67,-9.82369361653394e-06
67,-7.51723841920179e-06
67,-4.318312890869642e-06
67,-4.0864540826745337e-07
67,4.099507225650449e-06
67,9.067502072064807e-06
67,1.423560684260224e-05
67,1.926381756005171e-05
67,2.3874281783049377e-05
67,2.7951879352026657e-05
67,3.15164807630039e-05
67,3.460827116625644e-05
67,3.719675899799432e-05
67,3.917830417780938e-05
67,4.042856078035104e-05
67,4.084484401004547e-05
67,4.03601725381002e-05
67,3.8948430435662435e-05
67,3.663795800233027e-05
67,3.3531589047654445e-05
67,2.980911791861703e-05
67,2.5692766093907666e-05
67,2.139841169975845e-05
67,1.711966580885738e-05
67,1.305578126949811e-05
67,9.443316852787816e-06
67,6.547773642114279e-06
67,4.609733468293765e-06
67,3.779323624854672e-06
67,4.086608554803995e-06
67,5.469732213994757e-06
67,7.828741122973218e-06
67,1.1046692688711266e-05
67,1.4963863638591586e-05
67,1.935918266042694e-05
67,2.399258118396816e-05
67,2.868050046628895e-05
67,3.331570253581216e-05
67,3.779579092662418e-05
67,4.194055335316215e-05
67,4.550113341910697e-05
67,4.825436853729061e-05
67,5.008368984864998e-05
67,5.098408568076724e-05
67,5.1012137632981616e-05
67,5.0232257706798294e-05
67,4.869546353099744e-05
67,4.645682297161597e-05
67,4.360457103219089e-05
67,4.026823052527161e-05
67,3.660188553043409e-05
67,3.276323204522562e-05
67,2.890451968093079e-05
67,2.517426795903941e-05
67,2.1721062125379206e-05
67,1.8694841774229965e-05
67,1.6244699859461873e-05
67,1.4511660687674094e-05
67,1.3618552778429537e-05
67,1.366171765531163e-05
67,1.469723815206539e-05
67,1.6708058189882505e-05
67,1.9568864302234623e-05
67,2.305573250595835e-05
67,2.691099577676669e-05
67,3.0905359536150034e-05
67,3.484370246636922e-05
67,3.8537661102445296e-05
67,4.1803077278044464e-05
67,4.44914743140989e-05
67,4.651492130042656e-05
67,4.783536504691702e-05
67,4.84328410553591e-05
67,4.828969438833572e-05
67,4.7408706393211256e-05
67,4.584183956559494e-05
67,4.36920374257175e-05
67,4.1080015222448e-05
67,3.810338832103429e-05
67,3.4823740925732404e-05
67,3.129652365411141e-05
67,2.762054271996233e-05
67,2.3960342182177397e-05
67,2.051903536807341e-05
67,1.7488794512904448e-05
67,1.5021214253135044e-05
67,1.3228513735418788e-05
67,1.2194887926916925e-05
67,1.1974098491938473e-05
67,1.2568244855313853e-05
67,1.3911437524705557e-05
67,1.5891727822618316e-05
67,1.840591302460418e-05
67,2.139291986623669e-05
67,2.4805996395661878e-05
67,2.855134255844401e-05
67,3.2453558432099346e-05
67,3.627271635110021e-05
67,3.9748543905445124e-05
67,4.263842903268561e-05
67,4.474291404825254e-05
67,4.5931495472201155e-05
67,4.616695542031128e-05
67,4.550566039368104e-05
67,4.406249654790007e-05
67,4.19596010504893e-05
67,3.929264006881424e-05
67,3.6138823022234435e-05
67,3.2601218850199195e-05
67,2.884876022354177e-05
67,2.5108551323361727e-05
67,2.1610387976966026e-05
67,1.8527280356486287e-05
67,1.5953383990658085e-05
67,1.392319610612651e-05
67,1.2446696618696117e-05
67,1.1535777041283287e-05
67,1.1216036874035721e-05
67,1.153112929054541e-05
67,1.2542178294609236e-05
67,1.431271115500401e-05
67,1.6868985333423288e-05
67,2.0143915828570492e-05
67,2.394005787224818e-05
67,2.7954025674094334e-05
67,3.186468382526445e-05
67,3.542758883561584e-05
67,3.8508564893110144e-05
67,4.104730915909816e-05
67,4.29994408931489e-05
67,4.4304269482040694e-05
67,4.488758156693325e-05
67,4.468262405558708e-05
67,4.365159371870452e-05
67,4.1802121958109956e-05
67,3.920131128486527e-05
67,3.598286900600507e-05
67,3.233353615702967e-05
67,2.8455170559482344e-05
67,2.4522905017869392e-05
67,2.0669925378111434e-05
67,1.7010632635531108e-05
67,1.3680017023167362e-05
67,1.0850325153869364e-05
67,8.707122397980048e-06
67,7.405355152808546e-06
67,7.038709156912661e-06
67,7.632067504908924e-06
67,9.142054068071367e-06
67,1.1453200554489349e-05
67,1.437903735417544e-05
67,1.7691597447422075e-05
67,2.1184726198215117e-05
67,2.4732501422926868e-05
67,2.8288971378819718e-05
67,3.182580587654013e-05
67,3.526588008926701e-05
67,3.8467439158568956e-05
67,4.125821334249298e-05
67,4.3480132271247615e-05
67,4.501148525315687e-05
67,4.576402773935689e-05
67,4.567559035477515e-05
67,4.471426941878156e-05
67,4.288983105020558e-05
67,4.025999937601595e-05
67,3.692809174040471e-05
67,3.3037698832953035e-05
67,2.8771692264547352e-05
67,2.435557074729545e-05
67,2.0053297334998144e-05
67,1.6143138656871132e-05
67,1.2878299764162575e-05
67,1.0453310911634884e-05
67,8.991285313146836e-06
67,8.546287861950703e-06
67,9.10568367340943e-06
67,1.0590888088503164e-05
67,1.2871776601766387e-05
67,1.580274482704891e-05
67,1.9259335775966435e-05
67,2.314124403594466e-05
67,2.7337029223469967e-05
67,3.16885967806203e-05
67,3.5996282234191014e-05
67,4.0062794232155775e-05
67,4.373419252873049e-05
67,4.690128033915044e-05
67,4.946838799794592e-05
67,5.1328577559093955e-05
67,5.2369126634069726e-05
67,5.249580595174644e-05
67,5.165599645979557e-05
67,4.9854278250504425e-05
67,4.7158260125466975e-05
67,4.3690094121983756e-05
67,3.9607199982319044e-05
67,3.5084993880101576e-05
67,3.030979364900584e-05
67,2.5477379379672497e-05
67,2.0787892889410957e-05
67,1.6435512486979863e-05
67,1.259982242757035e-05
67,9.443537254833067e-06
67,7.112730545427596e-06
67,5.731947315955948e-06
67,5.3907905931963534e-06
67,6.126500210247515e-06
67,7.91080395610216e-06
67,1.0645145008288174e-05
67,1.4164586520087281e-05
67,1.8254402054414486e-05
67,2.2682149207546042e-05
67,2.722958374657661e-05
67,3.16963197566182e-05
67,3.5873959552301006e-05
67,3.953152930281796e-05
67,4.2447059103037435e-05
67,4.446564917865486e-05
67,4.5533666866844134e-05
67,4.568533889593573e-05
67,4.4997934339760065e-05
67,4.354476627475966e-05
67,4.136778826940034e-05
67,3.8479957936938196e-05
67,3.489459514291141e-05
67,3.0664713442233754e-05
67,2.5907257611554994e-05
67,2.079672521661554e-05
67,1.553714401104263e-05
67,1.0338130136338237e-05
67,5.412448499435207e-06
67,9.88078273159117e-07
67,-2.688264199980959e-06
67,-5.3712603426396175e-06
67,-6.854038144644323e-06
67,-7.004684073602309e-06
67,-5.792307608286138e-06
67,-3.300172933202326e-06
67,2.8064176028787196e-07
67,4.683802695231257e-06
67,9.615525939709776e-06
67,1.4790836963648645e-05
67,1.9946611141605426e-05
67,2.484956428616343e-05
67,2.9315885720983027e-05
67,3.322715117522922e-05
67,3.651604502690526e-05
67,3.912593316759894e-05
67,4.098004797758923e-05
67,4.198746264855727e-05
67,4.20750481972611e-05
67,4.1213481514758526e-05
67,3.942170945056022e-05
67,3.675855314880598e-05
67,3.33128745004735e-05
67,2.9196326752342993e-05
67,2.4542793040945856e-05
67,1.9517656877722852e-05
67,1.4329546216843436e-05
67,9.229143278605932e-06
67,4.486636773052825e-06
67,3.561028990931062e-07
67,-2.954696152131631e-06
67,-5.296357806720401e-06
67,-6.574664296026629e-06
67,-6.745489387961066e-06
67,-5.815458987820334e-06
67,-3.841498540475279e-06
67,-9.203751583896428e-07
67,2.8251613574470873e-06
67,7.2496317174338255e-06
67,1.2179341580420426e-05
67,1.7413233974074745e-05
67,2.2732288483583117e-05
67,2.7903945533043823e-05
67,3.26803745921406e-05
67,3.68114110387997e-05
67,4.008307857991202e-05
67,4.235731501586513e-05
67,4.357888236885527e-05
67,4.3747813270756084e-05
67,4.288716113825971e-05
67,4.103148883348862e-05
67,3.823700455428863e-05
67,3.4598850291895904e-05
67,3.0261473168717814e-05
67,2.5415243707587036e-05
67,2.027885788307894e-05
67,1.5072435640669569e-05
67,9.992568066665829e-06
67,5.203145051972686e-06
67,8.479346374860725e-07
67,-2.924386419561145e-06
67,-5.9426249999051015e-06
67,-8.018396101575808e-06
67,-8.973192410785742e-06
67,-8.673411305158362e-06
67,-7.062700067756289e-06
67,-4.188194413183446e-06
67,-2.1129334745330207e-07
67,4.613668966511706e-06
67,9.991741233759792e-06
67,1.5638595235970493e-05
67,2.1299118235270537e-05
67,2.6738745176791733e-05
67,3.1736320567897865e-05
67,3.6090753478819006e-05
67,3.963141576550146e-05
67,4.2224837582837934e-05
67,4.378198305368241e-05
67,4.426820275931409e-05
67,4.370749061773419e-05
67,4.217198445328213e-05
67,3.975959480972001e-05
67,3.657252502737215e-05
67,3.2707122152764544e-05
67,2.825835265214397e-05
67,2.3337413770665873e-05
67,1.8094570523024328e-05
67,1.2732786253855172e-05
67,7.501337807513566e-06
67,2.672044167418572e-06
67,-1.489271825817597e-06
67,-4.745572876483476e-06
67,-6.905192070220574e-06
67,-7.839140696695773e-06
67,-7.501704813687977e-06
67,-5.9423231475257864e-06
67,-3.290614999563845e-06
67,2.834002191576495e-07
67,4.602693976149696e-06
67,9.483124948266452e-06
67,1.471372334572919e-05
67,2.0056271324472884e-05
67,2.5276272500769833e-05
67,3.0174738921899e-05
67,3.458881417785335e-05
67,3.836884930406974e-05
67,4.136622010004255e-05
67,4.344703931136675e-05
67,4.451292312636316e-05
67,4.4507166773492246e-05
67,4.340871428949945e-05
67,4.12299544349795e-05
67,3.802540864088536e-05
67,3.390382160678826e-05
67,2.903163019014413e-05
67,2.3623436168084723e-05
67,1.7925679863964935e-05
67,1.2201320192905507e-05
67,6.715925738572641e-06
67,1.720514503982502e-06
67,-2.5691821319323635e-06
67,-5.988853641768763e-06
67,-8.427537978108983e-06
67,-9.815444268546573e-06
67,-1.010901978676166e-05
67,-9.286462410848418e-06
67,-7.360010418478935e-06
67,-4.399647133256744e-06
67,-5.486364381221036e-07
67,3.990421575269305e-06
67,8.993982160414631e-06
67,1.4244963164007922e-05
67,1.9525476053052004e-05
67,2.4597539527393243e-05
67,2.9211307299738155e-05
67,3.3143487015247274e-05
67,3.623142252061217e-05
67,3.8377360402580096e-05
67,3.9530980084834026e-05
67,3.967278739991331e-05
67,3.880923554660968e-05
67,3.697489804636263e-05
67,3.423455126348265e-05
67,3.068411494932216e-05
67,2.6451525609514586e-05
67,2.1695778129816733e-05
67,1.660140938332479e-05
67,1.13680467806288e-05
67,6.198432171958735e-06
67,1.2915493905448921e-06
67,-3.1548893824709045e-06
67,-6.937505823823067e-06
67,-9.847853642160606e-06
67,-1.1689681311123373e-05
67,-1.231228198112356e-05
67,-1.164877551331493e-05
67,-9.739713987899151e-06
67,-6.724592049895231e-06
67,-2.8051611405896348e-06
67,1.7916270687621893e-06
67,6.829236586547851e-06
67,1.2066534696340489e-05
67,1.7275959768451746e-05
67,2.2271538342267338e-05
67,2.6916801732283794e-05
67,3.109802615512505e-05
67,3.468762245358299e-05
67,3.7535460577884566e-05
67,3.949671840506946e-05
67,4.046986479539836e-05
67,4.041591744368538e-05
67,3.9353418483557026e-05
67,3.734115758715277e-05
67,3.446181089485992e-05
67,3.081422100052134e-05
67,2.6516352381883254e-05
67,2.1715815030167154e-05
67,1.6601600894002717e-05
67,1.1409346869602459e-05
67,6.412906445678028e-06
67,1.8995030092136882e-06
67,-1.865563725585071e-06
67,-4.671705463685517e-06
67,-6.381828753680531e-06
67,-6.933922761911205e-06
67,-6.329491186914343e-06
67,-4.616661817248278e-06
67,-1.87869096652179e-06
67,1.7646420264134967e-06
67,6.149517369353657e-06
67,1.1071239838561164e-05
67,1.6302404139452434e-05
67,2.161026283798135e-05
67,2.6761391487735767e-05
67,3.152525190511104e-05
67,3.56937591434442e-05
67,3.9110560401654176e-05
67,4.168517255506696e-05
67,4.337932490784174e-05
67,4.4178603774106554e-05
67,4.407208362428956e-05
67,4.305161325044452e-05
67,4.112648259271018e-05
67,3.834125968753185e-05
67,3.478644050639113e-05
67,3.0598151589068156e-05
67,2.5949149331305847e-05
67,2.103616116183704e-05
67,1.606802990910166e-05
67,1.1256965095524867e-05
67,6.8133323989018e-06
67,2.9424449827100244e-06
67,-1.6038683142627988e-07
67,-2.3201879968219683e-06
67,-3.3985437638569604e-06
67,-3.3136434724255253e-06
67,-2.0602959043385506e-06
67,2.7909079095790644e-07
67,3.544868260178937e-06
67,7.5324345294945566e-06
67,1.2026619802053376e-05
67,1.6816769711209798e-05
67,2.1694548330766235e-05
67,2.6453750746665097e-05
67,3.090067919209576e-05
67,3.4864815134504156e-05
67,3.819995270815639e-05
67,4.0780923125644386e-05
67,4.2507123833728534e-05
67,4.33138694748073e-05
67,4.3181187110518796e-05
67,4.213166970848249e-05
67,4.0219823188270196e-05
67,3.7521413955667564e-05
67,3.412932413860453e-05
67,3.01572421085324e-05
67,2.574683105568445e-05
67,2.1070622900657053e-05
67,1.6325928769817592e-05
67,1.1722356515780386e-05
67,7.469247639984082e-06
67,3.7664580712781947e-06
67,7.969207758991911e-07
67,-1.2826882666775802e-06
67,-2.354677166205434e-06
67,-2.352534100547584e-06
67,-1.265104907797731e-06
67,8.689730540045714e-07
67,3.9662881591948485e-06
67,7.892032799057754e-06
67,1.2448564435530421e-05
67,1.7381039051850355e-05
67,2.241022311588079e-05
67,2.7275254155460887e-05
67,3.1760012138075485e-05
67,3.5695441195909345e-05
67,3.8951032689953934e-05
67,4.142873963206937e-05
67,4.3060029477090275e-05
67,4.380224379554451e-05
67,4.363602605677484e-05
67,4.2568452210521846e-05
67,4.064158066971905e-05
67,3.793967347910217e-05
67,3.458694264467974e-05
67,3.073332553274972e-05
67,2.6535140642358395e-05
67,2.214271522136039e-05
67,1.7702526012196678e-05
67,1.3370118472650754e-05
67,9.32170953569682e-06
67,5.753723149085594e-06
67,2.8678722020320384e-06
67,8.468989234453694e-07
67,-1.7120459784398214e-07
67,-1.1369074512660843e-07
67,1.0153483788538261e-06
67,3.1335696910892834e-06
67,6.092320464216038e-06
67,9.70522550524517e-06
67,1.3784786676810759e-05
67,1.816354306618373e-05
67,2.2683821127272987e-05
67,2.7170303042114012e-05
67,3.141767518832959e-05
67,3.5208965544538934e-05
67,3.8350441164121046e-05
67,4.069893304500591e-05
67,4.2170313590014834e-05
67,4.273350846649667e-05
67,4.239897478986322e-05
67,4.1206874144679376e-05
67,3.921718651523646e-05
67,3.650435283199127e-05
67,3.315887454655943e-05
67,2.929529911084554e-05
67,2.5061541320859353e-05
67,2.0641379605592546e-05
67,1.624415941051961e-05
67,1.2084183179153183e-05
67,8.359981520273023e-06
67,5.242247205370635e-06
67,2.870311315775869e-06
67,1.3505971612068213e-06
67,7.522056461920677e-07
67,1.10121400563337e-06
67,2.3797221804433386e-06
67,4.533189716379258e-06
67,7.480285634592965e-06
67,1.1113260934838749e-05
67,1.528596019554503e-05
67,1.9804853858769316e-05
67,2.4441867704370238e-05
67,2.8967323423907528e-05
67,3.318022111951908e-05
67,3.691702272288751e-05
67,4.0042851237025475e-05
67,4.244276197253844e-05
67,4.402299838339084e-05
67,4.4718045136286535e-05
67,4.4496506707994894e-05
67,4.336497073070796e-05
67,4.1371819110433595e-05
67,3.861009857919732e-05
67,3.5216022436833746e-05
67,3.1360469885021454e-05
67,2.723411188681736e-05
67,2.3030717189823698e-05
67,1.893485459401905e-05
67,1.5117354004160188e-05
67,1.1736391340701241e-05
67,8.93876793732236e-06
67,6.857167178460976e-06
67,5.602440338705753e-06
67,5.252483821848726e-06
67,5.841040654686673e-06
67,7.350512500783195e-06
67,9.711085436744131e-06
67,1.2806055020896587e-05
67,1.648330107002821e-05
67,2.057190669603209e-05
67,2.4896962098593312e-05
67,2.9282882771602174e-05
67,3.354610417186611e-05
67,3.7492060676169926e-05
67,4.0929042061012436e-05
67,4.3693479783663966e-05
67,4.566922282796864e-05
67,4.678986341593792e-05
67,4.70278969082673e-05
67,4.638224004988827e-05
67,4.4873027702502885e-05
67,4.2545395396104686e-05
67,3.947775421869539e-05
67,3.578751570761094e-05
67,3.1629155104358134e-05
67,2.7184600925871593e-05
67,2.2650267184514295e-05
67,1.8225392996912695e-05
67,1.410378985088287e-05
67,1.0468681507602671e-05
67,7.488913220596481e-06
67,5.313769743904929e-06
67,4.063738624907336e-06
67,3.816941349536122e-06
67,4.594521277864309e-06
67,6.350795041416116e-06
67,8.974153039604638e-06
67,1.230112678351393e-05
67,1.613877067920362e-05
67,2.0285566877888844e-05
67,2.4544977548396618e-05
67,2.873373541653052e-05
67,3.268798873590346e-05
67,3.626509404719541e-05
67,3.933842458232107e-05
67,4.1789829496033306e-05
67,4.350907447012105e-05
67,4.4404259845409164e-05
67,4.4417463235638106e-05
67,4.353601521510236e-05
67,4.1794096737514355e-05
67,3.9265635437639536e-05
67,3.6053181405762436e-05
67,3.227888454847872e-05
67,2.8082517119745265e-05
67,2.362613468283223e-05
67,1.909852728251529e-05
67,1.4711578443507118e-05
67,1.0686510570662618e-05
67,7.234841360826827e-06
67,4.540448239437116e-06
67,2.745490932902416e-06
67,1.939234897164653e-06
67,2.1493729056722595e-06
67,3.3394468742897506e-06
67,5.417524956846487e-06
67,8.255422333413973e-06
67,1.1708783610445692e-05
67,1.5627262315133554e-05
67,1.9853494274678425e-05
67,2.4218735953939135e-05
67,2.854265623985e-05
67,3.263894151222765e-05
67,3.63255114151964e-05
67,3.943833313497833e-05
67,4.1846122624653574e-05
67,4.345999969516509e-05
67,4.423290487578141e-05
67,4.4149833778372334e-05
67,4.321625959318319e-05
67,4.145297212943917e-05
67,3.8900963418986885e-05
67,3.563338941371914e-05
67,3.176669588651982e-05
67,2.7462774251394076e-05
67,2.2919153142642514e-05
67,1.8351208417139332e-05
67,1.3973965361181001e-05
67,9.989099937629075e-06
67,6.577797431901794e-06
67,3.896611111445561e-06
67,2.07343042796583e-06
67,1.202634477126074e-06
67,1.3398122828439831e-06
67,2.496031202556087e-06
67,4.6311220530723864e-06
67,7.647519482171467e-06
67,1.1390282701172665e-05
67,1.5659155344080576e-05
67,2.0231018639887844e-05
67,2.488255376950468e-05
67,2.9403890151136327e-05
67,3.3603395705507684e-05
67,3.730991935539721e-05
67,4.037639846693782e-05
67,4.26841465678965e-05
67,4.4146346862809566e-05
67,4.471064496287482e-05
67,4.436090032904015e-05
67,4.311743843307286e-05
67,4.1035188403429924e-05
67,3.819977778036775e-05
67,3.472215031313452e-05
67,3.073289897551633e-05
67,2.6378418183632942e-05
67,2.182035510861565e-05
67,1.7236673865810912e-05
67,1.2820013947495713e-05
67,8.770621569444487e-06
67,5.285520403889916e-06
67,2.5474882145303214e-06
67,7.146367278961653e-07
67,-9.217002423533184e-08
67,1.9420446035928423e-07
67,1.571257033784449e-06
67,3.961290674204844e-06
67,7.222655914306432e-06
67,1.1172357474214344e-05
67,1.5606167537198855e-05
67,2.0308399181491284e-05
67,2.505744426086719e-05
67,2.963727651745867e-05
67,3.385459255152308e-05
67,3.755095504703415e-05
67,4.0602604966355184e-05
67,4.291231452851785e-05
67,4.4403201251009206e-05
67,4.5019233281295896e-05
67,4.472978655121133e-05
67,4.353410976465414e-05
67,4.1464293227722324e-05
67,3.8587017680433576e-05
67,3.500395471721428e-05
67,3.085015291242828e-05
67,2.6290017248110344e-05
67,2.1511336418895865e-05
67,1.6718543161022237e-05
67,1.2126024843329715e-05
67,7.950699772145979e-06
67,4.401771630055468e-06
67,1.6663876995031056e-06
67,-1.072372064905175e-07
67,-8.249775482670208e-07
67,-4.5554051585563883e-07
67,9.696255841083373e-07
67,3.363823307592967e-06
67,6.595881681663726e-06
67,1.0501464548801948e-05
67,1.4895685480213176e-05
67,1.9586985043127902e-05
67,2.438655674603241e-05
67,2.9107095992694473e-05
67,3.355489600433748e-05
67,3.752896968870163e-05
67,4.0835920309292246e-05
67,4.331420109454913e-05
67,4.485333061218236e-05
67,4.539938331870572e-05
67,4.494864746634684e-05
67,4.353662305265304e-05
67,4.1228539115998004e-05
67,3.811445276236286e-05
67,3.4309143282976595e-05
67,2.9954521086950212e-05
67,2.522068341628156e-05
67,2.0302188333841405e-05
67,1.5408483994519896e-05
67,1.0750460787960872e-05
67,6.527369743120881e-06
67,2.918266172360811e-06
67,7.885128451766301e-08
67,-1.8598380610691186e-06
67,-2.795992825673114e-06
67,-2.6669805152983748e-06
67,-1.4617731996454037e-06
67,7.704230003391097e-07
67,3.920789309891382e-06
67,7.83072010177494e-06
67,1.230461259003814e-05
67,1.7119933086918983e-05
67,2.2036977156979667e-05
67,2.6815336768317077e-05
67,3.123661541485705e-05
67,3.512221361638469e-05
67,3.833617487230845e-05
67,4.077571117487358e-05
67,4.236112809725203e-05
67,4.303351605518817e-05
67,4.275942417780695e-05
67,4.1537374944413366e-05
67,3.9402763203485144e-05
67,3.6429764605823805e-05
67,3.2729225089154195e-05
67,2.8442674692445308e-05
67,2.3734988956512623e-05
67,1.8788851271312867e-05
67,1.3801890514888223e-05
67,8.984445845897784e-06
67,4.554841406900779e-06
67,7.301892774707938e-07
67,-2.287298150805382e-06
67,-4.327136644557746e-06
67,-5.268493737828222e-06
67,-5.055975754433841e-06
67,-3.708223436156102e-06
67,-1.314610173714745e-06
67,1.979624746688537e-06
67,5.993278841882081e-06
67,1.0526934137210973e-05
67,1.537593477612406e-05
67,2.0338738656486644e-05
67,2.5220017965509288e-05
67,2.98294268431803e-05
67,3.398183452434224e-05
67,3.750538000075748e-05
67,4.025623155450796e-05
67,4.2131197332179304e-05
67,4.30703918763348e-05
67,4.3050516347243557e-05
67,4.2075950381904006e-05
67,4.0174630366689225e-05
67,3.740098675021755e-05
67,3.384345661945752e-05
67,2.9631434673881803e-05
67,2.4936549480298698e-05
67,1.9965763766915262e-05
67,1.494763479632453e-05
67,1.0115932231445546e-05
67,5.695223662142926e-06
67,1.8909676527077576e-06
67,-1.116718583570284e-06
67,-3.1789491303438347e-06
67,-4.186449140185073e-06
67,-4.079989242183604e-06
67,-2.859512839412118e-06
67,-5.883848780807198e-07
67,2.609518427834909e-06
67,6.5609548509899645e-06
67,1.1061282001318564e-05
67,1.5893825720681207e-05
67,2.084418880217009e-05
67,2.5707648516875648e-05
67,3.0292961979163683e-05
67,3.442574802128211e-05
67,3.795139867215104e-05
67,4.0736989081931704e-05
67,4.267378276619029e-05
67,4.368207416687306e-05
67,4.371729704380392e-05
67,4.277430134737323e-05
67,4.08878729264341e-05
67,3.812999460126014e-05
67,3.460539970617585e-05
67,3.0446852376311975e-05
67,2.5811432413622413e-05
67,2.0878332861832612e-05
67,1.584679192557313e-05
67,1.0931520449601102e-05
67,6.354159168916849e-06
67,2.3318402032100698e-06
67,-9.349642928040939e-07
67,-3.2744691618378647e-06
67,-4.5564376108605685e-06
67,-4.706131548297494e-06
67,-3.7157890800263244e-06
67,-1.6468599794098196e-06
67,1.380788866150677e-06
67,5.207408784087763e-06
67,9.648383468264588e-06
67,1.4499829024525567e-05
67,1.9540285732798146e-05
67,2.453798017607761e-05
67,2.9265977301932742e-05
67,3.351924917136147e-05
67,3.712723082922124e-05
67,3.996023218038506e-05
67,4.193074287487745e-05
67,4.2989962423039204e-05
67,4.312022357479627e-05
67,4.2326850975582495e-05
67,4.063452541580178e-05
67,3.809046828525156e-05
67,3.477191736797445e-05
67,3.079247955079577e-05
67,2.6302751732001375e-05
67,2.14841280854886e-05
67,1.6538482558465988e-05
67,1.1677901025993376e-05
67,7.117016428702278e-06
67,3.0673232268130377e-06
67,-2.6942867832499634e-07
67,-2.711650402105719e-06
67,-4.112850322196848e-06
67,-4.378545672262979e-06
67,-3.4802976154478643e-06
67,-1.4626663689550457e-06
67,1.558348970952433e-06
67,5.405426692612178e-06
67,9.85897935222544e-06
67,1.4683046105577633e-05
67,1.964970066997296e-05
67,2.4551673460487887e-05
67,2.9201102655564595e-05
67,3.342344103120649e-05
67,3.705728235596116e-05
67,3.9962386036558386e-05
67,4.2029956332687845e-05
67,4.318875693755929e-05
67,4.340539406855073e-05
67,4.268094898546884e-05
67,4.104676822793517e-05
67,3.8561190365573076e-05
67,3.530805159600481e-05
67,3.139720271153582e-05
67,2.6966484016600578e-05
67,2.218338548597809e-05
67,1.7243510071277578e-05
67,1.2363412266590832e-05
67,7.76814540400302e-06
67,3.676940865542975e-06
67,2.9059640962797394e-07
67,-2.2189478456585396e-06
67,-3.7190576034782587e-06
67,-4.12806950706176e-06
67,-3.425550972652378e-06
67,-1.655766258764554e-06
67,1.0794465948934305e-06
67,4.635903798430377e-06
67,8.84164079099463e-06
67,1.3503353861173561e-05
67,1.8407165845997388e-05
67,2.3324027529229624e-05
67,2.8025576844300777e-05
67,3.2304394118895744e-05
67,3.5987740906787216e-05
67,3.894068388261848e-05
67,4.106327298584902e-05
67,4.228771643875364e-05
67,4.257717799478411e-05
67,4.1925286806662156e-05
67,4.035649384940434e-05
67,3.7927967612216966e-05
67,3.4731840726202506e-05
67,3.089498658236006e-05
67,2.6574456145831054e-05
67,2.1949225819720802e-05
67,1.7210784445281e-05
67,1.2555202780947166e-05
67,8.177816679157694e-06
67,4.269553210750107e-06
67,1.012586774854787e-06
67,-1.4269420568437887e-06
67,-2.9102580255392652e-06
67,-3.3404307765095814e-06
67,-2.6764752229217555e-06
67,-9.420046957264777e-07
67,1.7749208268868328e-06
67,5.330283978986946e-06
67,9.538398188728293e-06
67,1.4189577611298644e-05
67,1.9067648754059085e-05
67,2.3961865578317846e-05
67,2.8670428099152e-05
67,3.3000101161339114e-05
67,3.677015569102235e-05
67,3.982369389419338e-05
67,4.204104545619419e-05
67,4.3347444961817626e-05
67,4.3712014934040743e-05
67,4.314108299435804e-05
67,4.167091455700021e-05
67,3.9363252037587634e-05
67,3.630434629535282e-05
67,3.26061459878848e-05
67,2.840741304558945e-05
67,2.3872765080288116e-05
67,1.9188607282513874e-05
67,1.4556054140112521e-05
67,1.0181952497518809e-05
67,6.269563228752061e-06
67,3.0096451054341916e-06
67,5.709535999276815e-07
67,-9.113943311864776e-07
67,-1.3491033155258929e-06
67,-7.117487279620078e-07
67,9.68694916569453e-07
67,3.6017675149158972e-06
67,7.0492535479402775e-06
67,1.113852523514356e-05
67,1.5674076194142846e-05
67,2.0445865818980644e-05
67,2.5237261958436408e-05
67,2.9835786686794695e-05
67,3.404554639192317e-05
67,3.769674721695426e-05
67,4.064966462053008e-05
67,4.2795034434294947e-05
67,4.4054408991219115e-05
67,4.438180008653963e-05
67,4.3765645645658165e-05
67,4.2230032574457726e-05
67,3.983480177653472e-05
67,3.667417034141159e-05
67,3.287358854667285e-05
67,2.85854108720024e-05
67,2.398437816891567e-05
67,1.9262887745099165e-05
67,1.4624852678968895e-05
67,1.0277343224070313e-05
67,6.420754527757367e-06
67,3.2389940473487268e-06
67,8.901886246739665e-07
67,-5.030364326489565e-07
67,-8.643874679864104e-07
67,-1.7389316512753057e-07
67,1.5276108931361358e-06
67,4.143267843680803e-06
67,7.532874057718661e-06
67,1.1527413862611638e-05
67,1.5940211465335222e-05
67,2.0574188122556287e-05
67,2.522776414601051e-05
67,2.9701330708215362e-05
67,3.380474060349501e-05
67,3.7365866264285624e-05
67,4.0239720983315875e-05
67,4.2316081458621125e-05
67,4.3522780360202084e-05
67,4.382371197670595e-05
67,4.3213921988064564e-05
67,4.1715834388212626e-05
67,3.937928825014252e-05
67,3.628496942926933e-05
67,3.254820591890797e-05
67,2.83193591618548e-05
67,2.3778584460734782e-05
67,1.912568077101117e-05
67,1.4568149182430054e-05
67,1.0310757857294428e-05
67,6.547872086753247e-06
67,3.4571806181775774e-06
67,1.1922022494219941e-06
67,-1.2786641482410166e-07
67,-4.294598954709785e-07
67,3.0672005260283876e-07
67,2.0429707125770783e-06
67,4.688014724975644e-06
67,8.104747732422938e-06
67,1.2120887189924257e-05
67,1.6541831098197573e-05
67,2.1163969616605302e-05
67,2.5785556802357315e-05
67,3.021362864232221e-05
67,3.426829714071336e-05
67,3.778689161128828e-05
67,4.062905311838078e-05
67,4.2682039896592976e-05
67,4.386497482259606e-05
67,4.4131491661939455e-05
67,4.347110635519133e-05
67,4.190978261010023e-05
67,3.9509553494584195e-05
67,3.636652582693963e-05
67,3.260702351308364e-05
67,2.838275771518202e-05
67,2.3866276867272376e-05
67,1.9246711956721844e-05
67,1.4724327122232036e-05
67,1.0502650074760971e-05
67,6.778862414379653e-06
67,3.7342451727159988e-06
67,1.5252344910302205e-06
67,2.7367953212000413e-07
67,5.520667726029737e-08
67,8.87799138332251e-07
67,2.725931737138428e-06
67,5.4650054537321435e-06
67,8.955431742116306e-06
67,1.3019570479246645e-05
67,1.746403708819871e-05
67,2.2085962186058354e-05
67,2.667819229275706e-05
67,3.103824070429932e-05
67,3.498020955590257e-05
67,3.8345067629373794e-05
67,4.1006196493195474e-05
67,4.2870721215204746e-05
67,4.3878547080721785e-05
67,4.4000297840612354e-05
67,4.32349774495718e-05
67,4.1608637008000085e-05
67,3.9175040304587186e-05
67,3.6017786059524476e-05
67,3.225194973929782e-05
67,2.802323979381766e-05
67,2.3503771155736475e-05
67,1.8885039075037673e-05
67,1.436968610207385e-05
67,1.0163478200790763e-05
67,6.467525600545704e-06
67,3.4692847441647624e-06
67,1.3307270112423976e-06
67,1.7385754526938378e-07
67,6.662031905404074e-08
67,1.0140564624910932e-06
67,2.958362188239591e-06
67,5.787396384776042e-06
67,9.347586480265006e-06
67,1.3457378525488662e-05
67,1.7920028161546077e-05
67,2.2535320395920837e-05
67,2.710824916994267e-05
67,3.145298547370356e-05
67,3.539421610025053e-05
67,3.8770682460239155e-05
67,4.1443308046328005e-05
67,4.330500007143316e-05
67,4.428687077527908e-05
67,4.435836540570747e-05
67,4.3523253561826995e-05
67,4.1815416442322906e-05
67,3.929700134467543e-05
67,3.605894140333373e-05
67,3.222217681820555e-05
67,2.793763385415268e-05
67,2.3383455116958852e-05
67,1.875856672067334e-05
67,1.4272581369431086e-05
67,1.013349644319499e-05
67,6.535864295826932e-06
67,3.651604234113669e-06
67,1.623210348454253e-06
67,5.570237731488737e-07
67,5.150004396301802e-07
67,1.5065691719969313e-06
67,3.4845351622333844e-06
67,6.348113337319929e-06
67,9.952638104136166e-06
67,1.412197299901457e-05
67,1.86591059619005e-05
67,2.335383255539124e-05
67,2.799067027076579e-05
67,3.236026038647331e-05
67,3.6273019442679085e-05
67,3.957009148448722e-05
67,4.2128048273745163e-05
67,4.385817644914993e-05
67,4.470371745236551e-05
67,4.4637746461051546e-05
67,4.3662744421319966e-05
67,4.1811915585640226e-05
67,3.915139684209299e-05
67,3.578141109779441e-05
67,3.1834321385462365e-05
67,2.7469109405481545e-05
67,2.28637256505914e-05
67,1.8207392589319747e-05
67,1.3694178853546795e-05
67,9.517916256538398e-06
67,5.867431430882404e-06
67,2.9203067514290343e-06
67,8.333271689900845e-07
67,-2.7100401546922924e-07
67,-3.1989639235419327e-07
67,6.971328135259416e-07
67,2.72399713122554e-06
67,5.644613175425827e-06
67,9.297616452738098e-06
67,1.349337165732271e-05
67,1.80286592800412e-05
67,2.2697612511295827e-05
67,2.7299146124443377e-05
67,3.164145541320381e-05
67,3.5545227602525056e-05
67,3.884837361381218e-05
67,4.1413835507271155e-05
67,4.313851499127045e-05
67,4.395911972082009e-05
67,4.385229582705809e-05
67,4.2830233862527225e-05
67,4.0935357065016586e-05
67,3.8237125402363976e-05
67,3.4831735736351765e-05
67,3.084346647986673e-05
67,2.6425403808259734e-05
67,2.1757334395441755e-05
67,1.703959937088544e-05
67,1.2483349478915658e-05
67,8.299106784221739e-06
67,4.6858110831910565e-06
67,1.821232755893815e-06
67,-1.4722914468360926e-07
67,-1.1127813933075525e-06
67,-1.0198932460577397e-06
67,1.28038573692457e-07
67,2.2678505540138125e-06
67,5.283548177047446e-06
67,9.018402009682224e-06
67,1.3288293090405436e-05
67,1.789353233547277e-05
67,2.2628301123799104e-05
67,2.728835689825165e-05
67,3.1678165973851833e-05
67,3.5618012485927694e-05
67,3.895061332097429e-05
67,4.1546409226230354e-05
67,4.330709132987665e-05
67,4.416737328101698e-05
67,4.409534267181675e-05
67,4.3092164243130333e-05
67,4.1192118964561876e-05
67,3.8463277957638454e-05
67,3.500784521089823e-05
67,3.096068738593437e-05
67,2.6485415231036852e-05
67,2.176852858390502e-05
67,1.701231347324426e-05
67,1.2426639744141115e-05
67,8.219704333682964e-06
67,4.5883061528800275e-06
67,1.7084011095341942e-06
67,-2.7412932689769264e-07
67,-1.253310033500179e-06
67,-1.1734131055700717e-06
67,-3.7254041882983236e-08
67,2.091810228718708e-06
67,5.096864648036638e-06
67,8.821461791105181e-06
67,1.3084762415950048e-05
67,1.7692406835765447e-05
67,2.2442435032608837e-05
67,2.7129772577041947e-05
67,3.155281304681098e-05
67,3.5522623831504727e-05
67,3.887291455681475e-05
67,4.146860165021355e-05
67,4.3211373055619494e-05
67,4.404122442934268e-05
67,4.3934129537255986e-05
67,4.289790470952384e-05
67,4.096929920841918e-05
67,3.82140668593657e-05
67,3.472920387998251e-05
67,3.064478090154984e-05
67,2.612281184582688e-05
67,2.1351871222163473e-05
67,1.6537883395782524e-05
67,1.1893047889431212e-05
67,7.625476003914307e-06
67,3.931133598955175e-06
67,9.874286488826047e-07
67,-1.054127950352257e-06
67,-2.078406832902591e-06
67,-2.0194997559863372e-06
67,-8.716294514704561e-07
67,1.306833805697505e-06
67,4.398089300503499e-06
67,8.236219985485583e-06
67,1.2621730683707136e-05
67,1.7337209150050527e-05
67,2.2162659080289445e-05
67,2.688816240876346e-05
67,3.1321592963686555e-05
67,3.529161069409925e-05
67,3.864886839534878e-05
67,4.126832418442155e-05
67,4.3053036028307544e-05
67,4.393769140430377e-05
67,4.38903192963524e-05
67,4.2912281163107416e-05
67,4.1037654994929476e-05
67,3.833268305413971e-05
67,3.4894985216613765e-05
67,3.085196421180575e-05
67,2.6358315829842707e-05
67,2.1592851186371444e-05
67,1.675432833035895e-05
67,1.2055324935717223e-05
67,7.713436920982476e-06
67,3.9402044035744094e-06
67,9.288582805180546e-07
67,-1.1585023316598163e-06
67,-2.204242618939734e-06
67,-2.1479475251071765e-06
67,-9.952530219686724e-07
67,1.181584231973033e-06
67,4.253434322598628e-06
67,8.05163681985094e-06
67,1.2386215876925629e-05
67,1.7058457441216845e-05
67,2.1866270764117874e-05
67,2.6606495610230748e-05
67,3.107967054215787e-05
67,3.509897411809377e-05
67,3.8500620082130724e-05
67,4.1152056430736686e-05
67,4.2956257813089826e-05
67,4.385226495259073e-05
67,4.3812968389708375e-05
67,4.284185009391771e-05
67,4.097093502609652e-05
67,3.826139145598225e-05
67,3.480606615821301e-05
67,3.073150395848585e-05
67,2.6197037724294405e-05
67,2.1389888268320878e-05
67,1.6516698144107747e-05
67,1.1792968318168624e-05
67,7.432289888623519e-06
67,3.6367797347430334e-06
67,5.887538126362199e-07
67,-1.5577277514948916e-06
67,-2.686879047694021e-06
67,-2.7323290635365e-06
67,-1.6862848685512963e-06
67,3.973270376011735e-07
67,3.4075102473911255e-06
67,7.1866455446683174e-06
67,1.1543136281136725e-05
67,1.6264259302090388e-05
67,2.112903646101701e-05
67,2.5920401496579485e-05
67,3.043476992079739e-05
67,3.4488197111173845e-05
67,3.7920772536910456e-05
67,4.060136364538486e-05
67,4.243252031346878e-05
67,4.335328264028808e-05
67,4.33384540533178e-05
67,4.2395538570778506e-05
67,4.056191821590699e-05
67,3.790376492615291e-05
67,3.4516211031970944e-05
67,3.0523327442488304e-05
67,2.607672830071223e-05
67,2.135225517903681e-05
67,1.654459388032249e-05
67,1.186000976424646e-05
67,7.507880488325174e-06
67,3.691937147813789e-06
67,6.014143473352704e-07
67,-1.599018700623733e-06
67,-2.781894632956768e-06
67,-2.871274367108711e-06
67,-1.854567274385102e-06
67,2.1341310765098182e-07
67,3.216578152835925e-06
67,6.991638343515162e-06
67,1.1344877743939108e-05
67,1.606670183398276e-05
67,2.0941953603575267e-05
67,2.5757356514946062e-05
67,3.0308771943560176e-05
67,3.44094271280352e-05
67,3.789785695200047e-05
67,4.064358606231729e-05
67,4.254974069984731e-05
67,4.355311555463924e-05
67,4.3622800186607144e-05
67,4.275865391848644e-05
67,4.0990828665365804e-05
67,3.8380687481307866e-05
67,3.5022061051752756e-05
67,3.10410757427419e-05
67,2.6593494163397184e-05
67,2.1859762297002565e-05
67,1.703849941070878e-05
67,1.2338935732044007e-05
67,7.97255394682946e-06
67,4.144163462134632e-06
67,1.0424053794437776e-06
67,-1.1708092658314132e-06
67,-2.3723587140990528e-06
67,-2.4904733347273507e-06
67,-1.514614678072724e-06
67,5.01483623890851e-07
67,3.44582277176761e-06
67,7.161277147268714e-06
67,1.1460851708368483e-05
67,1.6140636834790642e-05
67,2.0989327567335898e-05
67,2.5795720501898316e-05
67,3.035570311496752e-05
67,3.4479295677645284e-05
67,3.7997903548575764e-05
67,4.0771686833078774e-05
67,4.269596920232921e-05
67,4.3704700908395695e-05
67,4.376980003822551e-05
67,4.289753760168146e-05
67,4.1124767422869984e-05
67,3.851714200030897e-05
67,3.516935794840338e-05
67,3.120585145628544e-05
67,2.6780040918186948e-05
67,2.2070790477878938e-05
67,1.727574299016684e-05
67,1.2602329286306713e-05
67,8.258155773184434e-06
67,4.4423245471819274e-06
67,1.3377595737038775e-06
67,-8.971736131382963e-07
67,-2.139617806640196e-06
67,-2.3151228023610618e-06
67,-1.4084334506004247e-06
67,5.328439600056463e-07
67,3.403606986013311e-06
67,7.052994447819791e-06
67,1.1297872026016584e-05
67,1.593504627578594e-05
67,2.075174447339573e-05
67,2.553497489560968e-05
67,3.008010092490835e-05
67,3.4198603747280957e-05
67,3.772500255731418e-05
67,4.052277488392883e-05
67,4.248865352794915e-05
67,4.355447506467069e-05
67,4.368651982976734e-05
67,4.288363378749375e-05
67,4.117598667785636e-05
67,3.8625288248495944e-05
67,3.532552195175213e-05
67,3.140243487866728e-05
67,2.7010745331504716e-05
67,2.2329260733494754e-05
67,1.7554561581888073e-05
67,1.2893596007996286e-05
67,8.555329540343258e-06
67,4.741807153820236e-06
67,1.6389477179319144e-06
67,-5.932817249077153e-07
67,-1.8320427898303067e-06
67,-2.0036945247171214e-06
67,-1.0939103663774232e-06
67,8.483607416069264e-07
67,3.7157589583545778e-06
67,7.355015471175118e-06
67,1.1582457729220665e-05
67,1.619748855993091e-05
67,2.0991895564334798e-05
67,2.5756464962251246e-05
67,3.0287699540406653e-05
67,3.4395939291273584e-05
67,3.791399327508791e-05
67,4.0704512080833014e-05
67,4.26647292170946e-05
67,4.372796567660971e-05
67,4.386224622651478e-05
67,4.306754455738634e-05
67,4.137375697605447e-05
67,3.88406407741848e-05
67,3.5559144205505335e-05
67,3.165228763484984e-05
67,2.727380641321382e-05
67,2.2603664900246918e-05
67,1.7840594736218714e-05
67,1.3192762712801637e-05
67,8.868254848078466e-06
67,5.06665934001708e-06
67,1.9714859964431207e-06
67,-2.5843255304585854e-07
67,-1.5002674111341502e-06
67,-1.6803851286439802e-06
67,-7.852428294356779e-07
67,1.1350824194326522e-06
67,3.97278620965061e-06
67,7.574984447545831e-06
67,1.175813271710741e-05
67,1.6320842790479423e-05
67,2.1054603715309707e-05
67,2.5752945828261994e-05
67,3.0218962592983205e-05
67,3.4271055270007346e-05
67,3.77477830933305e-05
67,4.051303186921332e-05
67,4.2461348894873684e-05
67,4.352172823504508e-05
67,4.3658435360811076e-05
67,4.286945394971557e-05
67,4.1184592759909974e-05
67,3.866473022726576e-05
67,3.54019524050997e-05
67,3.151925419056723e-05
67,2.7168670453587567e-05
67,2.252741793279136e-05
67,1.779201289848875e-05
67,1.3170454787037881e-05
67,8.872917514083372e-06
67,5.10184488326834e-06
67,2.0421737133006996e-06
67,-1.485592866662224e-07
67,-1.3510475267735049e-06
67,-1.4956060728498338e-06
67,-5.713126768910753e-07
67,1.3710854943458016e-06
67,4.224614024595802e-06
67,7.838215535016765e-06
67,1.2031206881408245e-05
67,1.6605800210113586e-05
67,2.1356031812559443e-05
67,2.6074438084753845e-05
67,3.055900631950927e-05
67,3.462164429183753e-05
67,3.809718784925459e-05
67,4.0850855519041545e-05
67,4.278255711114497e-05
67,4.382768829764456e-05
67,4.395527822647185e-05
67,4.316531540147263e-05
67,4.148722708204021e-05
67,3.8980363863718855e-05
67,3.573553699608293e-05
67,3.18755894260253e-05
67,2.755338919457635e-05
67,2.294685746712429e-05
67,1.8251634237599904e-05
67,1.367245325898673e-05
67,9.41440521557055e-06
67,5.6748720772219175e-06
67,2.635825874459175e-06
67,4.5501224125739015e-07
67,-7.453368688991564e-07
67,-8.914613121969682e-07
67,3.102980427464547e-08
67,1.973111293506556e-06
67,4.827528466792289e-06
67,8.441197307103204e-06
67,1.2629972430422333e-05
67,1.7191802078109366e-05
67,2.1917258287245006e-05
67,2.659831075341181e-05
67,3.1036019646297066e-05
67,3.504720494904477e-05
67,3.847037735978236e-05
67,4.1171453075903166e-05
67,4.304891909580745e-05
67,4.4036968886641324e-05
67,4.41054654187463e-05
67,4.3257479342009854e-05
67,4.1526596494174064e-05
67,3.8975659889725056e-05
67,3.56968542742596e-05
67,3.181182574214743e-05
67,2.747050797240991e-05
67,2.2847855848696647e-05
67,1.8138151386048853e-05
67,1.3547053883343819e-05
67,9.282246895502053e-06
67,5.543876040631233e-06
67,2.5153237880225105e-06
67,3.5357557863087736e-07
67,-8.219525073065341e-07
67,-9.415238477912242e-07
67,5.2607804144177575e-09
67,1.966596580781411e-06
67,4.834219623979018e-06
67,8.455481549110875e-06
67,1.2647293891025004e-05
67,1.720853631866927e-05
67,2.19300541303237e-05
67,2.6603091262403467e-05
67,3.102721415394695e-05
67,3.501811215282512e-05
67,3.841492856994062e-05
67,4.108634240067867e-05
67,4.2934500369252386e-05
67,4.389620797077175e-05
67,4.394172076346064e-05
67,4.307263374791704e-05
67,4.132069084313589e-05
67,3.8748239093648894e-05
67,3.544933667334521e-05
67,3.1549665316864656e-05
67,2.720396953432247e-05
67,2.2590938543289915e-05
67,1.7906189175062694e-05
67,1.3354127461781565e-05
67,9.139390511793584e-06
67,5.45838296200773e-06
67,2.490814661866057e-06
67,3.903177556736288e-07
67,-7.267375306828771e-07
67,-7.933679203148105e-07
67,1.9832366572056389e-07
67,2.19416380400707e-06
67,5.083792322869617e-06
67,8.713544380082685e-06
67,1.2901540951418856e-05
67,1.7450502538112134e-05
67,2.215671251534811e-05
67,2.6816462025182323e-05
67,3.1232155630566094e-05
67,3.521923432119468e-05
67,3.861374333460991e-05
67,4.127963659720706e-05
67,4.3114555669669174e-05
67,4.405278200549596e-05
67,4.406488748979654e-05
67,4.315521512009052e-05
67,4.1359363738977714e-05
67,3.8743188508821784e-05
67,3.540306533848793e-05
67,3.146591128259933e-05
67,2.708744389813216e-05
67,2.2447855498790407e-05
67,1.7744817410306375e-05
67,1.3184473034332937e-05
67,8.97176817293233e-06
67,5.301494382101791e-06
67,2.3503081265492477e-06
67,2.684394622128353e-07
67,-8.304624217922186e-07
67,-8.808690781501621e-07
67,1.2517653622725406e-07
67,2.1351600331845597e-06
67,5.041579275129712e-06
67,8.693384443968143e-06
67,1.2908876999251314e-05
67,1.748714156659174e-05
67,2.2217927324824552e-05
67,2.6891000610868985e-05
67,3.1305151449369944e-05
67,3.527621526330124e-05
67,3.864374815208382e-05
67,4.127648111840302e-05
67,4.3076362552867094e-05
67,4.398044115312048e-05
67,4.3960305182439296e-05
67,4.302017278210839e-05
67,4.11954384364453e-05
67,3.855253861217391e-05
67,3.5189317388157326e-05
67,3.12342893523671e-05
67,2.6843788870276615e-05
67,2.219703483979645e-05
67,1.7489646436524367e-05
67,1.292610855232326e-05
67,8.711608747485663e-06
67,5.0436090708667285e-06
67,2.103069559845188e-06
67,4.450115850658449e-08
67,-1.0159107835464478e-06
67,-1.0130655825865519e-06
67,5.7061455401148974e-08
67,2.1346982338144255e-06
67,5.102920578615187e-06
67,8.80155942687546e-06
67,1.3043397643511784e-05
67,1.762796516430069e-05
67,2.2350970366477446e-05
67,2.7010416190936068e-05
67,3.141184145415197e-05
67,3.537446051667076e-05
67,3.873831745726214e-05
67,4.1371273967808266e-05
67,4.317423388187396e-05
67,4.4083400078739294e-05
67,4.406950137641845e-05
67,4.313539906488686e-05
67,4.131418805522259e-05
67,3.866906242120898e-05
67,3.529445011745136e-05
67,3.131671423430816e-05
67,2.6892784662812745e-05
67,2.2205882617706313e-05
67,1.745829364268213e-05
67,1.2861848562496517e-05
67,8.627420643970093e-06
67,4.954843002837592e-06
67,2.0237077527528636e-06
67,-1.5877365662543326e-08
67,-1.0537367135613807e-06
67,-1.0306066631108297e-06
67,5.366105662641833e-08
67,2.1387098844664575e-06
67,5.1105488206979874e-06
67,8.814022580421491e-06
67,1.3066164846161749e-05
67,1.7667303225692072e-05
67,2.240992645870153e-05
67,2.708682616499344e-05
67,3.149921627051126e-05
67,3.5464371233253154e-05
67,3.882231865305048e-05
67,4.144157364551198e-05
67,4.322359726504556e-05
67,4.4105037155672757e-05
67,4.405728622481421e-05
67,4.308447061659705e-05
67,4.122188553590156e-05
67,3.8535947433674384e-05
67,3.512488205752192e-05
67,3.11184168045722e-05
67,2.667522008697423e-05
67,2.1977829123906166e-05
67,1.722545959986221e-05
67,1.2625410419490458e-05
67,8.38402848833954e-06
67,4.69812235527031e-06
67,1.7468580782383525e-06
67,-3.1707153223748344e-07
67,-1.378379519470485e-06
67,-1.37160881628961e-06
67,-2.914279967822404e-07
67,1.8039541279574093e-06
67,4.798572504140642e-06
67,8.53169893165589e-06
67,1.2813335817799567e-05
67,1.743804037786457e-05
67,2.2195449069714425e-05
67,2.687817413534433e-05
67,3.128859234349696e-05
67,3.5245571640016036e-05
67,3.859119402244961e-05
67,4.1196730619878044e-05
67,4.296677878341619e-05
67,4.384071560419948e-05
67,4.379159073278777e-05
67,4.282385341289105e-05
67,4.0971795010872114e-05
67,3.8299634606090666e-05
67,3.490250822599682e-05
67,3.0906673401211514e-05
67,2.646760347509303e-05
67,2.176561846982846e-05
67,1.6999367816424868e-05
67,1.2377732326574735e-05
67,8.110849930823006e-06
67,4.400892067608849e-06
67,1.432592622526559e-06
67,-6.372908243473377e-07
67,-1.6922200656177408e-06
67,-1.6685436181469001e-06
67,-5.648458740331205e-07
67,1.556288271146253e-06
67,4.575675124091954e-06
67,8.33145765021766e-06
67,1.2634464156892925e-05
67,1.7280989148816956e-05
67,2.2062133844891435e-05
67,2.6771133798430443e-05
67,3.1210184649507e-05
67,3.519723829007176e-05
67,3.8572608310861816e-05
67,4.120506295110225e-05
67,4.2996665804334916e-05
67,4.388518323577762e-05
67,4.384349188060006e-05
67,4.287708133909115e-05
67,4.102182517817785e-05
67,3.8343429980250815e-05
67,3.493813075424854e-05
67,3.093302495046562e-05
67,2.6484579223537236e-05
67,2.1774579928190775e-05
67,1.7003417585836518e-05
67,1.2381176019085057e-05
67,8.117664904016486e-06
67,4.4127468991278165e-06
67,1.447441205131502e-06
67,-6.251833115165348e-07
67,-1.6907048906348945e-06
67,-1.6851461690452272e-06
67,-6.044208468006561e-07
67,1.4930856899991148e-06
67,4.492755095379149e-06
67,8.236402107418018e-06
67,1.253658946379178e-05
67,1.71890133688924e-05
67,2.198227577064869e-05
67,2.6706167202774932e-05
67,3.115951870550325e-05
67,3.515785538226178e-05
67,3.854055634059771e-05
67,4.117697501701942e-05
67,4.297066211059549e-05
67,4.3860809961093635e-05
67,4.382094702375273e-05
67,4.285637906659285e-05
67,4.1002465607652434e-05
67,3.832471855034634e-05
67,3.4919834357684446e-05
67,3.091577229403211e-05
67,2.6469473392469756e-05
67,2.176196671913783e-05
67,1.6991410599583604e-05
67,1.2364880248917944e-05
67,8.089733776762633e-06
67,4.365140553839083e-06
67,1.3735883072924922e-06
67,-7.287299307769654e-07
67,-1.823600096226449e-06
67,-1.843509957527179e-06
67,-7.817326206956678e-07
67,1.3046585993085178e-06
67,4.300804802002498e-06
67,8.047000133273325e-06
67,1.2353907627193136e-05
67,1.701599697625228e-05
67,2.1821766535543407e-05
67,2.6561628538501105e-05
67,3.103497593232195e-05
67,3.5057254231954946e-05
67,3.8466956873828105e-05
67,4.1131907859417346e-05
67,4.295386158515799e-05
67,4.3870440409383494e-05
67,4.385424772779852e-05
67,4.291041765463049e-05
67,4.107460399844114e-05
67,3.84125573620343e-05
67,3.502073047521824e-05
67,3.102633666912558e-05
67,2.6585533654627894e-05
67,2.187919417854965e-05
67,1.7106314246572827e-05
67,1.2475559529169601e-05
67,8.195939819148596e-06
67,4.467680708500587e-06
67,1.4734902975419349e-06
67,-6.30886300647641e-07
67,-1.7280713627052806e-06
67,-1.7516225154545782e-06
67,-6.960156402504068e-07
67,1.3806546260802158e-06
67,4.3632602045129024e-06
67,8.092977700854157e-06
67,1.238224295322134e-05
67,1.7027395046958306e-05
67,2.181829011313083e-05
67,2.654622675011181e-05
67,3.1011370186452616e-05
67,3.5029873111207024e-05
67,3.84404941914992e-05
67,4.11105188785734e-05
67,4.294040072616614e-05
67,4.3866083941263354e-05
67,4.385853351984452e-05
67,4.292154378865728e-05
67,4.108985068885921e-05
67,3.8428775268763465e-05
67,3.5034841005899304e-05
67,3.1035728419602546e-05
67,2.658821826182734e-05
67,2.187369095586912e-05
67,1.709141407660759e-05
67,1.2450186145124455e-05
67,8.159166227121939e-06
67,4.418718075106112e-06
67,1.411428590459567e-06
67,-7.075562873191651e-07
67,-1.8218128631984338e-06
67,-1.8656765740832406e-06
67,-8.33574456451371e-07
67,1.2175790561271668e-06
67,4.174668233505981e-06
67,7.881054019866281e-06
67,1.2151043741613143e-05
67,1.6782434512069476e-05
67,2.1566061650442906e-05
67,2.62933744741066e-05
67,3.0763532783874754e-05
67,3.4790815355912416e-05
67,3.8212176741860404e-05
67,4.089406865147182e-05
67,4.273725450082087e-05
67,4.367855357935542e-05
67,4.3689576267286536e-05
67,4.277404475013304e-05
67,4.096588903716805e-05
67,3.832921790207876e-05
67,3.495938537153936e-05
67,3.0983309626833854e-05
67,2.6557545852930158e-05
67,2.186362157210239e-05
67,1.710093021405398e-05
67,1.2477955807310245e-05
67,8.20294627328334e-06
67,4.475053741114931e-06
67,1.4760014279126235e-06
67,-6.389585761510063e-07
67,-1.7521346794871666e-06
67,-1.795823756431007e-06
67,-7.624371061283918e-07
67,1.2923166074712579e-06
67,4.255344385937903e-06
67,7.969011916885472e-06
67,1.2246082156559856e-05
67,1.6882756564608242e-05
67,2.166874934690007e-05
67,2.6395478051009877e-05
67,3.0863561435638756e-05
67,3.488990595886151e-05
67,3.831416967668254e-05
67,4.100438106796114e-05
67,4.2861236206614484e-05
67,4.3820229746874564e-05
67,4.38512494457147e-05
67,4.295662947451781e-05
67,4.116951515503605e-05
67,3.8553632969629654e-05
67,3.520389434547436e-05
67,3.124629688460573e-05
67,2.68359043476797e-05
67,2.2152519605124336e-05
67,1.7394209154676502e-05
67,1.276913627167766e-05
67,8.486484630963774e-06
67,4.7473181974183065e-06
67,1.7355423216619307e-06
67,-3.919336838850587e-07
67,-1.5168015090516596e-06
67,-1.5718075192309907e-06
67,-5.504278313634166e-07
67,1.4906571557829266e-06
67,4.438078816933617e-06
67,8.134807544268543e-06
67,1.2394831751013557e-05
67,1.7015729632995012e-05
67,2.1788265711984305e-05
67,2.650415954537644e-05
67,3.0963353720442315e-05
67,3.4981323188484935e-05
67,3.839626499065625e-05
67,4.107554521509586e-05
67,4.292036072672205e-05
67,4.386755529843302e-05
67,4.3888505769268166e-05
67,4.298654872491727e-05
67,4.119510123371183e-05
67,3.8577594560932125e-05
67,3.5228481494256476e-05
67,3.1273520288022365e-05
67,2.686788018413392e-05
67,2.219161158722584e-05
67,1.7442784983544068e-05
67,1.2829011158016616e-05
67,8.558316839717022e-06
67,4.8302482924337e-06
67,1.8272460120532666e-06
67,-2.947854583078089e-07
67,-1.4178200084851768e-06
67,-1.474123588015221e-06
67,-4.561577919941817e-07
67,1.5804678033505098e-06
67,4.522980497512474e-06
67,8.214227530938982e-06
67,1.2467588318779092e-05
67,1.7080068179357507e-05
67,2.184232385344528e-05
67,2.6546562170430615e-05
67,3.099368552087671e-05
67,3.500032908794668e-05
67,3.840569824998356e-05
67,4.1077709527955574e-05
67,4.291757968999709e-05
67,4.386187436218899e-05
67,4.388177100296835e-05
67,4.298073512140698e-05
67,4.1192603236150486e-05
67,3.8581236107733234e-05
67,3.5241187260916324e-05
67,3.129780045963299e-05
67,2.690540553506078e-05
67,2.2243104766188055e-05
67,1.750824468710748e-05
67,1.2908069836484488e-05
67,8.65047214217697e-06
67,4.934827036291109e-06
67,1.9431392094825186e-06
67,-1.694646383608789e-07
67,-1.285989246367468e-06
67,-1.3397582588878486e-06
67,-3.2396675314733734e-07
67,1.7058095589016424e-06
67,4.6379498676978025e-06
67,8.317486119547609e-06
67,1.2560297397900338e-05
67,1.7165151691363866e-05
67,2.1923010435542147e-05
67,2.662498299710616e-05
67,3.1070153303887155e-05
67,3.507341407329397e-05
67,3.847283136463467e-05
67,4.113595679454483e-05
67,4.2964302726934385e-05
67,4.389509678532027e-05
67,4.390022550961798e-05
67,4.2983755662529795e-05
67,4.1180121772306955e-05
67,3.8554044507421956e-05
67,3.5201388649310126e-05
67,3.124915968101875e-05
67,2.6853258570407966e-05
67,2.2193659571228183e-05
67,1.7467426754689764e-05
67,1.2880338771180217e-05
67,8.63807381038025e-06
67,4.937733323445218e-06
67,1.9596247383571387e-06
67,-1.4187377892304423e-07
67,-1.2495265263190027e-06
67,-1.295691542956612e-06
67,-2.723868785539356e-07
67,1.7655231787184498e-06
67,4.706043510448783e-06
67,8.392576416114611e-06
67,1.2638707455875483e-05
67,1.724139995143129e-05
67,2.1991271794780685e-05
67,2.6680667273995893e-05
67,3.1110766937002694e-05
67,3.50984931081349e-05
67,3.848330790920769e-05
67,4.113343654919581e-05
67,4.295054226634313e-05
67,4.3871787742233145e-05
67,4.386908172489032e-05
67,4.294676974193407e-05
67,4.11397362925213e-05
67,3.851301101324252e-05
67,3.516230092592754e-05
67,3.121390653855435e-05
67,2.6822758086079214e-05
67,2.2168118562188897e-05
67,1.7447078086942336e-05
67,1.2866326698009452e-05
67,8.633060430957442e-06
67,4.945920085682076e-06
67,1.9861079927036e-06
67,-9.228532881196714e-08
67,-1.173739120576899e-06
67,-1.1935743400640818e-06
67,-1.4736235546060062e-07
67,1.9069231082206403e-06
67,4.855711578494057e-06
67,8.542997612991477e-06
67,1.2784850560883701e-05
67,1.7381459316298935e-05
67,2.212606182915801e-05
67,2.6812288464753407e-05
67,3.1241401240906644e-05
67,3.522974587053272e-05
67,3.8615977444384284e-05
67,4.1267455920109835e-05
67,4.3084998537733255e-05
67,4.400502527589295e-05
67,4.399885531211224e-05
67,4.307040600325288e-05
67,4.125436032830814e-05
67,3.861596238999749e-05
67,3.525177869343666e-05
67,3.128970351071023e-05
67,2.6886811027840694e-05
67,2.222460231450028e-05
67,1.7501909551474997e-05
67,1.29261524066364e-05
67,8.703982683137706e-06
67,5.03230881140369e-06
67,2.089843320241535e-06
67,2.8113117240720658e-08
67,-1.039259451265824e-06
67,-1.0483110640894178e-06
67,5.91004150853245e-09
67,2.066715860636567e-06
67,5.021738274155151e-06
67,8.715266572524297e-06
67,1.2962435522736804e-05
67,1.756168082760406e-05
67,2.230451217396914e-05
67,2.698352002288237e-05
67,3.1399759334742554e-05
67,3.5370017694948495e-05
67,3.873387827774256e-05
67,4.136004045589456e-05
67,4.315091539180468e-05
67,4.404447417999796e-05
67,4.401327064227506e-05
67,4.3062055387291015e-05
67,4.122602044238783e-05
67,3.8570686339052295e-05
67,3.519267413479478e-05
67,3.121965541237753e-05
67,2.6808157645248582e-05
67,2.2138855140397e-05
67,1.7409663615639358e-05
67,1.2827324430786975e-05
67,8.59841663518857e-06
67,4.920617557244447e-06
67,1.9741759842203164e-06
67,-8.754265820791732e-08
67,-1.149511397695985e-06
67,-1.1474946431448756e-06
67,-7.773123161659405e-08
67,2.000635957490951e-06
67,4.972180916913108e-06
67,8.678407076802677e-06
67,1.2932666319548722e-05
67,1.7532897831361582e-05
67,2.2271214752839302e-05
67,2.694152314237318e-05
67,3.134656719401682e-05
67,3.530490293295042e-05
67,3.865760378342069e-05
67,4.127423215526292e-05
67,4.305731678774679e-05
67,4.394440591175547e-05
67,4.390745382166658e-05
67,4.2950711003027925e-05
67,4.110904937162927e-05
67,3.84477947637487e-05
67,3.5063432684466055e-05
67,3.1083584961708196e-05
67,2.6664976818041883e-05
67,2.198895748000683e-05
67,1.7254719089968873e-05
67,1.2670727208382693e-05
67,8.445270459162778e-06
67,4.777115413197835e-06
67,1.8465113327021764e-06
67,-1.9436201455776596e-07
67,-1.2325291689076028e-06
67,-1.2060935857265835e-06
67,-1.1332873275806302e-07
67,1.9853109708940035e-06
67,4.973959319949836e-06
67,8.69439454287215e-06
67,1.2960565916103483e-05
67,1.7570907456248585e-05
67,2.23176762604469e-05
67,2.699454385839989e-05
67,3.140374408165605e-05
67,3.5363224331351116e-05
67,3.871360851614775e-05
67,4.132443942132995e-05
67,4.3098774117951646e-05
67,4.39750971566436e-05
67,4.3926397138877684e-05
67,4.295778383056629e-05
67,4.1104723918777596e-05
67,3.8432967213557964e-05
67,3.503942020155649e-05
67,3.105221788165771e-05
67,2.6628601714938295e-05
67,2.195017546146684e-05
67,1.7215845828905482e-05
67,1.2633182188546509e-05
67,8.409212937277332e-06
67,4.741548188711954e-06
67,1.8098335521742598e-06
67,-2.335915345788392e-07
67,-1.274920718785355e-06
67,-1.2510493439211353e-06
67,-1.590126731658501e-07
67,1.941680151898852e-06
67,4.935538325511364e-06
67,8.663984567132126e-06
67,1.2939945099408045e-05
67,1.7560452999534756e-05
67,2.231634703803938e-05
67,2.7000131757128742e-05
67,3.141326906041669e-05
67,3.537339106755861e-05
67,3.872125116822486e-05
67,4.132686568471711e-05
67,4.3093955986368506e-05
67,4.396173689951274e-05
67,4.390393973317992e-05
67,4.292641269122838e-05
67,4.106531065022353e-05
67,3.8386910722952376e-05
67,3.498833516607579e-05
67,3.099751737238256e-05
67,2.6571125571868997e-05
67,2.189005762086167e-05
67,1.7152722627728836e-05
67,1.2566664183796904e-05
67,8.339409335683099e-06
67,4.669438731499054e-06
67,1.7373937128123158e-06
67,-3.034982589970365e-07
67,-1.3388343107275396e-06
67,-1.3053555437426484e-06
67,-2.0049518763158e-07
67,1.915292170383282e-06
67,4.925215094489687e-06
67,8.669366859568189e-06
67,1.2959593901162177e-05
67,1.7592198647692876e-05
67,2.235761624702498e-05
67,2.7048267124565034e-05
67,3.146586810699171e-05
67,3.542858233381556e-05
67,3.8777776694342534e-05
67,4.1383938971365504e-05
67,4.3151000050225544e-05
67,4.401814163094582e-05
67,4.3958913035246016e-05
67,4.297892828106863e-05
67,4.1114131722557564e-05
67,3.843067998523371e-05
67,3.502573369078538e-05
67,3.102748203206266e-05
67,2.6593075067940766e-05
67,2.190404467266206e-05
67,1.715945098005571e-05
67,1.256737806339938e-05
67,8.33571222083076e-06
67,4.663078321994389e-06
67,1.7299968044618661e-06
67,-3.107617976947922e-07
67,-1.3456033867661668e-06
67,-1.312292157952876e-06
67,-2.0918989868610604e-07
67,1.9027726398885564e-06
67,4.90698573851838e-06
67,8.644320357447844e-06
67,1.2927740521893883e-05
67,1.7554711191504944e-05
67,2.2316599299826952e-05
67,2.7006243619412748e-05
67,3.142503779895092e-05
67,3.539008478789555e-05
67,3.87412832475933e-05
67,4.134774752740262e-05
67,4.3112524581266775e-05
67,4.397451719332003e-05
67,4.390747930708681e-05
67,4.291751226181074e-05
67,4.104117940478419e-05
67,3.834532629012961e-05
67,3.4927867375274896e-05
67,3.091780073958946e-05
67,2.64730763977297e-05
67,2.1775887533769318e-05
67,1.702564793685907e-05
67,1.2430335571488567e-05
67,8.197216259566772e-06
67,4.5239017963477716e-06
67,1.5898220037754945e-06
67,-4.5300583663866e-07
67,-1.4910680578447357e-06
67,-1.4614526242365403e-06
67,-3.613230610563073e-07
67,1.7496462150089703e-06
67,4.755680917667983e-06
67,8.497784916067584e-06
67,1.2788340429556771e-05
67,1.74237071594412e-05
67,2.219394333187736e-05
67,2.6890786974005366e-05
67,3.131513649292709e-05
67,3.5284376815040945e-05
67,3.863926509498157e-05
67,4.124988174341919e-05
67,4.301990711388101e-05
67,4.388837519898762e-05
67,4.382878926337854e-05
67,4.28468701696046e-05
67,4.097887190198105e-05
67,3.829145010520531e-05
67,3.4882348992398933e-05
67,3.0880257264057424e-05
67,2.6442582972444185e-05
67,2.1750808443789493e-05
67,1.7003696728557385e-05
67,1.2408946146572838e-05
67,8.174163332553533e-06
67,4.497965316605419e-06
67,1.561220326624908e-06
67,-4.826336101403927e-07
67,-1.5191809523436787e-06
67,-1.485467590682391e-06
67,-3.794937010286124e-07
67,1.7376870231077084e-06
67,4.748931730674165e-06
67,8.494403986328313e-06
67,1.2786442924434826e-05
67,1.7422126205286107e-05
67,2.21927127455097e-05
67,2.689119658307545e-05
67,3.1319336535211065e-05
67,3.5294694516888984e-05
67,3.8657550804016295e-05
67,4.127717135034186e-05
67,4.3056464483794345e-05
67,4.3933939756724825e-05
67,4.388277948723725e-05
67,4.290840073142632e-05
67,4.1046614058162065e-05
67,3.836348554743169e-05
67,3.4956188374653335e-05
67,3.095311826982357e-05
67,2.651188591154506e-05
67,2.181471865635067e-05
67,1.7061491788634174e-05
67,1.246104021521549e-05
67,8.221756399532356e-06
67,4.542441702337555e-06
67,1.6035304528111475e-06
67,-4.423604654489476e-07
67,-1.4816336731856658e-06
67,-1.4517569874729872e-06
67,-3.505326929260398e-07
67,1.7617341132010293e-06
67,4.768849256054975e-06
67,8.511674170797344e-06
67,1.2802693069281321e-05
67,1.7438559687746918e-05
67,2.2209762210525914e-05
67,2.6908497904393124e-05
67,3.133599807930608e-05
67,3.530974384610396e-05
67,3.8670372431554374e-05
67,4.128774870338171e-05
67,4.306534484059231e-05
67,4.394199916497198e-05
67,4.3890961313294004e-05
67,4.291757378387292e-05
67,4.1057583273279485e-05
67,3.8377076501214626e-05
67,3.497327975457269e-05
67,3.0974531263162916e-05
67,2.6538132048359117e-05
67,2.184570303087467e-05
67,1.7096311420454176e-05
67,1.2497989333483781e-05
67,8.25857439699499e-06
67,4.576750814678745e-06
67,1.6333363433144744e-06
67,-4.182692584113378e-07
67,-1.4635332245015482e-06
67,-1.4391483528180472e-06
67,-3.4255395960981467e-07
67,1.7658358015832077e-06
67,4.769428532768666e-06
67,8.508721813169769e-06
67,1.2796121028227124e-05
67,1.7428510423909143e-05
67,2.2196753583960786e-05
67,2.689337843484951e-05
67,3.13198036195403e-05
67,3.5293544733260204e-05
67,3.865515287258845e-05
67,4.127434095015549e-05
67,4.305443375370655e-05
67,4.3934178810349506e-05
67,4.38867833643064e-05
67,4.291752865715302e-05
67,4.106200749501827e-05
67,3.83860391966403e-05
67,3.498652126212011e-05
67,3.099149721358258e-05
67,2.655808959734352e-05
67,2.1867880822602423e-05
67,1.7120001011263558e-05
67,1.2522578666143943e-05
67,8.283519552472745e-06
67,4.601507024181436e-06
67,1.6572741343473396e-06
67,-3.959213823023278e-07
67,-1.4436600272613543e-06
67,-1.4225863762529533e-06
67,-3.2981766740318115e-07
67,1.7748183084677804e-06
67,4.775386918962726e-06
67,8.512808145019518e-06
67,1.2799451852901536e-05
67,1.7431741469573724e-05
67,2.2199911708193216e-05
67,2.6895967301777247e-05
67,3.13210273345104e-05
67,3.5292503672922455e-05
67,3.86509822235972e-05
67,4.1266327553999455e-05
67,4.304212508514286e-05
67,4.391746885848585e-05
67,4.386597179197588e-05
67,4.2893364972139497e-05
67,4.103571066327357e-05
67,3.8359247591407794e-05
67,3.496112775082347e-05
67,3.096937201279874e-05
67,2.6540756636234922e-05
67,2.1856248270906087e-05
67,1.7114230188339126e-05
67,1.2522120140793249e-05
67,8.287288986321398e-06
67,4.60814365186748e-06
67,1.6654150539512837e-06
67,-3.874255406897349e-07
67,-1.4356606567809875e-06
67,-1.4157190451872356e-06
67,-3.2470918663791207e-07
67,1.7773433430755076e-06
67,4.774260435458044e-06
67,8.506925781156142e-06
67,1.2788055597143792e-05
67,1.741474629306826e-05
67,2.2177965356325125e-05
67,2.687023542423162e-05
67,3.129288616451961e-05
67,3.526332224536321e-05
67,3.8622033671788086e-05
67,4.1238764376712805e-05
67,4.301696329175715e-05
67,4.38955750021151e-05
67,4.384805539317875e-05
67,4.2879962744624596e-05
67,4.1027159318771865e-05
67,3.835567594059061e-05
67,3.496251175146046e-05
67,3.097566801106208e-05
67,2.65520792090569e-05
67,2.1873022285336312e-05
67,1.7137243571240677e-05
67,1.2552435624937379e-05
67,8.32602025382843e-06
67,4.656141961323678e-06
67,1.7229424011629971e-06
67,-3.2093575361942774e-07
67,-1.3616473447458523e-06
67,-1.336273935379964e-06
67,-2.421222356978707e-07
67,1.861129830584809e-06
67,4.858071990535272e-06
67,8.59046529108711e-06
67,1.287167414974786e-05
67,1.749904308216674e-05
67,2.2263455243448638e-05
67,2.695720178901623e-05
67,3.1381360825689846e-05
67,3.535308635539849e-05
67,3.8712617100395555e-05
67,4.1329487936825015e-05
67,4.310703780308355e-05
67,4.398421563132968e-05
67,4.393457691213277e-05
67,4.296387073369136e-05
67,4.1108266222371154e-05
67,3.8434230913951085e-05
67,3.503928953211386e-05
67,3.105195536319915e-05
67,2.66295246054626e-05
67,2.1953357582843908e-05
67,1.7221934501492482e-05
67,1.2642358170759817e-05
67,8.421272282011367e-06
67,4.756066669455917e-06
67,1.826362306401136e-06
67,-2.1536996204845682e-07
67,-1.2551468230401263e-06
67,-1.2297730951504705e-06
67,-1.3635275452485466e-07
67,1.965416801061245e-06
67,4.95986897503608e-06
67,8.688398811187818e-06
67,1.2964095746060098e-05
67,1.7584270401671482e-05
67,2.2340024686744422e-05
67,2.7024025634963076e-05
67,3.143778686016306e-05
67,3.539890898863822e-05
67,3.8748049118695496e-05
67,4.135506373759872e-05
67,4.3123454851165616e-05
67,4.399218432775594e-05
67,4.3934752524562585e-05
67,4.295687683086858e-05
67,4.1094756175196505e-05
67,3.841492372414583e-05
67,3.501494997569445e-05
67,3.102333543335114e-05
67,2.6597321214966968e-05
67,2.191824983864248e-05
67,1.7184726719413837e-05
67,1.2604183519911614e-05
67,8.383748424743957e-06
67,4.721283831397332e-06
67,1.7966423212247132e-06
67,-2.3790154837862456e-07
67,-1.2690388995666496e-06
67,-1.2346092810885834e-06
67,-1.3287120684411214e-07
67,1.9754774108841414e-06
67,4.974138696983897e-06
67,8.704332204962061e-06
67,1.2979365934461226e-05
67,1.7597008606046493e-05
67,2.234890738301931e-05
67,2.7028262609462065e-05
67,3.143704504093945e-05
67,3.539318443999569e-05
67,3.873752313610041e-05
67,4.134000566282715e-05
67,4.3104203322877136e-05
67,4.396917112551295e-05
67,4.3908503877552645e-05
67,4.29279643160366e-05
67,4.1063727914246216e-05
67,3.838227462119201e-05
67,3.498117715906287e-05
67,3.098908417713999e-05
67,2.656357033658657e-05
67,2.1886439308613223e-05
67,1.7156732146795677e-05
67,1.2582106430426578e-05
67,8.36958229962894e-06
67,4.7165742497319355e-06
67,1.8022507987828263e-06
67,-2.2188117073967621e-07
67,-1.2432268038761022e-06
67,-1.2001921365603096e-06
67,-9.140001335571914e-08
67,2.0223050583479984e-06
67,5.024656722556815e-06
67,8.756994218727256e-06
67,1.3032743888146121e-05
67,1.7649754983292785e-05
67,2.2399732754236997e-05
67,2.7075941603259116e-05
67,3.148044501575761e-05
67,3.543131934777743e-05
67,3.8769629041396616e-05
67,4.136560542629131e-05
67,4.312311691920946e-05
67,4.3981461655973965e-05
67,4.3914398897680254e-05
67,4.2927809584123045e-05
67,4.1058002708009766e-05
67,3.8371649157669075e-05
67,3.496655664182483e-05
67,3.097158386313218e-05
67,2.6544406276044886e-05
67,2.186677641791758e-05
67,1.7137562985856917e-05
67,1.256421596625366e-05
67,8.353603223304462e-06
67,4.703093517934267e-06
67,1.7919156123326934e-06
67,-2.282958075162557e-07
67,-1.244807141441473e-06
67,-1.1959397621628079e-06
67,-8.035757406552218e-08
67,2.0408628058074357e-06
67,5.051007385572688e-06
67,8.790797419430894e-06
67,1.3072971317118397e-05
67,1.7694730869894672e-05
67,2.244726999354605e-05
67,2.712356544799434e-05
67,3.152568905450945e-05
67,3.5472036839646326e-05
67,3.880423208911095e-05
67,4.139317094910213e-05
67,4.314336398683009e-05
67,4.399465304157897e-05
67,4.39212218171194e-05
67,4.292926290378766e-05
67,4.105528962194107e-05
67,3.836606388212434e-05
67,3.495936510505672e-05
67,3.0963920345068244e-05
67,2.6537218715190053e-05
67,2.186084014722221e-05
67,1.713355839343055e-05
67,1.2562849760740231e-05
67,8.355745385177943e-06
67,4.7098881430258306e-06
67,1.80480442153715e-06
67,-2.0769766644202323e-07
67,-1.2149978274573979e-06
67,-1.1559138528726973e-06
67,-2.994852348880436e-08
67,2.1008243497418696e-06
67,5.118786268903546e-06
67,8.864053046422673e-06
67,1.3149152132088947e-05
67,1.7771458363879543e-05
67,2.2522633891791022e-05
67,2.7196261864502283e-05
67,3.1594957407922584e-05
67,3.553742830835049e-05
67,3.8865332730706046e-05
67,4.144942178544753e-05
67,4.3194044366859416e-05
67,4.403898881981374e-05
67,4.3958526401223245e-05
67,4.295903662437304e-05
67,4.107725631924559e-05
67,3.8380170362849406e-05
67,3.4965787112605835e-05
67,3.096310557697225e-05
67,2.6529964353313292e-05
67,2.1848368326277286e-05
67,1.7117533391943636e-05
67,1.2545283779673577e-05
67,8.338769824316714e-06
67,4.695421416172054e-06
67,1.7942065065810453e-06
67,-2.1386214062978897e-07
67,-1.2169862730483559e-06
67,-1.1545913128034128e-06
67,-2.6397383224917325e-08
67,2.1057255505330427e-06
67,5.124650755138185e-06
67,8.871032769303791e-06
67,1.3157732231058017e-05
67,1.7782072691734122e-05
67,2.253523351616486e-05
67,2.721000069307872e-05
67,3.160813747052333e-05
67,3.5547743870541e-05
67,3.8870308453421854e-05
67,4.1446854051296104e-05
67,4.318228642491836e-05
67,4.401703415945034e-05
67,4.392595407178225e-05
67,4.291592554268802e-05
67,4.1024146757441444e-05
67,3.831808241485752e-05
67,3.489624187073622e-05
67,3.088807060651929e-05
67,2.645167321656142e-05
67,2.176902710622682e-05
67,1.7038992953766544e-05
67,1.246879485631976e-05
67,8.264927621503422e-06
67,4.624340967097942e-06
67,1.7258696786738933e-06
67,-2.792345067641019e-07
67,-1.2787079104899296e-06
67,-1.2115431358415146e-06
67,-7.731836488231653e-08
67,2.0618062242637305e-06
67,5.0880176788822325e-06
67,8.841079189426584e-06
67,1.3133018804968673e-05
67,1.7760631491191362e-05
67,2.251502275150276e-05
67,2.7189359110799342e-05
67,3.158607345476465e-05
67,3.552395931765004e-05
67,3.8844986667478923e-05
67,4.142035169168799e-05
67,4.315488641086763e-05
67,4.398884296735815e-05
67,4.389692936822654e-05
67,4.288595971215051e-05
67,4.0993127099209716e-05
67,3.828588703790494e-05
67,3.486268796563045e-05
67,3.0852878152694837e-05
67,2.6414513419895677e-05
67,2.1729684272462485e-05
67,1.699760335959851e-05
67,1.2426071445157517e-05
67,8.22226206612935e-06
67,4.583704251801974e-06
67,1.6895002482153697e-06
67,-3.0928310545518e-07
67,-1.3010209284322392e-06
67,-1.2256395751606094e-06
67,-8.367095324055283e-08
67,1.2512704841966968e-06
