67,0.0
67,4.792956870974411e-05
67,4.792956870974411e-05
67,4.792952274981217e-05
67,4.792047302907108e-05
67,4.787557494542727e-05
67,4.7792679748065736e-05
67,4.766560062312105e-05
67,4.749636212557541e-05
67,4.735394290066504e-05
67,4.737159378067671e-05
67,4.76631184729619e-05
67,4.8275950525272154e-05
67,4.923457476108941e-05
67,5.059339662610891e-05
67,5.243064678063015e-05
67,5.480150923370443e-05
67,5.7685963119499024e-05
67,6.096078596057645e-05
67,6.439789166830641e-05
67,6.769748167209694e-05
67,7.058568102378415e-05
67,7.288911692946486e-05
67,7.450362647288071e-05
67,7.536295659524333e-05
67,7.545898639824654e-05
67,7.483326522553634e-05
67,7.357375464468754e-05
67,7.18516138655933e-05
67,6.987878725761279e-05
67,6.777324762766724e-05
67,6.550396304492007e-05
67,6.299477660974377e-05
67,6.0274406543293854e-05
67,5.753064419181865e-05
67,5.504380102372089e-05
67,5.3075989340848424e-05
67,5.176691467142386e-05
67,5.106975860704663e-05
67,5.0815876863918336e-05
67,5.087993509343757e-05
67,5.1251322815074884e-05
67,5.196502624457394e-05
67,5.30485038141413e-05
67,5.454794191418571e-05
67,5.65506666381438e-05
67,5.916323713673743e-05
67,6.247938076030994e-05
67,6.654610084786697e-05
67,7.12928312648474e-05
67,7.642861063473803e-05
67,8.140128007564181e-05
67,8.550570762684807e-05
67,8.810811844990656e-05
67,8.886454725306526e-05
67,8.781389049899161e-05
67,8.52964536118157e-05
67,8.176836197840039e-05
67,7.76440509672995e-05
67,7.322430484933327e-05
67,6.868453509794169e-05
67,6.410437427613798e-05
67,5.9524029668435793e-05
67,5.4983802497451654e-05
67,5.0523998887346376e-05
67,4.618498914336109e-05
67,4.2049863811597504e-05
67,3.8299808140094334e-05
67,3.5208670351121515e-05
67,3.304415307835256e-05
67,3.1911989244814706e-05
67,3.164012669661675e-05
67,3.184102575414689e-05
67,3.219304454631686e-05
67,3.271756754693826e-05
67,3.3744947854679274e-05
67,3.559921734107534e-05
67,3.835005564830617e-05
67,4.183384125985411e-05
67,4.582334210484674e-05
67,5.014934473387466e-05
67,5.468419967692936e-05
67,5.9208522097438246e-05
67,6.32814742258799e-05
67,6.62833448707783e-05
67,6.768508930143159e-05
67,6.734478936913834e-05
67,6.554683251968212e-05
67,6.277375536349544e-05
67,5.946670943296459e-05
67,5.594277162116238e-05
67,5.2416891628811996e-05
67,4.902012704325883e-05
67,4.5775506973004445e-05
67,4.256443645755293e-05
67,3.915381037964942e-05
67,3.5333548701911966e-05
67,3.1120584224628216e-05
67,2.687303406396992e-05
67,2.317411627328791e-05
67,2.0551178330086802e-05
67,1.9264997250194445e-05
67,1.9310656289653824e-05
67,2.0557170208631033e-05
67,2.288020443848401e-05
67,2.6209046598588174e-05
67,3.047433068647841e-05
67,3.548927089566981e-05
67,4.086468954086329e-05
67,4.606590636361943e-05
67,5.058661015260121e-05
67,5.409020988684323e-05
67,5.64333621425254e-05
67,5.7621284017488994e-05
67,5.775838111440824e-05
67,5.700789490419455e-05
67,5.556404205117645e-05
67,5.363439265475651e-05
67,5.141918677825967e-05
67,4.9095588604366084e-05
67,4.682840769186511e-05
67,4.479944281646671e-05
67,4.3224383937394076e-05
67,4.233206544147619e-05
67,4.229157421466851e-05
67,4.309580468187867e-05
67,4.446047344426174e-05
67,4.584180226045503e-05
67,4.664427797630993e-05
67,4.655062622318479e-05
67,4.5757797377337074e-05
67,4.492394095315579e-05
67,4.485167478260849e-05
67,4.6136178283789025e-05
67,4.8983024746687326e-05
67,5.322305809349454e-05
67,5.8441952361168576e-05
67,6.414586396836521e-05
67,6.989213832583325e-05
67,7.530979500965885e-05
67,8.001035272834926e-05
67,8.35300719893248e-05
67,8.5449850894803e-05
67,8.562176646144338e-05
67,8.426515046564426e-05
67,8.183586271676344e-05
67,7.882089134748372e-05
67,7.563094141248934e-05
67,7.258721109409155e-05
67,6.989723858330399e-05
67,6.759383480686223e-05
67,6.55261433488438e-05
67,6.347628242221636e-05
67,6.134562205906604e-05
67,5.92691409119928e-05
67,5.756608585709001e-05
67,5.656062263639035e-05
67,5.6394982960953175e-05
67,5.6944658859385604e-05
67,5.7864632542263163e-05
67,5.874618341652408e-05
67,5.9359681555704254e-05
67,5.990761872699862e-05
67,6.110259379642586e-05
67,6.389437536195695e-05
67,6.893506138277644e-05
67,7.615454905356223e-05
67,8.473918618065125e-05
67,9.345092752169786e-05
67,0.00010103508672243431
67,0.0001065516739021293
67,0.00010957000977109943
67,0.00011018117268504006
67,0.00010883317930281372
67,0.00010610447024029694
67,0.0001025450234226551
67,9.859029587318426e-05
67,9.449007748781766e-05
67,9.028389516619699e-05
67,8.59011080984466e-05
67,8.134724358936078e-05
67,7.681980532730559e-05
67,7.263458364141895e-05
67,6.900097440735572e-05
67,6.583018204246063e-05
67,6.276482356759094e-05
67,5.944476385468043e-05
67,5.5804843815198036e-05
67,5.2151041255986186e-05
67,4.896204808216081e-05
67,4.662243405909344e-05
67,4.531808644959356e-05
67,4.510240338436233e-05
67,4.5982662322810855e-05
67,4.7953428144808384e-05
67,5.102183732579427e-05
67,5.5217998374540175e-05
67,6.0485700085380056e-05
67,6.64561253374998e-05
67,7.23297247366562e-05
67,7.706651060185603e-05
67,7.97900712115959e-05
67,8.012769366969672e-05
67,7.831019535527769e-05
67,7.503473096481159e-05
67,7.118088396490305e-05
67,6.749095470851635e-05
67,6.433529970183387e-05
67,6.166598931566962e-05
67,5.917392866247159e-05
67,5.654283779592273e-05
67,5.36486494060078e-05
67,5.061343985856114e-05
67,4.77074499726734e-05
67,4.515336138460123e-05
67,4.293013708157443e-05
67,4.068556095140623e-05
67,3.783107920365522e-05
67,3.381567972599016e-05
67,2.847740787841011e-05
67,2.229048413413841e-05
67,1.6321028193422232e-05
67,1.1841707810243086e-05
67,9.799654924220654e-06
67,1.0455409165954205e-05
67,1.3356461596353214e-05
67,1.7567838123255015e-05
67,2.2009299661261034e-05
67,2.579106882894195e-05
67,2.843369312359144e-05
67,2.986509552209046e-05
67,3.024060540683903e-05
67,2.978319688141574e-05
67,2.8746235147019487e-05
67,2.7396021369183515e-05
67,2.5929950890055564e-05
67,2.4420450240251664e-05
67,2.2881840374274333e-05
67,2.1396768475966916e-05
67,2.0160673242683143e-05
67,1.9388563727209923e-05
67,1.9165470512525036e-05
67,1.938006638421713e-05
67,1.9801962369471744e-05
67,2.0219242974199623e-05
67,2.0498321096185057e-05
67,2.0521531020004734e-05
67,2.0095395890666976e-05
67,1.8961614671778805e-05
67,1.6948934484638065e-05
67,1.4178009501590897e-05
67,1.1184537057826969e-05
67,8.869955100986634e-06
67,8.268304401393316e-06
67,1.0187564506071485e-05
67,1.4845740660367606e-05
67,2.1673390783343734e-05
67,2.941923109353762e-05
67,3.6539308816641466e-05
67,4.1699447017397675e-05
67,4.4193806389563944e-05
67,4.4135119315228206e-05
67,4.2338847402199565e-05
67,3.993132909286478e-05
67,3.786200239760254e-05
67,3.657198981031811e-05
67,3.596077430002164e-05
67,3.559618725982818e-05
67,3.502244235948807e-05
67,3.404797088330325e-05
67,3.2911581963035166e-05
67,3.222816315923203e-05
67,3.269945444685878e-05
67,3.4722907152323424e-05
67,3.8115630237732834e-05
67,4.211330291246878e-05
67,4.564908085513817e-05
67,4.777686970821948e-05
67,4.804778960197294e-05
67,4.668084427059596e-05
67,4.4474107043335114e-05
67,4.252880479677175e-05
67,4.1915947808188557e-05
67,4.33938094750918e-05
67,4.725609595341193e-05
67,5.3358229591029144e-05
67,6.126744437001943e-05
67,7.036729339613287e-05
67,7.981961392911097e-05
67,8.854630479919771e-05
67,9.546654187136399e-05
67,9.991595960766944e-05
67,0.00010189227015776323
67,0.00010192435918560327
67,0.0001007170194431001
67,9.884230436794506e-05
67,9.661135328434237e-05
67,9.410879774493576e-05
67,9.130850971220798e-05
67,8.818601432135348e-05
67,8.478604369789393e-05
67,8.126079796088222e-05
67,7.789159587627912e-05
67,7.505095526286255e-05
67,7.306079736240463e-05
67,7.199023892862228e-05
67,7.151437970246553e-05
67,7.094737413513978e-05
67,6.949263846319563e-05
67,6.665068885684755e-05
67,6.260160964490162e-05
67,5.830649857454434e-05
67,5.518243826404822e-05
67,5.450496588446922e-05
67,5.6910441592237626e-05
67,6.224404773266017e-05
67,6.969839582060158e-05
67,7.808760083269698e-05
67,8.619427901349614e-05
67,9.312479254061576e-05
67,9.850085047243722e-05
67,0.00010236492730424859
67,0.00010491196089100285
67,0.00010627681514985903
67,0.0001064660429723921
67,0.00010537225248111107
67,0.00010283852002279907
67,9.879968105787545e-05
67,9.346501990964589e-05
67,8.740748802172345e-05
67,8.143364860407044e-05
67,7.625911235043605e-05
67,7.219187932074488e-05
67,6.903999011377257e-05
67,6.627240324170036e-05
67,6.32772312447754e-05
67,5.955808611972484e-05
67,5.4834103044538184e-05
67,4.9102204845364905e-05
67,4.2694247089727105e-05
67,3.626755507607866e-05
67,3.064787376873699e-05
67,2.6569734937643823e-05
67,2.4496907118653173e-05
67,2.4632801690789167e-05
67,2.698422328394977e-05
67,3.128366846786534e-05
67,3.684276676123828e-05
67,4.260509939136827e-05
67,4.748127064170083e-05
67,5.075475466849009e-05
67,5.230369431744175e-05
67,5.253745725505481e-05
67,5.20915429068846e-05
67,5.143582795045001e-05
67,5.063144232565572e-05
67,4.939490355738711e-05
67,4.7387245991514734e-05
67,4.449263680117955e-05
67,4.0939907108089403e-05
67,3.727513772056666e-05
67,3.422734117725669e-05
67,3.2480137454173336e-05
67,3.2381112936850824e-05
67,3.368252276296623e-05
67,3.545694784667301e-05
67,3.631710616634072e-05
67,3.4949749223817285e-05
67,3.076884387291019e-05
67,2.4325943683971524e-05
67,1.7175763221101306e-05
67,1.1236623534317783e-05
67,8.038029583670318e-06
67,8.264766031557477e-06
67,1.172240753017883e-05
67,1.7596130006414948e-05
67,2.4807219545570588e-05
67,3.229482541090651e-05
67,3.9133630849586124e-05
67,4.456853103277513e-05
67,4.8125065360791084e-05
67,4.976501604679588e-05
67,4.986114054273773e-05
67,4.8915659546147726e-05
67,4.725400599358615e-05
67,4.495493322006148e-05
67,4.2029935923935155e-05
67,3.865539053293615e-05
67,3.524886357703552e-05
67,3.233058092554252e-05
67,3.03094208772312e-05
67,2.9396995510195845e-05
67,2.9695105265886996e-05
67,3.129889956575283e-05
67,3.42453276623021e-05
67,3.830784375205289e-05
67,4.2806977495142104e-05
67,4.6646017418075175e-05
67,4.8679065344212604e-05
67,4.829839166561052e-05
67,4.589818470448311e-05
67,4.286133924928825e-05
67,4.1023606409492604e-05
67,4.194245655030818e-05
67,4.6375227319812505e-05
67,5.412162912863976e-05
67,6.413619577813831e-05
67,7.480727098184378e-05
67,8.439123033957634e-05
67,9.15416936012796e-05
67,9.571871852986754e-05
67,9.723754915748245e-05
67,9.692038654282364e-05
67,9.558048462156505e-05
67,9.365042834975131e-05
67,9.112023371610672e-05
67,8.774762999970556e-05
67,8.33907541051875e-05
67,7.82871859778407e-05
67,7.311889134491883e-05
67,6.878864298403317e-05
67,6.601338539175657e-05
67,6.499639913644879e-05
67,6.538816859682452e-05
67,6.650176971399277e-05
67,6.757453431922384e-05
67,6.793675052029445e-05
67,6.71213951445764e-05
67,6.499307847027718e-05
67,6.186163231852706e-05
67,5.845191690105446e-05
67,5.567383113174978e-05
67,5.432201446903231e-05
67,5.4926595684193414e-05
67,5.781919569954359e-05
67,6.319889717759045e-05
67,7.095768174509914e-05
67,8.03779109722522e-05
67,9.009769801574929e-05
67,9.852630536588508e-05
67,0.00010444574551590165
67,0.00010740066128788991
67,0.00010770160659282406
67,0.0001061099461809178
67,0.00010339383733098657
67,0.00010000079980453643
67,9.602667211707477e-05
67,9.143009951056675e-05
67,8.626222997695258e-05
67,8.075488637053114e-05
67,7.529294437941549e-05
67,7.034698792534404e-05
67,6.637279953654921e-05
67,6.364597299433162e-05
67,6.204854735967168e-05
67,6.091935087581409e-05
67,5.914113114199565e-05
67,5.556545568809054e-05
67,4.964079393221793e-05
67,4.186265010481071e-05
67,3.368017550476177e-05
67,2.6866886332097794e-05
67,2.2780164400084233e-05
67,2.1959246079561727e-05
67,2.4155361186604214e-05
67,2.8589790953290016e-05
67,3.4242905992806136e-05
67,4.010557160487924e-05
67,4.5365852945600505e-05
67,4.9503099909265076e-05
67,5.229820282991003e-05
67,5.378442546791322e-05
67,5.41377137654453e-05
67,5.353006260509973e-05
67,5.203488934889654e-05
67,4.965967428804475e-05
67,4.648295582912579e-05
67,4.278945934911411e-05
67,3.9082336266577744e-05
67,3.592717713267611e-05
67,3.3728264002515087e-05
67,3.261100944590546e-05
67,3.247207432624696e-05
67,3.308159159846421e-05
67,3.409042466627123e-05
67,3.493529186096263e-05
67,3.479221186496236e-05
67,3.275084109216017e-05
67,2.8227922860534908e-05
67,2.1402879402261636e-05
67,1.3348873851710798e-05
67,5.712447958952866e-06
67,1.3858564950946974e-07
67,-2.215072501280941e-06
67,-9.149884897908912e-07
67,3.6907808162093003e-06
67,1.052276951046659e-05
67,1.7982399804505815e-05
67,2.4385194577359837e-05
67,2.851670133740033e-05
67,3.005426622997724e-05
67,2.959133046772541e-05
67,2.8203685704046035e-05
67,2.6813957823360724e-05
67,2.5770103088024298e-05
67,2.486538330836818e-05
67,2.367883395157472e-05
67,2.195511941014724e-05
67,1.9828050428993786e-05
67,1.7826062191386923e-05
67,1.668257851328989e-05
67,1.7046401463338812e-05
67,1.9228268425484195e-05
67,2.3069270440553516e-05
67,2.792406529479715e-05
67,3.273834645801849e-05
67,3.6264224987900676e-05
67,3.744893777165354e-05
67,3.588182239210828e-05
67,3.204641898847999e-05
67,2.7191982953390775e-05
67,2.2884507193042265e-05
67,2.0505107411487722e-05
67,2.0960540650876898e-05
67,2.465777432775508e-05
67,3.1549809605125506e-05
67,4.105185650710073e-05
67,5.1918656353016825e-05
67,6.240310615205547e-05
67,7.080738908626854e-05
67,7.610561791994198e-05
67,7.82109251844382e-05
67,7.7772132107616e-05
67,7.571304393074626e-05
67,7.28103497231561e-05
67,6.951329979139796e-05
67,6.603240809279783e-05
67,6.253358124258518e-05
67,5.923467107592279e-05
67,5.63735539728128e-05
67,5.417766415080739e-05
67,5.29121720885395e-05
67,5.292277968642588e-05
67,5.453542438919344e-05
67,5.7781273490757914e-05
67,6.209281020650544e-05
67,6.624069520295156e-05
67,6.871376312011295e-05
67,6.844003785815493e-05
67,6.54096827925594e-05
67,6.0745926486152366e-05
67,5.618056928378228e-05
67,5.335189157101315e-05
67,5.337535699207227e-05
67,5.6760896791671175e-05
67,6.3453307187378e-05
67,7.284571123358223e-05
67,8.383662929607067e-05
67,9.504301805384152e-05
67,0.00010513884597190259
67,0.00011316836765042895
67,0.00011869100349106946
67,0.00012170762716297197
67,0.00012243714547474383
67,0.00012110083318902923
67,0.00011786026603386596
67,0.00011293711883145849
67,0.00010679622355463025
67,0.00010019771577114796
67,9.400821784795604e-05
67,8.888057359839448e-05
67,8.505362194978613e-05
67,8.240550012387822e-05
67,8.064177134882844e-05
67,7.94035628089865e-05
67,7.822749080592168e-05
67,7.649500184018631e-05
67,7.355369098277545e-05
67,6.902765191679803e-05
67,6.311046699528993e-05
67,5.658506505881935e-05
67,5.0534722735406435e-05
67,4.599006300083041e-05
67,4.375699970481739e-05
67,4.4385425466415926e-05
67,4.8070098349383324e-05
67,5.445481988612371e-05
67,6.255699991326086e-05
67,7.099534417150849e-05
67,7.844988417674352e-05
67,8.409446367413332e-05
67,8.77477196367927e-05
67,8.96618725378509e-05
67,9.012501937967036e-05
67,8.919859268126397e-05
67,8.676793178609085e-05
67,8.278535138316211e-05
67,7.746495019731805e-05
67,7.131680740077629e-05
67,6.505697959893724e-05
67,5.9459432412861534e-05
67,5.5188802524072425e-05
67,5.263199465316229e-05
67,5.173692431559443e-05
67,5.189232793749986e-05
67,5.195115586915898e-05
67,5.052210978030837e-05
67,4.651930594284009e-05
67,3.972006642904032e-05
67,3.097079227782655e-05
67,2.187067591618588e-05
67,1.4119805468381278e-05
67,8.928841008112015e-06
67,6.789682231182619e-06
67,7.607574435926669e-06
67,1.094129296690953e-05
67,1.61049398743177e-05
67,2.2149250461238122e-05
67,2.7955122156569164e-05
67,3.254520734348765e-05
67,3.540999005553828e-05
67,3.657611541613814e-05
67,3.6389044475112e-05
67,3.5210795713792806e-05
67,3.324022591698398e-05
67,3.053925168376894e-05
67,2.7205952794816045e-05
67,2.3526370345311548e-05
67,1.9959483838436126e-05
67,1.6984230835353838e-05
67,1.4975827874502707e-05
67,1.4214145246360727e-05
67,1.4946110601449232e-05
67,1.7333755004788067e-05
67,2.1212756535282607e-05
67,2.5799477057609258e-05
67,2.9651106314761754e-05
67,3.1110031422806894e-05
67,2.910709293326371e-05
67,2.3826176176036872e-05
67,1.6743125021964036e-05
67,1.0012651913604403e-05
67,5.653999799310314e-06
67,5.006585877008967e-06
67,8.549895243430143e-06
67,1.5896637527648208e-05
67,2.5845624614990502e-05
67,3.659153601368209e-05
67,4.6194283428955685e-05
67,5.318929592234965e-05
67,5.7027304714445816e-05
67,5.8084231432084144e-05
67,5.725105614265102e-05
67,5.5380795153148e-05
67,5.292878083306323e-05
67,4.9952495472303165e-05
67,4.639168692242412e-05
67,4.239089719401031e-05
67,3.842583966320966e-05
67,3.5154604371288186e-05
67,3.314273046106984e-05
67,3.2703387518755036e-05
67,3.393522197522873e-05
67,3.680636610209495e-05
67,4.1102600976098585e-05
67,4.625876865134771e-05
67,5.128745051220828e-05
67,5.499562602443555e-05
67,5.645409338940997e-05
67,5.5453607833409635e-05
67,5.265268373815236e-05
67,4.9344713198558025e-05
67,4.7053818493843386e-05
67,4.7208975649183106e-05
67,5.0907414045352446e-05
67,5.86148696702616e-05
67,6.982752615714495e-05
67,8.29836360513912e-05
67,9.585240226371775e-05
67,0.00010628173736308215
67,0.00011292743571990316
67,0.0001156011320252202
67,0.00011508513398157734
67,0.00011255679194111843
67,0.00010899722670011024
67,0.00010492501573254639
67,0.00010049778322883335
67,9.576625624444513e-05
67,9.0867176102027e-05
67,8.609042240690895e-05
67,8.185347737584849e-05
67,7.862462387550804e-05
67,7.680573173367373e-05
67,7.656249968143223e-05
67,7.762506963598223e-05
67,7.917779415012562e-05
67,8.000658235515776e-05
67,7.895365396084567e-05
67,7.547984121166642e-05
67,6.997717659812039e-05
67,6.360947049834622e-05
67,5.7806597579167195e-05
67,5.377708877520267e-05
67,5.2312172065049325e-05
67,5.3843995086790534e-05
67,5.850255276782519e-05
67,6.599782113601053e-05
67,7.544202825428677e-05
67,8.539537676337522e-05
67,9.425271921555135e-05
67,0.00010076487358898326
67,0.0001043686882236425
67,0.00010517604142580744
67,0.00010371133691181452
67,0.00010059357520293693
67,9.63353586801951e-05
67,9.132486103164934e-05
67,8.591213640520438e-05
67,8.0456062455607e-05
67,7.5281714213684e-05
67,7.06320337772053e-05
67,6.669570975514493e-05
67,6.366389045840676e-05
67,6.168119048617781e-05
67,6.063138287333189e-05
67,5.9889839609374954e-05
67,5.831083264098803e-05
67,5.462756317146964e-05
67,4.812520738703545e-05
67,3.9152306677022394e-05
67,2.9082813391329487e-05
67,1.9752694207400606e-05
67,1.2785414778946578e-05
67,9.198269168707462e-06
67,9.325614800661963e-06
67,1.284963017680458e-05
67,1.882937191248334e-05
67,2.5839047481245418e-05
67,3.2337216537030676e-05
67,3.716631773441632e-05
67,3.989027497917032e-05
67,4.0749166490785946e-05
67,4.029415219615655e-05
67,3.898841031633587e-05
67,3.702489227668543e-05
67,3.440105987724872e-05
67,3.1122402833440675e-05
67,2.7376441375880564e-05
67,2.3575583078440755e-05
67,2.0258576727686822e-05
67,1.7936226112200336e-05
67,1.6989077925351392e-05
67,1.7626961675555876e-05
67,1.9815046124878045e-05
67,2.311447957842324e-05
67,2.6551543342070026e-05
67,2.872486445220572e-05
67,2.8250104980275106e-05
67,2.438493497275471e-05
67,1.747719903929312e-05
67,8.92894261340164e-06
67,6.831908174575517e-07
67,-5.4245671946915e-06
67,-8.086091368710315e-06
67,-6.6663927797405e-06
67,-1.2874189185668234e-06
67,7.074275696748733e-06
67,1.6683611640906186e-05
67,2.5516895029855715e-05
67,3.195316263475067e-05
67,3.53068340729783e-05
67,3.5912016926343795e-05
67,3.4741139267798145e-05
67,3.28045058959769e-05
67,3.069993943565187e-05
67,2.8552084337350553e-05
67,2.6266420322188837e-05
67,2.381774922462494e-05
67,2.13761714244187e-05
67,1.928334679411986e-05
67,1.7988224811403015e-05
67,1.79986899349812e-05
67,1.9806561100105675e-05
67,2.3700453538391657e-05
67,2.946306505983115e-05
67,3.612800443063283e-05
67,4.207235656598926e-05
67,4.556878230454304e-05
67,4.556756176915309e-05
67,4.2231792029131485e-05
67,3.68854064165161e-05
67,3.1464632149693135e-05
67,2.7877957502390354e-05
67,2.7597484657646793e-05
67,3.148166520926586e-05
67,3.9642277032338134e-05
67,5.128918273546741e-05
67,6.472989508703183e-05
67,7.77454615563543e-05
67,8.830226913859551e-05
67,9.52349957948683e-05
67,9.849321328949623e-05
67,9.88420972183754e-05
67,9.726996230291558e-05
67,9.449577477573112e-05
67,9.083748091198616e-05
67,8.642270891717371e-05
67,8.148461433476244e-05
67,7.647019071373901e-05
67,7.191577195149251e-05
67,6.827836128672059e-05
67,6.590125401201934e-05
67,6.508022278600554e-05
67,6.604590946941591e-05
67,6.87544621032804e-05
67,7.260442944267718e-05
67,7.636229596181991e-05
67,7.85091922232099e-05
67,7.79152979537331e-05
67,7.443418793037695e-05
67,6.900748752599903e-05
67,6.324674054673774e-05
67,5.885430757944186e-05
67,5.724239359093296e-05
67,5.9366470883786506e-05
67,6.556720601613219e-05
67,7.53614688176849e-05
67,8.73846397943163e-05
67,9.969833751786609e-05
67,0.00011041059707798861
67,0.00011828418735475345
67,0.00012298850023552977
67,0.00012489558540494897
67,0.00012462175722825376
67,0.00012263599978706486
67,0.00011913944499933142
67,0.00011420681599078676
67,0.00010803067963303542
67,0.00010107971233168447
67,9.406497299789716e-05
67,8.775554360417058e-05
67,8.278042062333285e-05
67,7.95033719114606e-05
67,7.793697332426623e-05
67,7.764277786271699e-05
67,7.768064113283296e-05
67,7.676530928305529e-05
67,7.370549560509233e-05
67,6.796517417586491e-05
67,6.000431975455188e-05
67,5.113685479855231e-05
67,4.2982839607724575e-05
67,3.690505780755087e-05
67,3.3774103254324584e-05
67,3.402174281050496e-05
67,3.7667063280812784e-05
67,4.417456458762195e-05
67,5.236958469188207e-05
67,6.068108059423995e-05
67,6.765850995908047e-05
67,7.244012578068528e-05
67,7.489866298630838e-05
67,7.542610634022901e-05
67,7.453220890794834e-05
67,7.252565486981299e-05
67,6.946612365558656e-05
67,6.53506258528484e-05
67,6.032633901830499e-05
67,5.476617677741961e-05
67,4.9211378247236355e-05
67,4.427933303156077e-05
67,4.059293767902341e-05
67,3.868837583081766e-05
67,3.8814894828056465e-05
67,4.063352839505424e-05
67,4.301036186628776e-05
67,4.418975359437226e-05
67,4.2447416436556126e-05
67,3.693861504422015e-05
67,2.8208366640487446e-05
67,1.8007134896836308e-05
67,8.552348640708041e-06
67,1.7387989421273387e-06
67,-1.2947879813356472e-06
67,-2.2790619896446115e-07
67,4.511324388902952e-06
67,1.1804393883739306e-05
67,1.9994424801513998e-05
67,2.7290561892935956e-05
67,3.2349261072893174e-05
67,3.470331097892266e-05
67,3.474889937501233e-05
67,3.331831871203591e-05
67,3.1150563451327254e-05
67,2.8589485097249913e-05
67,2.5634081318539903e-05
67,2.2221361219461392e-05
67,1.849020236739501e-05
67,1.4835169318087663e-05
67,1.1768241343357173e-05
67,9.768144067176351e-06
67,9.24634096673381e-06
67,1.0567662621342514e-05
67,1.3957234077803295e-05
67,1.922632160125255e-05
67,2.5474506717902003e-05
67,3.107495101645243e-05
67,3.415199723423082e-05
67,3.341333826088709e-05
67,2.8851149161045632e-05
67,2.1833767871766567e-05
67,1.4548106382046957e-05
67,9.220079967264852e-06
67,7.559171245686992e-06
67,1.0495734633151746e-05
67,1.80194969850781e-05
67,2.9063038594503484e-05
67,4.162320893031869e-05
67,5.328922511729942e-05
67,6.204628500046696e-05
67,6.695249796730688e-05
67,6.830016179181003e-05
67,6.718337661868342e-05
67,6.478049829849828e-05
67,6.181645178039184e-05
67,5.8475988884032574e-05
67,5.4688255454983774e-05
67,5.048947715256015e-05
67,4.620453718768221e-05
67,4.2380218768195803e-05
67,3.959676390376617e-05
67,3.8335236180484876e-05
67,3.8945371201689436e-05
67,4.1592630451890154e-05
67,4.607576662134115e-05
67,5.160872193691218e-05
67,5.682640824608658e-05
67,6.018608083300403e-05
67,6.062675843111452e-05
67,5.8090286553115845e-05
67,5.356343959498867e-05
67,4.8655898586340876e-05
67,4.5061098021635054e-05
67,4.422316408749868e-05
67,4.719284060748073e-05
67,5.44246794596468e-05
67,6.545544550852516e-05
67,7.87590346413894e-05
67,9.20917907637852e-05
67,0.00010325583727996941
67,0.000110852544025674
67,0.00011461211212414176
67,0.00011517881256825739
67,0.00011354822654306669
67,0.00011052635730232392
67,0.00010651864192775639
67,0.00010168080859233727
67,9.619675321752661e-05
67,9.04290984362659e-05
67,8.488264487839365e-05
67,8.009161310067471e-05
67,7.654185018078997e-05
67,7.462128155457852e-05
67,7.450319815410096e-05
67,7.592210708850764e-05
67,7.797937899548371e-05
67,7.923565877502513e-05
67,7.822101552577342e-05
67,7.415347984746556e-05
67,6.739935122246086e-05
67,5.933570858104233e-05
67,5.1731133381374654e-05
67,4.611306093650192e-05
67,4.348838206450917e-05
67,4.43719092162667e-05
67,4.882204755942322e-05
67,5.633030361619952e-05
67,6.573405565096636e-05
67,7.541597029997422e-05
67,8.380468435258851e-05
67,8.988514818415185e-05
67,9.339485693903707e-05
67,9.463248984083742e-05
67,9.407286590863488e-05
67,9.20581746788535e-05
67,8.87279842880461e-05
67,8.41710368880487e-05
67,7.863521230102438e-05
67,7.26117793278724e-05
67,6.674201986023449e-05
67,6.165513689197775e-05
67,5.786538982941125e-05
67,5.5726260388764846e-05
67,5.533110424218143e-05
67,5.630786977021459e-05
67,5.7640351897902545e-05
67,5.777195736146752e-05
67,5.5136399664203264e-05
67,4.892735380453893e-05
67,3.9627641880670284e-05
67,2.8894324375188573e-05
67,1.8863448373831043e-05
67,1.137379307259854e-05
67,7.558590010080717e-06
67,7.808544675987852e-06
67,1.181805351683644e-05
67,1.8582590493568914e-05
67,2.6512387338851283e-05
67,3.3838170929745046e-05
67,3.9204327111574575e-05
67,4.210714599634181e-05
67,4.2889757301183936e-05
67,4.230893053393546e-05
67,4.099044581768331e-05
67,3.9137684742048654e-05
67,3.662261264180164e-05
67,3.329768224782412e-05
67,2.926386633561164e-05
67,2.493701295650788e-05
67,2.0931344996346188e-05
67,1.7893039975818055e-05
67,1.6398670002095926e-05
67,1.6898923693645653e-05
67,1.9580002536583423e-05
67,2.4091989731767663e-05
67,2.9317158222138337e-05
67,3.347885634720494e-05
67,3.472941873533887e-05
67,3.198435073702156e-05
67,2.550574024611577e-05
67,1.6851963540797424e-05
67,8.249358400086483e-06
67,1.8265824902255016e-06
67,-8.725975314602984e-07
67,9.397320354282854e-07
67,7.2000586794827466e-06
67,1.6875084929664515e-05
67,2.8045399707812388e-05
67,3.8422072559360165e-05
67,4.614975220389961e-05
67,5.043331559268749e-05
67,5.161654745843991e-05
67,5.071777367036271e-05
67,4.875783590911374e-05
67,4.629990960946827e-05
67,4.343152996466855e-05
67,4.0082760761278775e-05
67,3.635407041845267e-05
67,3.260960430551993e-05
67,2.935851616198435e-05
67,2.711289055094456e-05
67,2.6347189571446587e-05
67,2.7503040530790035e-05
67,3.087849892765391e-05
67,3.633140568588662e-05
67,4.296445332333416e-05
67,4.912686334357734e-05
67,5.2938618592904324e-05
67,5.314019359751122e-05
67,4.9735301303063985e-05
67,4.3994020265668246e-05
67,3.787968724799726e-05
67,3.337031846732927e-05
67,3.205988977127187e-05
67,3.5006598254244683e-05
67,4.256215152653279e-05
67,5.411029740411837e-05
67,6.797528582816748e-05
67,8.179472991432185e-05
67,9.330857503299378e-05
67,0.0001011391632408611
67,0.00010509957534760314
67,0.00010589810914861051
67,0.00010450883189858983
67,0.0001016429204989502
67,9.760876571577362e-05
67,9.253826155678204e-05
67,8.670705056948756e-05
67,8.066070594973955e-05
67,7.508010675157934e-05
67,7.056604018948754e-05
67,6.754841449593562e-05
67,6.632349713713863e-05
67,6.704137905114718e-05
67,6.951890018119317e-05
67,7.29915151915409e-05
67,7.609506300931762e-05
67,7.727757450825309e-05
67,7.55037926243815e-05
67,7.080678525688915e-05
67,6.428892970452306e-05
67,5.7605678106394266e-05
67,5.2371726915984875e-05
67,4.986831955605631e-05
67,5.099497145400123e-05
67,5.615545254508011e-05
67,6.499189116191924e-05
67,7.62402300186578e-05
67,8.799557330685232e-05
67,9.834021898590532e-05
67,0.00010597785283410088
67,0.00011050912741188909
67,0.00011224143525546989
67,0.00011173388538689818
67,0.0001094160877377382
67,0.00010549903498429991
67,0.00010014176462908061
67,9.366888388762109e-05
67,8.665418628782889e-05
67,7.982885402556505e-05
67,7.391105541547075e-05
67,6.948002168559481e-05
67,6.691177242274582e-05
67,6.627902083274018e-05
67,6.715977211022703e-05
67,6.848854509289218e-05
67,6.870400827005825e-05
67,6.630391185723762e-05
67,6.057577700972853e-05
67,5.2034237398353326e-05
67,4.223609390097076e-05
67,3.309970824300502e-05
67,2.6220660058399352e-05
67,2.258490026369866e-05
67,2.2630915426853683e-05
67,2.6309964093773627e-05
67,3.297401164534693e-05
67,4.131426663362268e-05
67,4.96434072518922e-05
67,5.6469714291182284e-05
67,6.098987829757119e-05
67,6.318377635987028e-05
67,6.351125571920229e-05
67,6.246863096586579e-05
67,6.0303996116290454e-05
67,5.703785063561061e-05
67,5.269866273245404e-05
67,4.753736285353757e-05
67,4.205413021887721e-05
67,3.687062891724795e-05
67,3.2599675130385954e-05
67,2.9801429767099195e-05
67,2.8959240378282717e-05
67,3.0328711302456302e-05
67,3.3621033844803596e-05
67,3.772052459171341e-05
67,4.077923062226183e-05
67,4.086029595628679e-05
67,3.686765898414754e-05
67,2.917215984032921e-05
67,1.9491921187286757e-05
67,1.014003660388355e-05
67,3.192377643918169e-06
67,2.9074336055799924e-08
67,1.2404928859347887e-06
67,6.613465147818169e-06
67,1.5080535227668241e-05
67,2.48240260244692e-05
67,3.374488826143551e-05
67,4.018514721742106e-05
67,4.3488876379635204e-05
67,4.403880554469686e-05
67,4.2778409242459666e-05
67,4.0581586372451574e-05
67,3.787883676665164e-05
67,3.470295216271151e-05
67,3.1007475150968494e-05
67,2.695869625151062e-05
67,2.298873126011889e-05
67,1.9636831997178685e-05
67,1.7385185627331767e-05
67,1.664162991506115e-05
67,1.7797136576100096e-05
67,2.1146341104133604e-05
67,2.657787373995665e-05
67,3.322131400832676e-05
67,3.940956083507641e-05
67,4.317898831788638e-05
67,4.313484406798675e-05
67,3.916357734481846e-05
67,3.252132374434522e-05
67,2.5290910589099403e-05
67,1.9652567619909084e-05
67,1.7393774983026708e-05
67,1.9669417663691227e-05
67,2.677021769555558e-05
67,3.78662318845339e-05
67,5.101583455210891e-05
67,6.368559972630029e-05
67,7.363179048300073e-05
67,7.967121308821147e-05
67,8.190986686859744e-05
67,8.134390871812407e-05
67,7.913996444092349e-05
67,7.606922800676136e-05
67,7.239286424550907e-05
67,6.813073089500014e-05
67,6.340310840183509e-05
67,5.8579455114632466e-05
67,5.4194587707744155e-05
67,5.078437789972367e-05
67,4.880313742244887e-05
67,4.862529883863178e-05
67,5.0480905720579175e-05
67,5.4221802933521606e-05
67,5.905021853926915e-05
67,6.351658300049327e-05
67,6.597582334312299e-05
67,6.532475623692559e-05
67,6.155249910895899e-05
67,5.5733294615949275e-05
67,4.952921213120132e-05
67,4.462897303688323e-05
67,4.246224782836862e-05
67,4.4116325693638125e-05
67,5.0148475118740624e-05
67,6.022336263748678e-05
67,7.2904348229962e-05
67,8.596003833232765e-05
67,9.713766460529472e-05
67,0.00010495324244146051
67,0.0001090445103031992
67,0.00010995953789945132
67,0.00010860224509098668
67,0.00010571322270253198
67,0.00010167473063005022
67,9.665996190437619e-05
67,9.089853149755428e-05
67,8.480849364107672e-05
67,7.893810695046284e-05
67,7.38444273355666e-05
67,7.003245598372899e-05
67,6.79298221667669e-05
67,6.776636305633856e-05
67,6.930771271747494e-05
67,7.161001036644288e-05
67,7.309842511367931e-05
67,7.21235597394953e-05
67,6.776403394612744e-05
67,6.0352324177195214e-05
67,5.133948772816574e-05
67,4.2625225392781004e-05
67,3.5876314100604975e-05
67,3.223290315861656e-05
67,3.233079580247368e-05
67,3.630282444517874e-05
67,4.362461658082291e-05
67,5.302681148901443e-05
67,6.275141463564077e-05
67,7.112541080439372e-05
67,7.711002735507864e-05
67,8.048368501160458e-05
67,8.160293215362359e-05
67,8.097496929660284e-05
67,7.89444467947406e-05
67,7.565016307475054e-05
67,7.11950658588155e-05
67,6.584293192438935e-05
67,6.0078067901131444e-05
67,5.45106390854708e-05
67,4.9747185895628673e-05
67,4.6333182446950775e-05
67,4.4726183558044366e-05
67,4.5158204100435084e-05
67,4.734525132933216e-05
67,5.023214613267151e-05
67,5.208588613151267e-05
67,5.108975572078711e-05
67,4.620564816193395e-05
67,3.7773342606879924e-05
67,2.742312157360782e-05
67,1.7375245338749183e-05
67,9.642428973484903e-06
67,5.592104582511161e-06
67,5.8637031196745375e-06
67,1.0341260133168517e-05
67,1.806883158134442e-05
67,2.7330458622432035e-05
67,3.610729300131579e-05
67,4.2775351552662025e-05
67,4.6635232810004093e-05
67,4.794962571817402e-05
67,4.750596156244761e-05
67,4.6033200660422256e-05
67,4.3857983550897936e-05
67,4.0959627342731466e-05
67,3.7272937063567026e-05
67,3.2952050879619954e-05
67,2.8422202302106636e-05
67,2.4258404162628492e-05
67,2.104936202184518e-05
67,1.935206205282404e-05
67,1.9678964468385954e-05
67,2.2355333136190324e-05
67,2.718822026124785e-05
67,3.314777784577535e-05
67,3.8415078216933016e-05
67,4.097789842889525e-05
67,3.953364786511515e-05
67,3.414805733907586e-05
67,2.6244138150884614e-05
67,1.798840597461222e-05
67,1.154612686191541e-05
67,8.613037733009094e-06
67,1.0221862022343036e-05
67,1.6569732208825273e-05
67,2.680019949186615e-05
67,3.9011687484464684e-05
67,5.076107088094899e-05
67,5.992911352266428e-05
67,6.545379840072356e-05
67,6.74972898070593e-05
67,6.701059361422242e-05
67,6.50406436004608e-05
67,6.222995479401073e-05
67,5.876069712551961e-05
67,5.465009854680701e-05
67,5.007326251467661e-05
67,4.545377415809829e-05
67,4.1332662637722345e-05
67,3.821966269651311e-05
67,3.6572700142327796e-05
67,3.683903070719598e-05
67,3.9364320150519706e-05
67,4.4082372991503246e-05
67,5.016422025858735e-05
67,5.598298092971806e-05
67,5.961858670292097e-05
67,5.971648235871572e-05
67,5.6164509856390905e-05
67,5.0134456079974444e-05
67,4.3531859898791035e-05
67,3.832666019609927e-05
67,3.61603217927821e-05
67,3.818906332071673e-05
67,4.48839098717479e-05
67,5.5728637098392995e-05
67,6.910492211234306e-05
67,8.266470415118596e-05
67,9.41242313120837e-05
67,0.00010204892412506779
67,0.00010617630515559243
67,0.00010714429878168607
67,0.0001058794437794973
67,0.00010307047826726326
67,9.901776198712631e-05
67,9.384239047875385e-05
67,8.779593886585974e-05
67,8.139866376681797e-05
67,7.533497270266946e-05
67,7.025782717745372e-05
67,6.668605785811045e-05
67,6.500406668046679e-05
67,6.540671022791602e-05
67,6.768400651809448e-05
67,7.09753275524795e-05
67,7.379047830437871e-05
67,7.448085740447858e-05
67,7.198739832221518e-05
67,6.639424577900944e-05
67,5.8897377607589134e-05
67,5.12479891054324e-05
67,4.513064242653242e-05
67,4.186140994878788e-05
67,4.234374775967483e-05
67,4.6956972823845076e-05
67,5.528465692000875e-05
67,6.597511522188962e-05
67,7.704355974316012e-05
67,8.655243613383844e-05
67,9.327093786858446e-05
67,9.692969515944794e-05
67,9.798127679984881e-05
67,9.70934369932042e-05
67,9.473165884479087e-05
67,9.106340784608601e-05
67,8.614921097939474e-05
67,8.019616444697886e-05
67,7.367065089350282e-05
67,6.723224623141087e-05
67,6.15929841915478e-05
67,5.74107088013627e-05
67,5.5208022001442406e-05
67,5.5211700185897235e-05
67,5.7078354910749205e-05
67,5.968058536506562e-05
67,6.124828949899117e-05
67,5.9992462838671886e-05
67,5.495177160273303e-05
67,4.6530590866339116e-05
67,3.634850776360525e-05
67,2.6524854837003008e-05
67,1.8921741260128478e-05
67,1.4775176185314388e-05
67,1.4683650738986676e-05
67,1.8624248612908018e-05
67,2.584141129288465e-05
67,3.482588008614595e-05
67,4.366290622850588e-05
67,5.068683385500748e-05
67,5.5043605624394155e-05
67,5.680370485437795e-05
67,5.660991372089315e-05
67,5.515061695708172e-05
67,5.280569580028595e-05
67,4.963530534426739e-05
67,4.5621646971272273e-05
67,4.0917282030423004e-05
67,3.591368474177056e-05
67,3.11457169503154e-05
67,2.7183684284504606e-05
67,2.4607952003017037e-05
67,2.3991309585271838e-05
67,2.5727754016633456e-05
67,2.9667543952172112e-05
67,3.477356886352247e-05
67,3.916362084920003e-05
67,4.0735792822578376e-05
67,3.813746254138549e-05
67,3.148473883849319e-05
67,2.23461685210062e-05
67,1.3047254640174768e-05
67,5.828137971985292e-06
67,2.3296670406115648e-06
67,3.4240016455716046e-06
67,9.117020411968476e-06
67,1.8424704007692178e-05
67,2.9447715965790457e-05
67,3.987088253417757e-05
67,4.7763169052216924e-05
67,5.22342757384612e-05
67,5.3549325754467934e-05
67,5.267352932244967e-05
67,5.0595799904275297e-05
67,4.7874234607601795e-05
67,4.462032832075021e-05
67,4.080203815942588e-05
67,3.655831345009579e-05
67,3.2290360328302905e-05
67,2.853246446676105e-05
67,2.579204498277438e-05
67,2.451757852266399e-05
67,2.5144282837535756e-05
67,2.8014853208631225e-05
67,3.307000522961594e-05
67,3.94853087891417e-05
67,4.56188822710428e-05
67,4.9501626222837324e-05
67,4.969727419655349e-05
67,4.601241372288938e-05
67,3.959339375443668e-05
67,3.240994146386213e-05
67,2.656511868406621e-05
67,2.3844043980684926e-05
67,2.5498430876055042e-05
67,3.200447597038352e-05
67,4.274645619664345e-05
67,5.593857063345992e-05
67,6.908294213716539e-05
67,7.984708821717016e-05
67,8.687695373248434e-05
67,9.008572483711153e-05
67,9.03117619232385e-05
67,8.863305761812921e-05
67,8.579941595261448e-05
67,8.209190445323275e-05
67,7.756846936122241e-05
67,7.239547627710402e-05
67,6.69913154765849e-05
67,6.19397084873279e-05
67,5.7828076636599596e-05
67,5.5167184726154724e-05
67,5.438390091567837e-05
67,5.573715975698388e-05
67,5.906566738935144e-05
67,6.351067497456335e-05
67,6.752869087953569e-05
67,6.938619643638712e-05
67,6.794663361294576e-05
67,6.324963330921772e-05
67,5.648235045211395e-05
67,4.9416859701181564e-05
67,4.3783868336456596e-05
67,4.0966069011607796e-05
67,4.194971660906458e-05
67,4.7206155192045096e-05
67,5.639183515594206e-05
67,6.815671374863512e-05
67,8.041390058507219e-05
67,9.105105387003622e-05
67,9.866848433787326e-05
67,0.00010290310892560848
67,0.00010421288161452963
67,0.00010334820887252564
67,0.00010088400203784875
67,9.707673031305531e-05
67,9.204391013725933e-05
67,8.603514449422515e-05
67,7.955011044958398e-05
67,7.32496330544974e-05
67,6.7797535836886e-05
67,6.377573607466115e-05
67,6.165540132977983e-05
67,6.168202662378182e-05
67,6.360738322244891e-05
67,6.643169099590888e-05
67,6.847130161614169e-05
67,6.792713484842645e-05
67,6.37347730316947e-05
67,5.61575091746909e-05
67,4.669397192900472e-05
67,3.738994153867384e-05
67,3.008750611175544e-05
67,2.605922490940274e-05
67,2.5990816934673883e-05
67,2.997504030074195e-05
67,3.737357080586497e-05
67,4.6772318884530413e-05
67,5.6302968676527775e-05
67,6.42745932133357e-05
67,6.97390699566415e-05
67,7.263442637734541e-05
67,7.346636258560735e-05
67,7.280390299826731e-05
67,7.094007627750979e-05
67,6.788910016692849e-05
67,6.362991547553798e-05
67,5.8359349975431646e-05
67,5.256789043811625e-05
67,4.692848541902058e-05
67,4.213657056540925e-05
67,3.8826025205661076e-05
67,3.752989026425794e-05
67,3.853830533406626e-05
67,4.159556782990706e-05
67,4.562123664171286e-05
67,4.8786773981143706e-05
67,4.912103873709098e-05
67,4.541390937990047e-05
67,3.786848537226347e-05
67,2.8055329500581478e-05
67,1.8226980337023306e-05
67,1.0506583860992632e-05
67,6.419229986096549e-06
67,6.774794839565603e-06
67,1.1600345811572205e-05
67,2.000271623070968e-05
67,3.020418539043793e-05
67,4.0007578414904906e-05
67,4.75683092043697e-05
67,5.202338946639923e-05
67,5.359342498295599e-05
67,5.314312169221619e-05
67,5.1537098220889536e-05
67,4.921531387854019e-05
67,4.619923202946692e-05
67,4.240413379449818e-05
67,3.7946789968078364e-05
67,3.322966794548084e-05
67,2.8823444076593577e-05
67,2.5323715593517745e-05
67,2.3306787694009696e-05
67,2.332720613554691e-05
67,2.5781896737410008e-05
67,3.056735064160761e-05
67,3.67246443266803e-05
67,4.244249617363193e-05
67,4.5633724587968275e-05
67,4.486552213858396e-05
67,4.007331827069432e-05
67,3.258987399600479e-05
67,2.45372369319795e-05
67,1.807469692336385e-05
67,1.4936223510205152e-05
67,1.625047654629907e-05
67,2.236284973081604e-05
67,3.257681712400294e-05
67,4.5096455290336834e-05
67,5.7473106934523516e-05
67,6.746302470577437e-05
67,7.381443213941635e-05
67,7.651687363520389e-05
67,7.642572019586519e-05
67,7.457962476373371e-05
67,7.1669473875409e-05
67,6.793782073474573e-05
67,6.344523342438003e-05
67,5.839479614672337e-05
67,5.3240459492799385e-05
67,4.855949108604401e-05
67,4.4885336256887e-05
67,4.2671230451753626e-05
67,4.23405466551816e-05
67,4.422351773852073e-05
67,4.8268587333732626e-05
67,5.3690489627780075e-05
67,5.891299944525859e-05
67,6.20457147275054e-05
67,6.172795401456598e-05
67,5.781214718227877e-05
67,5.142141712557832e-05
67,4.440722281716346e-05
67,3.8682134854072746e-05
67,3.5843241635656595e-05
67,3.7047492745731864e-05
67,4.2830831610576024e-05
67,5.2788891151686505e-05
67,6.542058639910123e-05
67,7.84625680630171e-05
67,8.966225589505701e-05
67,9.755832938650843e-05
67,0.00010181597312110738
67,0.00010298184473124837
67,0.00010190249822556271
67,9.921911131850765e-05
67,9.522160136307871e-05
67,9.004465420962788e-05
67,8.395554950605775e-05
67,7.748008160653701e-05
67,7.130523518636489e-05
67,6.609841969733947e-05
67,6.240870994091608e-05
67,6.065506793238248e-05
67,6.105208274045974e-05
67,6.337645652933556e-05
67,6.67130053613586e-05
67,6.948874908035009e-05
67,6.998080050190577e-05
67,6.71069993228145e-05
67,6.099842524000829e-05
67,5.294594721741877e-05
67,4.4792072662107546e-05
67,3.8260636114063865e-05
67,3.4641764468804716e-05
67,3.477834701378514e-05
67,3.900268069563706e-05
67,4.6890948320076634e-05
67,5.7115379404887015e-05
67,6.772704882653308e-05
67,7.682756539739461e-05
67,8.322481801491426e-05
67,8.667639384637229e-05
67,8.76375212813468e-05
67,8.675461366416496e-05
67,8.446260523454967e-05
67,8.090891655059686e-05
67,7.61573115849592e-05
67,7.04360882820958e-05
67,6.422656302474205e-05
67,5.81736264145088e-05
67,5.2948698364989964e-05
67,4.91774659266103e-05
67,4.739811173649604e-05
67,4.791094907928299e-05
67,5.046855338169049e-05
67,5.399466293666235e-05
67,5.6668129624507905e-05
67,5.654409262610643e-05
67,5.2464169214155875e-05
67,4.4686068789483785e-05
67,3.4793289238784315e-05
67,2.4978997042093415e-05
67,1.7245418681445726e-05
67,1.2982053114219537e-05
67,1.2909607255910251e-05
67,1.7064569756446834e-05
67,2.4675810502605555e-05
67,3.41555724709623e-05
67,4.348097042584905e-05
67,5.0893588366715214e-05
67,5.550097640192393e-05
67,5.739847864111628e-05
67,5.7286647294639e-05
67,5.5898603110064696e-05
67,5.3621476464418566e-05
67,5.0496579639863145e-05
67,4.6492178464113355e-05
67,4.1775434239763056e-05
67,3.6778091976193344e-05
67,3.207188564203456e-05
67,2.8229585979732446e-05
67,2.5797682142786647e-05
67,2.5312423777032045e-05
67,2.717143062193243e-05
67,3.128594798918109e-05
67,3.6713433217397305e-05
67,4.164631298712458e-05
67,4.3983563097331535e-05
67,4.227824542959286e-05
67,3.648415393870225e-05
67,2.8001418228428948e-05
67,1.9043839891746816e-05
67,1.1835532302361173e-05
67,8.107920988806868e-06
67,8.912067833404265e-06
67,1.4466654480150571e-05
67,2.3953373414645375e-05
67,3.552303799722736e-05
67,4.677912467660286e-05
67,5.5620733398944927e-05
67,6.09745577163404e-05
67,6.297930921349828e-05
67,6.256137986222485e-05
67,6.073857582245399e-05
67,5.8116217118763754e-05
67,5.483215680822145e-05
67,5.085344018806732e-05
67,4.6309365615117845e-05
67,4.1605587754306656e-05
67,3.730603806673748e-05
67,3.396562661704657e-05
67,3.20784960321839e-05
67,3.210838586429458e-05
67,3.440979218370919e-05
67,3.892943375942605e-05
67,4.4852147775240236e-05
67,5.055133404745747e-05
67,5.407825669408103e-05
67,5.40163911293103e-05
67,5.017627169114361e-05
67,4.3672037930189945e-05
67,3.639669979142389e-05
67,3.0351589229976258e-05
67,2.724132028910228e-05
67,2.8310511146512857e-05
67,3.4127218873401574e-05
67,4.4240325493423206e-05
67,5.70309666889016e-05
67,7.009769030658237e-05
67,8.109985772952933e-05
67,8.858453245275919e-05
67,9.232056214314804e-05
67,9.301152107833316e-05
67,9.165247460758897e-05
67,8.89722583836076e-05
67,8.527133075207891e-05
67,8.063747120628078e-05
67,7.526016479236904e-05
67,6.957080430332717e-05
67,6.415916058760682e-05
67,5.961992980640106e-05
67,5.648394381215819e-05
67,5.521701510659131e-05
67,5.612741936230067e-05
67,5.909129568055621e-05
67,6.325093506863394e-05
67,6.701746151243324e-05
67,6.85821313900376e-05
67,6.674275903877383e-05
67,6.1521239446885e-05
67,5.414298656886329e-05
67,4.644561957454297e-05
67,4.0211516010019664e-05
67,3.683817563505171e-05
67,3.7294517195398866e-05
67,4.2024451429690934e-05
67,5.067181590948139e-05
67,6.190416187651349e-05
67,7.367979381528924e-05
67,8.394029480572494e-05
67,9.13248620753164e-05
67,9.547695522480964e-05
67,9.682498706286094e-05
67,9.606723870052087e-05
67,9.372905938687406e-05
67,9.003918020234749e-05
67,8.51088548749763e-05
67,7.918904810425318e-05
67,7.277772636269553e-05
67,6.653086830618767e-05
67,6.111153184316207e-05
67,5.7114921240845757e-05
67,5.504729946108822e-05
67,5.5208307651886575e-05
67,5.7404208457677594e-05
67,6.066101102546228e-05
67,6.326775675320412e-05
67,6.334059277453782e-05
67,5.9695975579668153e-05
67,5.248802950681507e-05
67,4.316061805006212e-05
67,3.377897596117801e-05
67,2.6265795107550025e-05
67,2.2003655504319677e-05
67,2.1784642058124424e-05
67,2.5773699210902745e-05
67,3.334402006101776e-05
67,4.302343600447713e-05
67,5.283801048608184e-05
67,6.0989813504793824e-05
67,6.646832124329978e-05
67,6.921637863332948e-05
67,6.980125466150687e-05
67,6.887528305050664e-05
67,6.680094279362968e-05
67,6.36329001332247e-05
67,5.936518419056447e-05
67,5.418934272731677e-05
67,4.856917238832922e-05
67,4.313230875612165e-05
67,3.8526548708393484e-05
67,3.53620571482053e-05
67,3.41949070772675e-05
67,3.538900066977062e-05
67,3.878867296582192e-05
67,4.339301145720008e-05
67,4.738719404066535e-05
67,4.873067945745857e-05
67,4.608060868958571e-05
67,3.948807086985817e-05
67,3.039978430780819e-05
67,2.1007914266631034e-05
67,1.345383272368381e-05
67,9.352827757012729e-06
67,9.65332661294211e-06
67,1.4533740194772362e-05
67,2.3219099955544183e-05
67,3.396988037170167e-05
67,4.4524592869684555e-05
67,5.289494648119191e-05
67,5.805484059611836e-05
67,6.0105565073484154e-05
67,5.987192439862273e-05
67,5.825456697664371e-05
67,5.577123580348933e-05
67,5.252222229051128e-05
67,4.8480418394395976e-05
67,4.3798656670292426e-05
67,3.8897396946013796e-05
67,3.434221733857144e-05
67,3.0696623938918115e-05
67,2.8490433325507597e-05
67,2.824631528932604e-05
67,3.0373224347797632e-05
67,3.483344106491045e-05
67,4.076648198352162e-05
67,4.644589358274124e-05
67,4.980941904986105e-05
67,4.937273914543186e-05
67,4.4966143416437366e-05
67,3.780639819016207e-05
67,2.9924158364215256e-05
67,2.343060101467212e-05
67,2.0063500223222135e-05
67,2.1009259214800545e-05
67,2.671491603466218e-05
67,3.660360172949363e-05
67,4.8979885303891644e-05
67,6.144034462128813e-05
67,7.17139603540314e-05
67,7.846393250612876e-05
67,8.157745282057197e-05
67,8.18310975294629e-05
67,8.02263336288013e-05
67,7.744932771965175e-05
67,7.374690248038477e-05
67,6.91748292833641e-05
67,6.392466678530173e-05
67,5.845170097429181e-05
67,5.3362293642279974e-05
67,4.923850274040624e-05
67,4.657630503421366e-05
67,4.581574194817088e-05
67,4.727715284963577e-05
67,5.0888377728048877e-05
67,5.585172110459888e-05
67,6.0596190419362746e-05
67,6.324948608923264e-05
67,6.246846990916572e-05
67,5.811220934282064e-05
67,5.1298007000976644e-05
67,4.386065600772362e-05
67,3.768491943266809e-05
67,3.4333470773681436e-05
67,3.49388752455754e-05
67,4.004216774393511e-05
67,4.927822692064119e-05
67,6.1205856417007e-05
67,7.362269342632079e-05
67,8.432331609600525e-05
67,9.187214278306401e-05
67,9.593912104917576e-05
67,9.706179786605099e-05
67,9.607068664706086e-05
67,9.358455763660103e-05
67,8.986023713887189e-05
67,8.49850983199135e-05
67,7.916680824834173e-05
67,7.287100114440085e-05
67,6.674607801069209e-05
67,6.146440020494475e-05
67,5.76288201793804e-05
67,5.574249177544825e-05
67,5.6100400405476585e-05
67,5.852051453172194e-05
67,6.206726889813412e-05
67,6.508695806752602e-05
67,6.574467256033444e-05
67,6.28621933972709e-05
67,5.6533836719781056e-05
67,4.808975727239304e-05
67,3.94688613728372e-05
67,3.2503549046085496e-05
67,2.8557861069650902e-05
67,2.8491136185880212e-05
67,3.260468001811986e-05
67,4.0423202403381635e-05
67,5.0568772925155405e-05
67,6.105549477496842e-05
67,6.997133204613294e-05
67,7.614211570051985e-05
67,7.937160576963797e-05
67,8.01724058685758e-05
67,7.923862471492676e-05
67,7.702815854039939e-05
67,7.368131914029449e-05
67,6.922991086312098e-05
67,6.385752912318406e-05
67,5.7998853908237864e-05
67,5.2256365251374734e-05
67,4.727090583590014e-05
67,4.366375439045572e-05
67,4.201020220733026e-05
67,4.269213854262793e-05
67,4.556781219811657e-05
67,4.9646981925005795e-05
67,5.312394206328602e-05
67,5.397041282417215e-05
67,5.0865616103567945e-05
67,4.3891038775497e-05
67,3.451458512661195e-05
67,2.491619258131679e-05
67,1.718111313506874e-05
67,1.2839380402024274e-05
67,1.2761038180681598e-05
67,1.709613419018631e-05
67,2.5118854033768166e-05
67,3.520535874692575e-05
67,4.522737000501925e-05
67,5.32902707523799e-05
67,5.8389060099189934e-05
67,6.057474663913586e-05
67,6.057946685673501e-05
67,5.921158792937823e-05
67,5.693037306877758e-05
67,5.381519034266829e-05
67,4.9835389763776545e-05
67,4.513993648279801e-05
67,4.014414086867159e-05
67,3.541372772247058e-05
67,3.1519714589008017e-05
67,2.90035319150262e-05
67,2.8398654367118795e-05
67,3.0119662294600605e-05
67,3.412771265411073e-05
67,3.955640198241075e-05
67,4.4670995153795514e-05
67,4.74003995316974e-05
67,4.625781869444197e-05
67,4.109251905926521e-05
67,3.317226898155564e-05
67,2.459755740446956e-05
67,1.7532236261537946e-05
67,1.371677994651406e-05
67,1.4284268839685521e-05
67,1.959455390307766e-05
67,2.898817993072345e-05
67,4.0731837896100024e-05
67,5.2452399265443114e-05
67,6.196961761474384e-05
67,6.80628619615125e-05
67,7.071776760903116e-05
67,7.075934845040163e-05
67,6.917791042462297e-05
67,6.66056608395414e-05
67,6.322397919600821e-05
67,5.9033865862279406e-05
67,5.418480666006433e-05
67,4.909773723476027e-05
67,4.435566067067452e-05
67,4.053688359441115e-05
67,3.81560084496011e-05
67,3.768768399508485e-05
67,3.9490107156848034e-05
67,4.351574608313843e-05
67,4.8963057476632244e-05
67,5.422346847696209e-05
67,5.7363151332741124e-05
67,5.69741414839086e-05
67,5.2870361552923987e-05
67,4.616193096053915e-05
67,3.872063359112098e-05
67,3.249984005370874e-05
67,2.9135478400715233e-05
67,2.9812582167719612e-05
67,3.5089939791586277e-05
67,4.457994484451989e-05
67,5.678147259701899e-05
67,6.941475955176489e-05
67,8.021501271556446e-05
67,8.773515684890703e-05
67,9.168564365706085e-05
67,9.26747465368442e-05
67,9.160094033652839e-05
67,8.912226502959308e-05
67,8.550215217754591e-05
67,8.081948007257094e-05
67,7.527654427529464e-05
67,6.933554329523446e-05
67,6.362826938769421e-05
67,5.879097484139491e-05
67,5.538514328368616e-05
67,5.389329786302217e-05
67,5.463027300179086e-05
67,5.7472545297423916e-05
67,6.155371192964471e-05
67,6.525838313057672e-05
67,6.673014040880212e-05
67,6.471291549292218e-05
67,5.919912677982075e-05
67,5.1432363261533604e-05
67,4.330850108604763e-05
67,3.667230503982141e-05
67,3.295133334146725e-05
67,3.310078500872498e-05
67,3.752297169456227e-05
67,4.582018388634957e-05
67,5.6641865352840724e-05
67,6.796183541796806e-05
67,7.776753701000327e-05
67,8.476135756827307e-05
67,8.864763691100018e-05
67,8.98912801121159e-05
67,8.918778140443742e-05
67,8.70226793748972e-05
67,8.356591356407188e-05
67,7.887221197536234e-05
67,7.315243226491228e-05
67,6.688688444226858e-05
67,6.073630940819472e-05
67,5.538580233894474e-05
67,5.14627175598652e-05
67,4.951093244652788e-05
67,4.987053337964325e-05
67,5.2384196255047605e-05
67,5.609518190685316e-05
67,5.9272356982628785e-05
67,5.99658610718769e-05
67,5.689393974031751e-05
67,5.011620770238564e-05
67,4.102657954021765e-05
67,3.170499615756496e-05
67,2.4140628742124495e-05
67,1.9802007229206062e-05
67,1.9558192687853545e-05
67,2.3625191254806803e-05
67,3.1388534228453506e-05
67,4.134067486775221e-05
67,5.14319590258127e-05
67,5.977874679336728e-05
67,6.5315437539173e-05
67,6.798798787962879e-05
67,6.842223241992306e-05
67,6.735193806781352e-05
67,6.52019093289233e-05
67,6.204631379540948e-05
67,5.786186117771738e-05
67,5.2808000052954074e-05
67,4.731854886351651e-05
67,4.1997555559166086e-05
67,3.7474529135267314e-05
67,3.4350063679958545e-05
67,3.319051774433554e-05
67,3.4401916160333685e-05
67,3.7901089404768645e-05
67,4.276520350637172e-05
67,4.7222852745155985e-05
67,4.9211074502256185e-05
67,4.729898448838203e-05
67,4.141655927339707e-05
67,3.29006737354045e-05
67,2.3877928220652124e-05
67,1.6480815089519162e-05
67,1.2369395042509385e-05
67,1.2580210665329753e-05
67,1.7405856449889585e-05
67,2.6180904559651747e-05
67,3.72283510744013e-05
67,4.826929376597373e-05
67,5.72212090630111e-05
67,6.293022584172525e-05
67,6.539400631878007e-05
67,6.539593878069694e-05
67,6.385822300773253e-05
67,6.135262211241789e-05
67,5.802762316963688e-05
67,5.3878278735713386e-05
67,4.906000896826762e-05
67,4.39937016021886e-05
67,3.924974124436807e-05
67,3.539236819456536e-05
67,3.293932828031063e-05
67,3.239408395714887e-05
67,3.41591618741678e-05
67,3.82229899064104e-05
67,4.378585729642911e-05
67,4.919390219325144e-05
67,5.243344724479626e-05
67,5.202008046862936e-05
67,4.773763954437104e-05
67,4.073182780111522e-05
67,3.295858672665685e-05
67,2.6462856239494327e-05
67,2.293759793730665e-05
67,2.3566125273887304e-05
67,2.884971501098209e-05
67,3.8315120193107225e-05
67,5.038408912998402e-05
67,6.273634479410487e-05
67,7.311620725927761e-05
67,8.01331411756428e-05
67,8.358213020375877e-05
67,8.415156636088765e-05
67,8.278848765771421e-05
67,8.016300702540365e-05
67,7.652857705939614e-05
67,7.194957707054728e-05
67,6.661809104380474e-05
67,6.098779727483479e-05
67,5.567338484733566e-05
67,5.127817789128517e-05
67,4.832266165844491e-05
67,4.726271759397693e-05
67,4.842237638774471e-05
67,5.172600536884769e-05
67,5.637176251913384e-05
67,6.078694832761296e-05
67,6.310042022546322e-05
67,6.197408679929194e-05
67,5.727830959671832e-05
67,5.014680633742514e-05
67,4.2425089999714354e-05
67,3.5985821743970004e-05
67,3.235016558865969e-05
67,3.2597942937714645e-05
67,3.724020857664157e-05
67,4.592781003018631e-05
67,5.727752550665868e-05
67,6.916337716106086e-05
67,7.944814084740456e-05
67,8.67365682919278e-05
67,9.070245761551112e-05
67,9.185558051963054e-05
67,9.098258411293313e-05
67,8.865966636404881e-05
67,8.511355526855004e-05
67,8.04160753640593e-05
67,7.47680358154461e-05
67,6.862808398074794e-05
67,6.263333638718904e-05
67,5.744524322090167e-05
67,5.366633876481614e-05
67,5.181844712779387e-05
67,5.223396340714013e-05
67,5.4773810834374787e-05
67,5.852667732344688e-05
67,6.18213710739803e-05
67,6.276000744366258e-05
67,6.008057018877697e-05
67,5.3814306226490546e-05
67,4.528108376187408e-05
67,3.6464199587112505e-05
67,2.92679502354252e-05
67,2.5119761419703026e-05
67,2.491149363010456e-05
67,2.894574193082807e-05
67,3.6729656036353246e-05
67,4.686025079370797e-05
67,5.7326384861695416e-05
67,6.619963517743222e-05
67,7.230854647668737e-05
67,7.54799474648135e-05
67,7.62569211374734e-05
67,7.535339101059221e-05
67,7.32269170307588e-05
67,7.000162712610728e-05
67,6.569036766191884e-05
67,6.046681215342132e-05
67,5.4766147049575164e-05
67,4.919183713524401e-05
67,4.4375457496085945e-05
67,4.0920668676613166e-05
67,3.939408203024634e-05
67,4.019869819030068e-05
67,4.325003953124562e-05
67,4.7631721072251474e-05
67,5.158807957482182e-05
67,5.307870473967131e-05
67,5.069974112793152e-05
67,4.440970902560405e-05
67,3.5566120246822134e-05
67,2.6292627269912595e-05
67,1.868464989060035e-05
67,1.4337641036653413e-05
67,1.422072461977077e-05
67,1.8589422896333577e-05
67,2.6797523475258933e-05
67,3.724567824418091e-05
67,4.776341432029112e-05
67,5.636362483783912e-05
67,6.193895197259199e-05
67,6.447235757164058e-05
67,6.468406961486061e-05
67,6.34144404646591e-05
67,6.116585947156182e-05
67,5.804486890867458e-05
67,5.402651067304629e-05
67,4.925631793463084e-05
67,4.4151924136646884e-05
67,3.9290700835315046e-05
67,3.525495916522242e-05
67,3.2585946248731464e-05
67,3.180741628659588e-05
67,3.333156969070042e-05
67,3.7142655567907595e-05
67,4.242549303432748e-05
67,4.750628619130245e-05
67,5.035446309751525e-05
67,4.947896273093338e-05
67,4.467549685862897e-05
67,3.7125812748794285e-05
67,2.8839147910516876e-05
67,2.1908351738886448e-05
67,1.8043630456498087e-05
67,1.840463773816766e-05
67,2.34380875416586e-05
67,3.260883921654881e-05
67,4.4297588582696626e-05
67,5.618610420072514e-05
67,6.606795277331141e-05
67,7.263058792665823e-05
67,7.574451244902702e-05
67,7.614340166887678e-05
67,7.477705899932435e-05
67,7.228322002388076e-05
67,6.886880930481285e-05
67,6.455668652428203e-05
67,5.9507678130769404e-05
67,5.4149992873922e-05
67,4.9077551578992256e-05
67,4.488427693353362e-05
67,4.210006690787273e-05
67,4.121000508730483e-05
67,4.257951945448672e-05
67,4.617136294634104e-05
67,5.120056190240371e-05
67,5.6076907004425975e-05
67,5.887882202857809e-05
67,5.820152097943496e-05
67,5.385674877694948e-05
67,4.694976848075798e-05
67,3.933930594860526e-05
67,3.2948095124377786e-05
67,2.936419847925783e-05
67,2.9726398874186033e-05
67,3.457847198249626e-05
67,4.3568178291602104e-05
67,5.5271539258364125e-05
67,6.749471096877599e-05
67,7.803144414726476e-05
67,8.544659514712332e-05
67,8.941915716209991e-05
67,9.050208284010628e-05
67,8.953966716837687e-05
67,8.715488430403103e-05
67,8.359749013719669e-05
67,7.89437113057034e-05
67,7.339360541921539e-05
67,6.740525929380627e-05
67,6.160833225816221e-05
67,5.6642713899500676e-05
67,5.3080832046816754e-05
67,5.142386436986089e-05
67,5.2012077487655076e-05
67,5.474929104328058e-05
67,5.878768926600545e-05
67,6.250824398065261e-05
67,6.402155001203946e-05
67,6.201842248673166e-05
67,5.64436261904415e-05
67,4.852484658462951e-05
67,4.0180132669824736e-05
67,3.329578422746149e-05
67,2.9333246663288697e-05
67,2.9259508854051708e-05
67,3.346990134623723e-05
67,4.155254168170274e-05
67,5.214539043559707e-05
67,6.321891951064713e-05
67,7.276788808526734e-05
67,7.951315434601127e-05
67,8.318584459715165e-05
67,8.427860897685714e-05
67,8.35064409995413e-05
67,8.13610278510918e-05
67,7.800678674916779e-05
67,7.34855398486437e-05
67,6.798954303747267e-05
67,6.197442961115125e-05
67,5.607198360863865e-05
67,5.0940269446165355e-05
67,4.719139831326729e-05
67,4.53765272975927e-05
67,4.587122649102964e-05
67,4.85747844332724e-05
67,5.258573612055202e-05
67,5.6197172018472225e-05
67,5.743175175402283e-05
67,5.493140374357544e-05
67,4.865912574938088e-05
67,3.9932251593393075e-05
67,3.080384329511762e-05
67,2.3289857113901304e-05
67,1.8921456190704184e-05
67,1.8642649095544887e-05
67,2.2737174366912337e-05
67,3.0633284323906666e-05
67,4.082453451514452e-05
67,5.121585412232562e-05
67,5.984878440531346e-05
67,6.558754711937035e-05
67,6.834473563919823e-05
67,6.876176414350118e-05
67,6.762326464938402e-05
67,6.541086041385677e-05
67,6.223619826730804e-05
67,5.8087102697624135e-05
67,5.311621169059723e-05
67,4.7742601814859345e-05
67,4.255053018928325e-05
67,3.8143919880685286e-05
67,3.5096178120342055e-05
67,3.395800513186452e-05
67,3.514824995134979e-05
67,3.86331333835817e-05
67,4.3563042931534815e-05
67,4.823061034762234e-05
67,5.059175261880467e-05
67,4.9173609747400816e-05
67,4.381835313862111e-05
67,3.57641691664552e-05
67,2.7061743046735154e-05
67,1.980926613589964e-05
67,1.5678788473498523e-05
67,1.5761983553548214e-05
67,2.0439803907925402e-05
67,2.9146618740973816e-05
67,4.028221739438573e-05
67,5.158783104875137e-05
67,6.0933510050448e-05
67,6.70732035568118e-05
67,6.991164101010281e-05
67,7.017684877122327e-05
67,6.878511223985711e-05
67,6.633529624483363e-05
67,6.300695356661098e-05
67,5.881008961982165e-05
67,5.3899515573586584e-05
67,4.869385593502578e-05
67,4.376915831177706e-05
67,3.969919853672678e-05
67,3.70046561865933e-05
67,3.6182146280640656e-05
67,3.7627395339597726e-05
67,4.133791065506303e-05
67,4.654715435478605e-05
67,5.164962157193222e-05
67,5.467241506242806e-05
67,5.414317766192845e-05
67,4.982453100663354e-05
67,4.2819792028625225e-05
67,3.5036330361417924e-05
67,2.8472310265128464e-05
67,2.4781943707935275e-05
67,2.5131379298118105e-05
67,3.0042850011971753e-05
67,3.910590993123556e-05
67,5.082841502783383e-05
67,6.296598037498705e-05
67,7.329821609127866e-05
67,8.041845670061121e-05
67,8.406778712880032e-05
67,8.487121263999117e-05
67,8.372768601259213e-05
67,8.128258800101116e-05
67,7.777957943727194e-05
67,7.327443836884295e-05
67,6.7945344882921e-05
67,6.22326135420037e-05
67,5.6750018336714495e-05
67,5.2118327927619376e-05
67,4.888785632635968e-05
67,4.7544532834764386e-05
67,4.8433942289253544e-05
67,5.1491615941016993e-05
67,5.591775471098922e-05
67,6.013320645135298e-05
67,6.225275749841001e-05
67,6.092155677174944e-05
67,5.600024901372783e-05
67,4.862806096956663e-05
67,4.066816202031918e-05
67,3.400672030420991e-05
67,3.0157538665826655e-05
67,3.0172660543881577e-05
67,3.4535029883497404e-05
67,4.2889399339735246e-05
67,5.387484666271669e-05
67,6.540552489352303e-05
67,7.538635747404254e-05
67,8.245418439671917e-05
67,8.629850876943364e-05
67,8.742789618448253e-05
67,8.661534009835894e-05
67,8.441700302722027e-05
67,8.10373839390422e-05
67,7.652575658931594e-05
67,7.106085296064649e-05
67,6.508044769276512e-05
67,5.9203960237108254e-05
67,5.408265268825786e-05
67,5.0322207481208535e-05
67,4.846552885457758e-05
67,4.888393813341819e-05
67,5.148653778998414e-05
67,5.540062738334728e-05
67,5.8960754875058984e-05
67,6.022852381040465e-05
67,5.786559129423959e-05
67,5.182468658377895e-05
67,4.3382564965704264e-05
67,3.453219810093129e-05
67,2.7228295015924658e-05
67,2.2960138898738977e-05
67,2.266733436676256e-05
67,2.6676105742342667e-05
67,3.449505446519467e-05
67,4.470470527530666e-05
67,5.5263496474139567e-05
67,6.420789013231149e-05
67,7.034261977960845e-05
67,7.349535059591288e-05
67,7.42339836932611e-05
67,7.330634916135129e-05
67,7.119497750627506e-05
67,6.803044375656974e-05
67,6.381608265090043e-05
67,5.8710086043258176e-05
67,5.313462635936388e-05
67,4.768326053588487e-05
67,4.2976040119949135e-05
67,3.9602594151159815e-05
67,3.812223654997261e-05
67,3.895262670047321e-05
67,4.2054384976870716e-05
67,4.657647079915688e-05
67,5.08190108077272e-05
67,5.2752963056553666e-05
67,5.0924676776182393e-05
67,4.5197741465593555e-05
67,3.683015630658569e-05
67,2.7880625648588256e-05
67,2.0431263001751557e-05
67,1.6111317259771533e-05
67,1.5957174738549e-05
67,2.030822272916961e-05
67,2.8595600934049985e-05
67,3.9262865897351343e-05
67,5.0127837323342345e-05
67,5.91393847690672e-05
67,6.510186979228212e-05
67,6.792602258446373e-05
67,6.830498224476618e-05
67,6.709799744735721e-05
67,6.484815284317296e-05
67,6.169573305119193e-05
67,5.762884031079229e-05
67,5.2790714481397834e-05
67,4.759515680722669e-05
67,4.2622532577833234e-05
67,3.8461670162019164e-05
67,3.5654815912313726e-05
67,3.47187086256026e-05
67,3.606064318946898e-05
67,3.96774619260895e-05
67,4.479013350757931e-05
67,4.977288436488547e-05
67,5.2631246948004896e-05
67,5.1877941306799676e-05
67,4.727606752744863e-05
67,3.9950895982415365e-05
67,3.184949962762365e-05
67,2.5010840891810772e-05
67,2.111026569959009e-05
67,2.1305182200681863e-05
67,2.6085198731536878e-05
67,3.4999099578458206e-05
67,4.652299822876892e-05
67,5.84037436096254e-05
67,6.8441254776512e-05
67,7.52719796766023e-05
67,7.86859080071173e-05
67,7.934371357794607e-05
67,7.815536563264066e-05
67,7.575388517295768e-05
67,7.235925072710355e-05
67,6.8005913033119e-05
67,6.285817089720524e-05
67,5.734534189564483e-05
67,5.2067769625648545e-05
67,4.763210428715404e-05
67,4.458168932788621e-05
67,4.3410342602610486e-05
67,4.448830497844731e-05
67,4.778518149643694e-05
67,5.252852030738508e-05
67,5.714188075071251e-05
67,5.970974705730262e-05
67,5.882230070352841e-05
67,5.428227968438495e-05
67,4.71916824982664e-05
67,3.9411062102641734e-05
67,3.285721650009493e-05
67,2.9093457122468307e-05
67,2.9221433824516577e-05
67,3.3759041869947186e-05
67,4.236243340505867e-05
67,5.3653648295962746e-05
67,6.550319721600984e-05
67,7.57597548852891e-05
67,8.301452960195576e-05
67,8.69409988105964e-05
67,8.806414945223173e-05
67,8.719261256365068e-05
67,8.491837215841635e-05
67,8.146942063909341e-05
67,7.69067152096951e-05
67,7.141781711985585e-05
67,6.545151585835536e-05
67,5.9634465199206785e-05
67,5.461101324407681e-05
67,5.0963875788645516e-05
67,4.9209045722619493e-05
67,4.9706729259159436e-05
67,5.238503062955881e-05
67,5.6417751366539176e-05
67,6.019161425023061e-05
67,6.179597098989808e-05
67,5.9876204320957045e-05
67,5.432829070174157e-05
67,4.6354742444914e-05
67,3.788431410105999e-05
67,3.0837519277396e-05
67,2.6708699573159705e-05
67,2.6480429926956897e-05
67,3.054742613773424e-05
67,3.849028036297743e-05
67,4.893902990922837e-05
67,5.985826459317261e-05
67,6.924178215025503e-05
67,7.581896079084868e-05
67,7.93410599173367e-05
67,8.032770981628862e-05
67,7.951685557843391e-05
67,7.740887209200998e-05
67,7.416001684028296e-05
67,6.979272158284846e-05
67,6.447672979431324e-05
67,5.864717309863572e-05
67,5.2918551065584695e-05
67,4.793462383403823e-05
67,4.429806789342322e-05
67,4.25617871437394e-05
67,4.312243563905508e-05
67,4.592135438080189e-05
67,5.0107386259262734e-05
67,5.400708591358642e-05
67,5.5636200775946494e-05
67,5.35844328237418e-05
67,4.773727000724391e-05
67,3.934319805345906e-05
67,3.0421967015364626e-05
67,2.29974539206239e-05
67,1.8638038773279062e-05
67,1.8338911558682713e-05
67,2.2437908130714036e-05
67,3.040867732966165e-05
67,4.07648985322763e-05
67,5.139337361326503e-05
67,6.02840546625351e-05
67,6.62408921031487e-05
67,6.913773529319712e-05
67,6.961523936024873e-05
67,6.84887801038171e-05
67,6.627922014399874e-05
67,6.312338544098836e-05
67,5.901285845709948e-05
67,5.4091185863812664e-05
67,4.876772434789025e-05
67,4.362038693063305e-05
67,3.924551367803244e-05
67,3.6203648962548744e-05
67,3.503258368224734e-05
67,3.615249998512189e-05
67,3.955809619143141e-05
67,4.4453268804187415e-05
67,4.918714308450428e-05
67,5.174422399057732e-05
67,5.063344219371334e-05
67,4.563844893908658e-05
67,3.792426706695641e-05
67,2.947970656574879e-05
67,2.2365888404659897e-05
67,1.824647255344763e-05
67,1.8236024093956085e-05
67,2.277064633240364e-05
67,3.1362063328788884e-05
67,4.2483502094814774e-05
67,5.391364245413279e-05
67,6.350615791300347e-05
67,6.995453223296167e-05
67,7.309059243851064e-05
67,7.359013430102022e-05
67,7.23529822447647e-05
67,6.998912297155524e-05
67,6.669584891641707e-05
67,6.24910417012483e-05
67,5.752649402263828e-05
67,5.2217820868676246e-05
67,4.714718095667269e-05
67,4.290104307222619e-05
67,4.0008854488555285e-05
67,3.896584824495791e-05
67,4.0161876643413084e-05
67,4.359727278954577e-05
67,4.852579950067006e-05
67,5.3375082716795425e-05
67,5.62020886054988e-05
67,5.554552781080865e-05
67,5.1156892595503704e-05
67,4.411454811139981e-05
67,3.629597845887035e-05
67,2.9666456072288866e-05
67,2.5845772194255635e-05
67,2.5975776799459532e-05
67,3.058338651928611e-05
67,3.930112495721746e-05
67,5.070574739674464e-05
67,6.261931716441721e-05
67,7.285825131592783e-05
67,8.001160099847035e-05
67,8.378327796981933e-05
67,8.474917047770611e-05
67,8.376776814516846e-05
67,8.146185588438391e-05
67,7.806641389513229e-05
67,7.363254325534657e-05
67,6.833118987211543e-05
67,6.25941636784857e-05
67,5.703178258063813e-05
67,5.2270852558323885e-05
67,4.887576025993525e-05
67,4.7349784577331566e-05
67,4.8055983928260414e-05
67,5.094644639735334e-05
67,5.523427628667206e-05
67,5.934347490868653e-05
67,6.137739123375051e-05
67,5.995865438798721e-05
67,5.492730510805954e-05
67,4.741742896380372e-05
67,3.9304043054352206e-05
67,3.248839890478905e-05
67,2.84856570830066e-05
67,2.83323657218427e-05
67,3.249370988344663e-05
67,4.06125763167736e-05
67,5.134723191132738e-05
67,6.264235254883847e-05
67,7.243108092011733e-05
67,7.936795478780138e-05
67,8.314778530304173e-05
67,8.427393321319786e-05
67,8.350762243806871e-05
67,8.139116173521286e-05
67,7.811631591073862e-05
67,7.37220778684759e-05
67,6.837916449615033e-05
67,6.251799123330016e-05
67,5.674898561409175e-05
67,5.1712296439869324e-05
67,4.8004320410204035e-05
67,4.616879571223651e-05
67,4.659621081028203e-05
67,4.923370113903986e-05
67,5.325244503063178e-05
67,5.701289124442777e-05
67,5.8563630426075785e-05
67,5.651301290196635e-05
67,5.074346817395521e-05
67,4.2478544468013015e-05
67,3.369704840826752e-05
67,2.637629230255715e-05
67,2.2046289323004548e-05
67,2.1687401899356257e-05
67,2.5657933117941783e-05
67,3.3486833741271224e-05
67,4.375941584415062e-05
67,5.441979526642612e-05
67,6.347484111964569e-05
67,6.969834868938441e-05
67,7.290191596903806e-05
67,7.365883345021575e-05
67,7.273641468239074e-05
67,7.063647934799544e-05
67,6.749853250506378e-05
67,6.332417782237932e-05
67,5.8266069870672196e-05
67,5.274330079853024e-05
67,4.734829236007523e-05
67,4.269573836975107e-05
67,3.936207265789143e-05
67,3.789217389305082e-05
67,3.870340535304978e-05
67,4.178307445813506e-05
67,4.633120105663965e-05
67,5.070156173253807e-05
67,5.2890990575504927e-05
67,5.142446723123468e-05
67,4.610257253043697e-05
67,3.8105918030777335e-05
67,2.9431738157694874e-05
67,2.2133267128116935e-05
67,1.7845501388603822e-05
67,1.7641475327216087e-05
67,2.192156072345396e-05
67,3.0186917802414803e-05
67,4.093454558968471e-05
67,5.199471063612246e-05
67,6.128088775336712e-05
67,6.753148042029118e-05
67,7.059285219789024e-05
67,7.112329814491227e-05
67,6.998429616878615e-05
67,6.774381216728486e-05
67,6.456711579427214e-05
67,6.045378283767729e-05
67,5.554667126312223e-05
67,5.0257357273154315e-05
67,4.51690518412957e-05
67,4.087650006498993e-05
67,3.7923918916917306e-05
67,3.68234470159485e-05
67,3.7978442688936e-05
67,4.139469973014582e-05
67,4.632065172752537e-05
67,5.116798175743394e-05
67,5.397112940243834e-05
67,5.3247519224341386e-05
67,4.8738466455316585e-05
67,4.153100150833489e-05
67,3.3529749474503296e-05
67,2.673414309573708e-05
67,2.2788130848248292e-05
67,2.283646274690778e-05
67,2.7388673398177073e-05
67,3.604928239082633e-05
67,4.736790997688601e-05
67,5.9150476549738914e-05
67,6.921547130156755e-05
67,7.617319851035937e-05
67,7.97605459635644e-05
67,8.058538900094956e-05
67,7.95260549944996e-05
67,7.720902038575556e-05
67,7.386119798758893e-05
67,6.952239431515704e-05
67,6.435443650989241e-05
67,5.878077117098088e-05
67,5.339978876349139e-05
67,4.882249684167183e-05
67,4.559974458148354e-05
67,4.423257974304071e-05
67,4.509910174268142e-05
67,4.818130779740513e-05
67,5.272441201961927e-05
67,5.716826287848773e-05
67,5.9601975559440475e-05
67,5.860462855705946e-05
67,5.396005669298239e-05
67,4.6757025571871165e-05
67,3.885387084621342e-05
67,3.216789865757236e-05
67,2.8253889343422604e-05
67,2.81955855984243e-05
67,3.249739832839838e-05
67,4.082188556884695e-05
67,5.1820254821243955e-05
67,6.34028725065794e-05
67,7.345176528141563e-05
67,8.057411151149426e-05
67,8.444159206417392e-05
67,8.556653270290676e-05
67,8.474247869133781e-05
67,8.254920972645198e-05
67,7.920545199605367e-05
67,7.476211616081229e-05
67,6.939291262161305e-05
67,6.353024569285595e-05
67,5.7786463110322354e-05
67,5.2797751230968196e-05
67,4.914653469590359e-05
67,4.735744028539193e-05
67,4.780968040143416e-05
67,5.0459711172864975e-05
67,5.451118436000886e-05
67,5.836761690368328e-05
67,6.010854021318826e-05
67,5.8341647645982995e-05
67,5.291354183570265e-05
67,4.499072652404439e-05
67,3.649542745286932e-05
67,2.93671686212935e-05
67,2.512766005975766e-05
67,2.4781530778601557e-05
67,2.873816204397017e-05
67,3.658840881003821e-05
67,4.69674267618228e-05
67,5.783616848955462e-05
67,6.717674436059232e-05
67,7.370662719195835e-05
67,7.717474941464615e-05
67,7.811203061505005e-05
67,7.727624342391119e-05
67,7.518558414230784e-05
67,7.200360914122068e-05
67,6.774788773618465e-05
67,6.257497343908855e-05
67,5.6903028781609996e-05
67,5.132820866945285e-05
67,4.647573830203145e-05
67,4.293261826663912e-05
67,4.124606993135918e-05
67,4.182620820828218e-05
67,4.465075439135887e-05
67,4.891840576264202e-05
67,5.299641975948616e-05
67,5.490785334118036e-05
67,5.320693371607066e-05
67,4.771465088720752e-05
67,3.9614892246878355e-05
67,3.08882087064439e-05
67,2.355314544382083e-05
67,1.9199838575820146e-05
67,1.8861911135151876e-05
67,2.2924867532830695e-05
67,3.09103779579443e-05
67,4.136490917409489e-05
67,5.21764124065032e-05
67,6.130081050810693e-05
67,6.74886463877521e-05
67,7.056737419295935e-05
67,7.115846229738554e-05
67,7.008770518214846e-05
67,6.790171804696196e-05
67,6.475944866419664e-05
67,6.066079143418391e-05
67,5.574680982948928e-05
67,5.0422507669645315e-05
67,4.5263882588200715e-05
67,4.0864407159100144e-05
67,3.7776117950479643e-05
67,3.65251989578771e-05
67,3.752873407154875e-05
67,4.07997201671905e-05
67,4.558372002809065e-05
67,5.0279525006628236e-05
67,5.290346753711918e-05
67,5.1959304472390654e-05
67,4.718977194578383e-05
67,3.970265911948157e-05
67,3.143512659330001e-05
67,2.4413873695901164e-05
67,2.0288251751021925e-05
67,2.0181512450213488e-05
67,2.4565529979964976e-05
67,3.3011140426063416e-05
67,4.4055455589438826e-05
67,5.551874245193232e-05
67,6.525492812682807e-05
67,7.19184039877277e-05
67,7.528427282968828e-05
67,7.598101462910444e-05
67,7.488639495366897e-05
67,7.261119483143947e-05
67,6.936179412238512e-05
67,6.515999247580402e-05
67,6.015380957733479e-05
67,5.475500989277864e-05
67,4.954990399104552e-05
67,4.513682903877377e-05
67,4.205685437362374e-05
67,4.080989384866288e-05
67,4.178556810224102e-05
67,4.498809266779723e-05
67,4.9686135316181225e-05
67,5.433024927454415e-05
67,5.699649423563726e-05
67,5.622774803978884e-05
67,5.1763826302998524e-05
67,4.4664183568536976e-05
67,3.678793641471584e-05
67,3.0081913429717374e-05
67,2.614388278139013e-05
67,2.6095422082301666e-05
67,3.0460171032983935e-05
67,3.889592332376796e-05
67,5.002787561072875e-05
67,6.172917020953138e-05
67,7.184819751026415e-05
67,7.897669281289726e-05
67,8.279676942382278e-05
67,8.385253093396251e-05
67,8.297525204369276e-05
67,8.077153704725589e-05
67,7.746821027666356e-05
67,7.310933230541144e-05
67,6.785608006847051e-05
67,6.212969604913222e-05
67,5.65341978590156e-05
67,5.169777613907797e-05
67,4.819335092923836e-05
67,4.653748195416946e-05
67,4.711015353564515e-05
67,4.988358849619835e-05
67,5.409031697611463e-05
67,5.8163963701587246e-05
67,6.019879327256659e-05
67,5.879014756969012e-05
67,5.374612531868463e-05
67,4.618252737272237e-05
67,3.7978052470857243e-05
67,3.1050801323282796e-05
67,2.6928883646238047e-05
67,2.6649058741917308e-05
67,3.067035232670175e-05
67,3.863549856327383e-05
67,4.9213295713411784e-05
67,6.0363658052549576e-05
67,7.00314786501909e-05
67,7.687700726987774e-05
67,8.059744017758685e-05
67,8.169824785491699e-05
67,8.094286251613357e-05
67,7.887391145410383e-05
67,7.567921333938879e-05
67,7.138895906556826e-05
67,6.616216979724485e-05
67,6.0417510043777315e-05
67,5.475488398975023e-05
67,4.980480586190503e-05
67,4.6155846725016674e-05
67,4.435062516944862e-05
67,4.4792672493262134e-05
67,4.745985954974687e-05
67,5.156407216693358e-05
67,5.549671971933493e-05
67,5.730602107670262e-05
67,5.556118357688983e-05
67,5.0082185252992355e-05
67,4.203666350540713e-05
67,3.33778670418081e-05
67,2.609145853164524e-05
67,2.1736964376852514e-05
67,2.1330962414544195e-05
67,2.5266799536367667e-05
67,3.310234175611147e-05
67,4.3437880928044254e-05
67,5.42104881569502e-05
67,6.339845286664275e-05
67,6.973881785320347e-05
67,7.301765354813555e-05
67,7.380629239942895e-05
67,7.289084239456086e-05
67,7.079816525666441e-05
67,6.768416710237649e-05
67,6.355245360413103e-05
67,5.854778291820701e-05
67,5.307978539741784e-05
67,4.773423963732409e-05
67,4.311995958423582e-05
67,3.9804668696431595e-05
67,3.832402463854623e-05
67,3.9095763254001604e-05
67,4.212779256702745e-05
67,4.666095311106718e-05
67,5.109424147097402e-05
67,5.11149834386454e-05
