  0.000,0.0
  1.000,0.011919364530334771
  0.000,0.011919364530334771
 1.4650E-05,0.01233779278077314
 2.9300E-05,0.01370858424844332
 4.3950E-05,0.015629991184922466
 5.8600E-05,0.018412115804125113
 7.3250E-05,0.02200568533648049
 8.7900E-05,0.02554885287444463
 1.0255E-04,0.028113334841786148
 1.1720E-04,0.02926201638278226
 1.3185E-04,0.028884308696113945
 1.4650E-04,0.02680295353944768
 1.6115E-04,0.023092210966651185
 1.7580E-04,0.01861773900824966
 1.9045E-04,0.014385079872397167
 2.0510E-04,0.0107960837043057
 2.1975E-04,0.008035193089547601
 2.3440E-04,0.0064198168928866145
 2.4905E-04,0.005894570033635932
 2.6370E-04,0.005729263110122818
 2.7835E-04,0.0052132024199396075
 2.9300E-04,0.004215645053950376
 3.0765E-04,0.0027446332138478524
 3.2230E-04,0.0007057906727735552
 3.3695E-04,-0.0015421389529545336
 3.5160E-04,-0.0031266031064573407
 3.6625E-04,-0.0033875298929497903
 3.8090E-04,-0.00218093106645655
 3.9555E-04,0.0005016962410082865
 4.1020E-04,0.004593076934259274
 4.2485E-04,0.009537075700299427
 4.3950E-04,0.014388523244655895
 4.5415E-04,0.018418515296360988
 4.6880E-04,0.021311395398720328
 4.8345E-04,0.022921970479631897
 4.9810E-04,0.023239330269884763
 5.1275E-04,0.022659800249751963
 5.2740E-04,0.02192281479243135
 5.4205E-04,0.021546121297383026
 5.5670E-04,0.02161183789260212
 5.7135E-04,0.022097124013970914
 5.8600E-04,0.022883199944447413
 6.0065E-04,0.02344104710282479
 6.1530E-04,0.023046312149267098
 6.2995E-04,0.021337694291110706
 6.4460E-04,0.018354695854113288
 6.5925E-04,0.014255660019261877
 6.7390E-04,0.009416599273238756
 6.8855E-04,0.004599878780344626
 7.0320E-04,0.0006382339664750694
 7.1785E-04,-0.0019794495280321925
 7.3250E-04,-0.003112755722868879
 7.4715E-04,-0.002805017750261856
 7.6180E-04,-0.001342008148853856
 7.7645E-04,0.0006633516886192063
 7.9110E-04,0.0025430032374693812
 8.0575E-04,0.003946190966590742
 8.2040E-04,0.0048363666830513845
 8.3505E-04,0.005315535250714036
 8.4970E-04,0.005682205595807097
 8.6435E-04,0.006485662492099846
 8.7900E-04,0.00822538718330935
 8.9365E-04,0.01102596305471505
 9.0830E-04,0.014698736390296351
 9.2295E-04,0.01890333146333543
 9.3760E-04,0.02308229304346213
 9.5225E-04,0.026480159481765582
 9.6690E-04,0.028477427476999724
 9.8155E-04,0.028848879069473966
 9.9620E-04,0.02767894757995645
 1.0108E-03,0.02524927937706052
 1.0255E-03,0.022089959930682534
 1.0401E-03,0.01889539623947648
 1.0548E-03,0.016207869143424418
 1.0695E-03,0.014229678442323953
 1.0841E-03,0.012906128833200955
 1.0987E-03,0.01201077476543923
 1.1134E-03,0.011131772598155901
 1.1281E-03,0.009781905430918739
 1.1427E-03,0.007674219805472683
 1.1573E-03,0.0048700260495025864
 1.1720E-03,0.001680940159203643
 1.1867E-03,-0.0014319666716372725
 1.2013E-03,-0.00386735562659676
 1.2159E-03,-0.005020390693796405
 1.2306E-03,-0.004557521134539601
 1.2453E-03,-0.0025252223729088146
 1.2599E-03,0.0007639530529807564
 1.2745E-03,0.0048122374416152336
 1.2892E-03,0.008962886437868222
 1.3039E-03,0.012574750068090761
 1.3185E-03,0.015271755464709748
 1.3331E-03,0.01700851681381111
 1.3478E-03,0.017970558946332295
 1.3625E-03,0.018505741076392246
 1.3771E-03,0.019069343151618828
 1.3917E-03,0.02004904642330241
 1.4064E-03,0.021560522926212865
 1.4210E-03,0.02341544431377692
 1.4357E-03,0.02523144401944936
 1.4503E-03,0.02651663127859737
 1.4650E-03,0.0267479665948513
 1.4796E-03,0.025551965064820593
 1.4943E-03,0.022885549902471637
 1.5090E-03,0.01903823525568945
 1.5236E-03,0.01451193950170896
 1.5382E-03,0.009931071080621419
 1.5529E-03,0.005943106947021768
 1.5676E-03,0.003029265087474445
 1.5822E-03,0.0013494622905619775
 1.5968E-03,0.0007612977264243487
 1.6115E-03,0.0009309593022592804
 1.6262E-03,0.0014169058721613715
 1.6408E-03,0.0017780410801263627
 1.6554E-03,0.0017491391971405509
 1.6701E-03,0.0013553121748292986
 1.6848E-03,0.0008682626229999398
 1.6994E-03,0.0006926226187159232
 1.7140E-03,0.001271019014511929
 1.7287E-03,0.002963682416551378
 1.7434E-03,0.005889284916607108
 1.7580E-03,0.009842913304579011
 1.7726E-03,0.014359795579752324
 1.7873E-03,0.018840068808725016
 1.8020E-03,0.022659643640942154
 1.8166E-03,0.025303621548665667
 1.8312E-03,0.02652125156003085
 1.8459E-03,0.02639078284575154
 1.8606E-03,0.02524508253379992
 1.8752E-03,0.023549398321727966
 1.8898E-03,0.021792545233546234
 1.9045E-03,0.020354838159346134
 1.9191E-03,0.019373244005851557
 1.9338E-03,0.018708914089826792
 1.9485E-03,0.018036323087417917
 1.9631E-03,0.016964015722169774
 1.9778E-03,0.015145657444223234
 1.9924E-03,0.012406891081221233
 2.0071E-03,0.008851505877347555
 2.0217E-03,0.004860539187869822
 2.0364E-03,0.0009848992659604074
 2.0510E-03,-0.002187120984456663
 2.0657E-03,-0.004153090972673025
 2.0803E-03,-0.004624372783684537
 2.0950E-03,-0.003618259213566755
 2.1096E-03,-0.0014425088437335504
 2.1243E-03,0.0014158297639475688
 2.1389E-03,0.004420842609607815
 2.1536E-03,0.007109414522778165
 2.1682E-03,0.009211921249715142
 2.1829E-03,0.010726270392063053
 2.1975E-03,0.01188518336140673
 2.2122E-03,0.013041458266339645
 2.2268E-03,0.014542888903188285
 2.2415E-03,0.01661847274172248
 2.2561E-03,0.019275946520532272
 2.2708E-03,0.022258803765621605
 2.2854E-03,0.025107131103336948
 2.3001E-03,0.027286966971767752
 2.3147E-03,0.028323603042706643
 2.3294E-03,0.027919925457493937
 2.3440E-03,0.026050760601123192
 2.3587E-03,0.022986465886957894
 2.3733E-03,0.019216417804589974
 2.3880E-03,0.015314023717496397
 2.4026E-03,0.011802357653501386
 2.4173E-03,0.009038903313852133
 2.4319E-03,0.007132805942591589
 2.4466E-03,0.0059363764126272025
 2.4612E-03,0.00512830143962964
 2.4759E-03,0.004343217651483686
 2.4905E-03,0.0032939524057021847
 2.5052E-03,0.0018700179484401889
 2.5198E-03,0.00019613115237128703
 2.5345E-03,-0.0013867205397124227
 2.5491E-03,-0.002423421584059264
 2.5638E-03,-0.002480689022207207
 2.5784E-03,-0.0012685366484673345
 2.5931E-03,0.0012684173048487285
 2.6077E-03,0.004909119183060153
 2.6224E-03,0.009195036994024741
 2.6370E-03,0.013545242076718797
 2.6517E-03,0.017397749067231634
 2.6663E-03,0.02033330169087815
 2.6810E-03,0.02216421274549872
 2.6956E-03,0.02296706530702851
 2.7103E-03,0.023034752276067924
 2.7249E-03,0.022760855485677717
 2.7396E-03,0.022506849632788338
 2.7542E-03,0.02249275365631823
 2.7689E-03,0.022728083124736058
 2.7835E-03,0.023002730255189643
 2.7982E-03,0.022954746707732874
 2.8128E-03,0.022194385784914155
 2.8275E-03,0.02043394323891145
 2.8421E-03,0.017586470762924623
 2.8568E-03,0.013817045286791094
 2.8714E-03,0.009528582723349298
 2.8861E-03,0.005273144260209889
 2.9007E-03,0.0016165324715825633
 2.9154E-03,-0.0009942896679127609
 2.9300E-03,-0.002327666115928641
 2.9447E-03,-0.002412000768326032
 2.9593E-03,-0.0015133367590621095
 2.9740E-03,-4.348634054505019e-05
 2.9886E-03,0.0015698540262177598
 3.0033E-03,0.0030043040783637185
 3.0179E-03,0.004125034443576699
 3.0326E-03,0.005013001439088187
 3.0472E-03,0.005926934510500218
 3.0619E-03,0.0072033778086098834
 3.0765E-03,0.009129784835365754
 3.0912E-03,0.011835511338291537
 3.1058E-03,0.015228102174093606
 3.1205E-03,0.01898793317848338
 3.1351E-03,0.02262931397204683
 3.1498E-03,0.02561748184664807
 3.1644E-03,0.02750330295595857
 3.1791E-03,0.02803241435307741
 3.1937E-03,0.027203491628939563
 3.2084E-03,0.025263916772363792
 3.2230E-03,0.022639018522528073
 3.2377E-03,0.019811803790339377
 3.2523E-03,0.01719358436271408
 3.2670E-03,0.015025818590400513
 3.2816E-03,0.013335081279630111
 3.2963E-03,0.011949950955409907
 3.3109E-03,0.010578785427890001
 3.3256E-03,0.008926889117949893
 3.3402E-03,0.006812670040854785
 3.3549E-03,0.0042459352892395665
 3.3695E-03,0.0014496426847423363
 3.3842E-03,-0.0011803613814681951
 3.3988E-03,-0.0031714892039404604
 3.4135E-03,-0.004100519161658339
 3.4281E-03,-0.0037091036156003494
 3.4428E-03,-0.001974966033753845
 3.4574E-03,0.0008767851658046432
 3.4721E-03,0.00442487702288987
 3.4867E-03,0.00815576594623656
 3.5014E-03,0.01159143212194378
 3.5160E-03,0.014401029069922093
 3.5307E-03,0.016465252412336595
 3.5453E-03,0.01788011410802484
 3.5600E-03,0.018900246777866832
 3.5746E-03,0.019835840514211455
 3.5893E-03,0.020934861130597927
 3.6039E-03,0.02228933990759798
 3.6186E-03,0.023793056854498118
 3.6332E-03,0.025160094781866732
 3.6479E-03,0.026000069184334146
 3.6625E-03,0.025931562741867097
 3.6772E-03,0.024699914031313934
 3.6918E-03,0.022262015062319333
 3.7065E-03,0.01881414529825791
 3.7211E-03,0.014756976687282364
 3.7358E-03,0.010606150900301042
 3.7504E-03,0.006871040455715452
 3.7651E-03,0.0039369109842440535
 3.7797E-03,0.001985363584363979
 3.7944E-03,0.0009729728065921339
 3.8090E-03,0.0006704891260009714
 3.8237E-03,0.0007512934503365577
 3.8383E-03,0.0009044516044089729
 3.8530E-03,0.0009375515699081304
 3.8676E-03,0.0008374599515027744
 3.8823E-03,0.0007728302940195635
 3.8969E-03,0.0010394234653912254
 3.9115E-03,0.001963006066670324
 3.9262E-03,0.0037870836051970263
 3.9409E-03,0.006580066992131541
 3.9555E-03,0.01019068318993147
 3.9701E-03,0.014263955817301043
 3.9848E-03,0.01831324036245852
 3.9994E-03,0.021830352842393923
 4.0141E-03,0.024404265631720858
 4.0288E-03,0.02581378279622186
 4.0434E-03,0.026067644715607494
 4.0580E-03,0.025382940140275232
 4.0727E-03,0.02410974658688619
 4.0874E-03,0.022623193690627777
 4.1020E-03,0.02121408401353617
 4.1166E-03,0.02001111034275884
 4.1313E-03,0.018957149295795846
 4.1459E-03,0.017844317490406974
 4.1606E-03,0.01639630297897548
 4.1753E-03,0.014374356350364135
 4.1899E-03,0.011675343608914191
 4.2045E-03,0.008391046550657928
 4.2192E-03,0.0048102930444506795
 4.2338E-03,0.0013635249165374428
 4.2485E-03,-0.0014750010076733096
 4.2631E-03,-0.00330122330242538
 4.2778E-03,-0.003879659032241334
 4.2924E-03,-0.003197786379251803
 4.3071E-03,-0.0014617160719168282
 4.3218E-03,0.0009640406776060351
 4.3364E-03,0.003655386180939563
 4.3510E-03,0.0062388398155119726
 4.3657E-03,0.0084817869806682
 4.3803E-03,0.010336638028861775
 4.3950E-03,0.011927414370681455
 4.4097E-03,0.013484779391219072
 4.4243E-03,0.015249438811860944
 4.4389E-03,0.017372401176514736
 4.4536E-03,0.019842474635837354
 4.4682E-03,0.02246383207142051
 4.4829E-03,0.024890821685110198
 4.4975E-03,0.02671016058260755
 4.5122E-03,0.02754780411508445
 4.5268E-03,0.027170671563063107
 4.5415E-03,0.025553627005204322
 4.5562E-03,0.02289178755643452
 4.5708E-03,0.019554934806031238
 4.5854E-03,0.015997575078184334
 4.6001E-03,0.012649819477784083
 4.6147E-03,0.009819296344705544
 4.6294E-03,0.0076315592378139695
 4.6441E-03,0.0060250534443560605
 4.6587E-03,0.0048000336717629625
 4.6733E-03,0.003705389817177677
 4.6880E-03,0.002537387872988754
 4.7027E-03,0.0012210390273469653
 4.7173E-03,-0.000150679012449836
 4.7319E-03,-0.0013319517826622922
 4.7466E-03,-0.0019891260383876905
 4.7612E-03,-0.00179664259567913
 4.7759E-03,-0.0005366006333518518
 4.7906E-03,0.001826667743142139
 4.8052E-03,0.0051192213930676845
 4.8198E-03,0.008986010937257094
 4.8345E-03,0.012967575018823025
 4.8491E-03,0.016603832587648932
 4.8638E-03,0.019536683835946173
 4.8784E-03,0.0215832043969862
 4.8931E-03,0.022759195612337524
 4.9077E-03,0.023247495340310023
 4.9224E-03,0.023321877316559127
 4.9371E-03,0.023249793428928127
 4.9517E-03,0.023202626162931065
 4.9663E-03,0.023199858889676444
 4.9810E-03,0.023103760960189675
 4.9956E-03,0.022665960227614135
 5.0103E-03,0.021611685550548116
 5.0250E-03,0.019736666157280494
 5.0396E-03,0.016988136932745652
 5.0542E-03,0.013505576274884249
 5.0689E-03,0.009608171322517175
 5.0836E-03,0.00573174716980282
 5.0982E-03,0.002332683505280896
 5.1128E-03,-0.00021461472285243212
 5.1275E-03,-0.001698693551098645
 5.1421E-03,-0.0021084986311705103
 5.1568E-03,-0.0016175991911840711
 5.1715E-03,-0.0005208366498212255
 5.1861E-03,0.0008574846595066335
 5.2007E-03,0.0022572138407224015
 5.2154E-03,0.0035510436930998226
 5.2300E-03,0.004768733008740915
 5.2447E-03,0.006070343575273378
 5.2593E-03,0.007677233825177385
 5.2740E-03,0.009781993813518686
 5.2886E-03,0.012464377014030277
 5.3033E-03,0.015638508704725995
 5.3180E-03,0.019047911296368233
 5.3326E-03,0.022311159011315262
 5.3472E-03,0.02500608616183682
 5.3619E-03,0.02676919357412908
 5.3765E-03,0.02738254108898494
 5.3912E-03,0.026823826351217925
 5.4059E-03,0.025265616082173422
 5.4205E-03,0.023024304502043683
 5.4351E-03,0.020473967573193537
 5.4498E-03,0.017950099507413365
 5.4645E-03,0.01567049504637923
 5.4791E-03,0.013695166745782413
 5.4937E-03,0.011935765394315607
 5.5084E-03,0.010210456742883796
 5.5230E-03,0.008326859290264168
 5.5377E-03,0.006167638640481152
 5.5524E-03,0.0037528575425006634
 5.5670E-03,0.0012599981293624505
 5.5816E-03,-0.001005152781181167
 5.5963E-03,-0.002679120627799919
 5.6109E-03,-0.003432988608739836
 5.6256E-03,-0.003060180276565631
 5.6402E-03,-0.0015350354534554276
 5.6549E-03,0.0009744178264272571
 5.6695E-03,0.004143353520288976
 5.6842E-03,0.0075665585628238875
 5.6989E-03,0.010853044234690334
 5.7135E-03,0.013712576017896511
 5.7281E-03,0.016010396880458317
 5.7428E-03,0.017775624739909502
 5.7574E-03,0.019162200495744155
 5.7721E-03,0.020375112671388303
 5.7868E-03,0.021584678787948643
 5.8014E-03,0.022854839172588935
 5.8160E-03,0.024107035326178743
 5.8307E-03,0.025130782339713536
 5.8454E-03,0.02563836588560019
 5.8600E-03,0.025348003268069883
 5.8746E-03,0.024071260575314522
 5.8893E-03,0.02177913351861979
 5.9039E-03,0.018627252968613207
 5.9186E-03,0.014932324642941882
 5.9333E-03,0.011105888694810035
 5.9479E-03,0.0075637336851506285
 5.9625E-03,0.004636087712081754
 5.9772E-03,0.0025031000928909123
 5.9918E-03,0.0011726049401391894
 6.0065E-03,0.0005050402011488943
 6.0212E-03,0.0002770045049210213
 6.0358E-03,0.00026400395421936245
 6.0504E-03,0.00031769843307684906
 6.0651E-03,0.0004149202070572311
 6.0798E-03,0.0006642034699625165
 6.0944E-03,0.0012680626117622168
 6.1090E-03,0.002452282724942056
 6.1237E-03,0.004383255363563511
 6.1383E-03,0.007097970384943376
 6.1530E-03,0.010467687666659828
 6.1677E-03,0.014206763553398108
 6.1823E-03,0.01792531386351813
 6.1969E-03,0.021211847756494293
 6.2116E-03,0.023723286842503397
 6.2263E-03,0.025257552970046178
 6.2409E-03,0.025788873725138703
 6.2555E-03,0.025456628020436713
 6.2702E-03,0.024511847108499532
 6.2848E-03,0.02323757443430669
 6.2995E-03,0.021866589757468625
 6.3142E-03,0.020520341306914585
 6.3288E-03,0.01918633551794236
 6.3434E-03,0.017739790540312755
 6.3581E-03,0.016002366677800632
 6.3727E-03,0.013819898508512871
 6.3874E-03,0.011135437134336235
 6.4021E-03,0.008035268861058318
 6.4167E-03,0.004753475739362644
 6.4313E-03,0.0016326561045452602
 6.4460E-03,-0.0009488770702442647
 6.4607E-03,-0.0026634048088743315
 6.4753E-03,-0.003309716863819987
 6.4899E-03,-0.0028577305906792266
 6.5046E-03,-0.0014497889163068152
 6.5192E-03,0.000641249948925914
 6.5339E-03,0.0030849857980663866
 6.5486E-03,0.0055767577216753635
 6.5632E-03,0.007907775798353401
 6.5778E-03,0.010002695665368891
 6.5925E-03,0.01191485575634926
 6.6072E-03,0.013781785763298703
 6.6218E-03,0.01575517305747364
 6.6364E-03,0.017926893479278214
 6.6511E-03,0.020273794023447794
 6.6657E-03,0.02263836157589145
 6.6804E-03,0.024751904560925565
 6.6951E-03,0.02629446046173363
 6.7097E-03,0.026974835514919054
 6.7243E-03,0.026608093460763867
 6.7390E-03,0.02516829562723495
 6.7536E-03,0.022801283108606095
 6.7683E-03,0.019793713337816647
 6.7830E-03,0.016507032670703636
 6.7976E-03,0.013294946657037527
 6.8122E-03,0.010427390003228445
 6.8269E-03,0.008041760045165155
 6.8416E-03,0.006134019389709968
 6.8562E-03,0.004590661603242417
 6.8708E-03,0.003250813907358178
 6.8855E-03,0.0019792093948528167
 6.9001E-03,0.0007278133939670412
 6.9148E-03,-0.000432595264508289
 6.9295E-03,-0.001320631421601354
 6.9441E-03,-0.0016902961191373692
 6.9587E-03,-0.00130164352056873
 6.9734E-03,4.274571570691025e-06
 6.9880E-03,0.002247983390645805
 7.0027E-03,0.005288621497376382
 7.0174E-03,0.008842695476957768
 7.0320E-03,0.012540062365308986
 7.0466E-03,0.016002150231419127
 7.0613E-03,0.018921125943331545
 7.0760E-03,0.021118445557845752
 7.0906E-03,0.02256716122646556
 7.1052E-03,0.02337284507586001
 7.1199E-03,0.0237199137547109
 7.1345E-03,0.023799978133537392
 7.1492E-03,0.023743794749189886
 7.1639E-03,0.023577054498546645
 7.1785E-03,0.02321298746600536
 7.1931E-03,0.02248377102767913
 7.2078E-03,0.02120125960945107
 7.2225E-03,0.019228867071135945
 7.2371E-03,0.016543000596832603
 7.2517E-03,0.013265335264897534
 7.2664E-03,0.009655620067587708
 7.2810E-03,0.006066100528631881
 7.2957E-03,0.002869658963348748
 7.3104E-03,0.0003812358213930189
 7.3250E-03,-0.0012060918789470196
 7.3396E-03,-0.001853280670174643
 7.3543E-03,-0.001667713816561944
 7.3689E-03,-0.0008590110923985116
 7.3836E-03,0.00032836196440199587
 7.3983E-03,0.0016859769181650915
 7.4129E-03,0.0030954136160269534
 7.4275E-03,0.004550084641561936
 7.4422E-03,0.006139247733430128
 7.4569E-03,0.007999702927069141
 7.4715E-03,0.010250164693552184
 7.4861E-03,0.012928402411086573
 7.5008E-03,0.015950507050105617
 7.5154E-03,0.019105288756455268
 7.5301E-03,0.022086671957991254
 7.5448E-03,0.02455594345941011
 7.5594E-03,0.02621697792917443
 7.5740E-03,0.0268836332467876
 7.5887E-03,0.026520563135187903
 7.6034E-03,0.025246206001900987
 7.6180E-03,0.02329750070775164
 7.6326E-03,0.020966754206269037
 7.6473E-03,0.018528838443459178
 7.6619E-03,0.01617931103030879
 7.6766E-03,0.014000516998528039
 7.6913E-03,0.011964329681073974
 7.7059E-03,0.009969403235662325
 7.7205E-03,0.007900769755027128
 7.7352E-03,0.005693188565441215
 7.7498E-03,0.0033786557907723534
 7.7645E-03,0.0011031882967145676
 7.7792E-03,-0.0008929511020276918
 7.7938E-03,-0.0023266815535746173
 7.8084E-03,-0.002941010840275435
 7.8231E-03,-0.0025721038751203647
 7.8377E-03,-0.0011955880846447257
 7.8524E-03,0.00106106617849189
 7.8671E-03,0.00394377782426545
 7.8817E-03,0.007127889763068199
 7.8963E-03,0.010289628576310996
 7.9110E-03,0.0131733874037907
 7.9256E-03,0.015636577332720843
 7.9403E-03,0.017660373684046386
 7.9550E-03,0.019324620396620175
 7.9696E-03,0.020755546244029907
 7.9843E-03,0.02206274455471949
 7.9989E-03,0.023284812629826977
 8.0135E-03,0.024360321676405377
 8.0282E-03,0.025133217600158356
 8.0429E-03,0.025391540390926923
 8.0575E-03,0.024928453326498685
 8.0722E-03,0.023607865410400445
 8.0868E-03,0.0214153688224944
 8.1014E-03,0.01847927204886841
 8.1161E-03,0.015055022287510895
 8.1307E-03,0.011476777428906383
 8.1454E-03,0.008089217466161256
 8.1601E-03,0.005178163558704936
 8.1747E-03,0.002918682364231823
 8.1893E-03,0.0013541599574855095
 8.2040E-03,0.00041089389171962854
 8.2186E-03,-5.734784498001214e-05
 8.2333E-03,-0.00020874705219384268
 8.2480E-03,-0.0001551070963619384
 8.2626E-03,7.690273128194912e-05
 8.2772E-03,0.0005535557062335884
 8.2919E-03,0.001408777464872887
 8.3065E-03,0.002793420313330342
 8.3212E-03,0.004814314222983609
 8.3359E-03,0.007481420851984954
 8.3505E-03,0.010679234632526565
 8.3652E-03,0.014171743764122467
 8.3798E-03,0.017640728676446657
 8.3944E-03,0.020747640612111602
 8.4091E-03,0.023202492979959778
 8.4238E-03,0.024821093000712804
 8.4384E-03,0.025555194032687124
 8.4531E-03,0.025487858507854712
 8.4677E-03,0.02479625230149933
 8.4823E-03,0.02369332325362171
 8.4970E-03,0.022365640818221146
 8.5116E-03,0.02092542319275884
 8.5263E-03,0.019390299363317782
 8.5410E-03,0.017696004237394123
 8.5556E-03,0.015737430347762288
 8.5702E-03,0.013425087682300005
 8.5849E-03,0.010739467361084986
 8.5995E-03,0.007766377034932138
 8.6142E-03,0.004701841112286162
 8.6289E-03,0.001824014117229726
 8.6435E-03,-0.000560858273416029
 8.6581E-03,-0.00218387390922243
 8.6728E-03,-0.002872440567063102
 8.6874E-03,-0.002586704431812898
 8.7021E-03,-0.0014236864824846702
 8.7168E-03,0.00041161648636012563
 8.7314E-03,0.0026597448684021604
 8.7461E-03,0.005069734922260612
 8.7607E-03,0.007453930111851826
 8.7753E-03,0.009719649085065105
 8.7900E-03,0.011869602105401611
 8.8047E-03,0.01397214307032488
 8.8193E-03,0.016111271214623
 8.8340E-03,0.018332181681784545
 8.8486E-03,0.020599408253903256
 8.8632E-03,0.022780868977620876
 8.8779E-03,0.024663512999123678
 8.8926E-03,0.025996971488212364
 8.9072E-03,0.026553315024554575
 8.9219E-03,0.02618612471333575
 8.9365E-03,0.024872043950143342
 8.9511E-03,0.022722835452972125
 8.9658E-03,0.019964317386817684
 8.9804E-03,0.01688793920603828
 8.9951E-03,0.013788423841101297
 9.0098E-03,0.010904628654919804
 9.0244E-03,0.008379541033479425
 9.0390E-03,0.006249564723470212
 9.0537E-03,0.004464690435700282
 9.0683E-03,0.0029322550076719277
 9.0830E-03,0.001570310189342162
 9.0977E-03,0.0003540370994878149
 9.1123E-03,-0.0006591216835361035
 9.1269E-03,-0.001333546476384769
 9.1416E-03,-0.0014879918222494883
 9.1562E-03,-0.0009474119926332271
 9.1709E-03,0.0004008930631848077
 9.1856E-03,0.002563204227665713
 9.2002E-03,0.005420511949042293
 9.2149E-03,0.008740963235157554
 9.2295E-03,0.012220968143311485
 9.2441E-03,0.015544245580703941
 9.2588E-03,0.018443030538319808
 9.2735E-03,0.020745080905862173
 9.2881E-03,0.02239421809489508
 9.3028E-03,0.023439753236885148
 9.3174E-03,0.023999077043101842
 9.3320E-03,0.024205312880117798
 9.3467E-03,0.024156025436425022
 9.3613E-03,0.023878373957967658
 9.3760E-03,0.02332101717912557
 9.3907E-03,0.022375027822554888
 9.4053E-03,0.0209174059639146
 9.4199E-03,0.01886400519790077
 9.4346E-03,0.016215770446755807
 9.4492E-03,0.013083985109545166
 9.4639E-03,0.00968621424111003
 9.4786E-03,0.0063130484721237255
 9.4932E-03,0.003274127535834753
 9.5078E-03,0.0008378182357124506
 9.5225E-03,-0.000819330208817633
 9.5371E-03,-0.0016400680896161142
 9.5518E-03,-0.0016841271087339868
 9.5665E-03,-0.001097727752526779
 9.5811E-03,-6.434788223700131e-05
 9.5958E-03,0.0012487458777520784
 9.6104E-03,0.0027328037932173657
 9.6250E-03,0.0043568553866573465
 9.6397E-03,0.006158971759242147
 9.6544E-03,0.008212890668846975
 9.6690E-03,0.010580664451239043
 9.6837E-03,0.01326615196899557
 9.6983E-03,0.016184008456774313
 9.7129E-03,0.019154393020068796
 9.7276E-03,0.021926192188341395
 9.7422E-03,0.024223274697285718
 9.7569E-03,0.025801524934331008
 9.7716E-03,0.026501116365851812
 9.7862E-03,0.02627966742288366
 9.8008E-03,0.02521726082732807
 9.8155E-03,0.023492257166477643
 9.8301E-03,0.021335061653736293
 9.8448E-03,0.01897309831507257
 9.8595E-03,0.016582451401062806
 9.8741E-03,0.014259360403281657
 9.8887E-03,0.012018724136220434
 9.9034E-03,0.009818768356219587
 9.9180E-03,0.007603380529502315
 9.9327E-03,0.005348508696698458
 9.9474E-03,0.003097914373129972
 9.9620E-03,0.00097676592778109
 9.9767E-03,-0.0008218848064262465
 9.9913E-03,-0.002074705588027425
 1.0006E-02,-0.0025796261916870896
 1.0021E-02,-0.002207011415928109
 1.0035E-02,-0.0009360900744581112
 1.0050E-02,0.001133715132510758
 1.0065E-02,0.0037999710527066226
 1.0079E-02,0.006798446475012371
 1.0094E-02,0.009857233701276145
 1.0108E-02,0.01274916296852788
 1.0123E-02,0.015328544962013017
 1.0138E-02,0.017542911248919386
 1.0152E-02,0.01941771484827934
 1.0167E-02,0.021019784844581287
 1.0182E-02,0.02241141441600483
 1.0196E-02,0.023609533447311877
 1.0211E-02,0.02456274597792418
 1.0226E-02,0.02515360798873961
 1.0240E-02,0.025225965652444136
 1.0255E-02,0.024629663340198924
 1.0270E-02,0.023269646374476812
 1.0284E-02,0.021144972245066018
 1.0299E-02,0.018365961639661206
 1.0314E-02,0.015143880784835482
 1.0328E-02,0.011755340537334048
 1.0343E-02,0.008490738147614743
 1.0358E-02,0.0056004845212102305
 1.0372E-02,0.0032532146152673912
 1.0387E-02,0.0015166034526854773
 1.0401E-02,0.0003648878689806786
 1.0416E-02,-0.0002903842430639061
 1.0431E-02,-0.0005563343345888702
 1.0445E-02,-0.0005149751954006986
 1.0460E-02,-0.00019282369491951089
 1.0475E-02,0.000447106659969885
 1.0489E-02,0.0014886893026495888
 1.0504E-02,0.003026568052554553
 1.0519E-02,0.005121517048238653
 1.0533E-02,0.007760906315121821
 1.0548E-02,0.010836603022158987
 1.0563E-02,0.014147768926709827
 1.0577E-02,0.017428964259339933
 1.0592E-02,0.020396741888472014
 1.0607E-02,0.022802578247286966
 1.0621E-02,0.024478088390791557
 1.0636E-02,0.0253605912742783
 1.0651E-02,0.025492641665517346
 1.0665E-02,0.02499652007860204
 1.0680E-02,0.024031713197971982
 1.0694E-02,0.02274806733148067
 1.0709E-02,0.02124822106097868
 1.0724E-02,0.01956989286734105
 1.0738E-02,0.017692539104101984
 1.0753E-02,0.015565592480657973
 1.0768E-02,0.013149064417683268
 1.0782E-02,0.01045360250590165
 1.0797E-02,0.007567199222075986
 1.0812E-02,0.00465961012091523
 1.0826E-02,0.0019620217615792623
 1.0841E-02,-0.00027328919845611864
 1.0856E-02,-0.0018227388549728189
 1.0870E-02,-0.0025373100412928304
 1.0885E-02,-0.002372185984988871
 1.0900E-02,-0.0013923027135127374
 1.0914E-02,0.0002473582447353223
 1.0929E-02,0.002340966354061858
 1.0944E-02,0.004679472841965578
 1.0958E-02,0.007093487149368218
 1.0973E-02,0.009479834034127319
 1.0988E-02,0.011805145858908211
 1.1002E-02,0.014086641655763208
 1.1017E-02,0.016356944942384842
 1.1031E-02,0.018624447327692476
 1.1046E-02,0.02084198817088302
 1.1061E-02,0.0228941369901494
 1.1075E-02,0.02460786328564554
 1.1090E-02,0.025784451627588682
 1.1105E-02,0.026244172029946285
 1.1119E-02,0.02587129328717316
 1.1134E-02,0.024646688148383993
 1.1149E-02,0.022658644263521384
 1.1163E-02,0.020088591809896292
 1.1178E-02,0.01717550130550117
 1.1193E-02,0.014168630897598889
 1.1207E-02,0.011281398453792658
 1.1222E-02,0.008658562387558551
 1.1237E-02,0.006364843562543862
 1.1251E-02,0.004396823378819041
 1.1266E-02,0.0027132403138254374
 1.1281E-02,0.0012735989639772298
 1.1295E-02,7.277685233357078e-05
 1.1310E-02,-0.000839316023760778
 1.1324E-02,-0.001359416067526843
 1.1339E-02,-0.001353909878751612
 1.1354E-02,-0.0006967592277172814
 1.1368E-02,0.0006885840043083426
 1.1383E-02,0.0027955750773842928
 1.1398E-02,0.005519424336642746
 1.1412E-02,0.008665461741093389
 1.1427E-02,0.01197954113920216
 1.1442E-02,0.015192843821226102
 1.1456E-02,0.01806940823608679
 1.1471E-02,0.0204439766154135
 1.1486E-02,0.022240544086036537
 1.1500E-02,0.023467532254938778
 1.1515E-02,0.024192184026149574
 1.1530E-02,0.02450264155387357
 1.1544E-02,0.024469516704754744
 1.1559E-02,0.024118634936962438
 1.1574E-02,0.023423094964024532
 1.1588E-02,0.02231689339874622
 1.1603E-02,0.02072584300798751
 1.1617E-02,0.018606264051155633
 1.1632E-02,0.015979477590239592
 1.1647E-02,0.01295119250329418
 1.1661E-02,0.009709142789731545
 1.1676E-02,0.0064985463020945985
 1.1691E-02,0.003581299426001857
 1.1705E-02,0.0011894533972396397
 1.1720E-02,-0.0005148780389120141
 1.1735E-02,-0.001462871527806098
 1.1749E-02,-0.0016800167837845619
 1.1764E-02,-0.001265443771651555
 1.1779E-02,-0.0003561558128234038
 1.1793E-02,0.0009131988023682166
 1.1808E-02,0.002443416288585552
 1.1823E-02,0.0041874462471265285
 1.1837E-02,0.006146477434785358
 1.1852E-02,0.008347347415143386
 1.1867E-02,0.010808805695226291
 1.1881E-02,0.013507517663459444
 1.1896E-02,0.01635486219337093
 1.1910E-02,0.019192505945989338
 1.1925E-02,0.021809316317717733
 1.1940E-02,0.02397595847256888
 1.1954E-02,0.025488299554190734
 1.1969E-02,0.026208033598429034
 1.1984E-02,0.026089551263738457
 1.1998E-02,0.025185854785416257
 1.2013E-02,0.023632170705919484
 1.2028E-02,0.021612130589674407
 1.2042E-02,0.01931615689177173
 1.2057E-02,0.016903633679481056
 1.2072E-02,0.014479031870241372
 1.2086E-02,0.012087850542827237
 1.2101E-02,0.009732311882499657
 1.2116E-02,0.007400933194600796
 1.2130E-02,0.005102068948527045
 1.2145E-02,0.0028904186802139716
 1.2160E-02,0.0008776333041119024
 1.2174E-02,-0.0007771128811689303
 1.2189E-02,-0.0018947723224263802
 1.2203E-02,-0.0023150595347315806
 1.2218E-02,-0.0019354923257661782
 1.2233E-02,-0.0007399438679974639
 1.2247E-02,0.00119140804545557
 1.2262E-02,0.00369377183615959
 1.2277E-02,0.006548175247620206
 1.2291E-02,0.00952261950966821
 1.2306E-02,0.012413068646369986
 1.2321E-02,0.015073601948023626
 1.2335E-02,0.017428298910315457
 1.2350E-02,0.01946276725120744
 1.2365E-02,0.02119911829338876
 1.2379E-02,0.022662924422384517
 1.2394E-02,0.023852886959874565
 1.2409E-02,0.024722973248729702
 1.2423E-02,0.025182946815470186
 1.2438E-02,0.025117640885296517
 1.2453E-02,0.024419639151547174
 1.2467E-02,0.023025886612451044
 1.2482E-02,0.020947371110223805
 1.2496E-02,0.01828280595198092
 1.2511E-02,0.015211688240289858
 1.2526E-02,0.011967905132295037
 1.2540E-02,0.008800515410951663
 1.2555E-02,0.005931867446797948
 1.2570E-02,0.003523831809444454
 1.2584E-02,0.00166049322646082
 1.2599E-02,0.0003509022671396346
 1.2614E-02,-0.00045018842805458236
 1.2628E-02,-0.0008106664937103645
 1.2643E-02,-0.0007884378681414925
 1.2658E-02,-0.0004077919538075468
 1.2672E-02,0.00034817897140987445
 1.2687E-02,0.001526956026550083
 1.2702E-02,0.0031811341915687088
 1.2716E-02,0.005336014515286058
 1.2731E-02,0.007960350480509693
 1.2745E-02,0.010949627044523597
 1.2760E-02,0.014127796812342767
 1.2775E-02,0.017268197782321432
 1.2789E-02,0.020128911637342952
 1.2804E-02,0.022493654910285744
 1.2819E-02,0.024207635669846097
 1.2833E-02,0.025199155162238585
 1.2848E-02,0.025481716379396557
 1.2863E-02,0.02513687055753854
 1.2877E-02,0.024283393755514103
 1.2892E-02,0.023042077107093585
 1.2907E-02,0.021506375339406376
 1.2921E-02,0.01972713844292452
 1.2936E-02,0.017715271411660984
 1.2951E-02,0.015460722850477136
 1.2965E-02,0.012961284412808168
 1.2980E-02,0.010251715115812942
 1.2995E-02,0.007423542315363222
 1.3009E-02,0.004628572274663783
 1.3024E-02,0.0020638767934782988
 1.3038E-02,-5.8578028564390105e-05
 1.3053E-02,-0.0015499978224364829
 1.3068E-02,-0.0022805512127534525
 1.3082E-02,-0.0022034402043721317
 1.3097E-02,-0.0013609822437445716
 1.3112E-02,0.00012864804409795194
 1.3126E-02,0.002100109091279399
 1.3141E-02,0.0043769785565387215
 1.3156E-02,0.006805362436416106
 1.3170E-02,0.009276123702790934
 1.3185E-02,0.011730322464986807
 1.3200E-02,0.01414747147040537
 1.3214E-02,0.016521285238607287
 1.3229E-02,0.018831264093617947
 1.3244E-02,0.021019644589898613
 1.3258E-02,0.022981625551059356
 1.3273E-02,0.02457281965948449
 1.3288E-02,0.02563273389723217
 1.3302E-02,0.026018241949791014
 1.3317E-02,0.025637889550980102
 1.3331E-02,0.024477391262050393
 1.3346E-02,0.022608990478271293
 1.3361E-02,0.020181797597540657
 1.3375E-02,0.017395497286828557
 1.3390E-02,0.014464384939362949
 1.3405E-02,0.011581235946451255
 1.3419E-02,0.008890320473827484
 1.3434E-02,0.006476046803094745
 1.3449E-02,0.004369100108182186
 1.3463E-02,0.002566887396854649
 1.3478E-02,0.001061054270965808
 1.3493E-02,-0.00013704794948224733
 1.3507E-02,-0.0009812725746602604
 1.3522E-02,-0.0013910670431198286
 1.3537E-02,-0.0012677325416186752
 1.3551E-02,-0.0005221219693352061
 1.3566E-02,0.0008941941378358046
 1.3581E-02,0.0029635026614592747
 1.3595E-02,0.005590061032405761
 1.3610E-02,0.008605887272997678
 1.3624E-02,0.011793497062852546
 1.3639E-02,0.014920155578419695
 1.3654E-02,0.017775012328589787
 1.3668E-02,0.020199711918684804
 1.3683E-02,0.022104958963119002
 1.3698E-02,0.023469529087241776
 1.3712E-02,0.024323201014911245
 1.3727E-02,0.024719587579020267
 1.3742E-02,0.02470755756622928
 1.3756E-02,0.024310087459485895
 1.3771E-02,0.023516940222258226
 1.3786E-02,0.02229326924577703
 1.3800E-02,0.020601355101206267
 1.3815E-02,0.018428631007864814
 1.3830E-02,0.015813122331661135
 1.3844E-02,0.012858008584453776
 1.3859E-02,0.00973004166283235
 1.3874E-02,0.00664113422427044
 1.3888E-02,0.0038172283108383184
 1.3903E-02,0.0014621767783353102
 1.3917E-02,-0.0002742117255793233
 1.3932E-02,-0.0013159790192504997
 1.3947E-02,-0.0016640761948138773
 1.3961E-02,-0.0013827014286183575
 1.3976E-02,-0.0005734925251189845
 1.3991E-02,0.0006546554573485414
 1.4005E-02,0.0022114280867554406
 1.4020E-02,0.004039416907199153
 1.4035E-02,0.006113358647083596
 1.4049E-02,0.008425307266856297
 1.4064E-02,0.010961014967840835
 1.4079E-02,0.013675485154507564
 1.4093E-02,0.016475999473717466
 1.4108E-02,0.019218814282651337
 1.4123E-02,0.02172177463541309
 1.4137E-02,0.023790440763250226
 1.4152E-02,0.02525130571254058
 1.4167E-02,0.025983472651292243
 1.4181E-02,0.02594041305957016
 1.4196E-02,0.025156086156555405
 1.4211E-02,0.023734001054477205
 1.4225E-02,0.021822494215941273
 1.4240E-02,0.019583210248786873
 1.4254E-02,0.017161444622391237
 1.4269E-02,0.014666173917714392
 1.4284E-02,0.012164538696356307
 1.4298E-02,0.00969117138921997
 1.4313E-02,0.007268356114661787
 1.4328E-02,0.004929841837054343
 1.4342E-02,0.002740109274057586
 1.4357E-02,0.0008022960813809119
 1.4372E-02,-0.0007486077357518326
 1.4386E-02,-0.001766271478972551
 1.4401E-02,-0.002122089389561705
 1.4416E-02,-0.0017349883414876674
 1.4430E-02,-0.0005937347454898407
 1.4445E-02,0.0012345911034385149
 1.4460E-02,0.0036125796321993258
 1.4474E-02,0.006355109195643124
 1.4489E-02,0.009260822252736493
 1.4504E-02,0.01214435813144159
 1.4518E-02,0.01486119190380391
 1.4533E-02,0.017319178517430072
 1.4547E-02,0.019474804049960513
 1.4562E-02,0.021316572808793104
 1.4577E-02,0.022841624090139144
 1.4591E-02,0.02403351248153058
 1.4606E-02,0.02484857339532984
 1.4621E-02,0.025215591620637422
 1.4635E-02,0.025049392397101786
 1.4650E-02,0.024274682172900856
 1.4665E-02,0.02285323609265788
 1.4679E-02,0.020806310327874486
 1.4694E-02,0.018225313160356603
 1.4709E-02,0.015266966636806285
 1.4723E-02,0.012133497235809918
 1.4738E-02,0.009042553561681734
 1.4753E-02,0.006194359821997909
 1.4767E-02,0.0037442824800759974
 1.4782E-02,0.0017873521070010602
 1.4797E-02,0.00035784296007028427
 1.4811E-02,-0.000557228373799902
 1.4826E-02,-0.0009956545578150699
 1.4840E-02,-0.0009959479505648099
 1.4855E-02,-0.0005791172900183597
 1.4870E-02,0.00025816122233256666
 1.4884E-02,0.001537021698508687
 1.4899E-02,0.0032787001716866747
 1.4914E-02,0.005481279739442783
 1.4928E-02,0.008098350662094793
 1.4943E-02,0.011026688830022164
 1.4958E-02,0.014107617435061035
 1.4972E-02,0.017142890335500857
 1.4987E-02,0.019921811415176002
 1.5002E-02,0.0222530637188726
 1.5016E-02,0.023993304352816006
 1.5031E-02,0.02506540929307885
 1.5046E-02,0.025462100829639414
 1.5060E-02,0.025234740268133354
 1.5075E-02,0.024471143504766625
 1.5090E-02,0.023269193773047724
 1.5104E-02,0.021713946998670644
 1.5119E-02,0.01986460505328667
 1.5133E-02,0.017754581019399113
 1.5148E-02,0.015403835580608115
 1.5163E-02,0.012838911172466149
 1.5177E-02,0.010113722237386534
 1.5192E-02,0.00732385948214251
 1.5207E-02,0.004609013108055485
 1.5221E-02,0.00214156865294646
 1.5236E-02,0.00010347008910520025
 1.5251E-02,-0.001343094969365794
 1.5265E-02,-0.00208374613055139
 1.5280E-02,-0.0020714699609360233
 1.5295E-02,-0.0013327015552089588
 1.5309E-02,4.143871640049316e-05
 1.5324E-02,0.0019161436704564756
 1.5339E-02,0.0041403272849073565
 1.5353E-02,0.006573060330573605
 1.5368E-02,0.009102188320413237
 1.5383E-02,0.011650755082494359
 1.5397E-02,0.01417054085912254
 1.5412E-02,0.016625857521764306
 1.5426E-02,0.018973612126690603
 1.5441E-02,0.021146721701430962
 1.5456E-02,0.02304692851902215
 1.5470E-02,0.024550229300808468
 1.5485E-02,0.025524319238359728
 1.5500E-02,0.02585377261317695
 1.5514E-02,0.025466212216257788
 1.5529E-02,0.024352189716489125
 1.5544E-02,0.02257307552931818
 1.5558E-02,0.020254488373326718
 1.5573E-02,0.017566742016489036
 1.5588E-02,0.014697301866786446
 1.5602E-02,0.011822314657647286
 1.5617E-02,0.009084321847141547
 1.5632E-02,0.006581307964798031
 1.5646E-02,0.004368862457897244
 1.5661E-02,0.002473434987122645
 1.5676E-02,0.0009115328804250344
 1.5690E-02,-0.00029186543518815427
 1.5705E-02,-0.0010919899143383696
 1.5719E-02,-0.0014240890463406307
 1.5734E-02,-0.001214954341633796
 1.5749E-02,-0.00040311399230396705
 1.5763E-02,0.0010381003946778938
 1.5778E-02,0.0030814895229687393
 1.5793E-02,0.005636897118710316
 1.5807E-02,0.008555436825718738
 1.5822E-02,0.01164675952400401
 1.5837E-02,0.014705504849856955
 1.5851E-02,0.017540553653201764
 1.5866E-02,0.019999950054631073
 1.5881E-02,0.021985615520237714
 1.5895E-02,0.023454879502067122
 1.5910E-02,0.024409565708376983
 1.5925E-02,0.024876822728626537
 1.5939E-02,0.0248880725253503
 1.5954E-02,0.024462744095362008
 1.5969E-02,0.023601793010169528
 1.5983E-02,0.02229288370232125
 1.5998E-02,0.02052545442239852
 1.6012E-02,0.01831076901591236
 1.6027E-02,0.01570039774704046
 1.6042E-02,0.012796847792705141
 1.6056E-02,0.009752201051629265
 1.6071E-02,0.006753987033092405
 1.6086E-02,0.004001138854832357
 1.6100E-02,0.0016757032673230766
 1.6115E-02,-8.280292392383033e-05
 1.6130E-02,-0.001194209877365096
 1.6144E-02,-0.0016419274101727947
 1.6159E-02,-0.001464265684182169
 1.6174E-02,-0.0007359789800702871
 1.6188E-02,0.0004543096438795161
 1.6203E-02,0.0020242635287602466
 1.6218E-02,0.003910022609895836
 1.6232E-02,0.0060674550760182015
 1.6247E-02,0.008462894481332396
 1.6262E-02,0.01105702215870898
 1.6276E-02,0.01378768895708904
 1.6291E-02,0.016557882871069903
 1.6305E-02,0.01923361819802747
 1.6320E-02,0.0216536574073976
 1.6335E-02,0.02364950321950539
 1.6349E-02,0.025071019861769617
 1.6364E-02,0.025811256864737456
 1.6379E-02,0.025824086335069798
 1.6393E-02,0.02513012803176358
 1.6408E-02,0.023809592955738756
 1.6423E-02,0.021984210669174283
 1.6437E-02,0.01979329315105289
 1.6452E-02,0.017370399605979345
 1.6467E-02,0.014826613078011187
 1.6481E-02,0.012244279381546815
 1.6496E-02,0.009681841833737336
 1.6511E-02,0.007187076947040403
 1.6525E-02,0.004813561694220227
 1.6540E-02,0.002634290943190136
 1.6555E-02,0.0007472661068179038
 1.6569E-02,-0.0007296813887574583
 1.6584E-02,-0.0016743038583357482
 1.6598E-02,-0.001981925161500597
 1.6613E-02,-0.0015882393770923682
 1.6628E-02,-0.0004866936924918606
 1.6642E-02,0.0012644678320700574
 1.6657E-02,0.003547722806491306
 1.6672E-02,0.006203238032988757
 1.6686E-02,0.009053137062708194
 1.6701E-02,0.011927038083811665
 1.6716E-02,0.014682638121988953
 1.6730E-02,0.017216666602914106
 1.6745E-02,0.019464375249521014
 1.6760E-02,0.02138905016405566
 1.6774E-02,0.022965863425806983
 1.6789E-02,0.02416590523262629
 1.6804E-02,0.02494601653810785
 1.6818E-02,0.02524814983400709
 1.6833E-02,0.025008982870557382
 1.6848E-02,0.024177280002296575
 1.6862E-02,0.02273398777258989
 1.6877E-02,0.020709004755889146
 1.6891E-02,0.0181892935131374
 1.6906E-02,0.015315297562392131
 1.6921E-02,0.012265821250160416
 1.6935E-02,0.009234696764562567
 1.6950E-02,0.00640478744853215
 1.6965E-02,0.003925531565028668
 1.6979E-02,0.0018991493033408305
 1.6994E-02,0.0003781510219520209
 1.7009E-02,-0.0006263779127715949
 1.7023E-02,-0.0011291756039063633
 1.7038E-02,-0.0011532250579626773
 1.7053E-02,-0.0007158420644510805
 1.7067E-02,0.00017726734550723745
 1.7082E-02,0.0015282594952119846
 1.7097E-02,0.0033350638660719738
 1.7111E-02,0.0055749608503656
 1.7126E-02,0.00818931468559168
 1.7141E-02,0.011074816892985465
 1.7155E-02,0.01408488222427083
 1.7170E-02,0.01704202992598297
 1.7184E-02,0.019758977889574637
 1.7199E-02,0.022063665976874768
 1.7214E-02,0.023822235035986575
 1.7228E-02,0.024954473380746415
 1.7243E-02,0.025438273424413557
 1.7258E-02,0.025302636200889912
 1.7272E-02,0.024611854291463144
 1.7287E-02,0.023445799244742237
 1.7302E-02,0.02188208057672495
 1.7316E-02,0.01998500316971636
 1.7331E-02,0.01780399439794646
 1.7346E-02,0.015381176519793774
 1.7360E-02,0.012764906719611842
 1.7375E-02,0.010024230197825574
 1.7390E-02,0.007258834710175806
 1.7404E-02,0.004600356343697352
 1.7419E-02,0.0022033927931130203
 1.7434E-02,0.0002275987560934941
 1.7448E-02,-0.0011851077215364965
 1.7463E-02,-0.001932671561234341
 1.7477E-02,-0.001968833591716953
 1.7492E-02,-0.0013089159704644808
 1.7507E-02,-2.4168862497192783e-05
 1.7521E-02,0.0017736105394777694
 1.7536E-02,0.003952974840934081
 1.7551E-02,0.006383725216027867
 1.7565E-02,0.008952553730521886
 1.7580E-02,0.011569901659854947
 1.7595E-02,0.01416720835087484
 1.7609E-02,0.016686614141046684
 1.7624E-02,0.019067417760474298
 1.7639E-02,0.021234524293244766
 1.7653E-02,0.02309348390175575
 1.7668E-02,0.02453470105705134
 1.7683E-02,0.025446578746520777
 1.7697E-02,0.025734574600381668
 1.7712E-02,0.025341204138292717
 1.7727E-02,0.02426150599373527
 1.7741E-02,0.022549547671324915
 1.7756E-02,0.020313896554284214
 1.7770E-02,0.01770293069291263
 1.7785E-02,0.014883563028335623
 1.7800E-02,0.012018626013178178
 1.7814E-02,0.009248343231244214
 1.7829E-02,0.0066799718581107455
 1.7844E-02,0.004387244471229099
 1.7858E-02,0.0024183922554091926
 1.7873E-02,0.0008091154766077374
 1.7888E-02,-0.00040443192045412006
 1.7902E-02,-0.001177399222271469
 1.7917E-02,-0.001455906336794329
 1.7932E-02,-0.001185267003432933
 1.7946E-02,-0.0003246917103127486
 1.7961E-02,0.0011357331206660521
 1.7976E-02,0.003160909154694338
 1.7990E-02,0.00566398963967105
 1.8005E-02,0.008509710317922123
 1.8020E-02,0.01152777238301044
 1.8034E-02,0.014533540589822992
 1.8049E-02,0.017351331737251934
 1.8063E-02,0.01983488361314993
 1.8078E-02,0.02188041343469654
 1.8093E-02,0.02342976743777679
 1.8107E-02,0.024463928284619768
 1.8122E-02,0.024989784957316876
 1.8137E-02,0.025024818296140332
 1.8151E-02,0.024584714276476426
 1.8166E-02,0.023677795480092214
 1.8181E-02,0.022307901253574552
 1.8195E-02,0.02048462122952463
 1.8210E-02,0.018237399989471905
 1.8225E-02,0.015628685089810284
 1.8239E-02,0.0127613822948251
 1.8254E-02,0.009777384946522411
 1.8269E-02,0.006846420364858323
 1.8283E-02,0.00414718457006877
 1.8298E-02,0.0018449291810486578
 1.8313E-02,7.069607659009568e-05
 1.8327E-02,-0.001093017542688086
 1.8342E-02,-0.001617107474856524
 1.8356E-02,-0.001520707932079347
 1.8371E-02,-0.0008581499847455933
 1.8386E-02,0.00029786471168972745
 1.8400E-02,0.0018719820486037693
 1.8415E-02,0.0037965266156938914
 1.8430E-02,0.006013994985572245
 1.8444E-02,0.008471765078882497
 1.8459E-02,0.01111152677294611
 1.8474E-02,0.01385762271012805
 1.8488E-02,0.016608913601800408
 1.8503E-02,0.019237822431981987
 1.8518E-02,0.021598140708437394
 1.8532E-02,0.023540593775709273
 1.8547E-02,0.0249328104126045
 1.8562E-02,0.025678911706496218
 1.8576E-02,0.025733850786943162
 1.8591E-02,0.025108934203372825
 1.8606E-02,0.023867268899358356
 1.8620E-02,0.022110538786948485
 1.8635E-02,0.019960753778203125
 1.8649E-02,0.01754179121202356
 1.8664E-02,0.014965340254646936
 1.8679E-02,0.01232434651216225
 1.8693E-02,0.009694695792913391
 1.8708E-02,0.007143369121411445
 1.8723E-02,0.004739375426408441
 1.8737E-02,0.0025629769655552623
 1.8752E-02,0.0007092853328801861
 1.8767E-02,-0.0007159509831455673
 1.8781E-02,-0.0016081372623726045
 1.8796E-02,-0.0018805990105902845
 1.8811E-02,-0.0014820742298203237
 1.8825E-02,-0.000410233630057307
 1.8840E-02,0.0012825870349532753
 1.8855E-02,0.003493292975701821
 1.8869E-02,0.006080927156965433
 1.8884E-02,0.008885579090318757
 1.8899E-02,0.011748816029305156
 1.8913E-02,0.014530881005545747
 1.8928E-02,0.017120954091654542
 1.8942E-02,0.019438839542186087
 1.8957E-02,0.021428925063917546
 1.8972E-02,0.023049441325313492
 1.8986E-02,0.02426129876781615
 1.9001E-02,0.025020736966770186
 1.9016E-02,0.025278709343050487
 1.9030E-02,0.024987734431938954
 1.9045E-02,0.02411452212953043
 1.9060E-02,0.02265474479401303
 1.9074E-02,0.020645443028189558
 1.9089E-02,0.01817099910168493
 1.9104E-02,0.015360253959142884
 1.9118E-02,0.012374711461044243
 1.9133E-02,0.009390180412740683
 1.9148E-02,0.006575959061724809
 1.9162E-02,0.004076272767033689
 1.9177E-02,0.0019979754843122686
 1.9192E-02,0.00040673733364467797
 1.9206E-02,-0.0006684130920061818
 1.9221E-02,-0.0012245677418525496
 1.9235E-02,-0.0012723183763362312
 1.9250E-02,-0.0008252613085962741
 1.9265E-02,0.00010503922974059744
 1.9279E-02,0.0015071539131170483
 1.9294E-02,0.0033617581383806328
 1.9309E-02,0.005630297897604513
 1.9323E-02,0.008244369010549205
 1.9338E-02,0.011099825877755907
 1.9353E-02,0.01405843810764786
 1.9367E-02,0.016957855340398724
 1.9382E-02,0.01962830746656002
 1.9397E-02,0.021912527913632525
 1.9411E-02,0.023684403612708967
 1.9426E-02,0.024862118413361438
 1.9441E-02,0.025413000023773447
 1.9455E-02,0.025349492997433973
 1.9470E-02,0.024718024784064537
 1.9485E-02,0.023584332862412904
 1.9499E-02,0.02201956469655593
 1.9514E-02,0.020090947708123547
 1.9528E-02,0.0178592217483693
 1.9543E-02,0.015382815654836382
 1.9558E-02,0.01272658768892828
 1.9572E-02,0.009971471647940933
 1.9587E-02,0.007221006528161097
 1.9602E-02,0.004601580465780622
 1.9616E-02,0.0022550368393185094
 1.9631E-02,0.00032454048965442996
 1.9646E-02,-0.0010633681296778007
 1.9660E-02,-0.0018163776780865
 1.9675E-02,-0.001889443984222919
 1.9690E-02,-0.0012901343117121848
 1.9704E-02,-7.510763236880688e-05
 1.9719E-02,0.001661173885871687
 1.9734E-02,0.0038024653529655857
 1.9748E-02,0.006227375543379529
 1.9763E-02,0.008822581177703764
 1.9778E-02,0.011489783700018099
 1.9792E-02,0.01414554730770582
 1.9807E-02,0.016715328276828756
 1.9821E-02,0.019124743022904133
 1.9836E-02,0.02129192122787552
 1.9851E-02,0.023124419560232763
 1.9865E-02,0.024522740739198252
 1.9880E-02,0.025390431097881982
 1.9895E-02,0.0256486249934865
 1.9909E-02,0.025251386579664834
 1.9924E-02,0.024197720493476273
 1.9939E-02,0.022536832871081627
 1.9953E-02,0.02036492468715064
 1.9968E-02,0.017814001785676253
 1.9983E-02,0.01503525534156498
 1.9997E-02,0.01218091085764941
 2.0012E-02,0.009388687894595814
 2.0027E-02,0.006772104471989218
 2.0041E-02,0.0044180796687860536
 2.0056E-02,0.0023911606347544537
 2.0071E-02,0.0007418414686953304
 2.0085E-02,-0.0004846197358125222
 2.0100E-02,-0.0012424494277473342
 2.0114E-02,-0.0014851383943394335
 2.0129E-02,-0.0011713824673671462
 2.0144E-02,-0.000275780411599595
 2.0158E-02,0.0011987509222844842
 2.0173E-02,0.003210645143460609
 2.0188E-02,0.0056748994515617174
 2.0202E-02,0.008465940509365937
 2.0217E-02,0.01142826255562877
 2.0232E-02,0.014392891570036006
 2.0246E-02,0.017196171038678515
 2.0261E-02,0.019696758801256778
 2.0276E-02,0.02178724701925492
 2.0290E-02,0.023398321968580105
 2.0305E-02,0.02449543600719744
 2.0320E-02,0.025069978357817217
 2.0334E-02,0.025128324112272005
 2.0349E-02,0.024682515218272777
 2.0364E-02,0.02374558608789978
 2.0378E-02,0.022332919768373163
 2.0393E-02,0.020468995951140535
 2.0407E-02,0.01819707082993414
 2.0422E-02,0.015588249998117802
 2.0437E-02,0.012746398787210985
 2.0451E-02,0.00980638712992123
 2.0466E-02,0.006924982613824782
 2.0481E-02,0.004265758825044145
 2.0495E-02,0.0019810841179217493
 2.0510E-02,0.00019511439224019424
 2.0525E-02,-0.0010085058497843148
 2.0539E-02,-0.0015917558088294024
 2.0554E-02,-0.0015595642029327234
 2.0569E-02,-0.0009507477112352658
 2.0583E-02,0.00017447830525837982
 2.0598E-02,0.0017467647900473507
 2.0613E-02,0.0036963748376488206
 2.0627E-02,0.005956405031437011
 2.0642E-02,0.008460316120761653
 2.0657E-02,0.011135456892768777
 2.0671E-02,0.01389558518197522
 2.0686E-02,0.016635793444906156
 2.0700E-02,0.01923261216514914
 2.0715E-02,0.021550572415169347
 2.0730E-02,0.02345458907482485
 2.0744E-02,0.024825735789384816
 2.0759E-02,0.02557684625488389
 2.0774E-02,0.02566423275246651
 2.0788E-02,0.025092714146119993
 2.0803E-02,0.023912838958738136
 2.0818E-02,0.022211189399643613
 2.0832E-02,0.02009638484109701
 2.0847E-02,0.01768437485072599
 2.0862E-02,0.015086555234070856
 2.0876E-02,0.012403190302541826
 2.0891E-02,0.009722902790907286
 2.0906E-02,0.007127110908845534
 2.0920E-02,0.004696800112073404
 2.0935E-02,0.002518345379369917
 2.0950E-02,0.000685435782484384
 2.0964E-02,-0.0007046092141768179
 2.0979E-02,-0.001560069614952572
 2.0993E-02,-0.0018077500968245903
 2.1008E-02,-0.0014064655507371841
 2.1023E-02,-0.0003575454491790092
 2.1037E-02,0.001290591881565334
 2.1052E-02,0.0034453141735271424
 2.1067E-02,0.005979748712062655
 2.1081E-02,0.008747715188807407
 2.1096E-02,0.011600270219802285
 2.1111E-02,0.014400224777428378
 2.1125E-02,0.017031700894080064
 2.1140E-02,0.019403290366891916
 2.1155E-02,0.021445233336307774
 2.1169E-02,0.02310271209880342
 2.1184E-02,0.0243283710150463
 2.1199E-02,0.02507723661421006
 2.1213E-02,0.02530631189144105
 2.1228E-02,0.024979526485680508
 2.1243E-02,0.024076913694407967
 2.1257E-02,0.022605393964726106
 2.1272E-02,0.020607817104324338
 2.1286E-02,0.01816717268380236
 2.1301E-02,0.015404051741984283
 2.1316E-02,0.012467196133440057
 2.1330E-02,0.009518799503033332
 2.1345E-02,0.00671760230460942
 2.1360E-02,0.004203363869645793
 2.1374E-02,0.002085854320680972
 2.1389E-02,0.0004402271861269802
 2.1404E-02,-0.000691114598972177
 2.1418E-02,-0.0012917603148693171
 2.1433E-02,-0.001362438376293247
 2.1448E-02,-0.0009132169335113042
 2.1462E-02,4.067308119688946e-05
 2.1477E-02,0.0014781515554756698
 2.1492E-02,0.003367179301518983
 2.1506E-02,0.0056572033554163886
 2.1521E-02,0.008272080732198444
 2.1536E-02,0.011106473779122304
 2.1550E-02,0.014027876963296866
 2.1565E-02,0.01688493016679027
 2.1579E-02,0.019520924086651684
 2.1594E-02,0.02178991029628512
 2.1609E-02,0.02357202446761302
 2.1623E-02,0.024784754453879596
 2.1638E-02,0.025387907552410657
 2.1653E-02,0.025381664251861957
 2.1667E-02,0.02479888150551122
 2.1682E-02,0.023694218068949367
 2.1697E-02,0.022133297734947235
 2.1711E-02,0.020184830006812742
 2.1726E-02,0.017917474303749906
 2.1741E-02,0.015401608659047715
 2.1755E-02,0.012714532086478623
 2.1770E-02,0.009946473282327822
 2.1785E-02,0.007204435889002418
 2.1799E-02,0.004611480627798311
 2.1814E-02,0.0023003587226920644
 2.1829E-02,0.0004020850599949213
 2.1843E-02,-0.0009684126882043417
 2.1858E-02,-0.0017264577414879004
 2.1872E-02,-0.0018283666397535545
 2.1887E-02,-0.0012763011920763566
 2.1902E-02,-0.00011619842855011215
 2.1916E-02,0.0015705437644594697
 2.1931E-02,0.0036794413911500666
 2.1946E-02,0.006096287368420506
 2.1960E-02,0.008708400854242973
 2.1975E-02,0.011411486924571314
 2.1990E-02,0.014111267074386522
 2.2004E-02,0.016720668290393013
 2.2019E-02,0.01915470285023891
 2.2034E-02,0.02132584170122189
 2.2048E-02,0.023142487038040737
 2.2063E-02,0.024512143833528552
 2.2078E-02,0.02534937171179181
 2.2092E-02,0.025587015141526098
 2.2107E-02,0.025188030372580435
 2.2122E-02,0.024154805135959953
 2.2136E-02,0.022533335128747146
 2.2151E-02,0.020410852476397436
 2.2165E-02,0.017907144759144896
 2.2180E-02,0.015161388013425356
 2.2195E-02,0.012317392279565275
 2.2209E-02,0.00951042473863159
 2.2224E-02,0.006858171496034184
 2.2239E-02,0.00445711388375306
 2.2253E-02,0.0023840097308618544
 2.2268E-02,0.0007007442862173438
 2.2283E-02,-0.0005400443987782215
 2.2297E-02,-0.00129121710076647
 2.2312E-02,-0.0015111626415763373
 2.2327E-02,-0.001168176308219586
 2.2341E-02,-0.00024824636075822216
 2.2356E-02,0.0012359436704966397
 2.2371E-02,0.003237610135458633
 2.2385E-02,0.005672678363469611
 2.2400E-02,0.008422454069439348
 2.2415E-02,0.011342332341382235
 2.2429E-02,0.014275153254578257
 2.2444E-02,0.01706659535337928
 2.2458E-02,0.019579475234403638
 2.2473E-02,0.021704144421094647
 2.2488E-02,0.023363253586395762
 2.2502E-02,0.024510680883708613
 2.2517E-02,0.025125957462921355
 2.2532E-02,0.025206628594660403
 2.2546E-02,0.024761349838364588
 2.2561E-02,0.02380604027495321
 2.2576E-02,0.022364251010373763
 2.2590E-02,0.020471409237016017
 2.2605E-02,0.018181214376776722
 2.2620E-02,0.01557160574998983
 2.2634E-02,0.012747647033845476
 2.2649E-02,0.009839407067825781
 2.2664E-02,0.006994247966738781
 2.2678E-02,0.0043644752048630775
 2.2693E-02,0.002092616053329494
 2.2708E-02,0.0002972984783015328
 2.2722E-02,-0.000937394722874246
 2.2737E-02,-0.0015670891887916874
 2.2751E-02,-0.0015861805219425983
 2.2766E-02,-0.0010216923077357265
 2.2781E-02,7.594691613138226e-05
 2.2795E-02,0.0016424890132428595
 2.2810E-02,0.0036072814508906832
 2.2825E-02,0.005896880483938224
 2.2839E-02,0.008434574337338362
 2.2854E-02,0.011136918930340743
 2.2869E-02,0.013909417281391818
 2.2883E-02,0.01664383744659628
 2.2898E-02,0.019219252867500026
 2.2913E-02,0.02150781888114614
 2.2927E-02,0.023384878353802024
 2.2942E-02,0.024741631298982093
 2.2957E-02,0.02549770708232587
 2.2971E-02,0.025610811900550284
 2.2986E-02,0.025081246551820566
 2.3001E-02,0.023950328437816377
 2.3015E-02,0.02229325519305131
 2.3030E-02,0.020208286432196187
 2.3044E-02,0.017804915945465256
 2.3059E-02,0.015193741619396784
 2.3074E-02,0.012480020118183707
 2.3088E-02,0.009761642202594534
 2.3103E-02,0.0071308568060978236
 2.3118E-02,0.004677921321338516
 2.3132E-02,0.0024942950617887127
 2.3147E-02,0.0006731800898722106
 2.3162E-02,-0.0006939128090491719
 2.3176E-02,-0.0015245955173099374
 2.3191E-02,-0.0017557102210700665
 2.3206E-02,-0.001353797805284288
 2.3220E-02,-0.00032325806882374693
 2.3235E-02,0.001290071461897617
 2.3250E-02,0.00340115056786791
 2.3264E-02,0.0058936177416408575
 2.3279E-02,0.008631778596119126
 2.3294E-02,0.011474198395214335
 2.3308E-02,0.014286107438593426
 2.3323E-02,0.016948291847253796
 2.3337E-02,0.019361222032263793
 2.3352E-02,0.021444554360788803
 2.3367E-02,0.023133428745861422
 2.3381E-02,0.024373805288634236
 2.3396E-02,0.025119203063771384
 2.3411E-02,0.02533059575355323
 2.3425E-02,0.02498006808977632
 2.3440E-02,0.024057489238109693
 2.3455E-02,0.02257831767724581
 2.3469E-02,0.02059005979445112
 2.3484E-02,0.018175043199114664
 2.3499E-02,0.015448002808545221
 2.3513E-02,0.012548275513750456
 2.3528E-02,0.009627786105677156
 2.3543E-02,0.006837087587487632
 2.3557E-02,0.004312189263052317
 2.3572E-02,0.0021646407669976427
 2.3587E-02,0.00047642537315833013
 2.3601E-02,-0.0007000802120204989
 2.3616E-02,-0.001338128837462251
 2.3630E-02,-0.0014306077657696289
 2.3645E-02,-0.0009843579436205016
 2.3660E-02,-1.677666854641086e-05
 2.3674E-02,0.0014442684962327158
 2.3689E-02,0.0033574213152823117
 2.3704E-02,0.005663081955131466
 2.3718E-02,0.008279026939635795
 2.3733E-02,0.011098617703138903
 2.3748E-02,0.013993234376471006
 2.3762E-02,0.016819473094555788
 2.3777E-02,0.019430335770734667
 2.3792E-02,0.021688495597067498
 2.3806E-02,0.023479071468626465
 2.3821E-02,0.024719382911513092
 2.3836E-02,0.025363879781178322
 2.3850E-02,0.025403645832773693
 2.3865E-02,0.02486121967665387
 2.3880E-02,0.023782577805783345
 2.3894E-02,0.02222867206815545
 2.3909E-02,0.02026876158885252
 2.3923E-02,0.017976985764123
 2.3938E-02,0.015432435956184005
 2.3953E-02,0.012721756935922115
 2.3967E-02,0.009942409909978247
 2.3982E-02,0.007204422604551728
 2.3997E-02,0.004628828017008122
 2.4011E-02,0.0023419414551785526
 2.4026E-02,0.0004658684646657216
 2.4041E-02,-0.0008931870496280178
 2.4055E-02,-0.0016564752273641671
 2.4070E-02,-0.0017816330920006678
 2.4085E-02,-0.0012670489422842838
 2.4099E-02,-0.00015076630624271488
 2.4114E-02,0.001495674188971114
 2.4129E-02,0.003576888237736057
 2.4143E-02,0.0059845025146518915
 2.4158E-02,0.008606824786078432
 2.4173E-02,0.011335502415988468
 2.4187E-02,0.014068382275628328
 2.4202E-02,0.016709000845438936
 2.4216E-02,0.01916416990372323
 2.4231E-02,0.021341678872839682
 2.4246E-02,0.023150048728293723
 2.4260E-02,0.024501571498143925
 2.4275E-02,0.025318761590625623
 2.4290E-02,0.02554315894078363
 2.4304E-02,0.025144512822119148
 2.4319E-02,0.024128014232810288
 2.4334E-02,0.022537549346361062
 2.4348E-02,0.02045383736955222
 2.4363E-02,0.017987542343501098
 2.4378E-02,0.015268661474855255
 2.4392E-02,0.012434349524326973
 2.4407E-02,0.009617602666868954
 2.4422E-02,0.006938832833945654
 2.4436E-02,0.004501440740921431
 2.4451E-02,0.002391317780948522
 2.4466E-02,0.0006791164242955243
 2.4480E-02,-0.0005765632985368432
 2.4495E-02,-0.0013270261345138246
 2.4509E-02,-0.0015338222070801163
 2.4524E-02,-0.0011720694466811248
 2.4539E-02,-0.00023613181145104936
 2.4553E-02,0.00125392338043913
 2.4568E-02,0.0032471640053111993
 2.4583E-02,0.0056598952092874535
 2.4597E-02,0.008378299491342743
 2.4612E-02,0.011265797929644581
 2.4627E-02,0.014174128865639957
 2.4641E-02,0.01695619100146612
 2.4656E-02,0.019478254820542523
 2.4671E-02,0.021629336771665
 2.4685E-02,0.02332630213104594
 2.4700E-02,0.024514395533841517
 2.4715E-02,0.025164069142909442
 2.4729E-02,0.02526585330485192
 2.4744E-02,0.024825347019523658
 2.4759E-02,0.02386010929486361
 2.4773E-02,0.02239940599906633
 2.4788E-02,0.020486663717169746
 2.4802E-02,0.018183435700135156
 2.4817E-02,0.015573010123633598
 2.4832E-02,0.012761691664659345
 2.4846E-02,0.009876297919836801
 2.4861E-02,0.007057387425043757
 2.4876E-02,0.004448895607225096
 2.4890E-02,0.0021858661091444637
 2.4905E-02,0.0003825394331769627
 2.4920E-02,-0.0008769625106119993
 2.4934E-02,-0.0015437291121579415
 2.4949E-02,-0.0016043298330624444
 2.4964E-02,-0.0010768098347167104
 2.4978E-02,-3.923094470873042e-06
 2.4993E-02,0.0015543788289882866
 2.5008E-02,0.0035272588133226906
 2.5022E-02,0.005836784132476791
 2.5037E-02,0.008398847526258881
 2.5052E-02,0.011121912762546492
 2.5066E-02,0.013905074570464627
 2.5081E-02,0.01663723934609422
 2.5095E-02,0.01919897330625542
 2.5110E-02,0.021467800800422564
 2.5125E-02,0.023326687590928017
 2.5139E-02,0.02467441776913782
 2.5154E-02,0.02543587144157716
 2.5169E-02,0.02557004493772023
 2.5183E-02,0.025074083388174243
 2.5198E-02,0.02398250199570761
 2.5213E-02,0.02236190246678343
 2.5227E-02,0.02030252531429311
 2.5242E-02,0.01790862690379745
 2.5257E-02,0.015289756521466904
 2.5271E-02,0.012554522502409881
 2.5286E-02,0.009807532427325998
 2.5301E-02,0.007149143603470548
 2.5315E-02,0.004676776666213706
 2.5330E-02,0.00248608418989098
 2.5345E-02,0.0006703580505311101
 2.5359E-02,-0.00068282836241057
 2.5374E-02,-0.0014977979346868548
 2.5388E-02,-0.0017188175146557896
 2.5403E-02,-0.0013183008009936075
 2.5418E-02,-0.0003031543728663317
 2.5432E-02,0.0012824817232668139
 2.5447E-02,0.003359088372606363
 2.5462E-02,0.005818156796097455
 2.5476E-02,0.008532000278886488
 2.5491E-02,0.011365108955853753
 2.5506E-02,0.014184898092486136
 2.5520E-02,0.016869997585113643
 2.5535E-02,0.01931500632413351
 2.5550E-02,0.02143166463528165
 2.5564E-02,0.02314738417884015
 2.5579E-02,0.0244027341702704
 2.5594E-02,0.025149628743443748
 2.5608E-02,0.02535155709330923
 2.5623E-02,0.024986371799356456
 2.5638E-02,0.024051152195247557
 2.5652E-02,0.022567790517258095
 2.5667E-02,0.020587472733269538
 2.5681E-02,0.018192291793125755
 2.5696E-02,0.01549282769745189
 2.5711E-02,0.012621489634006774
 2.5725E-02,0.009722467685671744
 2.5740E-02,0.006939986968336198
 2.5755E-02,0.0044069588755457625
 2.5769E-02,0.002235975002018682
 2.5784E-02,0.0005139397111247163
 2.5799E-02,-0.000699322061361311
 2.5813E-02,-0.0013691401935441681
 2.5828E-02,-0.0014821685715438917
 2.5843E-02,-0.001042363817896745
 2.5857E-02,-6.827375970374088e-05
 2.5872E-02,0.001407523942840318
 2.5887E-02,0.0033368934491442765
 2.5901E-02,0.005653453830879689
 2.5916E-02,0.008270243954667088
 2.5931E-02,0.01107936055864624
 2.5945E-02,0.013954792767871784
 2.5960E-02,0.01675887567222341
 2.5974E-02,0.019351807379048274
 2.5989E-02,0.02160279755294739
 2.6004E-02,0.023400894860183492
 2.6018E-02,0.024663530709414152
 2.6033E-02,0.02534132652030339
 2.6048E-02,0.025418600926653555
 2.6062E-02,0.02491003135245809
 2.6077E-02,0.023854783869680395
 2.6092E-02,0.02230988627198524
 2.6106E-02,0.020344559889812756
 2.6121E-02,0.018036676769613593
 2.6136E-02,0.015471643826307713
 2.6150E-02,0.012743097990082497
 2.6165E-02,0.00995410183536308
 2.6180E-02,0.007217264784912587
 2.6194E-02,0.004652459544525195
 2.6209E-02,0.002381485774537163
 2.6224E-02,0.0005199541128959122
 2.6238E-02,-0.0008324444449724073
 2.6253E-02,-0.0016015151118337035
 2.6267E-02,-0.0017460736229655523
 2.6282E-02,-0.001261858861139718
 2.6297E-02,-0.00018108268685975825
 2.6311E-02,0.0014321684958378072
 2.6326E-02,0.0034895587293465977
 2.6341E-02,0.005887438706749366
 2.6355E-02,0.008515254063488591
 2.6370E-02,0.011261956630321718
 2.6385E-02,0.014019698069637557
 2.6399E-02,0.01668499049094054
 2.6414E-02,0.019158315135866875
 2.6429E-02,0.021343615742615486
 2.6443E-02,0.023149095892281268
 2.6458E-02,0.0244902567480916
 2.6473E-02,0.025295307785187154
 2.6487E-02,0.025512198645909864
 2.6502E-02,0.025115820991444705
 2.6517E-02,0.024113628551102995
 2.6531E-02,0.02254811928784963
 2.6546E-02,0.020495268505560243
 2.6560E-02,0.018058917168071842
 2.6575E-02,0.015362048263391888
 2.6590E-02,0.012536565516043154
 2.6604E-02,0.009713436273991839
 2.6619E-02,0.007014813928125677
 2.6634E-02,0.004549096838114634
 2.6648E-02,0.002409008326228252
 2.6663E-02,0.0006719504874088036
 2.6678E-02,-0.000598669258311317
 2.6692E-02,-0.0013525631597006834
 2.6707E-02,-0.0015532310079470252
 2.6722E-02,-0.0011805802045374099
 2.6736E-02,-0.00023508392274085635
 2.6751E-02,0.0012576536516803963
 2.6766E-02,0.0032434495030683385
 2.6780E-02,0.005638681887370295
 2.6795E-02,0.008332991439232641
 2.6810E-02,0.011195706958646289
 2.6824E-02,0.014085260241227172
 2.6839E-02,0.01686011565004311
 2.6853E-02,0.019389370139310306
 2.6868E-02,0.021561283765651074
 2.6883E-02,0.02328855104231218
 2.6897E-02,0.024509964238595652
 2.6912E-02,0.02518901214244581
 2.6927E-02,0.025310649101304778
 2.6941E-02,0.024877766467217424
 2.6956E-02,0.023908725488017785
 2.6971E-02,0.022436729342060122
 2.6985E-02,0.020511004169812577
 2.7000E-02,0.018198971887652623
 2.7015E-02,0.015588070973431378
 2.7029E-02,0.0127857769623217
 2.7044E-02,0.00991672865114614
 2.7059E-02,0.0071165804358231735
 2.7073E-02,0.004523071910680599
 2.7088E-02,0.0022655838927275068
 2.7103E-02,0.0004549139217573002
 2.7117E-02,-0.0008249767584255388
 2.7132E-02,-0.001521922988073432
 2.7146E-02,-0.0016166586701164376
 2.7161E-02,-0.0011203747687538272
 2.7176E-02,-6.979701532483333e-05
 2.7190E-02,0.0014787233599340638
 2.7205E-02,0.0034546159398130757
 2.7220E-02,0.005776924584186695
 2.7234E-02,0.008356201510266002
 2.7249E-02,0.011094869215893973
 2.7264E-02,0.013887070198602365
 2.7278E-02,0.016619292675632235
 2.7293E-02,0.01917290191695348
 2.7308E-02,0.021429164301069684
 2.7322E-02,0.02327658129295541
 2.7337E-02,0.024619578589673407
 2.7352E-02,0.0253870507621432
 2.7366E-02,0.025539109625621618
 2.7381E-02,0.02507067850042587
 2.7396E-02,0.02401123845183093
 2.7410E-02,0.02242088280843157
 2.7425E-02,0.02038363510498177
 2.7439E-02,0.017999511424424634
 2.7454E-02,0.015376920174783237
 2.7469E-02,0.012626671136081067
 2.7483E-02,0.009858216972316538
 2.7498E-02,0.007177972731823428
 2.7513E-02,0.0046888840264078194
 2.7527E-02,0.0024900401702478967
 2.7542E-02,0.0006751611797569134
 2.7557E-02,-0.0006707867887398649
 2.7571E-02,-0.0014769033369687891
 2.7586E-02,-0.0016929009831805233
 2.7601E-02,-0.0012956121092718134
 2.7615E-02,-0.00029393698624772917
 2.7630E-02,0.001269109836061418
 2.7645E-02,0.003318041755789782
 2.7659E-02,0.005750229190599837
 2.7674E-02,0.008444104835982793
 2.7689E-02,0.011268825134702018
 2.7703E-02,0.014093723254477502
 2.7718E-02,0.016796072299660503
 2.7732E-02,0.01926623245772361
 2.7747E-02,0.021410020839731463
 2.7762E-02,0.023148897393711395
 2.7776E-02,0.02441908843529794
 2.7791E-02,0.025170922409827996
 2.7806E-02,0.02536939272958311
 2.7820E-02,0.024996374149759693
 2.7835E-02,0.024054183567515777
 2.7850E-02,0.022569518482912675
 2.7864E-02,0.02059642910123515
 2.7879E-02,0.018217003199291888
 2.7894E-02,0.015538868611464916
 2.7908E-02,0.012689330400442754
 2.7923E-02,0.009806758582178743
 2.7938E-02,0.0070305030402686985
 2.7952E-02,0.004490951164210604
 2.7967E-02,0.0023012702756252277
 2.7982E-02,0.0005519182371297063
 2.7996E-02,-0.0006917034182535575
 2.8011E-02,-0.0013888369087642358
 2.8025E-02,-0.0015211741606991687
 2.8040E-02,-0.0010901316350483909
 2.8055E-02,-0.00011472914727278852
 2.8069E-02,0.0013692479004558168
 2.8084E-02,0.003308775169564098
 2.8099E-02,0.0056324250746121705
 2.8113E-02,0.008249577962036632
 2.8128E-02,0.011051181185686033
 2.8143E-02,0.01391295432253194
 2.8157E-02,0.01670135563164435
 2.8172E-02,0.01928189519757541
 2.8187E-02,0.021528711869774207
 2.8201E-02,0.023333917854253736
 2.8216E-02,0.024615179927644025
 2.8231E-02,0.025320365815046462
 2.8245E-02,0.025428741257748754
 2.8260E-02,0.02494897489761063
 2.8275E-02,0.023914878882816973
 2.8289E-02,0.02238019812000909
 2.8304E-02,0.020413760079417666
 2.8318E-02,0.018095923214818357
 2.8333E-02,0.015516637150602988
 2.8348E-02,0.012774745241284842
 2.8362E-02,0.009977627518752861
 2.8377E-02,0.007240060231860691
 2.8392E-02,0.0046813246637071645
 2.8406E-02,0.0024200881067861675
 2.8421E-02,0.0005672611454063856
 2.8436E-02,-0.0007822907169166976
 2.8450E-02,-0.0015578331095304665
 2.8465E-02,-0.0017191710597580952
 2.8480E-02,-0.0012601607072313043
 2.8494E-02,-0.00020868084365912687
 2.8509E-02,0.0013768396414194448
 2.8524E-02,0.0034135365808772517
 2.8538E-02,0.005801581846204091
 2.8553E-02,0.0084315883474014
 2.8568E-02,0.011190763412588341
 2.8582E-02,0.013967159879164637
 2.8597E-02,0.016652045432556353
 2.8611E-02,0.019141020597317704
 2.8626E-02,0.021334885978195564
 2.8641E-02,0.023141282784234093
 2.8655E-02,0.024477802865900847
 2.8670E-02,0.025276685190699505
 2.8685E-02,0.025490559977915096
 2.8699E-02,0.02509816892672761
 2.8714E-02,0.0241087450123902
 2.8729E-02,0.02256385981666046
 2.8743E-02,0.020536014128826545
 2.8758E-02,0.01812393202437912
 2.8773E-02,0.015445230053238768
 2.8787E-02,0.012627674515862483
 2.8802E-02,0.009800464327515438
 2.8817E-02,0.007086830204678707
 2.8831E-02,0.0045987749112660105
 2.8846E-02,0.0024341356428688524
 2.8861E-02,0.0006755169219242109
 2.8875E-02,-0.0006097987054468645
 2.8890E-02,-0.0013699831732348192
 2.8904E-02,-0.0015696470968075242
 2.8919E-02,-0.0011920026522901103
 2.8934E-02,-0.0002419313923083834
 2.8948E-02,0.0012508525389270148
 2.8963E-02,0.003229658765693233
 2.8978E-02,0.005610787311726298
 2.8992E-02,0.008286337412667877
 2.9007E-02,0.011129988719396201
 2.9022E-02,0.014005203142352247
 2.9036E-02,0.016774721584473143
 2.9051E-02,0.01930992427926528
 2.9066E-02,0.021498673052624918
 2.9080E-02,0.023250645624147772
 2.9095E-02,0.02449979616134223
 2.9110E-02,0.02520425682876002
 2.9124E-02,0.025344540966712202
 2.9139E-02,0.024921169262646353
 2.9154E-02,0.023952749889058895
 2.9168E-02,0.022475139763958388
 2.9183E-02,0.020541726562392493
 2.9197E-02,0.018224282869335598
 2.9212E-02,0.015613436933154149
 2.9227E-02,0.012817706234975341
 2.9241E-02,0.009960286063558215
 2.9256E-02,0.007173309231813628
 2.9271E-02,0.004589947010429427
 2.9285E-02,0.002335319280971216
 2.9300E-02,0.0005175539295402712
 2.9315E-02,-0.0007796236803165695
 2.9329E-02,-0.0015016924040636538
 2.9344E-02,-0.0016250107480713907
 2.9359E-02,-0.0011555151296003504
 2.9373E-02,-0.0001251815053465318
 2.9388E-02,0.001412648752696273
 2.9403E-02,0.0033879373351412374
 2.9417E-02,0.005717747146327106
 2.9432E-02,0.008308807153409583
 2.9447E-02,0.011059052508452513
 2.9461E-02,0.013858816466956449
 2.9476E-02,0.016592573133569197
 2.9490E-02,0.019142037955478503
 2.9505E-02,0.021391050004809946
 2.9520E-02,0.023232096942281164
 2.9534E-02,0.02457376571728099
 2.9549E-02,0.02534798225726662
 2.9564E-02,0.02551577088764816
 2.9578E-02,0.02507046634016777
 2.9593E-02,0.02403779867159377
 2.9608E-02,0.02247291214447704
 2.9622E-02,0.020454996753823965
 2.9637E-02,0.018080636727443474
 2.9652E-02,0.015457101934971292
 2.9666E-02,0.012696602635773647
 2.9681E-02,0.009912066776393684
 2.9696E-02,0.007214425692073159
 2.9710E-02,0.004710881360868143
 2.9725E-02,0.002503327622594703
 2.9740E-02,0.0006860952806300833
 2.9754E-02,-0.0006575161096610686
 2.9769E-02,-0.001459958770457129
 2.9783E-02,-0.001674895425723406
 2.9798E-02,-0.0012824409161611972
 2.9813E-02,-0.00029303764452436216
 2.9827E-02,0.001251064942501335
 2.9842E-02,0.0032773470751207446
 2.9857E-02,0.0056875966933543085
 2.9871E-02,0.008364930775728587
 2.9886E-02,0.011182177475973377
 2.9901E-02,0.014010319950461944
 2.9915E-02,0.01672580921224338
 2.9930E-02,0.019215948105418663
 2.9945E-02,0.021382116106807268
 2.9959E-02,0.023141181679082305
 2.9974E-02,0.02442587085228363
 2.9989E-02,0.02518500985812781
 3.0003E-02,0.025384399360219242
 3.0018E-02,0.02500866330762202
 3.0033E-02,0.02406387738280571
 3.0047E-02,0.02258028798737034
 3.0062E-02,0.020614137598357188
 3.0076E-02,0.01824761250273176
 3.0091E-02,0.015586233735157422
 3.0106E-02,0.012753541169125922
 3.0120E-02,0.009883527971622853
 3.0135E-02,0.007111799088910816
 3.0150E-02,0.004566710612913758
 3.0164E-02,0.002361721471800926
 3.0179E-02,0.0005898671618645311
 3.0194E-02,-0.0006792581628386734
 3.0208E-02,-0.0014002014968529097
 3.0223E-02,-0.0015506933558381052
 3.0238E-02,-0.0011299326015763796
 3.0252E-02,-0.0001569654433634586
 3.0267E-02,0.0013302978019499728
 3.0282E-02,0.003275350712362806
 3.0296E-02,0.005603043394250483
 3.0311E-02,0.008219959191128482
 3.0326E-02,0.011016048353698408
 3.0340E-02,0.013868162556679
 3.0355E-02,0.01664570939766422
 3.0369E-02,0.019218102485989503
 3.0384E-02,0.021463174665484752
 3.0399E-02,0.023275396638886944
 3.0413E-02,0.024572698320797066
 3.0428E-02,0.025300944347821725
 3.0443E-02,0.025435601773354383
 3.0457E-02,0.024980723905783667
 3.0472E-02,0.023965898275978188
 3.0487E-02,0.022442126649438864
 3.0501E-02,0.020477639222471207
 3.0516E-02,0.018154396099504335
 3.0531E-02,0.015565581766743873
 3.0545E-02,0.01281389409189909
 3.0560E-02,0.01001002430011303
 3.0575E-02,0.0072705427522374395
 3.0589E-02,0.004714503850450294
 3.0604E-02,0.0024584350844580123
 3.0619E-02,0.0006098781759834974
 3.0633E-02,-0.000739842252771883
 3.0648E-02,-0.0015225839534825417
 3.0662E-02,-0.0016989374394623827
 3.0677E-02,-0.0012613927905965213
 3.0692E-02,-0.00023458153317548768
 3.0706E-02,0.0013273845341611663
 3.0721E-02,0.0033459047969459604
 3.0736E-02,0.005724244023577989
 3.0750E-02,0.008354142857359926
 3.0765E-02,0.01112172325367068
 3.0780E-02,0.013912105562811507
 3.0794E-02,0.01661264927413961
 3.0809E-02,0.019115194734989724
 3.0824E-02,0.021317981865147294
 3.0838E-02,0.02312796766870351
 3.0853E-02,0.024464046316752017
 3.0868E-02,0.025261261676378762
 3.0882E-02,0.025475619454874407
 3.0897E-02,0.02508870358892163
 3.0912E-02,0.024111106102991327
 3.0926E-02,0.02258375863901802
 3.0941E-02,0.020576594528210562
 3.0955E-02,0.018184483434433213
 3.0970E-02,0.015520926695118472
 3.0985E-02,0.01271043161033713
 3.0999E-02,0.009880682241586633
 3.1014E-02,0.0071555448570167265
 3.1029E-02,0.004649619714855738
 3.1043E-02,0.002464578078588755
 3.1058E-02,0.0006870434602504723
 3.1073E-02,-0.0006125738235242008
 3.1087E-02,-0.0013810039437044778
 3.1102E-02,-0.0015833928092281939
 3.1117E-02,-0.0012051762719370643
 3.1131E-02,-0.00025437063261001295
 3.1146E-02,0.0012362991042764748
 3.1161E-02,0.0032082442896305776
 3.1175E-02,0.005577632353248733
 3.1190E-02,0.00823832137939478
 3.1205E-02,0.011067200650373176
 3.1219E-02,0.01393151023962812
 3.1234E-02,0.016697266917861
 3.1248E-02,0.01923767355492616
 3.1263E-02,0.021440405254903747
 3.1278E-02,0.02321294409002428
 3.1292E-02,0.024485598178363335
 3.1307E-02,0.025212360574578135
 3.1322E-02,0.025370194754698035
 3.1336E-02,0.024957559211902066
 3.1351E-02,0.023992947949405114
 3.1366E-02,0.02251394797538705
 3.1380E-02,0.02057689140577108
 3.1395E-02,0.018256743568882447
 3.1410E-02,0.015646557458417566
 3.1424E-02,0.012855738867621211
 3.1439E-02,0.010006538131354058
 3.1454E-02,0.007228569627164285
 3.1468E-02,0.0046516518149571735
 3.1483E-02,0.002397719783420342
 3.1497E-02,0.0005728589070900768
 3.1512E-02,-0.0007394419505148816
 3.1527E-02,-0.001482931342529157
 3.1541E-02,-0.0016306607027306175
 3.1556E-02,-0.0011845139303774085
 3.1571E-02,-0.00017270668232395006
 3.1585E-02,0.0013539366405439157
 3.1600E-02,0.0033260539419360867
 3.1615E-02,0.005659465068271174
 3.1629E-02,0.00825819348417522
 3.1644E-02,0.011016861857201379
 3.1659E-02,0.013822887818220289
 3.1673E-02,0.01655908730206979
 3.1688E-02,0.019107243510240794
 3.1703E-02,0.02135293125983212
 3.1717E-02,0.02319147675521632
 3.1732E-02,0.024534502840822724
 3.1747E-02,0.025316189342810647
 3.1761E-02,0.02549826744251879
 3.1776E-02,0.02507290701293061
 3.1790E-02,0.024063015312207548
 3.1805E-02,0.022519949728371208
 3.1820E-02,0.020519125793611214
 3.1834E-02,0.018154346060442486
 3.1849E-02,0.015531796951076874
 3.1864E-02,0.012764535734201794
 3.1878E-02,0.009967965741616536
 3.1893E-02,0.007256378216518643
 3.1908E-02,0.004740252098928745
 3.1922E-02,0.0025237640285343194
 3.1937E-02,0.0007019390494361953
 3.1952E-02,-0.0006429285842508511
 3.1966E-02,-0.0014455978764875194
 3.1981E-02,-0.0016625542103965245
 3.1996E-02,-0.0012763104589887944
 3.2010E-02,-0.0002984633229245067
 3.2025E-02,0.0012292844365114392
 3.2040E-02,0.0032366203309342418
 3.2054E-02,0.005628669806424499
 3.2069E-02,0.008292146044744767
 3.2084E-02,0.011102766822945165
 3.2098E-02,0.013932914407787461
 3.2113E-02,0.016658569578284807
 3.2127E-02,0.019164829800942355
 3.2142E-02,0.021349742108691668
 3.2157E-02,0.02312662237351596
 3.2171E-02,0.024425369353166124
 3.2186E-02,0.02519342119139089
 3.2201E-02,0.02539691019560098
 3.2215E-02,0.025022283926235126
 3.2230E-02,0.02407827061771943
 3.2245E-02,0.02259769911246895
 3.2259E-02,0.020638456007568362
 3.2274E-02,0.01828285246924892
 3.2289E-02,0.015634892929449636
 3.2303E-02,0.012815332520632551
 3.2318E-02,0.009954872925512802
 3.2333E-02,0.007186250401779694
 3.2347E-02,0.004636204872122802
 3.2362E-02,0.0024183230844072004
 3.2376E-02,0.0006275249432261838
 3.2391E-02,-0.0006634238907071146
 3.2406E-02,-0.0014054292897815197
 3.2420E-02,-0.0015730443325578515
 3.2435E-02,-0.0011635398533318903
 3.2450E-02,-0.00019570225406323005
 3.2464E-02,0.0012912108484614778
 3.2479E-02,0.003238254687222749
 3.2494E-02,0.005567565877721354
 3.2508E-02,0.008183614616705612
 3.2523E-02,0.01097551732052644
 3.2538E-02,0.013820855348443212
 3.2552E-02,0.016591135694186913
 3.2567E-02,0.0191586250709497
 3.2582E-02,0.02140390382275383
 3.2596E-02,0.02322323224078756
 3.2611E-02,0.02453477581149243
 3.2626E-02,0.025282916484098104
 3.2640E-02,0.025440238925496496
 3.2655E-02,0.02500722707112319
 3.2669E-02,0.024010116573384584
 3.2684E-02,0.022497613930214638
 3.2699E-02,0.020537247293693196
 3.2713E-02,0.018211953466644608
 3.2728E-02,0.015617189158919529
 3.2743E-02,0.01285848542409548
 3.2757E-02,0.010049059075902325
 3.2772E-02,0.007306949515483298
 3.2787E-02,0.004751210555581655
 3.2801E-02,0.0024969390585522903
 3.2816E-02,0.0006492928647277363
 3.2831E-02,-0.000702968757650121
 3.2845E-02,-0.0014936105998609324
 3.2860E-02,-0.0016838100661693504
 3.2875E-02,-0.0012650343185125015
 3.2889E-02,-0.00025945172797725937
 3.2904E-02,0.0012821451762019404
 3.2919E-02,0.0032844958740379233
 3.2933E-02,0.005653374881559625
 3.2948E-02,0.008281575107265737
 3.2962E-02,0.01105458613794189
 3.2977E-02,0.013855445764852295
 3.2992E-02,0.01656860641253487
 3.3006E-02,0.019083011782130867
 3.3021E-02,0.021294818622680317
 3.3036E-02,0.02311025490469773
 3.3050E-02,0.02444896489990398
 3.3065E-02,0.02524789932565815
 3.3080E-02,0.025465456533716405
 3.3094E-02,0.025085279685777943
 3.3109E-02,0.024118962353267784
 3.3124E-02,0.0226069658051255
 3.3138E-02,0.020617301085956212
 3.3153E-02,0.018241915364770267
 3.3168E-02,0.015591142551820272
 3.3182E-02,0.012786920493776138
 3.3197E-02,0.009955651562341487
 3.3212E-02,0.007221548879269714
 3.3226E-02,0.00470108488158685
 3.3241E-02,0.00249881348462598
 3.3256E-02,0.0007044741742369693
 3.3270E-02,-0.0006089903545853075
 3.3285E-02,-0.0013869867166390643
 3.3299E-02,-0.0015948054658776387
 3.3314E-02,-0.0012193212667032456
 3.3329E-02,-0.00027073346134923366
 3.3343E-02,0.0012160662872367613
 3.3358E-02,0.003181085387675461
 3.3373E-02,0.005540362272214503
 3.3387E-02,0.00818902758029413
 3.3402E-02,0.011006346027724701
 3.3417E-02,0.013862395721916037
 3.3431E-02,0.016625695282599325
 3.3446E-02,0.01917088584614333
 3.3461E-02,0.021385571567381797
 3.3475E-02,0.023175620424751492
 3.3490E-02,0.024468572783860963
 3.3505E-02,0.025215203135228938
 3.3519E-02,0.025389621853973407
 3.3534E-02,0.024988497733956325
 3.3549E-02,0.024029981726153827
 3.3563E-02,0.022552728781952427
 3.3578E-02,0.020615113050636753
 3.3592E-02,0.018294411409988897
 3.3607E-02,0.015685495608212627
 3.3622E-02,0.012898502104062449
 3.3636E-02,0.010055069731837073
 3.3651E-02,0.007283019815364555
 3.3666E-02,0.0047097237141418185
 3.3680E-02,0.0024547554231862173
 3.3695E-02,0.0006226622470377262
 3.3710E-02,-0.000703262351242899
 3.3724E-02,-0.0014654689251164348
 3.3739E-02,-0.001634481394975125
 3.3754E-02,-0.0012090324605852775
 3.3768E-02,-0.00021434084872365205
 3.3783E-02,0.0013008798196284853
 3.3798E-02,0.0032680105548966456
 3.3812E-02,0.005602147671912399
 3.3827E-02,0.008205430684042656
 3.3841E-02,0.01097005620473687
 3.3856E-02,0.013781222329407587
 3.3871E-02,0.01652039286227587
 3.3885E-02,0.019069248051630454
 3.3900E-02,0.02131450214734918
 3.3915E-02,0.02315347193611242
 3.3929E-02,0.024499962770727097
 3.3944E-02,0.025289796629716338
 3.3959E-02,0.025485217778656376
 3.3973E-02,0.025077510126246066
 3.3988E-02,0.024087427277504944
 3.4003E-02,0.022563404018260395
 3.4017E-02,0.020577889995049826
 3.4032E-02,0.018222425329905406
 3.4047E-02,0.015602193951453826
 3.4061E-02,0.012830721099773758
 3.4076E-02,0.010025157553132416
 3.4091E-02,0.007302288685599637
 3.4105E-02,0.004775116406850506
 3.4120E-02,0.0025496740370432275
 3.4134E-02,0.0007217032064757423
 3.4149E-02,-0.0006270453274630566
 3.4164E-02,-0.001432871351107822
 3.4178E-02,-0.0016542346822602245
 3.4193E-02,-0.0012753602651224363
 3.4208E-02,-0.00030867211247196085
 3.4222E-02,0.0012045490445091373
 3.4237E-02,0.0031956593145738353
 3.4252E-02,0.005572325627635065
 3.4266E-02,0.008224034434023544
 3.4281E-02,0.011028780981796715
 3.4296E-02,0.013860121741339946
 3.4310E-02,0.016593794007399843
 3.4325E-02,0.019113302173916047
 3.4340E-02,0.021314181346408338
 3.4354E-02,0.02310698639258163
 3.4369E-02,0.024419323221724097
 3.4384E-02,0.02519736584983238
 3.4398E-02,0.025407257531194827
 3.4413E-02,0.02503659854032971
 3.4427E-02,0.02409594388956968
 3.4442E-02,0.02261996346269055
 3.4457E-02,0.020667744675118026
 3.4471E-02,0.018321704819279215
 3.4486E-02,0.01568474056275202
 3.4501E-02,0.01287553817204311
 3.4515E-02,0.010022322174185378
 3.4530E-02,0.007255637066790001
 3.4545E-02,0.004700951191905032
 3.4559E-02,0.0024718932347457443
 3.4574E-02,0.0006647774780642499
 3.4589E-02,-0.0006452105999833089
 3.4603E-02,-0.0014061320059642625
 3.4618E-02,-0.0015899742175815859
 3.4633E-02,-0.0011923323640476383
 3.4647E-02,-0.0002315546840898771
 3.4662E-02,0.001252310138078977
 3.4677E-02,0.003198651919801336
 3.4691E-02,0.005527660496081423
 3.4706E-02,0.008142233006995311
 3.4721E-02,0.010930811012478777
 3.4735E-02,0.013771439175390213
 3.4750E-02,0.016537110686221664
 3.4764E-02,0.019102163806241565
 3.4779E-02,0.021349203149171582
 3.4794E-02,0.02317582296910062
 3.4808E-02,0.024500367635788237
 3.4823E-02,0.025266094152000873
 3.4838E-02,0.02544337239437541
 3.4852E-02,0.02502990037184393
 3.4867E-02,0.024049234229473207
 3.4882E-02,0.02254815250838359
 3.4896E-02,0.02059343854556867
 3.4911E-02,0.018268566898555848
 3.4926E-02,0.015670559596776226
 3.4940E-02,0.012907010873247991
 3.4955E-02,0.010093051953349322
 3.4970E-02,0.007347913821729245
 3.4984E-02,0.0047907836989847345
 3.4999E-02,0.0025358320749527398
 3.5013E-02,0.0006865599029715719
 3.5028E-02,-0.0006700999217720248
 3.5043E-02,-0.0014692813015196539
 3.5057E-02,-0.001672565772156064
 3.5072E-02,-0.0012706212317977977
 3.5087E-02,-0.00028371708767228757
 3.5101E-02,0.0012399323020710422
 3.5116E-02,0.0032277025771574367
 3.5131E-02,0.005587414083615672
 3.5145E-02,0.008212821409216978
 3.5160E-02,0.010989090041307723
 3.5175E-02,0.013797792882693477
 3.5189E-02,0.01652122389517605
 3.5204E-02,0.01904609380957168
 3.5219E-02,0.021266864095790806
 3.5233E-02,0.023089035040251345
 3.5248E-02,0.02443261702429771
 3.5263E-02,0.025235810840988415
 3.5277E-02,0.02545866897132877
 3.5292E-02,0.025086287517764413
 3.5306E-02,0.02413096237915098
 3.5321E-02,0.02263277748242354
 3.5336E-02,0.020658278106635567
 3.5350E-02,0.018297175100018107
 3.5365E-02,0.015657351139594246
 3.5380E-02,0.012858713498997754
 3.5394E-02,0.010026589334080837
 3.5409E-02,0.007285354275811679
 3.5424E-02,0.004752832296889538
 3.5438E-02,0.002535754098934312
 3.5453E-02,0.0007262876652132239
 3.5468E-02,-0.000600563690736585
 3.5482E-02,-0.001389004674463357
 3.5497E-02,-0.00160420881366135
 3.5512E-02,-0.0012339216142488768
 3.5526E-02,-0.0002898158176157206
 3.5541E-02,0.0011916969574159992
 3.5556E-02,0.003149618250528128
 3.5570E-02,0.005499893454206141
 3.5585E-02,0.00813859074232254
 3.5599E-02,0.010946742328882524
 3.5614E-02,0.013796560045817502
 3.5629E-02,0.01655846766515384
 3.5643E-02,0.019108228011243893
 3.5658E-02,0.0213334290373123
 3.5673E-02,0.02313873433723468
 3.5687E-02,0.024449562163152316
 3.5702E-02,0.025214162975250913
 3.5717E-02,0.02540433676686389
 3.5731E-02,0.025015197322705813
 3.5746E-02,0.024064412572023727
 3.5761E-02,0.022591232680869378
 3.5775E-02,0.020655406186193912
 3.5790E-02,0.018335852408351887
 3.5805E-02,0.01572878413080746
 3.5819E-02,0.012944918661167136
 3.5834E-02,0.010105502507662803
 3.5849E-02,0.007337086502473292
 3.5863E-02,0.004765268158142101
 3.5878E-02,0.002507889087406773
 3.5893E-02,0.0006683613932183417
 3.5907E-02,-0.0006701551447880298
 3.5922E-02,-0.001449109069470734
 3.5936E-02,-0.0016370640478501576
 3.5951E-02,-0.0012302759868089775
 3.5966E-02,-0.0002515538600935123
 3.5980E-02,0.0012521682542907871
 3.5995E-02,0.0032130338430940127
 3.6010E-02,0.005545779281381389
 3.6024E-02,0.008151262581818846
 3.6039E-02,0.010919921793136767
 3.6054E-02,0.013735275906880975
 3.6068E-02,0.0164776949851101
 3.6083E-02,0.01902865942678971
 3.6098E-02,0.02127560023172385
 3.6112E-02,0.02311719982072546
 3.6127E-02,0.024468800474876064
 3.6142E-02,0.025267387153221365
 3.6156E-02,0.02547554269231787
 3.6171E-02,0.025083844709545174
 3.6185E-02,0.024111373749383883
 3.6200E-02,0.02260428326673744
 3.6215E-02,0.02063267275348795
 3.6229E-02,0.018286232027219546
 3.6244E-02,0.01566923260662037
 3.6259E-02,0.012895410842474494
 3.6273E-02,0.010083136446823151
 3.6288E-02,0.007351041944246483
 3.6303E-02,0.004814073241624035
 3.6317E-02,0.0025797752626351496
 3.6332E-02,0.000744592751546459
 3.6347E-02,-0.00060994704413942
 3.6361E-02,-0.0014211252182006239
 3.6376E-02,-0.0016487393310056727
 3.6391E-02,-0.0012781961116047254
 3.6405E-02,-0.00032247516246704017
 3.6420E-02,0.0011775008332880234
 3.6435E-02,0.0031543766526703106
 3.6449E-02,0.005517775515847968
 3.6464E-02,0.008159336234304511
 3.6478E-02,0.010958854403535263
 3.6493E-02,0.013790865062768115
 3.6508E-02,0.01653100412077138
 3.6522E-02,0.019061621371185347
 3.6537E-02,0.02127634794676172
 3.6552E-02,0.023083579531686018
 3.6566E-02,0.024409051412575898
 3.6581E-02,0.02519779498806555
 3.6596E-02,0.025415751397477926
 3.6610E-02,0.025051188943466283
 3.6625E-02,0.02411587430223493
 3.6640E-02,0.02264575111730162
 3.6654E-02,0.02070075173046101
 3.6669E-02,0.01836335664223395
 3.6684E-02,0.015735635356430272
 3.6698E-02,0.01293472636359948
 3.6713E-02,0.010086986562335075
 3.6728E-02,0.007321289902851039
 3.6742E-02,0.00476211572398693
 3.6757E-02,0.0025230978447248783
 3.6771E-02,0.0007016003912738425
 3.6786E-02,-0.0006253234415576755
 3.6801E-02,-0.0014034900360885543
 3.6815E-02,-0.0016027970392998483
 3.6830E-02,-0.0012173789822379068
 3.6845E-02,-0.000265039550216503
 3.6859E-02,0.0012137776914336647
 3.6874E-02,0.0031573683110644925
 3.6889E-02,0.005484556817299362
 3.6903E-02,0.008097091938602531
 3.6918E-02,0.010882886782082392
 3.6933E-02,0.013720276567637532
 3.6947E-02,0.01648330003345668
 3.6962E-02,0.019047786892105255
 3.6977E-02,0.021297814912537027
 3.6991E-02,0.02313194981437818
 3.7006E-02,0.024468645617933382
 3.7021E-02,0.02525027786338208
 3.7035E-02,0.025445486647519566
 3.7050E-02,0.025049769632438507
 3.7065E-02,0.02408451994964658
 3.7079E-02,0.022594886491763454
 3.7094E-02,0.020646902444131296
 3.7108E-02,0.018324273752436237
 3.7123E-02,0.01572506985869421
 3.7138E-02,0.012958368769622343
 3.7152E-02,0.010140742156530299
 3.7167E-02,0.007392379651762008
 3.7182E-02,0.0048326753423174286
 3.7196E-02,0.0025752299629878514
 3.7211E-02,0.0007224227752621781
 3.7226E-02,-0.000640081265996577
 3.7240E-02,-0.0014483646508016584
 3.7255E-02,-0.0016642510616938083
 3.7270E-02,-0.0012777513607378096
 3.7284E-02,-0.0003076403739838144
 3.7299E-02,0.001199896546912091
 3.7314E-02,0.003174335981351194
 3.7328E-02,0.005525177177870337
 3.7343E-02,0.008147043352611783
 3.7358E-02,0.01092498323107687
 3.7372E-02,0.013739552474298602
 3.7387E-02,0.016471445307760145
 3.7401E-02,0.01900564830014358
 3.7416E-02,0.02123524029555228
 3.7431E-02,0.02306502114075845
 3.7445E-02,0.024415102578886214
 3.7460E-02,0.025224456538560626
 3.7475E-02,0.02545423593684885
 3.7489E-02,0.02509052188057986
 3.7504E-02,0.024146065425179466
 3.7519E-02,0.022660617237970904
 3.7533E-02,0.020699577991217275
 3.7548E-02,0.018350926114058565
 3.7563E-02,0.015720632924501196
 3.7577E-02,0.012926994499986412
 3.7592E-02,0.010094440754863866
 3.7607E-02,0.007347395745254309
 3.7621E-02,0.004804662615432408
 3.7636E-02,0.0025746261952779522
 3.7650E-02,0.0007513607117576734
 3.7665E-02,-0.0005884418950228391
 3.7680E-02,-0.0013879001696450002
 3.7694E-02,-0.0016118982056357405
 3.7709E-02,-0.0012486427345359678
 3.7724E-02,-0.00031075187681139666
 3.7738E-02,0.001164336945697579
 3.7753E-02,0.0031149377975233775
 3.7768E-02,0.005456954879441884
 3.7782E-02,0.008087165472665664
 3.7797E-02,0.010887927679515269
 3.7812E-02,0.013733060690620661
 3.7826E-02,0.01649443493113362
 3.7841E-02,0.019048676999231722
 3.7856E-02,0.021283375797369875
 3.7870E-02,0.023102277522529146
 3.7885E-02,0.024429151833125363
 3.7900E-02,0.025210248094160483
 3.7914E-02,0.02541547717198373
 3.7929E-02,0.025038596139265394
 3.7943E-02,0.02409670880600891
 3.7958E-02,0.022629324559061397
 3.7973E-02,0.020697073432084864
 3.7987E-02,0.01838001020422493
 3.8002E-02,0.015775313707080834
 3.8017E-02,0.01299414625201028
 3.8031E-02,0.010157502813239754
 3.8046E-02,0.007391038623162064
 3.8061E-02,0.004819076551604592
 3.8075E-02,0.0025582043775615854
 3.8090E-02,0.0007110187063246
 3.8105E-02,-0.0006393852058383012
 3.8119E-02,-0.0014336543898042279
 3.8134E-02,-0.001638803832671235
 3.8149E-02,-0.0012491161994756508
 3.8163E-02,-0.00028544107202796193
 3.8178E-02,0.0012067993063981102
 3.8193E-02,0.003160502467164122
 3.8207E-02,0.005490297597492203
 3.8222E-02,0.008096201957601485
 3.8236E-02,0.010867396701610866
 3.8251E-02,0.013686140032234378
 3.8266E-02,0.01643192334911802
 3.8280E-02,0.018985978088405586
 3.8295E-02,0.021236154143997925
 3.8310E-02,0.023082040220489316
 3.8324E-02,0.024440028343115372
 3.8339E-02,0.025247892708493817
 3.8354E-02,0.02546840236531481
 3.8368E-02,0.025091541084452818
 3.8383E-02,0.024135060115886228
 3.8398E-02,0.022643306273931685
 3.8412E-02,0.020684496566354345
 3.8427E-02,0.018346795783092652
 3.8442E-02,0.01573365226762838
 3.8456E-02,0.01295884159909261
 3.8471E-02,0.01014156978020913
 3.8486E-02,0.007401833909541427
 3.8500E-02,0.004856080388851328
 3.8515E-02,0.0026130883242430616
 3.8530E-02,0.0007699727897857954
 3.8544E-02,-0.0005917428012038588
 3.8559E-02,-0.0014099134512053745
 3.8573E-02,-0.0016451976370579705
 3.8588E-02,-0.0012837752269950016
 3.8603E-02,-0.0003389582693938614
 3.8617E-02,0.0011486628062744339
 3.8632E-02,0.003112755183145767
 3.8647E-02,0.00546446936243812
 3.8661E-02,0.008097129202250558
 3.8676E-02,0.01089196026789552
 3.8691E-02,0.013724309776809399
 3.8705E-02,0.016469797860470488
 3.8720E-02,0.019009932498356887
 3.8735E-02,0.021236890412342245
 3.8749E-02,0.02305736468034074
 3.8764E-02,0.024395552033500016
 3.8779E-02,0.025195453575978608
 3.8793E-02,0.02542266943737991
 3.8808E-02,0.025065787044280606
 3.8822E-02,0.024137327532824687
 3.8837E-02,0.02267407532937547
 3.8852E-02,0.020736523795217836
 3.8866E-02,0.01840716286741505
 3.8881E-02,0.015787425318183404
 3.8896E-02,0.012993279884662272
 3.8910E-02,0.010149670938349733
 3.8925E-02,0.007384201894491104
 3.8940E-02,0.004820592448700036
 3.8954E-02,0.002572474501285614
 3.8969E-02,0.0007380212340913112
 3.8984E-02,-0.0006042510070392571
 3.8998E-02,-0.0013983655445121076
 3.9013E-02,-0.0016124989218960694
 3.9028E-02,-0.001239505396626252
 3.9042E-02,-0.0002965849205192934
 3.9057E-02,0.0011757049233172717
 3.9072E-02,0.0031149866076251483
 3.9086E-02,0.005439159364383644
 3.9101E-02,0.008049156058142035
 3.9115E-02,0.010832491349792469
 3.9130E-02,0.013667682089412998
 3.9145E-02,0.0164294973247931
 3.9159E-02,0.01899482876712852
 3.9174E-02,0.02124880853626886
 3.9189E-02,0.023090687123336732
 3.9203E-02,0.024438956520969345
 3.9218E-02,0.02523527455037612
 3.9233E-02,0.02544690282406798
 3.9247E-02,0.02506757541058413
 3.9262E-02,0.0241169180743372
 3.9277E-02,0.022638690319037813
 3.9291E-02,0.020698191096458055
 3.9306E-02,0.01837914543488687
 3.9321E-02,0.015780291649109032
 3.9335E-02,0.013011756346321325
 3.9350E-02,0.010191185144038287
 3.9365E-02,0.007439533280902931
 3.9379E-02,0.0048764363297816755
 3.9394E-02,0.002615175894467564
 3.9408E-02,0.0007574024401975365
 3.9423E-02,-0.0006120660634786198
 3.9438E-02,-0.0014299332975693693
 3.9452E-02,-0.0016581252918650398
 3.9467E-02,-0.0012860832611624779
 3.9482E-02,-0.0003313760450347039
 3.9496E-02,0.00116143405000928
 3.9511E-02,0.003123518636398182
 3.9526E-02,0.005465767173273581
 3.9540E-02,0.008083583224972806
 3.9555E-02,0.010862036229247448
 3.9570E-02,0.013680988103688408
 3.9584E-02,0.016419949594427524
 3.9599E-02,0.018962572297302693
 3.9614E-02,0.02120080279304503
 3.9628E-02,0.023038780600841944
 3.9643E-02,0.024396538162300523
 3.9658E-02,0.025213470376058776
 3.9672E-02,0.025451416405373233
 3.9687E-02,0.025097082292957686
 3.9702E-02,0.024163472245568824
 3.9716E-02,0.022690017413943078
 3.9731E-02,0.020741198272627475
 3.9745E-02,0.018403629830324602
 3.9760E-02,0.015781778005414155
 3.9775E-02,0.012992652778258841
 3.9789E-02,0.010159937154509236
 3.9804E-02,0.00740803616019432
 3.9819E-02,0.004856466836746976
 3.9833E-02,0.002614881890490767
 3.9848E-02,0.0007788658469311714
 3.9863E-02,-0.00057349281441934
 3.9877E-02,-0.0013843315078849575
 3.9892E-02,-0.001618133740496612
 3.9907E-02,-0.001263273165685021
 3.9921E-02,-0.0003329212491507248
 3.9936E-02,0.0011348354756701676
 3.9951E-02,0.003077876791330137
 3.9965E-02,0.00541212321388366
 3.9980E-02,0.008034907378545923
 3.9995E-02,0.010829593641480086
 4.0009E-02,0.013671216168370838
 4.0024E-02,0.016432740845414146
 4.0038E-02,0.018991449860303607
 4.0053E-02,0.021234928162628897
 4.0068E-02,0.02306620427932345
 4.0082E-02,0.024407745743234247
 4.0097E-02,0.02520419377496289
 4.0112E-02,0.02542389604402793
 4.0126E-02,0.02505941797936109
 4.0141E-02,0.024127256409974884
 4.0156E-02,0.022666942308702163
 4.0170E-02,0.02073962411802621
 4.0185E-02,0.018426108701569254
 4.0200E-02,0.01582424770291884
 4.0214E-02,0.013045529089112296
 4.0229E-02,0.01021078389817903
 4.0244E-02,0.007445039458047373
 4.0258E-02,0.004871713168418116
 4.0273E-02,0.002606502225500624
 4.0287E-02,0.0007514399969116364
 4.0302E-02,-0.0006103740370636066
 4.0317E-02,-0.0014189194666962709
 4.0331E-02,-0.00163996030632281
 4.0346E-02,-0.0012661811735396205
 4.0361E-02,-0.0003168167533263715
 4.0375E-02,0.0011640078314836175
 4.0390E-02,0.0031099207702855475
 4.0405E-02,0.005435618428957104
 4.0419E-02,0.008040599014625114
 4.0434E-02,0.010813163167994378
 4.0449E-02,0.013634631228625592
 4.0463E-02,0.016383792957305666
 4.0478E-02,0.018941611818346887
 4.0493E-02,0.021196148130518892
 4.0507E-02,0.023047560213090554
 4.0522E-02,0.02441292307749304
 4.0537E-02,0.025230509782737068
 4.0551E-02,0.025463145560498678
 4.0566E-02,0.025100287834241886
 4.0580E-02,0.024158603359836897
 4.0595E-02,0.022680982849997686
 4.0610E-02,0.0207341151545619
 4.0624E-02,0.018404895472404148
 4.0639E-02,0.01579603183310232
 4.0654E-02,0.013021225787360183
 4.0668E-02,0.010200243377974478
 4.0683E-02,0.007454086947408017
 4.0698E-02,0.004900364389329342
 4.0712E-02,0.0026488673151809786
 4.0727E-02,0.0007973395187358141
 4.0742E-02,-0.0005725502966346528
 4.0756E-02,-0.0013989353389144634
 4.0771E-02,-0.0016429787031276989
 4.0786E-02,-0.0012913194069239307
 4.0800E-02,-0.0003574204617514849
 4.0815E-02,0.0011184572843821788
 4.0830E-02,0.003070818187546837
 4.0844E-02,0.005412026445292769
 4.0859E-02,0.008036740120934
 4.0874E-02,0.010827328325966824
 4.0888E-02,0.013659811380684781
 4.0903E-02,0.016409842194401142
 4.0917E-02,0.018958309164185998
 4.0932E-02,0.021196266406900234
 4.0947E-02,0.023029050113156754
 4.0961E-02,0.024379578582818022
 4.0976E-02,0.025190922593394668
 4.0991E-02,0.025428252975094566
 4.1005E-02,0.02508022608581978
 4.1020E-02,0.024159778417196062
 4.1035E-02,0.022704205473949777
 4.1049E-02,0.020774336394376442
 4.1064E-02,0.018452614089662433
 4.1079E-02,0.015839962052129414
 4.1093E-02,0.013051452491165308
 4.1108E-02,0.010210956182946457
 4.1123E-02,0.007445112032000995
 4.1137E-02,0.004877064615485757
 4.1152E-02,0.002620453845665962
 4.1167E-02,0.0007740947803820631
 4.1181E-02,-0.0005823288684641233
 4.1196E-02,-0.0013913864334017924
 4.1210E-02,-0.0016198182533152417
 4.1225E-02,-0.0012593474727553035
 4.1240E-02,-0.0003265413954397242
 4.1254E-02,0.0011381264746462302
 4.1269E-02,0.003071915397920345
 4.1284E-02,0.0053921317304541
 4.1298E-02,0.007999151985160616
 4.1313E-02,0.010780204905136755
 4.1328E-02,0.013613923007117994
 4.1342E-02,0.016375581260129977
 4.1357E-02,0.01894281631015864
 4.1372E-02,0.021201497240063916
 4.1386E-02,0.023051333794902713
 4.1401E-02,0.024410787636958437
 4.1416E-02,0.02522090739356936
 4.1430E-02,0.025447829840341996
 4.1445E-02,0.02508385051796299
 4.1459E-02,0.02414713009177312
 4.1474E-02,0.022680230786619907
 4.1489E-02,0.020747744038841873
 4.1503E-02,0.01843326801919221
 4.1518E-02,0.015835933884923225
 4.1533E-02,0.013066590564559057
 4.1547E-02,0.010243674955335832
 4.1562E-02,0.0074887495854706766
 4.1577E-02,0.004921701987198734
 4.1591E-02,0.0026556694882883826
 4.1606E-02,0.0007918613285905571
 4.1621E-02,-0.0005854349794384051
 4.1635E-02,-0.0014132904003831145
 4.1650E-02,-0.0016536150630191045
 4.1665E-02,-0.001295331556658693
 4.1679E-02,-0.0003550077321180646
 4.1694E-02,0.0011241177918094238
 4.1709E-02,0.00307460460658243
 4.1723E-02,0.005408506353746316
 4.1738E-02,0.008021927196516534
 4.1752E-02,0.010800046850415808
 4.1767E-02,0.013622266607651224
 4.1782E-02,0.016367223328536455
 4.1796E-02,0.018917530709678658
 4.1811E-02,0.021164202422758245
 4.1826E-02,0.02301076248867866
 4.1840E-02,0.024377042298155027
 4.1855E-02,0.025202607467345133
 4.1870E-02,0.025449674277826406
 4.1884E-02,0.02510529744307286
 4.1899E-02,0.024182570712835826
 4.1914E-02,0.022720601540086448
 4.1928E-02,0.020783105789635783
 4.1943E-02,0.018455604445609595
 4.1958E-02,0.015841362513139282
 4.1972E-02,0.01305635493141572
 4.1987E-02,0.010223642740815019
 4.2002E-02,0.007467574821359726
 4.2016E-02,0.004908193882257929
 4.2031E-02,0.0026561355826670288
 4.2045E-02,0.0008081951214260776
 4.2060E-02,-0.0005563709575054721
 4.2075E-02,-0.0013788112210788407
 4.2089E-02,-0.0016231390023218896
 4.2104E-02,-0.001277684271293233
 4.2119E-02,-0.0003558813971481383
 4.2133E-02,0.001103820473768248
 4.2148E-02,0.0030390671564260773
 4.2163E-02,0.005365852524998127
 4.2177E-02,0.007981962739616585
 4.2192E-02,0.010771537976377556
 4.2207E-02,0.013610535650453193
 4.2221E-02,0.01637274896458037
 4.2236E-02,0.018935949024782347
 4.2251E-02,0.0211877000289864
 4.2265E-02,0.023030450843522
 4.2280E-02,0.024385619792444076
 4.2295E-02,0.025196534664371634
 4.2309E-02,0.025430231357974085
 4.2324E-02,0.0250782194149105
 4.2339E-02,0.024156370004870146
 4.2353E-02,0.022704068525227387
 4.2368E-02,0.020782714941494782
 4.2382E-02,0.018473578853052113
 4.2397E-02,0.015874956186531
 4.2412E-02,0.0130985580693608
 4.2426E-02,0.010265103573998995
 4.2441E-02,0.007499182248389021
 4.2456E-02,0.004923578246706666
 4.2470E-02,0.0026533731299052113
 4.2485E-02,0.0007902350088577568
 4.2500E-02,-0.0005826684630562441
 4.2514E-02,-0.0014047376732944108
 4.2529E-02,-0.0016407003122537417
 4.2544E-02,-0.0012819219070483072
 4.2558E-02,-0.0003462850611200723
 4.2573E-02,0.0011232111801006573
 4.2588E-02,0.0030608954970642636
 4.2602E-02,0.005381650679072963
 4.2617E-02,0.007984690137192805
 4.2631E-02,0.010757715906843858
 4.2646E-02,0.013581359143199502
 4.2661E-02,0.016333852333129728
 4.2675E-02,0.018895890202251023
 4.2690E-02,0.02115559876101499
 4.2705E-02,0.023013459965270884
 4.2719E-02,0.02438695641455218
 4.2734E-02,0.02521463527336955
 4.2749E-02,0.02545926891903644
 4.2763E-02,0.02510982638331424
 4.2778E-02,0.02418206338735806
 4.2793E-02,0.022717672739410177
 4.2807E-02,0.020782082895728117
 4.2822E-02,0.018461119102803063
 4.2837E-02,0.015856822873077273
 4.2851E-02,0.013082748531205392
 4.2866E-02,0.010259023293949837
 4.2881E-02,0.0075073876302419185
 4.2895E-02,0.004946352315935708
 4.2910E-02,0.0026865452652257036
 4.2924E-02,0.0008262950125025787
 4.2939E-02,-0.0005524846294537168
 4.2954E-02,-0.0013879912113265698
 4.2968E-02,-0.001641626839744285
 4.2983E-02,-0.0013002491130513934
 4.2998E-02,-0.00037732562335529986
 4.3012E-02,0.0010872228660411707
 4.3027E-02,0.0030286101433193244
 4.3042E-02,0.005360185633417152
 4.3056E-02,0.007977678904972946
 4.3071E-02,0.010764381950459163
 4.3086E-02,0.0135968735927498
 4.3100E-02,0.016350864314813373
 4.3115E-02,0.0189067801572127
 4.3130E-02,0.021154797071563456
 4.3144E-02,0.022999155658272156
 4.3159E-02,0.024361698822409388
 4.3174E-02,0.025184653646239917
 4.3188E-02,0.02543270749584935
 4.3203E-02,0.025094407019716384
 4.3217E-02,0.024182853112790757
 4.3232E-02,0.022735601859473622
 4.3247E-02,0.020813640340506943
 4.3261E-02,0.0184993100355334
 4.3276E-02,0.015893108934058424
 4.3291E-02,0.013109409367951855
 4.3305E-02,0.01027126023021514
 4.3320E-02,0.00750456927782822
 4.3335E-02,0.004932053257925552
 4.3349E-02,0.002667378761475892
 4.3364E-02,0.0008098875094212214
 4.3379E-02,-0.0005597851704295209
 4.3393E-02,-0.0013830087441441888
 4.3408E-02,-0.0016253068457669638
 4.3423E-02,-0.0012773935514286952
 4.3437E-02,-0.00035519342390784227
 4.3452E-02,0.0011010430295456458
 4.3467E-02,0.003028439371314914
 4.3481E-02,0.005343959709555948
 4.3496E-02,0.007947626089053535
 4.3511E-02,0.01072647691369091
 4.3525E-02,0.013559222905538902
 4.3540E-02,0.016321486175769517
 4.3554E-02,0.018891414922741302
 4.3569E-02,0.021155375346247528
 4.3584E-02,0.023013359946913815
 4.3598E-02,0.02438373816877287
 4.3613E-02,0.025207020061648665
 4.3628E-02,0.025448400091780767
 4.3642E-02,0.025098976693361117
 4.3657E-02,0.02417567576630227
 4.3672E-02,0.02272001489133899
 4.3686E-02,0.020795908961836952
 4.3701E-02,0.018486729910130312
 4.3716E-02,0.01589180092787188
 4.3730E-02,0.013122449022230975
 4.3745E-02,0.01029768485520336
 4.3760E-02,0.007539549492425374
 4.3774E-02,0.004968178533497108
 4.3789E-02,0.002696685945752173
 4.3804E-02,0.0008260495256140622
 4.3818E-02,-0.0005597362806520534
 4.3833E-02,-0.0013979135260800202
 4.3847E-02,-0.0016502779723391332
 4.3862E-02,-0.0013052609269332631
 4.3877E-02,-0.0003785740941772734
 4.3891E-02,0.0010876474286227074
 4.3906E-02,0.0030271195287021714
 4.3921E-02,0.005352883863814788
 4.3935E-02,0.007961675512222474
 4.3950E-02,0.010738841512086247
 4.3965E-02,0.013563490034185197
 4.3979E-02,0.016313613956616926
 4.3994E-02,0.0188710154232195
 4.4000E-02,0.01984757544171349
