  0.000,0.0
  1.000,0.01853585595185055
  0.000,0.01853585595185055
 4.4440E-05,0.02054320454476921
 8.8880E-05,0.02656805797208637
 1.3332E-04,0.03133210643064974
 1.7776E-04,0.03244097413707191
 2.2220E-04,0.03292666065386621
 2.6664E-04,0.03579707512414338
 3.1108E-04,0.03873519122646836
 3.5552E-04,0.03823641551393788
 3.9996E-04,0.03530896346752438
 4.4440E-04,0.03331171399614099
 4.8884E-04,0.03303453638006313
 5.3328E-04,0.031169879984994625
 5.7772E-04,0.026185813191568548
 6.2216E-04,0.020960707975494264
 6.6660E-04,0.01796602620365448
 7.1104E-04,0.015918748616640492
 7.5548E-04,0.011927079891802299
 7.9992E-04,0.006639598785698652
 8.4436E-04,0.0033433831854198224
 8.8880E-04,0.002651220447654489
 9.3324E-04,0.0020484737270418055
 9.7768E-04,-6.8282255094166515e-06
 1.0221E-03,-0.0014214476297607864
 1.0666E-03,0.00011061767652672952
 1.1110E-03,0.0032770306673072006
 1.1554E-03,0.005489451527349136
 1.1999E-03,0.006834233660640503
 1.2443E-03,0.009756484183602976
 1.2888E-03,0.014854289092426969
 1.3332E-03,0.019669152232054538
 1.3776E-03,0.022602300382096256
 1.4221E-03,0.02509231445930861
 1.4665E-03,0.028979546238408933
 1.5110E-03,0.03327741967092907
 1.5554E-03,0.03557972038838694
 1.5998E-03,0.03585842103504958
 1.6443E-03,0.03620655790208835
 1.6887E-03,0.037316213269017844
 1.7332E-03,0.03736097059199217
 1.7776E-03,0.03499760467521887
 1.8220E-03,0.031613606889889255
 1.8665E-03,0.029065363830610893
 1.9109E-03,0.026848767690223187
 1.9554E-03,0.02319906066215046
 1.9998E-03,0.018186821171877386
 2.0442E-03,0.013822661307086375
 2.0887E-03,0.010995412293771243
 2.1331E-03,0.008360854878074125
 2.1776E-03,0.00484270198327751
 2.2220E-03,0.001569926861337456
 2.2664E-03,0.00020256763884965532
 2.3109E-03,0.00038742756561389294
 2.3553E-03,0.0005123141075899381
 2.3998E-03,0.000400349924329133
 2.4442E-03,0.001531266875926016
 2.4886E-03,0.004561784088931154
 2.5331E-03,0.008178199246711378
 2.5775E-03,0.011122078721811236
 2.6220E-03,0.014014808173266353
 2.6664E-03,0.01805027918082838
 2.7108E-03,0.02280787467550909
 2.7553E-03,0.026711111373866177
 2.7997E-03,0.02934216340592047
 2.8442E-03,0.03182163402291684
 2.8886E-03,0.03471212596236559
 2.9330E-03,0.036940140812341156
 2.9775E-03,0.037421441416877026
 3.0219E-03,0.03670275256623207
 3.0664E-03,0.03596918329179258
 3.1108E-03,0.03510914825607606
 3.1552E-03,0.03300107485905039
 3.1997E-03,0.029461952209320835
 3.2441E-03,0.025667605452754965
 3.2886E-03,0.022410604059891044
 3.3330E-03,0.019068247688940363
 3.3774E-03,0.014913131451874981
 3.4219E-03,0.010551673451077884
 3.4663E-03,0.00716867029274637
 3.5108E-03,0.004857521945659925
 3.5552E-03,0.0027402968967411056
 3.5996E-03,0.0006146944600613044
 3.6441E-03,-0.0005883910226672062
 3.6885E-03,-0.00023140555367567352
 3.7330E-03,0.0010717267065119395
 3.7774E-03,0.0024846290104796444
 3.8218E-03,0.004244872521539894
 3.8663E-03,0.007133304270185589
 3.9107E-03,0.01104095860438564
 3.9552E-03,0.014975231697240476
 3.9996E-03,0.018453248271161318
 4.0440E-03,0.022005889454283216
 4.0885E-03,0.026020132446083206
 4.1329E-03,0.02985440136264391
 4.1774E-03,0.0326533198301702
 4.2218E-03,0.03450077112900623
 4.2662E-03,0.0360538109279384
 4.3107E-03,0.037306694351934774
 4.3551E-03,0.03751551827593675
 4.3996E-03,0.03636831561248018
 4.4440E-03,0.03447248142622825
 4.4884E-03,0.03239988209296082
 4.5329E-03,0.029875852135145816
 4.5773E-03,0.026409485741984894
 4.6218E-03,0.022291007639207123
 4.6662E-03,0.0183283184421077
 4.7106E-03,0.014783560955274971
 4.7551E-03,0.011237572169455173
 4.7995E-03,0.007555391223205369
 4.8440E-03,0.004348517676702425
 4.8884E-03,0.0021977549575266857
 4.9328E-03,0.0009208021266318722
 4.9773E-03,5.0215436589429695e-05
 5.0217E-03,-0.00029613586555965406
 5.0662E-03,0.0004304736298772018
 5.1106E-03,0.002312106173882413
 5.1550E-03,0.004792305225531089
 5.1995E-03,0.007482744070822615
 5.2439E-03,0.010622858707032931
 5.2884E-03,0.014472406657556097
 5.3328E-03,0.018659557937804185
 5.3772E-03,0.022545458475956213
 5.4217E-03,0.02599453846815363
 5.4661E-03,0.02930833448609901
 5.5106E-03,0.03246979628997448
 5.5550E-03,0.03495017316502537
 5.5994E-03,0.036380312818630696
 5.6439E-03,0.0369829314433555
 5.6883E-03,0.0370844684030084
 5.7328E-03,0.03653027566172675
 5.7772E-03,0.03495128024530727
 5.8216E-03,0.0324221720615388
 5.8661E-03,0.029434193735861442
 5.9105E-03,0.026246477223288614
 5.9550E-03,0.022676162657426283
 5.9994E-03,0.01864054685955606
 6.0438E-03,0.014541449695747635
 6.0883E-03,0.01086808786508391
 6.1327E-03,0.007674083495845261
 6.1772E-03,0.004762323124228823
 6.2216E-03,0.0022435190157935763
 6.2660E-03,0.0005471394373037842
 6.3105E-03,-0.00012197196777593655
 6.3549E-03,4.607033483596082e-06
 6.3994E-03,0.0007022072622984776
 6.4438E-03,0.0021135275490585816
 6.4882E-03,0.004450017671923464
 6.5327E-03,0.007539648073134403
 6.5771E-03,0.010958261285883938
 6.6216E-03,0.01452011754567317
 6.6660E-03,0.01833509613911377
 6.7104E-03,0.022365758259299415
 6.7549E-03,0.026225575864362017
 6.7993E-03,0.029546584646846855
 6.8438E-03,0.03231641140472162
 6.8882E-03,0.03465389807152599
 6.9326E-03,0.036414345141351
 6.9771E-03,0.0372749796530416
 7.0215E-03,0.03715286150526719
 7.0660E-03,0.03627469204009472
 7.1104E-03,0.034800736688155726
 7.1548E-03,0.03262474701007341
 7.1993E-03,0.029663491262221654
 7.2437E-03,0.026147225256988076
 7.2882E-03,0.022436578020045603
 7.3326E-03,0.018669263245472082
 7.3770E-03,0.014801312845285573
 7.4215E-03,0.010951017738574362
 7.4659E-03,0.00746978253612582
 7.5104E-03,0.004624268455093117
 7.5548E-03,0.002403635429825511
 7.5992E-03,0.0007468293176437323
 7.6437E-03,-0.00019928540278986928
 7.6881E-03,-0.00021377523433286158
 7.7326E-03,0.0006966889866724219
 7.7770E-03,0.002316459316123206
 7.8214E-03,0.004518625135783756
 7.8659E-03,0.007356091417332063
 7.9103E-03,0.010811700197960777
 7.9548E-03,0.01462802908757472
 7.9992E-03,0.018496725872200748
 8.0436E-03,0.022300663164718664
 8.0881E-03,0.026028602199871326
 8.1325E-03,0.029522714912098628
 8.1770E-03,0.03248295591504053
 8.2214E-03,0.0347234463171705
 8.2658E-03,0.036269099092640505
 8.3103E-03,0.03715092706492678
 8.3547E-03,0.037247221338035624
 8.3992E-03,0.036429603682267296
 8.4436E-03,0.034770163031912535
 8.4880E-03,0.03247373494906104
 8.5325E-03,0.02965190087740211
 8.5769E-03,0.0263037575734386
 8.6214E-03,0.022520164632104257
 8.6658E-03,0.018565980852606512
 8.7102E-03,0.01470237492678992
 8.7547E-03,0.01103348968713533
 8.7991E-03,0.007611537269295169
 8.8436E-03,0.004610253143453574
 8.8880E-03,0.002274206014951995
 8.9324E-03,0.0007232820159233813
 8.9769E-03,-7.714578435106569e-05
 9.0213E-03,-0.00014541850602704185
 9.0658E-03,0.000601406829039239
 9.1102E-03,0.002210743513984289
 9.1546E-03,0.0045634966317480985
 9.1991E-03,0.007461700453264404
 9.2435E-03,0.010791160397527207
 9.2880E-03,0.01450201974636148
 9.3324E-03,0.018453653262268357
 9.3768E-03,0.022388394612296643
 9.4213E-03,0.026083190402041708
 9.4657E-03,0.029440602747892227
 9.5102E-03,0.03238633585950738
 9.5546E-03,0.03475611334558059
 9.5990E-03,0.03636457807288113
 9.6435E-03,0.037147435231130954
 9.6879E-03,0.03715197448710019
 9.7324E-03,0.03640126260751493
 9.7768E-03,0.03485772588729108
 9.8212E-03,0.03254126120329997
 9.8657E-03,0.02960367220866696
 9.9101E-03,0.026236451382265512
 9.9546E-03,0.02255968354658091
 9.9990E-03,0.018663022991467815
 1.0043E-02,0.014717230206314953
 1.0088E-02,0.010963203691105348
 1.0132E-02,0.007589000299634778
 1.0177E-02,0.004684965346357173
 1.0221E-02,0.0023350188893520936
 1.0266E-02,0.0006821930555917198
 1.0310E-02,-0.00014480390693210156
 1.0355E-02,-0.00012805938075281957
 1.0399E-02,0.0006709570312953298
 1.0443E-02,0.002213180035666154
 1.0488E-02,0.004488070029932123
 1.0532E-02,0.007420071566619332
 1.0577E-02,0.010834112550729254
 1.0621E-02,0.014540594595125876
 1.0666E-02,0.018407905174231184
 1.0710E-02,0.022316494118782244
 1.0754E-02,0.026083736635905762
 1.0799E-02,0.02949325044090141
 1.0843E-02,0.03238949701261054
 1.0888E-02,0.034694106430179984
 1.0932E-02,0.03633038455926522
 1.0977E-02,0.037189440594321756
 1.1021E-02,0.03719784010687832
 1.1066E-02,0.03637886074842396
 1.1110E-02,0.03481125979622347
 1.1154E-02,0.03255565970457603
 1.1199E-02,0.029665936953975208
 1.1243E-02,0.026259546860614356
 1.1288E-02,0.022524658821966116
 1.1332E-02,0.018646349966401417
 1.1377E-02,0.014763557865540067
 1.1421E-02,0.011013861115465462
 1.1466E-02,0.007579243676568698
 1.1510E-02,0.004647550744889646
 1.1554E-02,0.0023434275700883254
 1.1599E-02,0.0007305474839321723
 1.1643E-02,-0.0001298870462883568
 1.1688E-02,-0.00016741530737693862
 1.1732E-02,0.0006405756243799424
 1.1777E-02,0.0022345846720747808
 1.1821E-02,0.004515805792064364
 1.1865E-02,0.0073969955389657765
 1.1910E-02,0.010784214516119254
 1.1954E-02,0.014528214802699887
 1.1999E-02,0.0184335580387531
 1.2043E-02,0.02231908043719093
 1.2088E-02,0.026041859817793445
 1.2132E-02,0.029459049675703293
 1.2177E-02,0.032402824586270834
 1.2221E-02,0.034719425708108445
 1.2265E-02,0.036317227053886236
 1.2310E-02,0.03715465001791923
 1.2354E-02,0.037196290947361724
 1.2399E-02,0.03641377333665176
 1.2443E-02,0.034830768211286
 1.2488E-02,0.032538084528349775
 1.2532E-02,0.029653228190261796
 1.2577E-02,0.02628691946021178
 1.2621E-02,0.022563486145914267
 1.2665E-02,0.018651784746972645
 1.2710E-02,0.01474648829935496
 1.2754E-02,0.011020601451977897
 1.2799E-02,0.007614998673558296
 1.2843E-02,0.00466877191383162
 1.2888E-02,0.0023288930206189625
 1.2932E-02,0.0007141333230255955
 1.2976E-02,-0.00011600374442195685
 1.3021E-02,-0.00014465132060429548
 1.3065E-02,0.0006334317275850584
 1.3110E-02,0.0022043988520891416
 1.3154E-02,0.004502702460299185
 1.3199E-02,0.007409095101990619
 1.3243E-02,0.010786247163505526
 1.3288E-02,0.014500419925932463
 1.3332E-02,0.018403661043107002
 1.3376E-02,0.022316798880704924
 1.3421E-02,0.026051811243833073
 1.3465E-02,0.029447896714288244
 1.3510E-02,0.03237432893571441
 1.3554E-02,0.03470772836939398
 1.3599E-02,0.0363313120416367
 1.3643E-02,0.037165165424814885
 1.3688E-02,0.037184453630574564
 1.3732E-02,0.036401343094074744
 1.3776E-02,0.034843462845545625
 1.3821E-02,0.03256376059328894
 1.3865E-02,0.029662391318535496
 1.3910E-02,0.026280305384619382
 1.3954E-02,0.0225691475901559
 1.3999E-02,0.018678228418799188
 1.4043E-02,0.01476889618594643
 1.4087E-02,0.011021136624295378
 1.4132E-02,0.007610452180704044
 1.4176E-02,0.004681594494466578
 1.4221E-02,0.0023502500683516745
 1.4265E-02,0.0007186712037024969
 1.4310E-02,-0.00012923667228983634
 1.4354E-02,-0.00015179192256490706
 1.4399E-02,0.0006417534559369476
 1.4443E-02,0.002208597930788847
 1.4487E-02,0.004486983956467896
 1.4532E-02,0.007387111807050343
 1.4576E-02,0.010778652877587218
 1.4621E-02,0.01450206341032425
 1.4665E-02,0.018393519073140234
 1.4710E-02,0.022293151386846025
 1.4754E-02,0.02603513565204168
 1.4799E-02,0.02944790670978186
 1.4843E-02,0.03237544939481381
 1.4887E-02,0.03469572837589163
 1.4932E-02,0.03631672178508136
 1.4976E-02,0.037165835641590574
 1.5021E-02,0.03719678371083816
 1.5065E-02,0.036406931586486016
 1.5110E-02,0.03483920077511187
 1.5154E-02,0.03256604895749236
 1.5198E-02,0.0296796275716414
 1.5243E-02,0.026299109507527202
 1.5287E-02,0.022576032313349946
 1.5332E-02,0.01868057771482421
 1.5376E-02,0.01478155123419953
 1.5421E-02,0.011041448886327309
 1.5465E-02,0.007622375862075374
 1.5510E-02,0.004681222724531509
 1.5554E-02,0.0023510076186209674
 1.5598E-02,0.0007285799342569938
 1.5643E-02,-0.00012066407791279051
 1.5687E-02,-0.0001562979015681894
 1.5732E-02,0.0006299965485313831
 1.5776E-02,0.002203085100481281
 1.5821E-02,0.00448716771193759
 1.5865E-02,0.007380180409615072
 1.5910E-02,0.010761099832229521
 1.5954E-02,0.014485651539033553
 1.5998E-02,0.018386559360295308
 1.6043E-02,0.022288042026037156
 1.6087E-02,0.026021964919622158
 1.6132E-02,0.029431280244045767
 1.6176E-02,0.03236729732101456
 1.6221E-02,0.034696483204947656
 1.6265E-02,0.0363155688190686
 1.6309E-02,0.037158939856735816
 1.6354E-02,0.037193471592315404
 1.6398E-02,0.03641428209654456
 1.6443E-02,0.03485063858373235
 1.6487E-02,0.03257217844521044
 1.6532E-02,0.029683068195443182
 1.6576E-02,0.02630931292651486
 1.6621E-02,0.022593172090228587
 1.6665E-02,0.01869486693892593
 1.6709E-02,0.014788558920665556
 1.6754E-02,0.011048230514989186
 1.6798E-02,0.007634927078647345
 1.6843E-02,0.004694137798977913
 1.6887E-02,0.0023559181201309185
 1.6932E-02,0.0007271654522840452
 1.6976E-02,-0.00012013880242455388
 1.7021E-02,-0.00015274945299860427
 1.7065E-02,0.0006288957394975385
 1.7109E-02,0.002193626718181579
 1.7154E-02,0.004475674931570485
 1.7198E-02,0.007372893308661779
 1.7243E-02,0.010754686001728634
 1.7287E-02,0.014473555097088496
 1.7332E-02,0.018370397178624334
 1.7376E-02,0.022275503557578083
 1.7420E-02,0.02601502915628073
 1.7465E-02,0.02942402043677978
 1.7509E-02,0.032356441076351404
 1.7554E-02,0.03468724190209892
 1.7598E-02,0.036313482015319656
 1.7643E-02,0.03716134301555177
 1.7687E-02,0.037194331839468464
 1.7732E-02,0.036414125590269936
 1.7776E-02,0.03485538843853547
 1.7820E-02,0.03258317506830121
 1.7865E-02,0.029694674830955982
 1.7909E-02,0.026317706853427776
 1.7954E-02,0.02260178588732823
 1.7998E-02,0.018707870523449605
 1.8043E-02,0.014803335935138115
 1.8087E-02,0.011059022732844233
 1.8132E-02,0.007641416516038028
 1.8176E-02,0.0047010247155412155
 1.8220E-02,0.0023645308065353404
 1.8265E-02,0.0007329009705459818
 1.8309E-02,-0.00012061561572202395
 1.8354E-02,-0.00015644553095231416
 1.8398E-02,0.0006261804353523744
 1.8443E-02,0.0021905888667291757
 1.8487E-02,0.004468043830612116
 1.8531E-02,0.007360802155706128
 1.8576E-02,0.010742841877512717
 1.8620E-02,0.014464161123106997
 1.8665E-02,0.018360434215249702
 1.8709E-02,0.022262561372277365
 1.8754E-02,0.02600197095909266
 1.8798E-02,0.0294149764272858
 1.8843E-02,0.03235084988644628
 1.8887E-02,0.03468157371307869
 1.8931E-02,0.03630757057286627
 1.8976E-02,0.03715893893720474
 1.9020E-02,0.03719717186216235
 1.9065E-02,0.03641929336961956
 1.9109E-02,0.03486009870806299
 1.9154E-02,0.03258901145059982
 1.9198E-02,0.02970448480330789
 1.9243E-02,0.026330436054451775
 1.9287E-02,0.022613666558093066
 1.9331E-02,0.01871784919819302
 1.9376E-02,0.014813884543280238
 1.9420E-02,0.011071229913929581
 1.9465E-02,0.007652495686908494
 1.9509E-02,0.004708192486181361
 1.9554E-02,0.0023688243457882087
 1.9598E-02,0.0007368308591770177
 1.9642E-02,-0.00011756045743009527
 1.9687E-02,-0.00015712382817033305
 1.9731E-02,0.0006211501134272082
 1.9776E-02,0.002183823770219172
 1.9820E-02,0.004461323466139044
 1.9865E-02,0.007352639300215595
 1.9909E-02,0.01073152764015254
 1.9954E-02,0.014451173134786265
 1.9998E-02,0.018348684552746193
 2.0042E-02,0.02225244977939307
 2.0087E-02,0.025991636996640366
 2.0131E-02,0.029404163641402116
 2.0176E-02,0.03234199936794283
 2.0220E-02,0.03467645016173943
 2.0265E-02,0.03630498437654239
 2.0309E-02,0.037157172830929355
 2.0354E-02,0.03719701865224929
 2.0398E-02,0.036422777249146644
 2.0442E-02,0.03486709026928314
 2.0487E-02,0.03259726877414255
 2.0531E-02,0.02971294203619073
 2.0576E-02,0.026340343340431244
 2.0620E-02,0.022625846507668388
 2.0665E-02,0.018730654544852888
 2.0709E-02,0.014825149835094958
 2.0753E-02,0.011080967065981901
 2.0798E-02,0.00766200669803878
 2.0842E-02,0.004717190134833136
 2.0887E-02,0.00237529341271928
 2.0931E-02,0.0007397832884088195
 2.0976E-02,-0.00011694310800937965
 2.1020E-02,-0.00015772046368680648
 2.1065E-02,0.0006185117018138703
 2.1109E-02,0.0021778462441947983
 2.1153E-02,0.004452587689114905
 2.1198E-02,0.007343005764440617
 2.1242E-02,0.010721638884409773
 2.1287E-02,0.014440115481194931
 2.1331E-02,0.018336249412346226
 2.1376E-02,0.02224023355451044
 2.1420E-02,0.025981214992861715
 2.1465E-02,0.029395344132212602
 2.1509E-02,0.032333932259442574
 2.1553E-02,0.03466967303301839
 2.1598E-02,0.03630104860366193
 2.1642E-02,0.0371565137932473
 2.1687E-02,0.03719854638449886
 2.1731E-02,0.03642577542395879
 2.1776E-02,0.03487227774118344
 2.1820E-02,0.03260534669149438
 2.1864E-02,0.029723067588608536
 2.1909E-02,0.02635100794573562
 2.1953E-02,0.022636680662958302
 2.1998E-02,0.01874224861153465
 2.2042E-02,0.014837282813425775
 2.2087E-02,0.011092184613103734
 2.2131E-02,0.007671213338234684
 2.2176E-02,0.004724657577374812
 2.2220E-02,0.0023815179107441096
 2.2264E-02,0.0007441347594638037
 2.2309E-02,-0.00011557795247559379
 2.2353E-02,-0.00015938729800940834
 2.2398E-02,0.0006147807758513129
 2.2442E-02,0.0021725213886778423
 2.2487E-02,0.004445149079479251
 2.2531E-02,0.007333214881166788
 2.2576E-02,0.010710450254142748
 2.2620E-02,0.014428751452071276
 2.2664E-02,0.018324961148927486
 2.2709E-02,0.0222287201924748
 2.2753E-02,0.02596993422469627
 2.2798E-02,0.02938553808451178
 2.2842E-02,0.03232633727508001
 2.2887E-02,0.03466400542819753
 2.2931E-02,0.036297039479704946
 2.2975E-02,0.03715474783978301
 2.3020E-02,0.037199742478728086
 2.3064E-02,0.0364297125725391
 2.3109E-02,0.034878105820240216
 2.3153E-02,0.03261273525264403
 2.3198E-02,0.02973232252325139
 2.3242E-02,0.02636202233844925
 2.3287E-02,0.022648474169887696
 2.3331E-02,0.01875384348312629
 2.3375E-02,0.014848490236582254
 2.3420E-02,0.011103073883820015
 2.3464E-02,0.00768120047321144
 2.3509E-02,0.00473272708098498
 2.3553E-02,0.002387212917830292
 2.3598E-02,0.000747725742528741
 2.3642E-02,-0.0001139633601381255
 2.3687E-02,-0.00016021996606089902
 2.3731E-02,0.000611119068682469
 2.3775E-02,0.0021664275942963095
 2.3820E-02,0.004437378758909519
 2.3864E-02,0.007324055533054024
 2.3909E-02,0.010699813426220374
 2.3953E-02,0.014416979686639715
 2.3998E-02,0.01831299819624109
 2.4042E-02,0.022217360279701323
 2.4086E-02,0.025959355963205432
 2.4131E-02,0.029375828250153797
 2.4175E-02,0.032318092209775544
 2.4220E-02,0.03465800665168278
 2.4264E-02,0.03629353020011339
 2.4309E-02,0.03715346673697563
 2.4353E-02,0.03720061615378915
 2.4398E-02,0.036433056644205236
 2.4442E-02,0.034884024268669586
 2.4486E-02,0.032620717754447304
 2.4531E-02,0.029741691740984885
 2.4575E-02,0.026372497247162268
 2.4620E-02,0.02265996118942956
 2.4664E-02,0.01876584751826207
 2.4709E-02,0.014860138893749661
 2.4753E-02,0.011113727901120135
 2.4798E-02,0.007690682646754457
 2.4842E-02,0.00474085010504308
 2.4886E-02,0.002393422973336077
 2.4931E-02,0.0007514594946318302
 2.4975E-02,-0.00011278336778959921
 2.5020E-02,-0.00016133418341155643
 2.5064E-02,0.0006077875444255703
 2.5109E-02,0.0021607346920516552
 2.5153E-02,0.004429443564430487
 2.5197E-02,0.0073144595636694815
 2.5242E-02,0.010689186875113398
 2.5286E-02,0.01440563746744337
 2.5331E-02,0.018301180683490056
 2.5375E-02,0.022205638003613987
 2.5420E-02,0.025948506626485367
 2.5464E-02,0.02936636710560489
 2.5509E-02,0.03231018973015552
 2.5553E-02,0.034651880598326155
 2.5597E-02,0.03628963557758014
 2.5642E-02,0.037152161276117264
 2.5686E-02,0.03720184133717297
 2.5731E-02,0.0364365368161322
 2.5775E-02,0.034889640712915976
 2.5820E-02,0.03262845213344893
 2.5864E-02,0.02975125585490774
 2.5909E-02,0.026383273722905533
 2.5953E-02,0.0226713623359438
 2.5997E-02,0.01877752752566152
 2.6042E-02,0.01487175497887395
 2.6086E-02,0.011124685207528703
 2.6131E-02,0.007700308949428754
 2.6175E-02,0.004748738558016174
 2.6220E-02,0.002399418515608361
 2.6264E-02,0.0007553526550580971
 2.6308E-02,-0.00011132855984036152
 2.6353E-02,-0.00016249247176662663
 2.6397E-02,0.0006041865374263149
 2.6442E-02,0.0021549987914121927
 2.6486E-02,0.004421762815638336
 2.6531E-02,0.0073050044455894615
 2.6575E-02,0.010678371969079122
 2.6620E-02,0.014394097036120284
 2.6664E-02,0.018289476679634036
 2.6708E-02,0.022194147172123455
 2.6753E-02,0.025937627582289038
 2.6797E-02,0.02935666763854932
 2.6842E-02,0.03230222481861842
 2.6886E-02,0.03464595371795634
 2.6931E-02,0.03628586152837877
 2.6975E-02,0.03715069531886363
 2.7020E-02,0.03720288202811238
 2.7064E-02,0.036440095056948396
 2.7108E-02,0.03489545158417731
 2.7153E-02,0.03263616977967563
 2.7197E-02,0.029760617711980145
 2.7242E-02,0.026393987710625448
 2.7286E-02,0.022682931596919642
 2.7331E-02,0.018789325009030546
 2.7375E-02,0.014883250540287447
 2.7419E-02,0.011135488577295126
 2.7464E-02,0.00771000134958302
 2.7508E-02,0.00475680600960258
 2.7553E-02,0.002405422975183308
 2.7597E-02,0.0007590864801150928
 2.7642E-02,-0.00010992818447213323
 2.7686E-02,-0.00016350482311200978
 2.7731E-02,0.0006007019869700306
 2.7775E-02,0.0021491750221861177
 2.7819E-02,0.004413948589985847
 2.7864E-02,0.007295595203756687
 2.7908E-02,0.010667709121235897
 2.7953E-02,0.014382571411649609
 2.7997E-02,0.018277633892387703
 2.8042E-02,0.022182592899589595
 2.8086E-02,0.025926857540628515
 2.8131E-02,0.02934706332736575
 2.8175E-02,0.03229418173966479
 2.8219E-02,0.03463989889581058
 2.8264E-02,0.03628210766078044
 2.8308E-02,0.0371493488767906
 2.8353E-02,0.037203933948708474
 2.8397E-02,0.036443530475183665
 2.8442E-02,0.034901197207955675
 2.8486E-02,0.03264397279006089
 2.8530E-02,0.029770064081005212
 2.8575E-02,0.026404642412403114
 2.8619E-02,0.02269439348560002
 2.8664E-02,0.01880113903225673
 2.8708E-02,0.014894855453806729
 2.8753E-02,0.011146317189879665
 2.8797E-02,0.007719601767964231
 2.8842E-02,0.004764822872622556
 2.8886E-02,0.0024115065140717707
 2.8930E-02,0.0007629072417456777
 2.8975E-02,-0.00010856215041022093
 2.9019E-02,-0.00016460197289420932
 2.9064E-02,0.0005972315890266853
 2.9108E-02,0.0021434489918165907
 2.9153E-02,0.004406165580902116
 2.9197E-02,0.007286111394822825
 2.9242E-02,0.01065699634853212
 2.9286E-02,0.014371104609419495
 2.9330E-02,0.018265862599892473
 2.9375E-02,0.022171007362232605
 2.9419E-02,0.025916005141248002
 2.9464E-02,0.029337455353740834
 2.9508E-02,0.032286210045228025
 2.9553E-02,0.03463386430656695
 2.9597E-02,0.03627828212929064
 2.9641E-02,0.037147946623479866
 2.9686E-02,0.03720502374183845
 2.9730E-02,0.036447021520367245
 2.9775E-02,0.034906914840452004
 2.9819E-02,0.03265170208305113
 2.9864E-02,0.02977950260873166
 2.9908E-02,0.026415358490244324
 2.9953E-02,0.022705879843212918
 2.9997E-02,0.018812899973984873
 3.0041E-02,0.014906417758394722
 3.0086E-02,0.011157184177821147
 3.0130E-02,0.007729261672843759
 3.0175E-02,0.004772830777923932
 3.0219E-02,0.002417538126406397
 3.0264E-02,0.0007667282065742704
 3.0308E-02,-0.00010713479381457554
 3.0353E-02,-0.00016566568484634918
 3.0397E-02,0.0005937257135027995
 3.0441E-02,0.0021376892367556276
 3.0486E-02,0.004398414967969519
 3.0530E-02,0.00727668048750761
 3.0575E-02,0.010646278213023518
 3.0619E-02,0.014359589787814956
 3.0664E-02,0.018254081975418234
 3.0708E-02,0.02215946495548097
 3.0752E-02,0.025905174754487965
 3.0797E-02,0.029327808985192848
 3.0841E-02,0.0322781968138999
 3.0886E-02,0.03462784350853639
 3.0930E-02,0.03627449153693023
 3.0975E-02,0.037146532423975406
 3.1019E-02,0.0372060641223982
 3.1064E-02,0.036450495131478564
 3.1108E-02,0.034912662964279216
 3.1152E-02,0.03265944893502314
 3.1197E-02,0.029788909300519178
 3.1241E-02,0.026426039491270824
 3.1286E-02,0.022717379689158244
 3.1330E-02,0.018824697042377932
 3.1375E-02,0.014917979768068202
 3.1419E-02,0.011168018450497008
 3.1464E-02,0.007738914724360334
 3.1508E-02,0.004780874419296217
 3.1552E-02,0.002423597539151802
 3.1597E-02,0.0007705344829602207
 3.1641E-02,-0.0001057286662561153
 3.1686E-02,-0.00016671145095409183
 3.1730E-02,0.0005902581404698812
 3.1775E-02,0.0021319368056451037
 3.1819E-02,0.0043906400122900695
 3.1863E-02,0.007267242408120454
 3.1908E-02,0.010635587799416391
 3.1952E-02,0.014348096486909774
 3.1997E-02,0.01824228472293691
 3.2041E-02,0.02214789594456801
 3.2086E-02,0.025894348614788516
 3.2130E-02,0.029318185124819346
 3.2175E-02,0.03227018070701788
 3.2219E-02,0.03462179143831861
 3.2263E-02,0.036270682677476136
 3.2308E-02,0.037145130929362585
 3.2352E-02,0.03720711506855845
 3.2397E-02,0.036453948644916453
 3.2441E-02,0.034918382686439264
 3.2486E-02,0.03266719497349601
 3.2530E-02,0.029798334340801
 3.2575E-02,0.026436720795608507
 3.2619E-02,0.02272885704736898
 3.2663E-02,0.018836483247980956
 3.2708E-02,0.014929559460117554
 3.2752E-02,0.011178871793481563
 3.2797E-02,0.007748562150549289
 3.2841E-02,0.004788904429759695
 3.2886E-02,0.002429666134693821
 3.2930E-02,0.0007743672943383755
 3.2974E-02,-0.00010431077251005531
 3.3019E-02,-0.00016776693081853298
 3.3063E-02,0.0005867874442172804
 3.3108E-02,0.0021262038438229405
 3.3152E-02,0.004382885268276132
 3.3197E-02,0.007257801587122801
 3.3241E-02,0.010624883925821635
 3.3286E-02,0.014336605930701022
 3.3330E-02,0.01823050400031534
 3.3374E-02,0.022136330308695742
 3.3419E-02,0.0258835054580966
 3.3463E-02,0.02930854738196598
 3.3508E-02,0.032262169377276405
 3.3552E-02,0.034615745905341735
 3.3597E-02,0.03626686154264385
 3.3641E-02,0.03714370781770573
 3.3686E-02,0.0372081587264625
 3.3730E-02,0.03645740892716102
 3.3774E-02,0.03492410081166341
 3.3819E-02,0.03267492386661839
 3.3863E-02,0.029807746206558173
 3.3908E-02,0.026447407104594485
 3.3952E-02,0.022740344096743522
 3.3997E-02,0.01884826554953013
 3.4041E-02,0.014941128277759834
 3.4085E-02,0.011189727282634385
 3.4130E-02,0.007758225377266125
 3.4174E-02,0.004796944646225671
 3.4219E-02,0.002435731571499857
 3.4263E-02,0.0007781990034537222
 3.4308E-02,-0.0001028793478036374
 3.4352E-02,-0.0001688050999153645
 3.4397E-02,0.0005833213217416755
 3.4441E-02,0.002120466776655299
 3.4485E-02,0.0043751346427447204
 3.4530E-02,0.007248374794288228
 3.4574E-02,0.010614187905807145
 3.4619E-02,0.014325109389546824
 3.4663E-02,0.018218716033066615
 3.4708E-02,0.022124767929775864
 3.4752E-02,0.025872668099975217
 3.4797E-02,0.029298903909681793
 3.4841E-02,0.03225414368402185
 3.4885E-02,0.03460969226330308
 3.4930E-02,0.03626304139653468
 3.4974E-02,0.03714228186698833
 3.5019E-02,0.037209188882324
 3.5063E-02,0.03646085559354033
 3.5108E-02,0.03492981602667487
 3.5152E-02,0.03268265468956859
 3.5196E-02,0.029817152780403727
 3.5241E-02,0.026458082674350212
 3.5285E-02,0.022751827529648518
 3.5330E-02,0.018860054325409003
 3.5374E-02,0.014952702713847969
 3.5419E-02,0.01120058079285163
 3.5463E-02,0.007767887088196421
 3.5508E-02,0.004804992984940731
 3.5552E-02,0.0024418099730558994
 3.5596E-02,0.0007820375786592394
 3.5641E-02,-0.00010144688475746677
 3.5685E-02,-0.00016983789414664176
 3.5730E-02,0.0005798677766040571
 3.5774E-02,0.002114740198805182
 3.5819E-02,0.004367385841941423
 3.5863E-02,0.007238947328433555
 3.5908E-02,0.01060349687963202
 3.5952E-02,0.014313620169420203
 3.5996E-02,0.018206928437823275
 3.6041E-02,0.022113198787528914
 3.6085E-02,0.02586182572401878
 3.6130E-02,0.029289260599442576
 3.6174E-02,0.03224611618714148
 3.6219E-02,0.034603629306264386
 3.6263E-02,0.036259209731490584
 3.6307E-02,0.03714084985739535
 3.6352E-02,0.03721021651024177
 3.6396E-02,0.036464295694051005
 3.6441E-02,0.03493552032764301
 3.6485E-02,0.03269037791970714
 3.6530E-02,0.029826558530659502
 3.6574E-02,0.02646875839016258
 3.6619E-02,0.022763306997182126
 3.6663E-02,0.018871839022212657
 3.6707E-02,0.014964279384322002
 3.6752E-02,0.011211441285632463
 3.6796E-02,0.007777553675714225
 3.6841E-02,0.0048130429628225274
 3.6885E-02,0.002447892695168244
 3.6930E-02,0.0007858859950198715
 3.6974E-02,-0.00010000418472936462
 3.7019E-02,-0.00017086510391980928
 3.7063E-02,0.0005764178002631523
 3.7107E-02,0.002109020485201131
 3.7152E-02,0.004359646074334849
 3.7196E-02,0.007229525097283895
 3.7241E-02,0.010592805865254483
 3.7285E-02,0.014302130684849208
 3.7330E-02,0.018195143227318543
 3.7374E-02,0.022101630837600895
 3.7418E-02,0.02585097915622613
 3.7463E-02,0.029279610032567294
 3.7507E-02,0.03223808343519579
 3.7552E-02,0.03459756294338807
 3.7596E-02,0.03625537193829277
 3.7641E-02,0.037139407959739704
 3.7685E-02,0.03721123500780122
 3.7730E-02,0.0364677305172653
 3.7774E-02,0.03494122044328902
 3.7818E-02,0.03269809457975301
 3.7863E-02,0.02983595720372797
 3.7907E-02,0.026479430924253335
 3.7952E-02,0.022774787237338553
 3.7996E-02,0.018883624441831174
 3.8041E-02,0.014975855369023586
 3.8085E-02,0.011222303075547509
 3.8130E-02,0.0077872259666634455
 3.8174E-02,0.004821100445010527
 3.8218E-02,0.0024539811612072624
 3.8263E-02,0.0007897392594774482
 3.8307E-02,-9.855422895768998e-05
 3.8352E-02,-0.0001718827884308273
 3.8396E-02,0.0005729758727234064
 3.8441E-02,0.002103305626035547
 3.8485E-02,0.004351910477236561
 3.8529E-02,0.00722010846209261
 3.8574E-02,0.010582119821346223
 3.8618E-02,0.01429064247557893
 3.8663E-02,0.018183356271541565
 3.8707E-02,0.022090061214545334
 3.8752E-02,0.025840131432864007
 3.8796E-02,0.029269956104931785
 3.8841E-02,0.03223004392589467
 3.8885E-02,0.034591488926266616
 3.8929E-02,0.03625152800205986
 3.8974E-02,0.037137960308695143
 3.9018E-02,0.03721224590496819
 3.9063E-02,0.036471156688361095
 3.9107E-02,0.0349469137954319
 3.9152E-02,0.03270580711683459
 3.9196E-02,0.029845352262318024
 3.9241E-02,0.026490099249755594
 3.9285E-02,0.022786264639959645
 3.9329E-02,0.018895410364461337
 3.9374E-02,0.014987434111393593
 3.9418E-02,0.011233167598719913
 3.9463E-02,0.007796901105746054
 3.9507E-02,0.0048291629425977044
 3.9552E-02,0.0024600771212512688
 3.9596E-02,0.000793600260616508
 3.9640E-02,-9.709782656228041e-05
 3.9685E-02,-0.00017289418652889188
 3.9729E-02,0.0005695414517413453
 3.9774E-02,0.0020975983937174345
 3.9818E-02,0.004344180419109891
 3.9863E-02,0.0072106951082110534
 3.9907E-02,0.010571436490019806
 3.9952E-02,0.014279156873575824
 3.9996E-02,0.018171570142110793
 4.0040E-02,0.022078489483486313
 4.0085E-02,0.025829279869332387
 4.0129E-02,0.029260298245081667
 4.0174E-02,0.032222000014808856
 4.0218E-02,0.034585408613789274
 4.0263E-02,0.03624767610671503
 4.0307E-02,0.03713650492045754
 4.0352E-02,0.03721325020594369
 4.0396E-02,0.03647457640896024
 4.0440E-02,0.034952600106774485
 4.0485E-02,0.03271351320607635
 4.0529E-02,0.029854743038153716
 4.0574E-02,0.026500765258042285
 4.0618E-02,0.022797740414002385
 4.0663E-02,0.018907195307546375
 4.0707E-02,0.014999013861954595
 4.0751E-02,0.011244035647225838
 4.0796E-02,0.007806581091398669
 4.0840E-02,0.004837230472685061
 4.0885E-02,0.002466178753766446
 4.0929E-02,0.0007974684553698306
 4.0974E-02,-9.563327296085891e-05
 4.1018E-02,-0.00017389801321825342
 4.1063E-02,0.0005661135064290858
 4.1107E-02,0.002091897329122974
 4.1151E-02,0.004336456511354706
 4.1196E-02,0.007201286785964912
 4.1240E-02,0.010560756016142758
 4.1285E-02,0.014267672338863788
 4.1329E-02,0.018159784235214926
 4.1374E-02,0.02206691698728945
 4.1418E-02,0.025818425586526184
 4.1463E-02,0.029250635608186776
 4.1507E-02,0.032213950366593316
 4.1551E-02,0.03457932238675095
 4.1596E-02,0.036243817711048676
 4.1640E-02,0.037135041983792416
 4.1685E-02,0.03721424662133645
 4.1729E-02,0.03647798910644678
 4.1774E-02,0.03495828049822588
 4.1818E-02,0.032721213888029024
 4.1862E-02,0.0298641289175706
 4.1907E-02,0.02651142782814198
 4.1951E-02,0.022809214846506654
 4.1996E-02,0.01891898052924171
 4.2040E-02,0.015010594837685697
 4.2085E-02,0.011254906094904697
 4.2129E-02,0.007816265284589898
 4.2174E-02,0.0048453038296064465
 4.2218E-02,0.002472286865375713
 4.2262E-02,0.0008013432504626545
 4.2307E-02,-9.416168758254011e-05
 4.2351E-02,-0.00017489423199609595
 4.2396E-02,0.0005626929946878541
 4.2440E-02,0.0020862026106974792
 4.2485E-02,0.004328737775250018
 4.2529E-02,0.007191882868072642
 4.2574E-02,0.010550079027890069
 4.2618E-02,0.014256189621749318
 4.2662E-02,0.01814799814597854
 4.2707E-02,0.022055342802993712
 4.2751E-02,0.025807568600387323
 4.2796E-02,0.029240969050361654
 4.2840E-02,0.03220589523598446
 4.2885E-02,0.03457322948133906
 4.2929E-02,0.03623995227132947
 4.2973E-02,0.037133572009085285
 4.3018E-02,0.03721523580968257
 4.3062E-02,0.036481394459388625
 4.3107E-02,0.03496395414329781
 4.3151E-02,0.03272890908962551
 4.3196E-02,0.029873510572646648
 4.3240E-02,0.026522087167078122
 4.3285E-02,0.022820687266479282
 4.3329E-02,0.018930765510490593
 4.3373E-02,0.015022177444931954
 4.3418E-02,0.011265779562460014
 4.3462E-02,0.007825953524070211
 4.3507E-02,0.004853382398887796
 4.3551E-02,0.0024784014616990114
 4.3596E-02,0.0008052253316469919
 4.3640E-02,-9.26827246331951e-05
 4.3685E-02,-0.00017588326591409738
 4.3729E-02,0.0005592795495033588
 4.3773E-02,0.0020805146311800825
 4.3818E-02,0.0043210248152782274
 4.3862E-02,0.007182483293582167
 4.3907E-02,0.010539405013450454
 4.3951E-02,0.014244708682149216
 4.3996E-02,0.0181362124280965
 4.4040E-02,0.02204376723194721
 4.4084E-02,0.025796708541923286
 4.4129E-02,0.02923129820038102
 4.4173E-02,0.0321978348897981
 4.4218E-02,0.03456713038600727
 4.4262E-02,0.036236079736295654
 4.4307E-02,0.03713209454329058
 4.4351E-02,0.03721621770478021
 4.4396E-02,0.03648479293776844
 4.4440E-02,0.03496962134116432
 4.4484E-02,0.03273659854322657
 4.4529E-02,0.02988288770662168
 4.4573E-02,0.026532743515512044
 4.4618E-02,0.0228321581271638
 4.4662E-02,0.018942550246892637
 4.4707E-02,0.015033761288028469
 4.4751E-02,0.011276655926539444
 4.4796E-02,0.00783564612900133
 4.4840E-02,0.004861466365373832
 4.4884E-02,0.0024845222285788844
 4.4929E-02,0.0008091143184137217
 4.4973E-02,-9.119631810081943e-05
 4.5018E-02,-0.00017686483021102476
 4.5062E-02,0.000555873103953732
 4.5107E-02,0.0020748329927316447
 4.5151E-02,0.004313317463980228
 4.5195E-02,0.0071730883073209215
 4.5240E-02,0.01052873415258642
 4.5284E-02,0.014233229287315937
 4.5329E-02,0.018124426771273766
 4.5373E-02,0.022032190339595917
 4.5418E-02,0.025785845689827783
 4.5462E-02,0.029221623055111032
 4.5507E-02,0.03218976902410466
 4.5551E-02,0.034561024965614584
 4.5595E-02,0.03623220032112166
 4.5640E-02,0.037130609758695775
 4.5684E-02,0.037217192117294885
 4.5729E-02,0.036488184253703
 4.5773E-02,0.03497528210446408
 4.5818E-02,0.03274428245066576
 4.5862E-02,0.029892260289700042
 4.5907E-02,0.026543396575559607
 4.5951E-02,0.022843627262208333
 4.5995E-02,0.018954334888676143
 4.6040E-02,0.01504534652255762
 4.6084E-02,0.011287535065359192
 4.6129E-02,0.00784534290259194
 4.6173E-02,0.004869555800929026
 4.6218E-02,0.0024906494299544693
 4.6262E-02,0.0008130103027194815
 4.6306E-02,-8.97026094205637e-05
 4.6351E-02,-0.0001778389751770748
 4.6395E-02,0.0005524738696228359
 4.6440E-02,0.002069157912248706
 4.6484E-02,0.004305615683223397
 4.6529E-02,0.007163697768289549
 4.6573E-02,0.01051806650622974
 4.6618E-02,0.01422175166257673
 4.6662E-02,0.0181126412589711
 4.6706E-02,0.02202061199574042
 4.6751E-02,0.025774979970410925
 4.6795E-02,0.029211943762023747
 4.6840E-02,0.032181697804614995
 4.6884E-02,0.03455491317389797
 4.6929E-02,0.03622831388416796
 4.6973E-02,0.037129117685530476
 4.7018E-02,0.03721815923555178
 4.7062E-02,0.03649156849396246
 4.7106E-02,0.03498093634073882
 4.7151E-02,0.03275196076190868
 4.7195E-02,0.029901628464829348
 4.7240E-02,0.026554046518896327
 4.7284E-02,0.022855094663333797
 4.7329E-02,0.018966119325311746
 4.7373E-02,0.01505693315744623
 4.7417E-02,0.0112984171059873
 4.7462E-02,0.0078550438739519
 4.7506E-02,0.004877650562718211
 4.7551E-02,0.0024967829374279906
 4.7595E-02,0.0008169133136128267
 4.7640E-02,-8.82015359872008e-05
 4.7684E-02,-0.0001788057828365328
 4.7729E-02,0.0005490816793609658
 4.7773E-02,0.0020634893341796683
 4.7817E-02,0.004297919544894658
 4.7862E-02,0.0071543116931617
 4.7906E-02,0.010507401955560228
 4.7951E-02,0.014210275700356337
 4.7995E-02,0.018100855923393618
 4.8040E-02,0.02200903227546385
 4.8084E-02,0.025764111342647833
 4.8129E-02,0.029202260200986874
 4.8173E-02,0.032173621198632624
 4.8217E-02,0.03454879508809523
 4.8262E-02,0.036224420457651535
 4.8306E-02,0.0371276182306925
 4.8351E-02,0.03721911895797747
 4.8395E-02,0.03649494566414871
 4.8440E-02,0.03498658408995428
 4.8484E-02,0.03275963341525555
 4.8528E-02,0.02991099209358764
 4.8573E-02,0.026564693274422405
 4.8617E-02,0.022866560359358967
 4.8662E-02,0.018977903565048502
 4.8706E-02,0.01506852111351642
 4.8751E-02,0.011309301979849692
 4.8795E-02,0.007864749086802755
 4.8840E-02,0.004885750747356897
 4.8884E-02,0.002502922777420731
 4.8928E-02,0.0008208233159178995
 4.8973E-02,-8.669307736888494e-05
 4.9017E-02,-0.00017976514754391163
 4.9062E-02,0.00054569661807683
 4.9106E-02,0.0020578272531717374
 4.9151E-02,0.004290229028629112
 4.9195E-02,0.007144930139758799
 4.9240E-02,0.010496740597596341
 4.9284E-02,0.014198801433959502
 4.9328E-02,0.018089070735674406
 4.9373E-02,0.021997451187657134
 4.9417E-02,0.025753239886620462
 4.9462E-02,0.029192572437697302
 4.9506E-02,0.03216553919393148
 4.9551E-02,0.03454267067786718
 4.9595E-02,0.03622052007674905
 4.9639E-02,0.0371261114695065
 4.9684E-02,0.03722007131381538
 4.9728E-02,0.03649831574428856
 4.9773E-02,0.03499222536629822
 4.9817E-02,0.032767300491052954
 4.9862E-02,0.02992035125152976
 4.9906E-02,0.026575336853863214
 4.9951E-02,0.022878024341340317
 4.9995E-02,0.018989687645102386
 5.0039E-02,0.015080110450387955
 5.0084E-02,0.011320189691500336
 5.0128E-02,0.007874458484114704
 5.0173E-02,0.0048938563097065645
 5.0217E-02,0.00250906895269217
 5.0262E-02,0.0008247403065921701
 5.0306E-02,-8.517729220198567e-05
 5.0351E-02,-0.0001807171458060545
 5.0395E-02,0.0005423186562908842
 5.0439E-02,0.0020521716767379974
 5.0484E-02,0.004282544114929182
 5.0528E-02,0.007135553049336707
 5.0573E-02,0.010486082391265129
 5.0617E-02,0.014187328870704365
 5.0662E-02,0.018077285706053964
 5.0706E-02,0.02198586869849948
 5.0750E-02,0.02574236555131059
 5.0795E-02,0.029182880459216073
 5.0839E-02,0.032157451809702774
 5.0884E-02,0.03453653993877719
 5.0928E-02,0.036216612697715915
 5.0973E-02,0.03712459736426358
 5.1017E-02,0.03722101629946875
 5.1062E-02,0.036501678728774606
 5.1106E-02,0.0349978601215231
 5.1150E-02,0.03277496191957806
 5.1195E-02,0.029929705895903103
 5.1239E-02,0.026585977241118774
 5.1284E-02,0.022889486577239992
 5.1328E-02,0.019001471508274956
 5.1373E-02,0.015091701129346527
 5.1417E-02,0.011331080249670385
 5.1462E-02,0.007884172092278124
 5.1506E-02,0.004901967254625516
 5.1550E-02,0.002515221458736039
 5.1595E-02,0.0008286643106898838
 5.1639E-02,-8.365412674989927e-05
 5.1684E-02,-0.0001816617358596284
 5.1728E-02,0.0005389478074012602
 5.1773E-02,0.0020465226206107154
 5.1817E-02,0.004274864846626376
 5.1861E-02,0.007126180469993265
 5.1906E-02,0.010475427358321366
 5.1950E-02,0.014175858016440907
 5.1995E-02,0.018065500859331764
 5.2039E-02,0.021974284854252207
 5.2084E-02,0.025731488371227074
 5.2128E-02,0.02917318427304452
 5.2173E-02,0.0321493590520674
 5.2217E-02,0.034530402898959194
 5.2261E-02,0.03621269835515811
 5.2306E-02,0.03712307593021387
 5.2350E-02,0.037221953919374266
 5.2395E-02,0.0365050346413305
 5.2439E-02,0.03500348840196527
 5.2484E-02,0.03278261774152008
 5.2528E-02,0.029939056047177903
 5.2573E-02,0.026596614456215185
 5.2617E-02,0.022900947104329977
 5.2661E-02,0.01901325519175682
 5.2706E-02,0.015103293159575584
 5.2750E-02,0.011341973638811812
 5.2795E-02,0.007893889897943969
 5.2839E-02,0.004910083578840875
 5.2884E-02,0.0025213802823086094
 5.2928E-02,0.0008325952938922452
 5.2972E-02,-8.212361782296751e-05
 5.3017E-02,-0.00018259893709653035
 5.3061E-02,0.0005355840607900429
 5.3106E-02,0.002040880062517648
 5.3150E-02,0.004267191192057396
 5.3195E-02,0.00711681238152842
 5.3239E-02,0.01046477549462817
 5.3284E-02,0.014164388863471105
 5.3328E-02,0.018053716171709713
 5.3372E-02,0.02196269962890717
 5.3417E-02,0.025720608335249986
 5.3461E-02,0.029163483876248168
 5.3506E-02,0.0321412609079828
 5.3550E-02,0.03452425953537973
 5.3595E-02,0.036208777032699486
 5.3639E-02,0.037121547161206324
 5.3684E-02,0.037222884160221036
 5.3728E-02,0.036508383449748834
 5.3772E-02,0.03500911016814432
 5.3817E-02,0.032790267925861497
 5.3861E-02,0.029948401678460728
 5.3906E-02,0.026607248461948462
 5.3950E-02,0.02291240587751552
 5.3995E-02,0.01902503866182452
 5.4039E-02,0.015114886528163524
 5.4083E-02,0.011352869855656802
 5.4128E-02,0.007903611896443391
 5.4172E-02,0.004918205282674216
 5.4217E-02,0.00252754543954127
 5.4261E-02,0.0008365332829787932
 5.4306E-02,-8.058574299113128e-05
 5.4350E-02,-0.0001835287340752901
 5.4395E-02,0.0005322274363727584
 5.4439E-02,0.002035244031615084
 5.4483E-02,0.004259523178883964
 5.4528E-02,0.007107448801008222
 5.4572E-02,0.010454126814017188
 5.4617E-02,0.014152921434527925
 5.4661E-02,0.018041931672778316
 5.4706E-02,0.02195111304662785
 5.4750E-02,0.025709725459075954
 5.4795E-02,0.029153779285600683
 5.4839E-02,0.03213315740046428
 5.4883E-02,0.03451810986929534
 5.4928E-02,0.03620484874258074
 5.4972E-02,0.037120011067165205
 5.5017E-02,0.037223807040928716
 5.5061E-02,0.036511725181154246
 5.5106E-02,0.035014725445037094
 5.5150E-02,0.032797912492525665
 5.5194E-02,0.02995774281285994
 5.5239E-02,0.0266178792888457
 5.5283E-02,0.02292386292580477
 5.5328E-02,0.019036821935290434
 5.5372E-02,0.01512648124079015
 5.5417E-02,0.011363768902539737
 5.5461E-02,0.00791333808739423
 5.5506E-02,0.004926332356531778
 5.5550E-02,0.002533716910877118
 5.5594E-02,0.0008404782571980302
 5.5639E-02,-7.904051772804159e-05
 5.5683E-02,-0.00018445114093811402
 5.5728E-02,0.0005288779156000256
 5.5772E-02,0.0020296145082353747
 5.5817E-02,0.004251860793948483
 5.5861E-02,0.007098089721401992
 5.5906E-02,0.010443481307357796
 5.5950E-02,0.014141455714718823
 5.5994E-02,0.018030147347494765
 5.6039E-02,0.021939525097199302
 5.6083E-02,0.025698839733782442
 5.6128E-02,0.029144070487971345
 5.6172E-02,0.03212504851432399
 5.6217E-02,0.034511953889778575
 5.6261E-02,0.036200913477523834
 5.6305E-02,0.037118467636535875
 5.6350E-02,0.037224722541376605
 5.6394E-02,0.036515059811298184
 5.6439E-02,0.03502033420922464
 5.6483E-02,0.032805551416549644
 5.6528E-02,0.029967079419244105
 5.6572E-02,0.026628506901927047
 5.6617E-02,0.022935318218265888
 5.6661E-02,0.019048604989338472
 5.6705E-02,0.015138077280449186
 5.6750E-02,0.011374670766626514
 5.6794E-02,0.00792306846518695
 5.6839E-02,0.004934464804432867
 5.6883E-02,0.00253989470634312
 5.6928E-02,0.0008444302269698877
 5.6972E-02,-7.748793149078782e-05
 5.7017E-02,-0.0001853661432227633
 5.7061E-02,0.0005255355170367562
 5.7105E-02,0.0020239915101593776
 5.7150E-02,0.00424420405132195
 5.7194E-02,0.007088735156486682
 5.7239E-02,0.010432838992467287
 5.7283E-02,0.014129991724752579
 5.7328E-02,0.018018363215276844
 5.7372E-02,0.021927935798196907
 5.7416E-02,0.02568795117811384
 5.7461E-02,0.029134357503630387
 5.7505E-02,0.03211693426726036
 5.7550E-02,0.034505791609417545
 5.7594E-02,0.036196971248263314
 5.7639E-02,0.03711691688287533
 5.7683E-02,0.03722563067812626
 5.7728E-02,0.03651838735678761
 5.7772E-02,0.03502593647697089
 5.7816E-02,0.032813184716757954
 5.7861E-02,0.029976411519879807
 5.7905E-02,0.026639131323395102
 5.7950E-02,0.022946771773106757
 5.7994E-02,0.019060387837490464
 5.8039E-02,0.015149674656549636
 5.8083E-02,0.011385575451710067
 5.8128E-02,0.007932803026122153
 5.8172E-02,0.004942602616724832
 5.8216E-02,0.00254607881461896
 5.8261E-02,0.0008483891816261709
 5.8305E-02,-7.59279956490241e-05
 5.8350E-02,-0.00018627375413603903
 5.8394E-02,0.0005222002279201695
 5.8439E-02,0.002018375028090864
 5.8483E-02,0.004236552944808845
 5.8527E-02,0.007079385100050831
 5.8572E-02,0.010422199861574662
 5.8616E-02,0.014118529456595372
 5.8661E-02,0.018006579268609234
 5.8705E-02,0.021916345141172317
 5.8750E-02,0.025677059781546576
 5.8794E-02,0.02912464032158443
 5.8839E-02,0.03210881465023762
 5.8883E-02,0.0344996230206389
 5.8927E-02,0.03619302204578452
 5.8972E-02,0.03711535879400608
 5.9016E-02,0.0372265314365329
 5.9061E-02,0.03652170780111581
 5.9105E-02,0.03503153222871298
 5.9150E-02,0.03282081236944641
 5.9194E-02,0.02998573908825791
 5.9239E-02,0.026649752526631626
 5.9283E-02,0.022958223565309674
 5.9327E-02,0.019072170457141976
 5.9372E-02,0.015161273350642311
 5.9416E-02,0.01139648294597246
 5.9461E-02,0.007942541765541794
 5.9505E-02,0.004950745793697998
 5.9550E-02,0.0025522692385358953
 5.9594E-02,0.0008523551263283529
 5.9638E-02,-7.436070186811114e-05
 5.9683E-02,-0.00018717396273996441
 5.9727E-02,0.0005188720597632973
 5.9772E-02,0.0020127650730908933
 5.9816E-02,0.004228907485938292
 5.9861E-02,0.0070700395651777746
 5.9905E-02,0.010411563929061654
 5.9950E-02,0.014107068925129652
 5.9994E-02,0.017994795523206035
 6.0038E-02,0.021904753143318727
 6.0083E-02,0.02566616556196985
 6.0127E-02,0.029114918958357383
 6.0172E-02,0.03210068967711997
 6.0216E-02,0.03449344813542714
 6.0261E-02,0.036189065881556855
 6.0305E-02,0.03711379338143081
 6.0350E-02,0.03722742482817825
 6.0394E-02,0.03652502115656208
 6.0438E-02,0.03503712147828141
 6.0483E-02,0.03282843438986599
 6.0527E-02,0.029995062139996916
 6.0572E-02,0.02666037052675829
 6.0616E-02,0.0229696736089485
 6.0661E-02,0.019083952860148967
 6.0705E-02,0.01517287337031739
 6.0749E-02,0.011407393251437838
 6.0794E-02,0.007952284680881492
 6.0838E-02,0.004958894330438953
 6.0883E-02,0.002558465972173034
 6.0927E-02,0.000856328054111686
 6.0972E-02,-7.278605794183398e-05
 6.1016E-02,-0.00018806677650393263
 6.1061E-02,0.0005155510065756645
 6.1105E-02,0.0020071616405774153
 6.1149E-02,0.00422126767070387
 6.1194E-02,0.007060698548036544
 6.1238E-02,0.01040093119117209
 6.1283E-02,0.014095610126132876
 6.1327E-02,0.017983011973445047
 6.1372E-02,0.021893159797506955
 6.1416E-02,0.025655268511730805
 6.1461E-02,0.02910519340679935
 6.1505E-02,0.032092559341265425
 6.1549E-02,0.03448726694694474
 6.1594E-02,0.03618510274803291
 6.1638E-02,0.037112220636455896
 6.1683E-02,0.03722831084236508
 6.1727E-02,0.03652832740939754
 6.1772E-02,0.035042704208765194
 6.1816E-02,0.032836050758749895
 6.1860E-02,0.030004380654297495
 6.1905E-02,0.02667098530186953
 6.1949E-02,0.022981121881988798
 6.1994E-02,0.01909573502647484
 6.2038E-02,0.015184474699911354
 6.2083E-02,0.011418306357782994
 6.2127E-02,0.007962031766302714
 6.2172E-02,0.004967048224383686
 6.2216E-02,0.0025646690158235663
 6.2260E-02,0.0008603079680770277
 6.2305E-02,-7.1204058663339e-05
 6.2349E-02,-0.00018895218906956568
 6.2394E-02,0.0005122370753653398
 6.2438E-02,0.002001564738314609
 6.2483E-02,0.004213633507736636
 6.2527E-02,0.0070513620579804445
 6.2572E-02,0.010390301658292274
 6.2616E-02,0.014084153071748809
 6.2660E-02,0.017971228633478695
 6.2705E-02,0.02188156511900383
 6.2749E-02,0.0256443686458483
 6.2794E-02,0.029095463680851027
 6.2838E-02,0.032084423655428296
 6.2883E-02,0.034481079466612774
 6.2927E-02,0.03618113265515836
 6.2971E-02,0.03711064056797567
 6.3016E-02,0.03722918948800931
 6.3060E-02,0.03653162656944142
 6.3105E-02,0.03504828043074977
 6.3149E-02,0.03284366148697712
 6.3194E-02,0.030013694642303905
 6.3238E-02,0.026681596863510723
 6.3283E-02,0.022992568395599985
 6.3327E-02,0.019107516965169744
 6.3371E-02,0.01519607734493299
 6.3416E-02,0.011429222266868084
 6.3460E-02,0.007971783020977657
 6.3505E-02,0.004975207472918651
 6.3549E-02,0.0025708783655893153
 6.3594E-02,0.0008642948636311005
 6.3638E-02,-6.961470849534005e-05
 6.3683E-02,-0.00018983020429753976
 6.3727E-02,0.0005089302629163735
 6.3771E-02,0.0019959743637650382
 6.3816E-02,0.0042060049953634195
 6.3860E-02,0.0070420300940959414
 6.3905E-02,0.010379675329401332
 6.3949E-02,0.014072697759830848
 6.3994E-02,0.017959445499739428
 6.4038E-02,0.021869969103278403
 6.4082E-02,0.025633465959385107
 6.4127E-02,0.029085729775374405
 6.4171E-02,0.032076282614322486
 6.4216E-02,0.034474885689154404
 6.4260E-02,0.036177155597395774
 6.4305E-02,0.03710905316931806
 6.4349E-02,0.0372300607563545
 6.4394E-02,0.036534918625513065
 6.4438E-02,0.03505385013102801
 6.4482E-02,0.0328512665596086
 6.4527E-02,0.030023004087324744
 6.4571E-02,0.026692205193533974
 6.4616E-02,0.023004013131454202
 6.4660E-02,0.019119298659595364
 6.4705E-02,0.015207681291820482
 6.4749E-02,0.01144014096857386
 6.4794E-02,0.007981538437927987
 6.4838E-02,0.004983372071824907
 6.4882E-02,0.0025770940196644626
 6.4927E-02,0.0008682887409087435
 6.4971E-02,-6.801800577302907e-05
 6.5016E-02,-0.00019070081912091877
 6.5060E-02,0.0005056305736857582
 6.5105E-02,0.0019903905224963243
 6.5149E-02,0.00419838213992461
 6.5193E-02,0.0070327026636338
 6.5238E-02,0.010369052213206508
 6.5282E-02,0.014061244200902632
 6.5327E-02,0.017947662584234577
 6.5371E-02,0.021858371763060463
 6.5416E-02,0.025622560465054046
 6.5460E-02,0.02907599170251946
 6.5505E-02,0.03206813622900784
 6.5549E-02,0.03446868562407011
 6.5593E-02,0.036173171582744586
 6.5638E-02,0.03710745844768342
 6.5682E-02,0.03723092465455484
 6.5727E-02,0.036538203585017234
 6.5771E-02,0.03505941331714043
 6.5816E-02,0.03285886598433108
 6.5860E-02,0.030032308997436447
 6.5905E-02,0.0267028103003225
 6.5949E-02,0.023015456097425883
 6.5993E-02,0.019131080115967036
 6.6038E-02,0.01521928654432948
 6.6082E-02,0.011451062464183325
 6.6127E-02,0.007991298016434185
 6.6171E-02,0.004991542019042804
 6.6216E-02,0.0025833159754005412
 6.6260E-02,0.0008722895973653424
 6.6304E-02,-6.64139525021366e-05
 6.6349E-02,-0.0001915640348816982
 6.6393E-02,0.0005023380069808099
 6.6438E-02,0.001984813214621431
 6.6482E-02,0.004190764942339629
 6.6527E-02,0.007023379767790534
 6.6571E-02,0.01035843231035512
 6.6616E-02,0.014049792394456098
 6.6660E-02,0.01793587988524204
 6.6704E-02,0.021846773095667692
 6.6749E-02,0.025611652159519854
 6.6793E-02,0.029066249458546266
 6.6838E-02,0.03205998449557739
 6.6882E-02,0.03446247926741321
 6.6927E-02,0.036169180606965105
 6.6971E-02,0.03710585639789044
 6.7016E-02,0.037231781175845885
 6.7060E-02,0.03654148143933752
 6.7104E-02,0.03506496997869603
 6.7149E-02,0.03286645974906358
 6.7193E-02,0.03004160935892347
 6.7238E-02,0.026713412168901822
 6.7282E-02,0.023026897278233396
 6.7327E-02,0.01914286131994547
 6.7371E-02,0.015230893090136699
 6.7415E-02,0.011461986743895779
 6.7460E-02,0.008001061749252504
 6.7504E-02,0.0049997173096296785
 6.7549E-02,0.002589544229775268
 6.7593E-02,0.0008762974316118902
 6.7638E-02,-6.480254859003677e-05
 6.7682E-02,-0.00019241985008033337
 6.7727E-02,0.0004990525655902342
 6.7771E-02,0.0019792424439260548
 6.7815E-02,0.00418315340725629
 6.7860E-02,0.007014061412234797
 6.7904E-02,0.010347815627907153
 6.7949E-02,0.014038342349152739
 6.7993E-02,0.017924097412769444
 6.8038E-02,0.02183517311191527
 6.8082E-02,0.025600741053720923
 6.8127E-02,0.02905650305388174
 6.8171E-02,0.032051827423399765
 6.8215E-02,0.034456266627193026
 6.8260E-02,0.03616518267680236
 6.8304E-02,0.03710424702578882
 6.8349E-02,0.037232630325609216
 6.8393E-02,0.03654475219362139
 6.8438E-02,0.03507052012067038
 6.8482E-02,0.03287404785876856
 6.8526E-02,0.03005090517691477
 6.8571E-02,0.02672401080454368
 6.8615E-02,0.023038336678844015
 6.8660E-02,0.019154642275476613
 6.8704E-02,0.015242500931594707
 6.8749E-02,0.011472913808408872
 6.8793E-02,0.008010829635859707
 6.8838E-02,0.005007897942432674
 6.8882E-02,0.002595778781498783
 6.8926E-02,0.000880312242581252
 6.8971E-02,-6.318379461669739e-05
 6.9015E-02,-0.00019326826465284962
 6.9060E-02,0.0004957742502566375
 6.9104E-02,0.0019736782118575506
 6.9149E-02,0.0041755475366986195
 6.9193E-02,0.007004747599225035
 6.9238E-02,0.010337202167729771
 6.9282E-02,0.01402689406585384
 6.9326E-02,0.01791231516656993
 6.9371E-02,0.021823571810683513
 6.9415E-02,0.025589827145961155
 6.9460E-02,0.029046752486372177
 6.9504E-02,0.032043665009984255
 6.9549E-02,0.03445004770067436
 6.9593E-02,0.036161177789184866
 6.9637E-02,0.037102630327496555
 6.9682E-02,0.03723347209856843
 6.9726E-02,0.03654801584094936
 6.9771E-02,0.0350760637346232
 6.9815E-02,0.03288163030359388
 6.9860E-02,0.030060196440173673
 6.9904E-02,0.02673460619483512
 6.9949E-02,0.023049774286377167
 6.9993E-02,0.019166422970288335
 7.0037E-02,0.015254110057957439
 7.0082E-02,0.011483843648844935
 7.0126E-02,0.008020601669174543
 7.0171E-02,0.005016083911994458
 7.0215E-02,0.0026020196266529206
 7.0260E-02,0.0008843340277417549
 7.0304E-02,-6.155769188981883e-05
 7.0349E-02,-0.00019410927872091186
 7.0393E-02,0.0004925030621273954
 7.0437E-02,0.0019681205207790937
 7.0482E-02,0.0041679473340700685
 7.0526E-02,0.006995438333220976
 7.0571E-02,0.010326591935667095
 7.0615E-02,0.014015447552067625
 7.0660E-02,0.017900533155500796
 7.0704E-02,0.021811969201477297
 7.0748E-02,0.025578910445738345
 7.0793E-02,0.029036997765100825
 7.0837E-02,0.0320354972635675
 7.0882E-02,0.03444382249487538
 7.0926E-02,0.03615716594970669
 7.0971E-02,0.03710100630749902
 7.1015E-02,0.03723430649858192
 7.1060E-02,0.036551272384786275
 7.1104E-02,0.035081600823621314
 7.1148E-02,0.03288920708632989
 7.1193E-02,0.030069483151498124
 7.1237E-02,0.026745198342734897
 7.1282E-02,0.02306121010366815
 7.1326E-02,0.01917820340649387
 7.1371E-02,0.015265720470214229
 7.1415E-02,0.011494776265181639
 7.1460E-02,0.008030377848494172
 7.1504E-02,0.0050242752173437445
 7.1548E-02,0.002608266764333886
 7.1593E-02,0.0008883627866357188
 7.1637E-02,-5.992424015911519e-05
 7.1682E-02,-0.00019494289126484663
 7.1726E-02,0.0004892390028736796
 7.1771E-02,0.0019625693729775386
 7.1815E-02,0.00416035280230192
 7.1859E-02,0.006986133617487546
 7.1904E-02,0.01031598493466594
 7.1948E-02,0.014004002809855023
 7.1993E-02,0.01788875138064705
 7.2037E-02,0.021800365284630724
 7.2082E-02,0.025567990952804615
 7.2126E-02,0.0290272388892557
 7.2171E-02,0.032027324182891996
 7.2215E-02,0.034437591008164174
 7.2259E-02,0.036153147156318156
 7.2304E-02,0.03709937496294621
 7.2348E-02,0.037235133521586944
 7.2393E-02,0.03655452181971331
 7.2437E-02,0.03508713138097193
 7.2482E-02,0.032896778199028906
 7.2526E-02,0.030078765301642132
 7.2571E-02,0.02675578723786854
 7.2615E-02,0.02307264411982037
 7.2659E-02,0.019189983573523885
 7.2704E-02,0.015277332158796
 7.2748E-02,0.011505711649087808
 7.2793E-02,0.008040158166821982
 7.2837E-02,0.005032471852817553
 7.2882E-02,0.0026145201901937847
 7.2926E-02,0.0008923985161107986
 7.2970E-02,-5.82834414252643e-05
 7.3015E-02,-0.00019576910309617959
 7.3059E-02,0.0004859820729663263
 7.3104E-02,0.001957024770127553
 7.3148E-02,0.004152763944106223
 7.3193E-02,0.006976833455849176
 7.3237E-02,0.010305381169935849
 7.3282E-02,0.013992559845883226
 7.3326E-02,0.017876969849786678
 7.3370E-02,0.021788760068456935
 7.3415E-02,0.025557068675506403
 7.3459E-02,0.02901747586683706
 7.3504E-02,0.03201914577517461
 7.3548E-02,0.03443135324658179
 7.3593E-02,0.036149121413732166
 7.3637E-02,0.037097736297441924
 7.3682E-02,0.03723595317041128
 7.3726E-02,0.036557764147952074
 7.3770E-02,0.03509265540830866
 7.3815E-02,0.03290434364288062
 7.3859E-02,0.030088042891663013
 7.3904E-02,0.026766372881333197
 7.3948E-02,0.02308407633577532
 7.3993E-02,0.0192017634718373
 7.4037E-02,0.015288945123479995
 7.4081E-02,0.011516649799815901
 7.4126E-02,0.00804994262316203
 7.4170E-02,0.005040673817509972
 7.4215E-02,0.002620779903718855
 7.4259E-02,0.0008964412163314759
 7.4304E-02,-5.6635294746327255e-05
 7.4348E-02,-0.00019658791252275324
 7.4393E-02,0.00048273227477795217
 7.4437E-02,0.0019514867152678626
 7.4481E-02,0.004145180763111637
 7.4526E-02,0.006967537852182521
 7.4570E-02,0.010294780645047779
 7.4615E-02,0.013981118663013464
 7.4659E-02,0.01786518856499147
 7.4704E-02,0.02177715355435447
 7.4748E-02,0.02554614361466368
 7.4793E-02,0.029007708698112897
 7.4837E-02,0.03201096204017993
 7.4881E-02,0.03442510920946865
 7.4926E-02,0.03614508872080221
 7.4970E-02,0.037096090309082876
 7.5015E-02,0.037236765442085144
 7.5059E-02,0.03656099936532916
 7.5104E-02,0.03509817290027895
 7.5148E-02,0.0329119034113706
 7.5192E-02,0.030097315913874108
 7.5237E-02,0.02677695526440167
 7.5281E-02,0.02309550674226898
 7.5326E-02,0.019213543092272883
 7.5370E-02,0.015300559355738447
 7.5415E-02,0.011527590709754006
 7.5459E-02,0.008059731210926244
 7.5504E-02,0.005048881105899378
 7.5548E-02,0.002627045900486884
 7.5592E-02,0.0009004908839179634
 7.5637E-02,-5.497980240736801e-05
 7.5681E-02,-0.00019739932065317443
 7.5726E-02,0.00047948960841861257
 7.5770E-02,0.0019459552096551356
 7.5815E-02,0.00413760326158847
 7.5859E-02,0.0069582468098240875
 7.5904E-02,0.010284183364576746
 7.5948E-02,0.01396967926709152
 7.5992E-02,0.017853407533113787
 7.6037E-02,0.021765545749659485
 7.6081E-02,0.025535215777625273
 7.6126E-02,0.028997937390071143
 7.6170E-02,0.03200277298420483
 7.6215E-02,0.03441885890208658
 7.6259E-02,0.03614104908155967
 7.6303E-02,0.03709443700075484
 7.6348E-02,0.0372375703385821
 7.6392E-02,0.03656422747303352
 7.6437E-02,0.03510368385737286
 7.6481E-02,0.032919457504468966
 7.6526E-02,0.030106584367981522
 7.6570E-02,0.026787534386740273
 7.6615E-02,0.02310693533885894
 7.6659E-02,0.01922532243405483
 7.6703E-02,0.015312174854452415
 7.6748E-02,0.011538534377588176
 7.6792E-02,0.008069523928875118
 7.6837E-02,0.005057093717068234
 7.6881E-02,0.0026333181800649373
 7.6926E-02,0.0009045475191982466
 7.6970E-02,-5.331696322689991e-05
 7.7015E-02,-0.00019820332549009618
 7.7059E-02,0.0004762540765817905
 7.7103E-02,0.0019404302565695713
 7.7148E-02,0.004130031443384564
 7.7192E-02,0.006948960332886181
 7.7237E-02,0.01027358933246856
 7.7281E-02,0.013958241661573029
 7.7326E-02,0.01784162675695134
 7.7370E-02,0.021753936656618653
 7.7414E-02,0.025524285166100696
 7.7459E-02,0.02898816194386179
 7.7503E-02,0.031994578607842536
 7.7548E-02,0.034412602324512896
 7.7592E-02,0.03613700249554572
 7.7637E-02,0.03709277637124458
 7.7681E-02,0.0372383678576815
 7.7726E-02,0.03656744846776667
 7.7770E-02,0.03510918827524091
 7.7814E-02,0.0329270059167989
 7.7859E-02,0.030115848247582164
 7.7903E-02,0.0267981102410092
 7.7948E-02,0.023118362117609818
 7.7992E-02,0.019237101489219817
 7.8037E-02,0.015323791612031477
 7.8081E-02,0.011549480796334858
 7.8126E-02,0.008079320770760512
 7.8170E-02,0.005065311645570701
 7.8214E-02,0.002639596737972159
 7.8259E-02,0.000908611118652167
 7.8303E-02,-5.164677970092256e-05
 7.8348E-02,-0.00019899992842014447
 7.8392E-02,0.00047302567902611443
 7.8437E-02,0.0019349118569542956
 7.8481E-02,0.00412246531049824
 7.8525E-02,0.006939678424457928
 7.8570E-02,0.010262998552967612
 7.8614E-02,0.01394680585175485
 7.8659E-02,0.017829846242688442
 7.8703E-02,0.021742326281820372
 7.8748E-02,0.02551335178664908
 7.8792E-02,0.028978382365649053
 7.8837E-02,0.03198637891656596
 7.8881E-02,0.03440633948130602
 7.8925E-02,0.036132948966182375
 7.8970E-02,0.03709110842281582
 7.9014E-02,0.037239158000633384
 7.9059E-02,0.03657066234991986
 7.9103E-02,0.035114686153558436
 7.9148E-02,0.03293454864743066
 7.9192E-02,0.030125107551349273
 7.9237E-02,0.026808682825735307
 7.9281E-02,0.023129787076987936
 7.9325E-02,0.019248880256072614
 7.9370E-02,0.01533540962655768
 7.9414E-02,0.011560429964052361
 7.9459E-02,0.00808912173491008
 7.9503E-02,0.005073534890247108
 7.9548E-02,0.0026458815736460427
 7.9592E-02,0.0009126816824690798
 7.9636E-02,-4.996925075347611e-05
 7.9681E-02,-0.00019978912744445914
 7.9725E-02,0.00046980441858818055
 7.9770E-02,0.0019294000142929075
 7.9814E-02,0.004114904866946607
 7.9859E-02,0.006930401088882224
 7.9903E-02,0.01025241103040388
 7.9948E-02,0.013935371841622678
 7.9992E-02,0.017818065993702354
 8.0036E-02,0.021730714628090002
 8.0081E-02,0.02550241564162422
 8.0125E-02,0.028968598657300566
 8.0170E-02,0.031978173911639846
 8.0214E-02,0.034400070373053385
 8.0259E-02,0.03612888849342078
 8.0303E-02,0.0370894331547603
 8.0348E-02,0.037239940765869076
 8.0392E-02,0.03657386911689658
 8.0436E-02,0.035120177488685955
 8.0481E-02,0.03294208569178382
 8.0525E-02,0.03013436227381325
 8.0570E-02,0.026819252134561027
 8.0614E-02,0.02314121021000859
 8.0659E-02,0.019260658727439227
 8.0703E-02,0.015347028891123219
 8.0747E-02,0.011571381874265985
 8.0792E-02,0.008098926815349572
 8.0836E-02,0.0050817634457788466
 8.0881E-02,0.002652172682648784
 8.0925E-02,0.0009167592072272716
 8.0970E-02,-4.8284378800812875e-05
 8.1014E-02,-0.00020057092395971198
 8.1059E-02,0.00046659029500164075
 8.1103E-02,0.001923894729501903
 8.1147E-02,0.004107350114758949
 8.1192E-02,0.006921128329163383
 8.1236E-02,0.01024182676871846
 8.1281E-02,0.013923939636072115
 8.1325E-02,0.017806286015670282
 8.1370E-02,0.021719101701450735
 8.1414E-02,0.025491476736937198
 8.1459E-02,0.028958810824312415
 8.1503E-02,0.03196996359796887
 8.1547E-02,0.03439379500378217
 8.1592E-02,0.03612482108020582
 8.1636E-02,0.0370877505688356
 8.1681E-02,0.03724071615412086
 8.1725E-02,0.03657706876855349
 8.1770E-02,0.035125662279646766
 8.1814E-02,0.03294961704816579
 8.1858E-02,0.030143612412810276
 8.1903E-02,0.02682981816516734
 8.1947E-02,0.023152631514260273
 8.1992E-02,0.01927243690078859
 8.2036E-02,0.015358649403104075
 8.2081E-02,0.01158233652452038
 8.2125E-02,0.008108736010071381
 8.2170E-02,0.005089997310791748
 8.2214E-02,0.0026584700643002292
 8.2258E-02,0.0009208436930333167
 8.2303E-02,-4.6592162778315055e-05
 8.2347E-02,-0.0002013453159428955
 8.2392E-02,0.0004633833110893256
 8.2436E-02,0.0019183960060497362
 8.2481E-02,0.004099801057950098
 8.2525E-02,0.00691186014972523
 8.2570E-02,0.010231245772439723
 8.2614E-02,0.01391250923933733
 8.2658E-02,0.017794506312346796
 8.2703E-02,0.02170748750525249
 8.2747E-02,0.025480535075560806
 8.2792E-02,0.02894901886910744
 8.2836E-02,0.03196174797725579
 8.2881E-02,0.034387513374558684
 8.2925E-02,0.03612074672699859
 8.2969E-02,0.037086060664844045
 8.3014E-02,0.03724148416423607
 8.3058E-02,0.03658026130268675
 8.3103E-02,0.03513114052332662
 8.3147E-02,0.032957142712638755
 8.3192E-02,0.030152857963535902
 8.3236E-02,0.02684038091183858
 8.3281E-02,0.023164050983439002
 8.3325E-02,0.019284214769678565
 8.3369E-02,0.015370271156232844
 8.3414E-02,0.011593293908809654
 8.3458E-02,0.008118549313450069
 8.3503E-02,0.005098236480259755
 8.3547E-02,0.0026647737144614558
 8.3592E-02,0.0009249351366767162
 8.3636E-02,-4.489260502726271e-05
 8.3681E-02,-0.00020211230476599066
 8.3725E-02,0.0004601834666205945
 8.3769E-02,0.001912903844904933
 8.3814E-02,0.004092257698486585
 8.3858E-02,0.006902596553412262
 8.3903E-02,0.010220668045326047
 8.3947E-02,0.013901080656113571
 8.3992E-02,0.01778272688912817
 8.4036E-02,0.02169587204506424
 8.4080E-02,0.025469590662876223
 8.4125E-02,0.02893922279674894
 8.4169E-02,0.0319535270540497
 8.4214E-02,0.034381225489047575
 8.4258E-02,0.036116665436320805
 8.4303E-02,0.037084363444115497
 8.4347E-02,0.03724224479659261
 8.4392E-02,0.03658344671879348
 8.4436E-02,0.03513661221828878
 8.4480E-02,0.03296466268293539
 8.4525E-02,0.030162098923213594
 8.4569E-02,0.02685094037166703
 8.4614E-02,0.023175468614525623
 8.4658E-02,0.019295992330914103
 8.4703E-02,0.015381894147329734
 8.4747E-02,0.011604254024314111
 8.4792E-02,0.008128366723245704
 8.4836E-02,0.005106480952562768
 8.4880E-02,0.0026710836321367764
 8.4925E-02,0.000929033538049973
 8.4969E-02,-4.318570461133656e-05
 8.5014E-02,-0.00020287188854127282
 8.5058E-02,0.0004569907642469824
 8.5103E-02,0.0019074182493594052
 8.5147E-02,0.004084720040356898
 8.5191E-02,0.006893337544714893
 8.5236E-02,0.010210093591978034
 8.5280E-02,0.013889653890795134
 8.5325E-02,0.017770947750087213
 8.5369E-02,0.021684255324713634
 8.5414E-02,0.025458643502328758
 8.5458E-02,0.028929422610059645
 8.5503E-02,0.03194530083047317
 8.5547E-02,0.03437493134875242
 8.5591E-02,0.036112577209039515
 8.5636E-02,0.037082658906738376
 8.5680E-02,0.037242998050302754
 8.5725E-02,0.036586625015031946
 8.5769E-02,0.03514207736186049
 8.5814E-02,0.032972176955568186
 8.5858E-02,0.03017133528749928
 8.5903E-02,0.02686149653945381
 8.5947E-02,0.0231868844018349
 8.5991E-02,0.01930776957868422
 8.6036E-02,0.015393518370590255
 8.6080E-02,0.01161521686534589
 8.6125E-02,0.008138188234094346
 8.6169E-02,0.005114730722973205
 8.6214E-02,0.0026773998134161136
 8.6258E-02,0.0009331388940408713
 8.6302E-02,-4.147146376503523e-05
 8.6347E-02,-0.00020362406847196425
 8.6391E-02,0.00045380520390453805
 8.6436E-02,0.0019019392204552333
 8.6480E-02,0.004077188085537584
 8.6525E-02,0.0068840831265163625
 8.6569E-02,0.010199522416204972
 8.6614E-02,0.01387822894796397
 8.6658E-02,0.01775916890031194
 8.6702E-02,0.021672637349408823
 8.6747E-02,0.02544769359901493
 8.6791E-02,0.02891961831380844
 8.6836E-02,0.03193706931068862
 8.6880E-02,0.03436863095694612
 8.6925E-02,0.03610848204738465
 8.6969E-02,0.03708094705388224
 8.7014E-02,0.03724374392551137
 8.7058E-02,0.03658979619054481
 8.7102E-02,0.03514753595224395
 8.7147E-02,0.032979685527987454
 8.7191E-02,0.030180567053316763
 8.7236E-02,0.02687204941183996
 8.7280E-02,0.023198298341754648
 8.7325E-02,0.0193195465093031
 8.7369E-02,0.015405143822504673
 8.7413E-02,0.011626182428755578
 8.7458E-02,0.008148013843376203
 8.7502E-02,0.005122985789494994
 8.7547E-02,0.002683722257137975
 8.7591E-02,0.0009372512044436307
 8.7636E-02,-3.9749881755214364e-05
 8.7680E-02,-0.0002043688428927464
 8.7725E-02,0.00045062678811802427
 8.7769E-02,0.0018964667614927155
 8.7813E-02,0.0040696618379733205
 8.7858E-02,0.006874833303192334
 8.7902E-02,0.010188954522573544
 8.7947E-02,0.013866805832199916
 8.7991E-02,0.017747390344186993
 8.8036E-02,0.021661018123227127
 8.8080E-02,0.025436740956577348
 8.8125E-02,0.02890980991112156
 8.8169E-02,0.03192883249723139
 8.8213E-02,0.0343623243154687
 8.8258E-02,0.036104379952419725
 8.8302E-02,0.03707922788578666
 8.8347E-02,0.037244482421633904
 8.8391E-02,0.03659296024386864
 8.8436E-02,0.03515298798707882
 8.8480E-02,0.03298718839693993
 8.8524E-02,0.030189794216621255
 8.8569E-02,0.02688259898410226
 8.8613E-02,0.023209710429121316
 8.8658E-02,0.019331323117314662
 8.8702E-02,0.015416770497528577
 8.8747E-02,0.011637150709169524
 8.8791E-02,0.008157843546091188
 8.8836E-02,0.005131246147697476
 8.8880E-02,0.0026900509595318514
 8.8924E-02,0.0009413704663228731
 8.8969E-02,-3.802096052499021e-05
 8.9013E-02,-0.0002051062127555681
 8.9058E-02,0.0004474555169730406
 8.9102E-02,0.001891000873599947
 8.9147E-02,0.004062141299790344
 8.9191E-02,0.006865588077766364
 8.9236E-02,0.010178389914866555
 8.9280E-02,0.013855384547905138
 8.9324E-02,0.01773561208656755
 8.9369E-02,0.021649397651168415
 8.9413E-02,0.025425785579856277
 8.9458E-02,0.028899997406424304
 8.9502E-02,0.03192059039391745
 8.9547E-02,0.03435601142735143
 8.9591E-02,0.0361002709262258
 8.9635E-02,0.03707750140347405
 8.9680E-02,0.037245213538577696
 8.9724E-02,0.03659611717391101
 8.9769E-02,0.035158433464372266
 8.9813E-02,0.03299468555967093
 8.9858E-02,0.03019901677404489
 8.9902E-02,0.026893145252478316
 8.9947E-02,0.023221120659957312
 8.9991E-02,0.019343099398725274
 9.0035E-02,0.01542839839183894
 9.0080E-02,0.01164812170312543
 9.0124E-02,0.008167677339348952
 9.0169E-02,0.005139511795403089
 9.0213E-02,0.0026963859192542282
 9.0258E-02,0.0009454966792327318
 9.0302E-02,-3.628469957350127e-05
 9.0347E-02,-0.00020583617655037183
 9.0391E-02,0.0004442913928630033
 9.0435E-02,0.0018855415599129842
 9.0480E-02,0.004054626474763697
 9.0524E-02,0.006856347454530418
 9.0569E-02,0.010167828597690769
 9.0613E-02,0.01384396509971817
 9.0658E-02,0.017723834131926845
 9.0702E-02,0.02163777593748318
 9.0746E-02,0.02541482747278169
 9.0791E-02,0.02889018080315014
 9.0835E-02,0.031912343003503575
 9.0880E-02,0.03434969229461247
 9.0924E-02,0.036096154970052044
 9.0969E-02,0.037075767607388024
 9.1013E-02,0.037245937275946245
 9.1058E-02,0.03659926697935152
 9.1102E-02,0.03516387238191138
 9.1146E-02,0.03300217701315609
 9.1191E-02,0.030208234721842576
 9.1235E-02,0.02690368821256628
 9.1280E-02,0.023232529029363957
 9.1324E-02,0.019354875348364838
 9.1369E-02,0.015440027500222605
 9.1413E-02,0.011659095405557431
 9.1458E-02,0.008177515218365992
 9.1502E-02,0.005147782728352586
 9.1546E-02,0.0027027271327573336
 9.1591E-02,0.0009496298404626398
 9.1635E-02,-3.454110068910432e-05
 9.1680E-02,-0.00020655873511073538
 9.1724E-02,0.0004411344160132657
 9.1769E-02,0.0018800888217105891
 9.1813E-02,0.004047117365127251
 9.1857E-02,0.006847111436519273
 9.1902E-02,0.010157270574776917
 9.1946E-02,0.013832547491985488
 9.1991E-02,0.017712056485019056
 9.2035E-02,0.021626152986997875
 9.2080E-02,0.025403866639955596
 9.2124E-02,0.028880360105481638
 9.2169E-02,0.0319040903296187
 9.2213E-02,0.03434336692012143
 9.2257E-02,0.03609203208582099
 9.2302E-02,0.03707402649837762
 9.2346E-02,0.037246653633510665
 9.2391E-02,0.03660240965898208
 9.2435E-02,0.03516930473757605
 9.2480E-02,0.03300966275444365
 9.2524E-02,0.030217448056401454
 9.2569E-02,0.02691422786036291
 9.2613E-02,0.023243935533162063
 9.2657E-02,0.01936665096201189
 9.2702E-02,0.015451657818585079
 9.2746E-02,0.01167007181274113
 9.2791E-02,0.008187357180058573
 9.2835E-02,0.005156058944167305
 9.2880E-02,0.002709074598452952
 9.2924E-02,0.0009537699493278704
 9.2968E-02,-3.279016356338852e-05
 9.3013E-02,-0.00020727388712084974
 9.3057E-02,0.0004379845886178014
 9.3102E-02,0.0018746426619560969
 9.3146E-02,0.004039613974525462
 9.3191E-02,0.006837880027978908
 9.3235E-02,0.01014671585075149
 9.3280E-02,0.013821131729418618
 9.3324E-02,0.017700279150429914
 9.3368E-02,0.02161452880411209
 9.3413E-02,0.025392903085490463
 9.3457E-02,0.02887053531706249
 9.3502E-02,0.03189583237519291
 9.3546E-02,0.034337035306014035
 9.3591E-02,0.03608790227489647
 9.3635E-02,0.037072278077021736
 9.3680E-02,0.03724736261098073
 9.3724E-02,0.03660554521154937
 9.3768E-02,0.035174730529246814
 9.3813E-02,0.03301714278068067
 9.3857E-02,0.030226656774168525
 9.3902E-02,0.026924764191646865
 9.3946E-02,0.023255340166610485
 9.3991E-02,0.019378426234699268
 9.4035E-02,0.01546328934196195
 9.4079E-02,0.011681050919804358
 9.4124E-02,0.008197203219789014
 9.4168E-02,0.005164340438738009
 9.4213E-02,0.0027154283129829466
 9.4257E-02,0.0009579170033261594
 9.4302E-02,-3.103188982675519e-05
 9.4346E-02,-0.00020798163325757622
 9.4391E-02,0.00043484191103717804
 9.4435E-02,0.0018692030820740071
 9.4479E-02,0.004032116305325623
 9.4524E-02,0.006828653231998598
 9.4568E-02,0.010136164429361038
 9.4613E-02,0.013809717816327352
 9.4657E-02,0.017688502132840383
 9.4702E-02,0.021602903393519685
 9.4746E-02,0.0253819368138194
 9.4791E-02,0.028860706441909533
 9.4835E-02,0.031887569143745076
 9.4879E-02,0.03433069745505703
 9.4924E-02,0.03608376553905326
 9.4968E-02,0.037070522344043115
 9.5013E-02,0.03724806420805943
 9.5057E-02,0.03660867363582175
 9.5102E-02,0.035180149754717074
 9.5146E-02,0.03302461708876902
 9.5190E-02,0.03023586087141822
 9.5235E-02,0.026935297202301242
 9.5279E-02,0.02326674292539156
 9.5324E-02,0.019390201162008465
 9.5368E-02,0.015474922066032262
 9.5413E-02,0.01169203272287196
 9.5457E-02,0.008207053334304977
 9.5502E-02,0.005172627209502155
 9.5546E-02,0.002721788274555162
 9.5590E-02,0.0009620710015669173
 9.5635E-02,-2.926627931693353e-05
 9.5679E-02,-0.0002086819723762777
 9.5724E-02,0.0004317063853193455
 9.5768E-02,0.0018637700848906159
 9.5813E-02,0.004024624361070919
 9.5857E-02,0.006819431052794677
 9.5902E-02,0.010125616315186338
 9.5946E-02,0.013798305757416734
 9.5990E-02,0.017676725436901984
 9.6035E-02,0.021591276759752184
 9.6079E-02,0.025370967829222137
 9.6124E-02,0.028850873483775706
 9.6168E-02,0.03187930063827804
 9.6213E-02,0.034324353369510174
 9.6257E-02,0.036079621879828355
 9.6301E-02,0.03706875930014789
 9.6346E-02,0.03724875842450671
 9.6390E-02,0.03661179493060525
 9.6435E-02,0.03518556241197864
 9.6479E-02,0.033032085675954934
 9.6524E-02,0.030245060344656842
 9.6568E-02,0.02694582688818267
 9.6613E-02,0.02327814380488627
 9.6657E-02,0.019401975739122456
 9.6701E-02,0.015486555985971892
 9.6746E-02,0.011703017217192668
 9.6790E-02,0.008216907519131948
 9.6835E-02,0.005180919252527496
 9.6879E-02,0.002728154480001083
 9.6924E-02,0.0009662319417365578
 9.6968E-02,-2.749333350325427e-05
 9.7013E-02,-0.00020937490498316685
 9.7057E-02,0.00042857801200092075
 9.7101E-02,0.001858343671976903
 9.7146E-02,0.004017138144212596
 9.7190E-02,0.0068102134935021435
 9.7235E-02,0.010115071512022778
 9.7279E-02,0.01378689555702215
 9.7324E-02,0.017664949067250066
 9.7368E-02,0.021579648907413512
 9.7412E-02,0.02535999613601346
 9.7457E-02,0.028841036446612924
 9.7501E-02,0.03187102686223477
 9.7546E-02,0.03431800305205565
 9.7590E-02,0.03607547129890519
 9.7635E-02,0.037066988945974357
 9.7679E-02,0.03724944525998918
 9.7724E-02,0.03661490909459723
 9.7768E-02,0.0351909684987518
 9.7812E-02,0.03303954853909377
 9.7857E-02,0.030254255190098
 9.7901E-02,0.02695635324510267
 9.7946E-02,0.02328954280065721
 9.7990E-02,0.01941374996148683
 9.8035E-02,0.015498191097359382
 9.8079E-02,0.011714004398756665
 9.8124E-02,0.00822676577088272
 9.8168E-02,0.00518921656510328
 9.8212E-02,0.0027345269273678094
 9.8257E-02,0.0009703998227917397
 9.8301E-02,-2.5713052396174546e-05
 9.8346E-02,-0.00021006043008409624
 9.8390E-02,0.00042545679294239214
 9.8435E-02,0.0018529238459928882
 9.8479E-02,0.004009657658203314
 9.8523E-02,0.006801000558242136
 9.8568E-02,0.010104530024381907
 9.8612E-02,0.01377548721980151
 9.8657E-02,0.01765317302855417
 9.8701E-02,0.02156801984111064
 9.8746E-02,0.02534902173855818
 9.8790E-02,0.02883119533424877
 9.8835E-02,0.031862747818732044
 9.8879E-02,0.03431164650504459
 9.8923E-02,0.036071313797891275
 9.8968E-02,0.037065211282290726
 9.9012E-02,0.037250124714306235
 9.9057E-02,0.03661801612666327
 9.9101E-02,0.035196368013071674
 9.9146E-02,0.03304700567547699
 9.9190E-02,0.03026344540430248
 9.9235E-02,0.02696687626895578
 9.9279E-02,0.023300939908184003
 9.9323E-02,0.019425523824418724
 9.9368E-02,0.015509827395487206
 9.9412E-02,0.01172499426296632
 9.9457E-02,0.008236628085215199
 9.9501E-02,0.005197519143450673
 9.9546E-02,0.0027409056136350526
 9.9590E-02,0.0009745746425424786
 9.9634E-02,-2.3925437316559646e-05
 9.9679E-02,-0.00021073854805941851
 9.9723E-02,0.00042234272881430624
 9.9768E-02,0.0018475106086250814
 9.9812E-02,0.004002182905573424
 9.9857E-02,0.0067917922502418755
 9.9901E-02,0.010093991856123594
 9.9946E-02,0.01376408075010995
 0.1000,0.017641397325433485
 0.1000,0.021556389565422975
 0.1001,0.025338044641139566
 0.1001,0.02882135015055633
 0.1002,0.03185446351112516
 0.1002,0.03430528373111388
 0.1003,0.03606714937844898
 0.1003,0.037063426309705653
 0.1003,0.03725079678709219
 0.1004,0.036621116025486324
 0.1004,0.03520176095268167
 0.1005,0.03305445708194601
 0.1005,0.030272630983448887
 0.1006,0.026977395955527082
 0.1006,0.02331233512297977
 0.1007,0.019437297323290716
 0.1007,0.015521464875816463
 0.1007,0.011735986805664384
 0.1008,0.00824649445859544
 0.1008,0.005205826984716949
 0.1009,0.002747290536716362
 0.1009,0.0009787563997991292
 0.1010,-2.213048843776287e-05
 0.1010,-0.00021140925806521218
 0.1011,0.00041923582138414734
 0.1011,0.001842103962444428
 0.1011,0.0039947138896390235
 0.1012,0.006782588573511789
 0.1012,0.010083457011717381
 0.1013,0.013752676152629751
 0.1013,0.0176296219625908
 0.1014,0.02154475808494542
 0.1014,0.025327064848135655
 0.1015,0.02881150089946184
 0.1015,0.03184617394261108
 0.1015,0.03429891473265279
 0.1016,0.03606297804219761
 0.1016,0.03706163402901589
 0.1017,0.03725146147820185
 0.1017,0.03662420878996184
 0.1018,0.03520714731560167
 0.1018,0.03306190275579033
 0.1019,0.030281811924133352
 0.1019,0.02698791230077586
 0.1019,0.023323728440588255
 0.1020,0.019449070453473112
 0.1020,0.015533103533725914
 0.1021,0.011746982022338946
 0.1021,0.008256364886793984
 0.1022,0.005214140085222563
 0.1022,0.0027536816936988657
 0.1023,0.000982945092490807
 0.1023,-2.0328206963783797e-05
 0.1023,-0.00021207256034875893
 0.1024,0.00041613607141086084
 0.1024,0.0018367039092296198
 0.1025,0.003987250613058952
 0.1025,0.006773389531372392
 0.1026,0.010072925495054215
 0.1026,0.013741273431719643
 0.1027,0.017617846944629235
 0.1027,0.02153312540421436
 0.1027,0.025316082363780596
 0.1028,0.02880164758477314
 0.1028,0.03183787911649448
 0.1029,0.03429253951224317
 0.1029,0.03605879979075596
 0.1030,0.03705983444083912
 0.1030,0.03725211878726997
 0.1031,0.036627294418749755
 0.1031,0.03521252709955294
 0.1031,0.03306934269387465
 0.1032,0.03029098822254587
 0.1032,0.026998425300446036
 0.1033,0.023335119856445673
 0.1033,0.019460843210263274
 0.1034,0.015544743364628386
 0.1034,0.011757979908769258
 0.1035,0.00826623936616397
 0.1035,0.005222458442012105
 0.1035,0.0027600790823801686
 0.1036,0.0009871407193193281
 0.1036,-1.8518593170854152e-05
 0.1037,-0.00021272845418234608
 0.1037,0.00041304348055512497
 0.1038,0.0018313104514572514
 0.1038,0.003979793079068537
 0.1039,0.006764195127750181
 0.1039,0.010062397310555148
 0.1039,0.013729872592036584
 0.1040,0.01760607227624891
 0.1040,0.021521491527886974
 0.1041,0.025305097192504577
 0.1041,0.02879179021044154
 0.1042,0.03182957903603519
 0.1042,0.03428615807233989
 0.1043,0.03605461462579074
 0.1043,0.037058027545961145
 0.1043,0.037252768714148406
 0.1044,0.036630372910781056
 0.1044,0.03521790030258068
 0.1045,0.03307677689346448
 0.1045,0.030300159875291183
 0.1046,0.027008934950548603
 0.1046,0.023346509366145574
 0.1047,0.01947261558907528
 0.1047,0.015556384363926992
 0.1047,0.011768980460531268
 0.1048,0.008276117892585106
 0.1048,0.005230782051473645
 0.1049,0.002766482699917245
 0.1049,0.0009913432783155655
 0.1050,-1.6701648145579784e-05
 0.1050,-0.00021337693971884922
 0.1051,0.00040995804965498854
 0.1051,0.001825923590968487
 0.1051,0.003972341290391773
 0.1052,0.006755005366046373
 0.1052,0.010051872462140144
 0.1053,0.01371847363791726
 0.1053,0.017594297962040047
 0.1054,0.021509856460502852
 0.1054,0.025294109338525234
 0.1055,0.02878192878024312
 0.1055,0.03182127370446324
 0.1055,0.03427977041549854
 0.1056,0.03605042254893447
 0.1056,0.03705621334497869
 0.1057,0.03725341125843933
 0.1057,0.03663344426473391
 0.1058,0.03522326692246125
 0.1058,0.03308420535145076
 0.1059,0.03030932687850846
 0.1059,0.02701944124677342
 0.1059,0.023357896965144273
 0.1060,0.01948438758521431
 0.1060,0.01556802652696122
 0.1061,0.011779983673293136
 0.1061,0.008286000462361083
 0.1062,0.005239110910630939
 0.1062,0.0027728925440368103
 0.1063,0.0009955527680290913
 0.1063,-1.4877372294425702e-05
 0.1063,-0.0002140180162992217
 0.1064,0.000406879780290564
 0.1064,0.0018205433301255844
 0.1065,0.003964895250150573
 0.1065,0.006745820250128073
 0.1066,0.01004135095423392
 0.1066,0.013707076574030731
 0.1067,0.01758252400668269
 0.1067,0.02149822020668526
 0.1067,0.02528311880630905
 0.1068,0.028772063298194324
 0.1068,0.031812963125070384
 0.1069,0.03427337654416637
 0.1069,0.03604622356185065
 0.1070,0.03705439183875765
 0.1070,0.03725404642004285
 0.1071,0.036636508479466305
 0.1071,0.03522862695716365
 0.1071,0.0330916280651153
 0.1072,0.03031848922884383
 0.1072,0.027029944185129173
 0.1073,0.02336928264898457
 0.1073,0.01949615919410022
 0.1074,0.0155796698492465
 0.1074,0.01179098954269999
 0.1075,0.008295887071352913
 0.1075,0.005247445015886892
 0.1075,0.002779308611985817
 0.1076,0.0009997691866156769
 0.1076,-1.30457666351494e-05
 0.1077,-0.00021465168404666437
 0.1077,0.00040380867337526074
 0.1078,0.001815169670891643
 0.1078,0.003957454961147349
 0.1079,0.006736639783406443
 0.1079,0.010030832790751027
 0.1079,0.013695681404746267
 0.1080,0.017570750414802282
 0.1080,0.021486582770954422
 0.1081,0.025272125600028145
 0.1081,0.028762193768070106
 0.1082,0.03180464730112932
 0.1082,0.0342669764608945
 0.1083,0.03604201766612171
 0.1083,0.0370525630278682
 0.1083,0.03725467419860971
 0.1084,0.036639565553723545
 0.1084,0.03523398040446837
 0.1085,0.03309904503130982
 0.1085,0.030327646922490445
 0.1086,0.027040443761381917
 0.1086,0.02338066641313646
 0.1087,0.01950793041097889
 0.1087,0.015591314326054177
 0.1087,0.011801998064428738
 0.1088,0.008305777715862842
 0.1088,0.005255784364174535
 0.1089,0.002785730901363672
 0.1089,0.0010039925325551243
 0.1090,-1.1206831610980532e-05
 0.1090,-0.00021527794238049603
 0.1091,0.0004007447303731724
 0.1091,0.0018098026155349044
 0.1091,0.00395002042649531
 0.1092,0.0067274639697558905
 0.1092,0.010020317976076555
 0.1093,0.013684288134660012
 0.1093,0.017558977191081505
 0.1094,0.021474944158013272
 0.1094,0.02526112972418716
 0.1095,0.028752320193834592
 0.1095,0.03179632623586501
 0.1095,0.03426057016817348
 0.1096,0.03603780486351442
 0.1096,0.037050726913166944
 0.1097,0.037255294593942355
 0.1097,0.0366426154863345
 0.1098,0.03523932726241579
 0.1098,0.03310645624736782
 0.1099,0.030336799956018488
 0.1099,0.027050939971459246
 0.1099,0.023392048253147817
 0.1100,0.019519701231336724
 0.1100,0.015602959952914951
 0.1101,0.011813009234082288
 0.1101,0.008315672391775615
 0.1102,0.0052641289519983385
 0.1102,0.002792159409527302
 0.1103,0.001008222804061302
 0.1103,-9.360568210597855e-06
 0.1103,-0.00021589679135151636
 0.1104,0.00039768795230050395
 0.1104,0.001804442166078142
 0.1105,0.003942591648981916
 0.1105,0.0067182928125635415
 0.1106,0.01000980651417205
 0.1106,0.0136728967682451
 0.1107,0.017547204340139882
 0.1107,0.02146330437232626
 0.1107,0.0252501311829501
 0.1108,0.02874244257930541
 0.1108,0.03178799993261907
 0.1109,0.03425415766853751
 0.1109,0.036033585155556214
 0.1110,0.03704888349524772
 0.1110,0.03725590760576421
 0.1111,0.03664565827607469
 0.1111,0.03524466752874852
 0.1111,0.033113861710131955
 0.1112,0.030345948325671824
 0.1112,0.027061432811180834
 0.1113,0.023403428164482903
 0.1113,0.01953147165037801
 0.1114,0.015614606725104398
 0.1114,0.011824023047350585
 0.1115,0.00832557109534455
 0.1115,0.00527247877617725
 0.1115,0.002798594133992131
 0.1116,0.0010124599995641754
 0.1116,-7.506976927616933e-06
 0.1117,-0.00021650823046545599
 0.1117,0.0003946383405092911
 0.1118,0.001799088324735206
 0.1118,0.003935168631715545
 0.1119,0.006709126315695934
 0.1119,0.009999298409352677
 0.1119,0.013661507309995137
 0.1120,0.017535431866659054
 0.1120,0.021451663418605608
 0.1121,0.02523912998078833
 0.1121,0.028732560928417517
 0.1122,0.03177966839461889
 0.1122,0.03424773896452522
 0.1123,0.03602935854402678
 0.1123,0.037047032774924694
 0.1123,0.03725651323385904
 0.1124,0.03664869392180403
 0.1124,0.03525000120152761
 0.1125,0.0331212614168941
 0.1125,0.030355092027970234
 0.1126,0.027071922276462383
 0.1126,0.02341480614273461
 0.1127,0.01954324166360738
 0.1127,0.015626254638120105
 0.1127,0.011835039499836952
 0.1128,0.008335473822535184
 0.1128,0.005280833833337658
 0.1129,0.0028050350721429427
 0.1129,0.0010167041172492882
 0.1130,-5.646058697194884e-06
 0.1130,-0.0002171122596489558
 0.1131,0.0003915958961056175
 0.1131,0.0017937410935385915
 0.1131,0.003927751377501228
 0.1132,0.006699964482618002
 0.1132,0.00998879366566733
 0.1133,0.013650119764396453
 0.1133,0.017523659775236886
 0.1134,0.0214400213013662
 0.1134,0.02522812612194722
 0.1135,0.02872267524501701
 0.1135,0.031771331625132675
 0.1135,0.03424131405863286
 0.1136,0.036025125030512396
 0.1136,0.03704517475285965
 0.1137,0.03725711147793776
 0.1137,0.03665172242224608
 0.1138,0.035255328278532956
 0.1138,0.033128655364602584
 0.1139,0.030364231059201104
 0.1139,0.027082408363088027
 0.1139,0.023426182183324075
 0.1140,0.019555011266265528
 0.1140,0.015637903687292946
 0.1141,0.011846058587206264
 0.1141,0.00834538056947318
 0.1142,0.005289194120212693
 0.1142,0.0028114822215212967
 0.1143,0.0010209551555738013
 0.1143,-3.777814117445497e-06
 0.1143,-0.0002177088785597888
 0.1144,0.00038856062041069356
 0.1144,0.001788400474719924
 0.1145,0.00392033988936918
 0.1145,0.006690807317047555
 0.1146,0.00997829228735062
 0.1146,0.013638734136010633
 0.1147,0.017511888070585954
 0.1147,0.02142837802523753
 0.1147,0.025217119610822066
 0.1148,0.02871278553305131
 0.1148,0.0317629896274922
 0.1149,0.03423488295340769
 0.1149,0.03602088461670635
 0.1150,0.037043309429846065
 0.1150,0.03725770233784464
 0.1151,0.036654743776304205
 0.1151,0.03526064875777054
 0.1151,0.03313604355045576
 0.1152,0.03037336541589569
 0.1152,0.027092891067034792
 0.1153,0.02343755628187185
 0.1153,0.019566780453802023
 0.1154,0.01564955386807002
 0.1154,0.011857080305102118
 0.1155,0.008355291332221671
 0.1155,0.0052975596334461465
 0.1155,0.002817935579471632
 0.1156,0.0010252131127432395
 0.1156,-1.9022440371121562e-06
 0.1157,-0.00021829808705279132
 0.1157,0.00038553251450608125
 0.1158,0.0017830664702935771
 0.1158,0.0039129341701876885
 0.1159,0.00668165482254516
 0.1159,0.009967794278488663
 0.1159,0.013627350429268627
 0.1160,0.017500116757308913
 0.1160,0.02141673359478255
 0.1161,0.02520611045169234
 0.1161,0.028702891796347225
 0.1162,0.03175464240490772
 0.1162,0.034228445651361065
 0.1163,0.036016637304250164
 0.1163,0.037041436806546674
 0.1163,0.03725828581326229
 0.1164,0.03665775798270664
 0.1164,0.035265962637065426
 0.1165,0.033143425971454636
 0.1165,0.030382495094318777
 0.1166,0.027103370384064688
 0.1166,0.023448928433781928
 0.1167,0.019578549221498043
 0.1167,0.01566120517580092
 0.1167,0.011868104649128937
 0.1168,0.008365206106860734
 0.1168,0.005305930369777544
 0.1169,0.002824395143521128
 0.1169,0.0010294779871208456
 0.1170,-1.934912741662076e-08
 0.1170,-0.00021887988479172765
 0.1171,0.0003825115797188441
 0.1171,0.0017777390824619513
 0.1171,0.0039055342229460726
 0.1172,0.006672507002801321
 0.1172,0.009957299643312646
 0.1173,0.013615968648739813
 0.1173,0.01748834584008957
 0.1174,0.02140508801463192
 0.1174,0.025195098648958383
 0.1175,0.02869299403886771
 0.1175,0.03174628996073819
 0.1175,0.03422200215504225
 0.1176,0.03601238309484584
 0.1176,0.03703955688376483
 0.1177,0.037258861904046106
 0.1177,0.036660765040343574
 0.1178,0.03527126991439859
 0.1178,0.03315080262479499
 0.1179,0.03039162009102831
 0.1179,0.027113846310160086
 0.1179,0.02346029863465606
 0.1180,0.01959031756475888
 0.1180,0.015672857605955652
 0.1181,0.011879131614975716
 0.1181,0.008375124889447335
 0.1182,0.005314306325814935
 0.1182,0.0028308609110472244
 0.1183,0.0010337497769969228
 0.1183,1.8708698070178144e-06
 0.1183,-0.00021945427165157572
 0.1184,0.00037949781715003407
 0.1184,0.0017724183132857094
 0.1185,0.0038981400505433005
 0.1185,0.006663363861357812
 0.1186,0.009946808385892776
 0.1186,0.01360458879887663
 0.1187,0.017476575323539207
 0.1187,0.021393441289321437
 0.1187,0.02518408420685824
 0.1188,0.028683092264439936
 0.1188,0.03173793229822786
 0.1189,0.034215552466969654
 0.1189,0.03600812199011189
 0.1190,0.03703766966215601
 0.1190,0.037259430609901854
 0.1191,0.03666376494799804
 0.1191,0.03527657058761423
 0.1191,0.033158173507443565
 0.1192,0.03040074040228755
 0.1192,0.027124318841122656
 0.1193,0.02347166687998705
 0.1193,0.019602085478879174
 0.1194,0.01568451115379645
 0.1194,0.011890161198243078
 0.1195,0.00838504767612083
 0.1195,0.005322687498338875
 0.1195,0.002837332879494569
 0.1196,0.0010380284806624604
 0.1196,3.768412089098002e-06
 0.1197,-0.0002200212472705832
 0.1197,0.0003764912280628096
 0.1198,0.0017671041648754493
 0.1198,0.0038907516559294223
 0.1199,0.00665422540194499
 0.1199,0.009936320510484679
 0.1199,0.013593210884202412
 0.1200,0.017464805212318954
 0.1200,0.021381793423498885
 0.1201,0.02517306712986945
 0.1201,0.028673186477052557
 0.1202,0.03172956942067204
 0.1202,0.03420909658966065
 0.1203,0.03600385399177313
 0.1203,0.03703577514256078
 0.1203,0.03725999193066909
 0.1204,0.036666757704495415
 0.1204,0.03528186465469269
 0.1205,0.033165538616648
 0.1205,0.0304098560246396
 0.1206,0.027134787972870122
 0.1206,0.023483033165293602
 0.1207,0.019613852959286946
 0.1207,0.015696165814871
 0.1207,0.011901193394595442
 0.1208,0.008394974462870934
 0.1208,0.005331073883934478
 0.1209,0.002843811046309652
 0.1209,0.0010423140964422955
 0.1210,5.673276897048786e-06
 0.1210,-0.0002205808115623595
 0.1211,0.00037349181358962264
 0.1211,0.0017617966393563382
 0.1211,0.003883369042028146
 0.1212,0.006645091628088828
 0.1212,0.009925836021122502
 0.1213,0.013581834909177245
 0.1213,0.017453035511084805
 0.1214,0.02137014442172247
 0.1214,0.025162047422204962
 0.1215,0.028663276680498995
 0.1215,0.03172120133135887
 0.1215,0.03420263452569367
 0.1216,0.03599957910146272
 0.1216,0.03703387332562071
 0.1217,0.03726054586606192
 0.1217,0.03666974330866223
 0.1218,0.035287152113511314
 0.1218,0.03317289794938304
 0.1219,0.030418966954382756
 0.1219,0.02714525370124431
 0.1219,0.023494397486087178
 0.1220,0.019625620001285246
 0.1220,0.01570782158444972
 0.1221,0.011912228199636632
 0.1221,0.008404905245830945
 0.1222,0.005339465479347699
 0.1222,0.0028502954089144475
 0.1223,0.0010466066226105322
 0.1223,7.5854635019298195e-06
 0.1223,-0.0002211329641913667
 0.1224,0.0003704995749876155
 0.1224,0.0017564957388264196
 0.1225,0.0038759922117574007
 0.1225,0.006635962543461804
 0.1226,0.009915354922065231
 0.1226,0.013570460878358993
 0.1227,0.017441266224467733
 0.1227,0.021358494288610592
 0.1227,0.025151025088307265
 0.1228,0.028653362878791104
 0.1228,0.031712828033581004
 0.1229,0.03419616627756041
 0.1229,0.03599529732090257
 0.1230,0.037031964212195234
 0.1230,0.037261092415934956
 0.1231,0.036672721759320535
 0.1231,0.035292432962005064
 0.1231,0.03318025150286548
 0.1232,0.03042807318804674
 0.1232,0.027155716022157633
 0.1233,0.023505759837885495
 0.1233,0.019637386600250443
 0.1234,0.015719478458031302
 0.1234,0.011923265609057265
 0.1235,0.008414840021028588
 0.1235,0.00534786228118805
 0.1235,0.002856785964741323
 0.1236,0.001050906057507555
 0.1236,9.50497116061007e-06
 0.1237,-0.00022167770502578112
 0.1237,0.000367514513368682
 0.1238,0.0017512014653778786
 0.1238,0.0038686211680568636
 0.1239,0.006626838151652402
 0.1239,0.009904877217373475
 0.1239,0.01355908879618682
 0.1240,0.017429497357126844
 0.1240,0.02134684302874966
 0.1241,0.025140000132456146
 0.1241,0.028643445075724742
 0.1242,0.03170444953061451
 0.1242,0.034189691847834346
 0.1243,0.03599100865174462
 0.1243,0.0370300478029393
 0.1243,0.03726163157999229
 0.1244,0.03667569305529069
 0.1244,0.03529770719809672
 0.1245,0.033187599274128295
 0.1245,0.030437174721944713
 0.1246,0.02716617493144849
 0.1246,0.023517120216222938
 0.1247,0.019649152751529463
 0.1247,0.0157311364309239
 0.1247,0.01193430561843206
 0.1248,0.008424778784543969
 0.1248,0.005356264286188463
 0.1249,0.002863282711212984
 0.1249,0.0010552123993846946
 0.1250,1.1431799096422827e-05
 0.1250,-0.0002222150337939666
 0.1251,0.00036453662997863165
 0.1251,0.0017459138211383383
 0.1251,0.0038612559138502963
 0.1252,0.006617718456313319
 0.1252,0.009894402911253214
 0.1253,0.013547718667181892
 0.1253,0.01741772891370593
 0.1254,0.021335190646740342
 0.1254,0.025128972559045705
 0.1255,0.028633523275298885
 0.1255,0.031696065825771565
 0.1255,0.03418321123904193
 0.1256,0.035986713095698626
 0.1256,0.03702812409867935
 0.1257,0.03726216335810132
 0.1257,0.03667865719541043
 0.1258,0.035302974819714415
 0.1258,0.03319494126034249
 0.1259,0.030446271552585096
 0.1259,0.027176630425042172
 0.1259,0.023528478616593386
 0.1260,0.0196609184504992
 0.1260,0.015742795498612044
 0.1261,0.011945348223459528
 0.1261,0.00843472153243785
 0.1262,0.0053646714909605965
 0.1262,0.0028697856457588736
 0.1263,0.00105952564657702
 0.1263,1.336594655657118e-05
 0.1263,-0.00022274495032482402
 0.1264,0.0003615659259416695
 0.1264,0.0017406328081763407
 0.1265,0.00385389645205852
 0.1265,0.006608603461017966
 0.1266,0.009883932007795708
 0.1266,0.013536350495826388
 0.1267,0.017405960898864346
 0.1267,0.021323537147182235
 0.1267,0.02511794237236706
 0.1268,0.028623597481331607
 0.1268,0.03168767692234227
 0.1269,0.03417672445376158
 0.1269,0.035982410654436275
 0.1270,0.037026193100095056
 0.1270,0.037262687749973405
 0.1271,0.03668161417853982
 0.1271,0.035308235824807015
 0.1271,0.0332022774585541
 0.1272,0.030455363676298086
 0.1272,0.027187082498789483
 0.1273,0.023539835034552876
 0.1273,0.01967268369248305
 0.1274,0.015754455656383216
 0.1274,0.011956393419703755
 0.1275,0.008444668260793785
 0.1275,0.0053730838922194865
 0.1275,0.0028762947657876726
 0.1276,0.0010638457973257153
 0.1276,1.530741275378579e-05
 0.1277,-0.00022326745435862405
 0.1277,0.00035860240249444247
 0.1278,0.0017353584286073861
 0.1278,0.003846542785586813
 0.1279,0.006599493169385622
 0.1279,0.009873464511195699
 0.1279,0.013524984286628346
 0.1280,0.017394193317229335
 0.1280,0.021311882534672418
 0.1281,0.0251069095768143
 0.1281,0.028613667697797253
 0.1282,0.03167928282363388
 0.1282,0.034170231494522134
 0.1283,0.03597810132967448
 0.1283,0.03702425480801406
 0.1283,0.03726320475545501
 0.1284,0.036684564003482155
 0.1284,0.03531349021129915
 0.1285,0.03320960786596245
 0.1285,0.030464451089588427
 0.1286,0.027197531148573435
 0.1286,0.023551189465599164
 0.1287,0.01968444847289365
 0.1287,0.015766116899745015
 0.1287,0.011967441202851524
 0.1288,0.008454618965630815
 0.1288,0.005381501486602122
 0.1289,0.002882810068750902
 0.1289,0.0010681728499709036
 0.1290,1.7256196922843482e-05
 0.1290,-0.0002237825457576819
 0.1291,0.0003556460607787556
 0.1291,0.0017300906845361004
 0.1291,0.0038391949173569827
 0.1292,0.006590387585014961
 0.1292,0.009863000425541099
 0.1293,0.013513620044077109
 0.1293,0.01738242617348484
 0.1294,0.021300226813793087
 0.1294,0.025095874176677146
 0.1295,0.028603733928547568
 0.1295,0.03167088353294357
 0.1295,0.03416373236388456
 0.1296,0.03597378512305529
 0.1296,0.03702230922312964
 0.1297,0.03726371437432235
 0.1297,0.03668750666911162
 0.1298,0.03531873797710976
 0.1298,0.03321693247959064
 0.1299,0.030473533788805712
 0.1299,0.02720797637029011
 0.1299,0.023562541905283473
 0.1300,0.019696212787032232
 0.1300,0.01854427791372992
