67,0.0
67,4.792956870974411e-05
67,4.792956870974411e-05
67,4.7882857642564274e-05
67,5.042170071627996e-05
67,5.787138124044232e-05
67,6.97421122439177e-05
67,8.693033659027778e-05
67,0.00011011739655833476
67,0.0001378235701565287
67,0.00016725925132167702
67,0.00019605099615998612
67,0.00022176355076446348
67,0.0002399868888937115
67,0.0002466939473641033
67,0.00023775363168241674
67,0.00021140329618272568
67,0.00016856702824996958
67,0.00011406917002712638
67,5.225966235478661e-05
67,-8.486035566237872e-06
67,-6.0032213656941285e-05
67,-9.728515638354727e-05
67,-0.00011714439543601255
67,-0.00012213267535943773
67,-0.00011526829860612978
67,-0.00010103012570090873
67,-8.258455996691776e-05
67,-6.26898675736692e-05
67,-4.321352891331835e-05
67,-2.4358233254224895e-05
67,-4.472252738249744e-06
67,1.9458632873168933e-05
67,5.0565809536881236e-05
67,8.883438739200629e-05
67,0.0001327307265907833
67,0.0001788388189650256
67,0.00022160305893229132
67,0.0002563044761881022
67,0.0002782570425495359
67,0.0002849946562959264
67,0.0002773330381295517
67,0.0002582473211306162
67,0.00023066607243565126
67,0.0001972674315803857
67,0.00016074440524379836
67,0.00012193821784383527
67,8.170106958575893e-05
67,3.9821683648942555e-05
67,-1.7662752733315049e-06
67,-4.088565131617398e-05
67,-7.36376045840437e-05
67,-9.711574138277198e-05
67,-0.00011014983074333459
67,-0.00011241616180653344
67,-0.00010517286401209172
67,-9.001762326352514e-05
67,-6.918864610349193e-05
67,-4.5352099634618666e-05
67,-2.0300065637766915e-05
67,4.891093689774491e-06
67,3.06422455601161e-05
67,5.788865742134096e-05
67,8.748307103701476e-05
67,0.00011913493564581223
67,0.00015143650700894486
67,0.0001821518711510032
67,0.00020800001411000842
67,0.00022566968171872722
67,0.0002334877698996689
67,0.00023164254111093864
67,0.0002217267740069684
67,0.00020667090317642996
67,0.00018876234082077685
67,0.00016926895735944054
67,0.00014826852215324058
67,0.000124486525263716
67,9.575249455074099e-05
67,6.147272170320956e-05
67,2.2734038019920487e-05
67,-1.7114150930069043e-05
67,-5.3636181375383584e-05
67,-8.240528791821484e-05
67,-0.00010001585511513167
67,-0.0001048779769949833
67,-9.712698218256535e-05
67,-7.889720580276825e-05
67,-5.348731707675725e-05
67,-2.4820070646145153e-05
67,3.3371217538953657e-06
67,2.855781595676569e-05
67,4.9665979131225296e-05
67,6.727956345668405e-05
67,8.341435643596643e-05
67,0.00010035208305847118
67,0.00011949495447715563
67,0.00014081657074241903
67,0.00016271431747952525
67,0.00018261614836686288
67,0.00019825340623004885
67,0.0002080673363509498
67,0.0002114174380357785
67,0.00020870834146216886
67,0.00020091966260891032
67,0.0001885009505389522
67,0.00017110082975672227
67,0.00014786306426426874
67,0.00011789876270627585
67,8.13974257917686e-05
67,4.022399264484928e-05
67,-2.3334081502336368e-06
67,-4.193857609838739e-05
67,-7.42338690055433e-05
67,-9.600068105148928e-05
67,-0.00010581945381068566
67,-0.00010418565502303357
67,-9.302452705725759e-05
67,-7.502318655644952e-05
67,-5.293119156773306e-05
67,-2.9132810687990037e-05
67,-5.274302803460013e-06
67,1.822007822111287e-05
67,4.2095210417758036e-05
67,6.79650977172966e-05
67,9.724707404233318e-05
67,0.00012985919261967004
67,0.00016401255088695042
67,0.00019663169711916015
67,0.0002240575487909339
67,0.00024303116150186104
67,0.0002515168772618188
67,0.00024911359797845893
67,0.00023709265866795877
67,0.00021766389975473455
67,0.00019279795567909365
67,0.00016367866479755002
67,0.0001308355325566582
67,9.458966420639548e-05
67,5.552466506298547e-05
67,1.5088047181077472e-05
67,-2.4159585283867738e-05
67,-5.890345074344976e-05
67,-8.582457629264853e-05
67,-0.00010257930948378752
67,-0.00010834127549883942
67,-0.00010371476596129736
67,-9.030140600569148e-05
67,-7.022306081685408e-05
67,-4.584520014626865e-05
67,-1.9491198051384246e-05
67,6.961681119733179e-06
67,3.2612107264447845e-05
67,5.777156355137708e-05
67,8.348593796927673e-05
67,0.00011061789636640687
67,0.00013897561496318807
67,0.00016708530441096047
67,0.00019264902075222977
67,0.00021308367599866647
67,0.0002261145631368516
67,0.00023056477245795185
67,0.00022674403420172855
67,0.00021610395974467876
67,0.0002004214216229426
67,0.00018090837882901506
67,0.00015784212671397297
67,0.00013087142087110442
67,9.952350746330158e-05
67,6.385045574233052e-05
67,2.5139318617536988e-05
67,-1.3815147299872507e-05
67,-4.920219854155446e-05
67,-7.726203528694912e-05
67,-9.532754633850584e-05
67,-0.00010235202993135588
67,-9.88032671666216e-05
67,-8.623445843280162e-05
67,-6.686714677917617e-05
67,-4.323412246463422e-05
67,-1.7828008211427977e-05
67,7.411235891962239e-06
67,3.162949483685212e-05
67,5.519617193583447e-05
67,7.922965416038157e-05
67,0.00010470985730757481
67,0.00013170612132932662
67,0.00015909542374865674
67,0.00018479522240533728
67,0.00020628236282093997
67,0.00022125447959531333
67,0.0002283359855220742
67,0.0002274720074895917
67,0.00021964689617875522
67,0.00020612284488330805
67,0.0001877738609861029
67,0.0001648024621089948
67,0.00013692228236432443
67,0.00010389754276020826
67,6.620689508823149e-05
67,2.563130175702445e-05
67,-1.4633064134011373e-05
67,-5.0599094653936674e-05
67,-7.856424543898301e-05
67,-9.607264370277741e-05
67,-0.00010235588795104126
67,-9.819838985341477e-05
67,-8.547269615333951e-05
67,-6.66416157861529e-05
67,-4.431071133032044e-05
67,-2.0767861155798715e-05
67,2.486084636564968e-06
67,2.5110513732015595e-05
67,4.793493003334487e-05
67,7.237668258435715e-05
67,9.948421253008894e-05
67,0.00012914189436039308
67,0.00015980194974488145
67,0.00018878723134883077
67,0.0002129930660023268
67,0.00022973225659080783
67,0.00023746141623792247
67,0.00023613671715819437
67,0.00022695481123060073
67,0.0002115407164617728
67,0.00019113939402280427
67,0.00016625283078652652
67,0.00013675289227107194
67,0.00010242760152205864
67,6.374389245248494e-05
67,2.2435408436362027e-05
67,-1.8388678893321755e-05
67,-5.4803222178751434e-05
67,-8.31064690916055e-05
67,-0.00010078408801292827
67,-0.00010697891527109361
67,-0.00010240266161448749
67,-8.88937667651502e-05
67,-6.89040153497012e-05
67,-4.506027420076884e-05
67,-1.9746713169420895e-05
67,5.349495248556165e-06
67,2.962041379886523e-05
67,5.361811721809194e-05
67,7.858048224377596e-05
67,0.00010548564972625465
67,0.00013421909582096033
67,0.0001633182024195722
67,0.000190279143954226
67,0.00021224411503684016
67,0.000226809581791184
67,0.00023268556258404505
67,0.00023002641888587578
67,0.00022018705098839046
67,0.0002048877255936078
67,0.00018534527803583365
67,0.000161906926836095
67,0.0001342237072298152
67,0.0001018341450463773
67,6.494680873007534e-05
67,2.5069596898539764e-05
67,-1.4835853778992901e-05
67,-5.086741039819857e-05
67,-7.921821075584665e-05
67,-9.720896909918638e-05
67,-0.00010383131688854286
67,-9.969622979752514e-05
67,-8.659853678098903e-05
67,-6.699477956556984e-05
67,-4.3552837311914884e-05
67,-1.8724159014586403e-05
67,5.7353079131139735e-06
67,2.9194070615581577e-05
67,5.225012427704026e-05
67,7.624966198464002e-05
67,0.00010231562787944451
67,0.0001304717267027015
67,0.00015936980794488932
67,0.00018658693059715422
67,0.00020926734697359432
67,0.0002249134415605031
67,0.00023207836959622982
67,0.00023073108401685594
67,0.00022204613326897165
67,0.00020759753451768487
67,0.0001885057000479592
67,0.0001650935067739733
67,0.00013706985103530708
67,0.0001040813957912924
67,6.645462809772616e-05
67,2.580973346801405e-05
67,-1.4791721791341004e-05
67,-5.1375324295314115e-05
67,-8.01041341896756e-05
67,-9.831182063284796e-05
67,-0.0001050307088393973
67,-0.00010091568485476669
67,-8.779339045030759e-05
67,-6.814109213906523e-05
67,-4.464361929780235e-05
67,-1.9766685155783332e-05
67,4.732857281152591e-06
67,2.8246509292622656e-05
67,5.141301998488301e-05
67,7.561663467869355e-05
67,0.00010200090826134202
67,0.00013058595729367763
67,0.00015998911253193237
67,0.00018772266310421016
67,0.00021084121427180952
67,0.00022674997743913331
67,0.00023393712929334326
67,0.000232363500734922
67,0.0002232448477621297
67,0.00020823926025517192
67,0.00018858270910761208
67,0.00016471324068414393
67,0.00013642299182571837
67,0.0001033845531831401
67,6.588575556762451e-05
67,2.54673694928926e-05
67,-1.4899707805957905e-05
67,-5.132246090228882e-05
67,-8.001802161340318e-05
67,-9.833429529538202e-05
67,-0.0001052754862258964
67,-0.00010143405455668982
67,-8.855774188595694e-05
67,-6.90490404591566e-05
67,-4.5537263760078965e-05
67,-2.0463330013367535e-05
67,4.400123959398081e-06
67,2.8385723413007964e-05
67,5.203814586196579e-05
67,7.66355672938312e-05
67,0.00010323946499592189
67,0.00013183496040675442
67,0.0001610494213947603
67,0.0001884397082128244
67,0.000211128147437451
67,0.00022659633088974052
67,0.00023340109429394298
67,0.00023154918436605473
67,0.0002222738193527142
67,0.00020723072463003702
67,0.0001876451779739979
67,0.00016393633084335065
67,0.0001358683211457923
67,0.00010308457804720004
67,6.584847584516326e-05
67,2.5680522446084358e-05
67,-1.4466021465202196e-05
67,-5.0712743114217484e-05
67,-7.928365930029328e-05
67,-9.752195414067348e-05
67,-0.00010442027541251604
67,-0.00010056238491709213
67,-8.76966340844266e-05
67,-6.823545121694808e-05
67,-4.482166723244862e-05
67,-1.9906329146928875e-05
67,4.733896227385767e-06
67,2.8433974164699293e-05
67,5.175087252043937e-05
67,7.59896559547556e-05
67,0.00010225346621656503
67,0.00013057688495953721
67,0.00015963138033050288
67,0.00018700288730717361
67,0.00020982532577732934
67,0.00022557147681774928
67,0.00023276555820827822
67,0.00023136207378882028
67,0.0002225350417360973
67,0.0002078863651714324
67,0.00018859973667230743
67,0.0001650680294081696
67,0.00013704615707455116
67,0.0001041874540012007
67,6.678219841057958e-05
67,2.6385740203506323e-05
67,-1.4014189852509127e-05
67,-5.050862254306893e-05
67,-7.929789136670789e-05
67,-9.771187052241789e-05
67,-0.00010474222952775766
67,-0.00010098236459758902
67,-8.81939320990668e-05
67,-6.879750906606e-05
67,-4.543434298524606e-05
67,-2.0546256616846905e-05
67,4.10060103018162e-06
67,2.784759299888161e-05
67,5.1253995401375467e-05
67,7.562581026986989e-05
67,0.00010206382269429477
67,0.0001305920508229616
67,0.00015986188049417165
67,0.0001874329555618162
67,0.00021041285332549204
67,0.00022625240168075002
67,0.00023346026333677456
67,0.000231987480840442
67,0.0002230230514655664
67,0.00020819959652613757
67,0.00018873716963133276
67,0.0001650611731950491
67,0.00013694872907993083
67,0.00010406108289537147
67,6.668031255216692e-05
67,2.6339460375931692e-05
67,-1.4001450599241544e-05
67,-5.045505643819092e-05
67,-7.923095687466575e-05
67,-9.765737428755325e-05
67,-0.00010471853748784328
67,-0.00010099880462221438
67,-8.825073875741283e-05
67,-6.888609525887183e-05
67,-4.55390561184049e-05
67,-2.0648765087857685e-05
67,4.015271553559708e-06
67,2.7785930278974556e-05
67,5.121246087501399e-05
67,7.559336092151471e-05
67,0.0001020259466276128
67,0.00013053428159936223
67,0.00015977335631970065
67,0.0001873095944896243
67,0.00021025820476975495
67,0.0002260764157292249
67,0.00023327759255286154
67,0.0002318164085980618
67,0.0002228855969775151
67,0.0002081207200023288
67,0.0001887407149302102
67,0.0001651644559473523
67,0.00013715758018698193
67,0.00010436523612835032
67,6.705137763398415e-05
67,2.673423361477245e-05
67,-1.363197172208164e-05
67,-5.015334178654586e-05
67,-7.902245780370558e-05
67,-9.754615425805544e-05
67,-0.00010468935044552433
67,-0.00010102350297447454
67,-8.829652137217515e-05
67,-6.892375280260354e-05
67,-4.5550303552645174e-05
67,-2.063177619543153e-05
67,4.043877371742559e-06
67,2.7794125437630503e-05
67,5.1161077275072294e-05
67,7.544840121318495e-05
67,0.00010177085198039316
67,0.00013017681385402933
67,0.00015934515626351184
67,0.00018685921847370047
67,0.00020983957895264
67,0.00022573689536053147
67,0.00023304940576638716
67,0.00023171308859422599
67,0.00022290451829896102
67,0.0002082501549931915
67,0.0001889664573586299
67,0.00016547314319021104
67,0.0001375364528590252
67,0.00010479858324195843
67,6.751628537916054e-05
67,2.719909016006411e-05
67,-1.32046700847101e-05
67,-4.980027193065912e-05
67,-7.877162065503825e-05
67,-9.741175287428881e-05
67,-0.00010467123882039532
67,-0.00010111036822884943
67,-8.847056314162785e-05
67,-6.916460908641735e-05
67,-4.5837376135642484e-05
67,-2.0945754434659984e-05
67,3.719398565057682e-06
67,2.7471203386398426e-05
67,5.084771806430778e-05
67,7.515215772286809e-05
67,0.0001015040561786141
67,0.0001299586417032754
67,0.00015919839364652707
67,0.00018680389143684207
67,0.00020988626509861727
67,0.0002258820884450781
67,0.00023327425723561
67,0.00023198619511291294
67,0.0002231898707603745
67,0.00020851821844167652
67,0.00018920225248987793
67,0.00016567765561168962
67,0.00013772229264978812
67,0.00010498202629340615
67,6.770842518224221e-05
67,2.7399210566042738e-05
67,-1.3010793406154704e-05
67,-4.963583318951174e-05
67,-7.866010857184384e-05
67,-9.736877094927861e-05
67,-0.00010470034989237698
67,-0.0001012034063176502
67,-8.861061608806507e-05
67,-6.932970393468229e-05
67,-4.600431273077958e-05
67,-2.109472907714587e-05
67,3.5994940921539103e-06
67,2.7378850907785616e-05
67,5.076925095548446e-05
67,7.50680865509267e-05
67,0.00010139829235747053
67,0.00012982497874527386
67,0.00015904183086308153
67,0.00018663838982100703
67,0.0002097303891233396
67,0.00022575355055496954
67,0.000233185075560044
67,0.00023194068736688572
67,0.0002231874101372537
67,0.0002085589615624038
67,0.0001892906496591406
67,0.00016582154451379557
67,0.00013792910856004663
67,0.000105253486704041
67,6.803522431556852e-05
67,2.775824189723701e-05
67,-1.265423112864073e-05
67,-4.93203032145282e-05
67,-7.841797608522934e-05
67,-9.721880853277329e-05
67,-0.00010464573285569849
67,-0.00010123429897255453
67,-8.87086945879759e-05
67,-6.947246492375978e-05
67,-4.616888608022461e-05
67,-2.126209507403413e-05
67,3.4399043964005747e-06
67,2.722611024126688e-05
67,5.061221715861339e-05
67,7.489211242586248e-05
67,0.00010119430775980838
67,0.0001295955662532487
67,0.00015880200364336362
67,0.00018641230538390735
67,0.00020954534516678347
67,0.0002256327272610636
67,0.000233141266360778
67,0.00023197367942636574
67,0.00022328705152674372
67,0.00020871202071640705
67,0.00018948642386682241
67,0.00016605382055575932
67,0.00013819508372996613
67,0.00010555022466116739
67,6.835487085898702e-05
67,2.8084481061207312e-05
67,-1.2345799483813246e-05
67,-4.9056940050497364e-05
67,-7.822234566038707e-05
67,-9.710351872657655e-05
67,-0.00010461212678788384
67,-0.00010127475085105502
67,-8.881011825321568e-05
67,-6.961923173883535e-05
67,-4.634500849998733e-05
67,-2.1453603794657223e-05
67,3.242148174188799e-06
67,2.7024456697629693e-05
67,5.040324356137872e-05
67,7.467156831262941e-05
67,0.0001009635254378858
67,0.0001293649456010024
67,0.00015858991999025582
67,0.000186240900701387
67,0.00020943480742830685
67,0.00022559563986928208
67,0.00023317884659984544
67,0.00023207569325819753
67,0.00022343664274030275
67,0.00020889331169527702
67,0.00018968996670271733
67,0.00016627758096738213
67,0.0001384417307522367
67,0.00010582184313294154
67,6.864701869779129e-05
67,2.8382371005610884e-05
67,-1.20665418150326e-05
67,-4.88243887522166e-05
67,-7.806007513171045e-05
67,-9.702440085354739e-05
67,-0.00010461648628137652
67,-0.00010135231709383646
67,-8.894363352525444e-05
67,-6.978793606227809e-05
67,-4.652776822414497e-05
67,-2.1632457106922903e-05
67,3.0779989939899995e-06
67,2.687577880641811e-05
67,5.026148661048363e-05
67,7.452437444519488e-05
67,0.00010080250549682679
67,0.0001291908799857396
67,0.0001584132512497478
67,0.0001860787301001555
67,0.0002093058836111682
67,0.0002255148383314993
67,0.00023315290338975803
67,0.00023210205569993702
67,0.0002235070231596521
67,0.00020900014480250352
67,0.00018983088515985144
67,0.00016645561364202408
67,0.00013866216334304686
67,0.00010608693067123653
67,6.895041508381657e-05
67,2.870591037007202e-05
67,-1.1751407246741097e-05
67,-4.8549983186905214e-05
67,-7.785362300391358e-05
67,-9.690140095430528e-05
67,-0.00010457886743047768
67,-0.00010139079463101425
67,-8.904192002993131e-05
67,-6.99267211404298e-05
67,-4.6687991270467506e-05
67,-2.1798586594603045e-05
67,2.9145315679221424e-06
67,2.6714351778370185e-05
67,5.009351763321902e-05
67,7.433913418500375e-05
67,0.00010059494224350774
67,0.00012896654211025843
67,0.0001581881810978315
67,0.0001858756644255765
67,0.00020914841227392193
67,0.00022542118001693905
67,0.00023313113797956514
67,0.00023214872361548857
67,0.00022361079278423828
67,0.00020914878248724238
67,0.00019001650519391016
67,0.00016667573329070008
67,0.00013891737240337234
67,0.00010637625225415897
67,6.926610110336725e-05
67,2.9030205602147278e-05
67,-1.1445224572381002e-05
67,-4.8291617926714885e-05
67,-7.766752132288055e-05
67,-9.680061640016853e-05
67,-0.0001045634954389258
67,-0.00010145038759626712
67,-8.915957357142175e-05
67,-7.008282274583335e-05
67,-4.6863252955880026e-05
67,-2.1977162514244144e-05
67,2.741668228754187e-06
67,2.6547168976244897e-05
67,4.99241132823351e-05
67,7.415746271201218e-05
67,0.00010039646072707501
67,0.00012875686409898995
67,0.00015798270749074996
67,0.00018569566836821477
67,0.00020901528210534413
67,0.00022535043842840117
67,0.00023312806507929523
67,0.00023220747666681649
67,0.00022371859266247056
67,0.00020929323662990606
67,0.00019019092599455075
67,0.00016687995285386925
67,0.00013915494634453196
67,0.00010664922013460087
67,6.956914184228936e-05
67,2.9346900951417176e-05
67,-1.1141534766586862e-05
67,-4.8031681408761964e-05
67,-7.747750195876506e-05
67,-9.669544576546444e-05
67,-0.00010454485491173534
67,-0.00010150880108306759
67,-8.927832202281928e-05
67,-7.024168123941662e-05
67,-4.704167923774633e-05
67,-2.2157728819853886e-05
67,2.5694750621580903e-06
67,2.6384274037889704e-05
67,4.976271226023711e-05
67,7.398662486937364e-05
67,0.00010020993055333707
67,0.0001285581204862901
67,0.00015778511363271204
67,0.0001855190373981236
67,0.00020888042845132546
67,0.00022527325896492097
67,0.00023311500440476732
67,0.00023225432278982304
67,0.00022381425192056858
67,0.00020942670097507957
67,0.00019035639407267684
67,0.0001670776142889642
67,0.00013938829601084667
67,0.00010692000580678412
67,6.987170322315128e-05
67,2.9664565854030793e-05
67,-1.0835543815079331e-05
67,-4.776812021090534e-05
67,-7.728249594544309e-05
67,-9.658390241509958e-05
67,-0.00010451849465738151
67,-0.00010155829817146046
67,-8.938727936332107e-05
67,-7.039043079049797e-05
67,-4.7210494035821025e-05
67,-2.233019324015325e-05
67,2.402821092221329e-06
67,2.622346963926218e-05
67,4.9599415321973485e-05
67,7.380981857177884e-05
67,0.00010001376377643135
67,0.0001283469591132781
67,0.0001575736117300882
67,0.00018532853773062458
67,0.00020873329168044313
67,0.00022518672150999294
67,0.00023309646576950583
67,0.00023230001337462816
67,0.00022391293478807138
67,0.00020956666652813602
67,0.00019053073254454456
67,0.00016728521812225537
67,0.00013963139049486163
67,0.0001071992787644882
67,7.018077337921075e-05
67,2.998643698333313e-05
67,-1.0527610923163452e-05
67,-4.750459952065637e-05
67,-7.708913766536447e-05
67,-9.647526657377559e-05
67,-0.00010449604743511824
67,-0.00010161256319004212
67,-8.950177779579464e-05
67,-7.054541062799131e-05
67,-4.7386046733310394e-05
67,-2.2509535831739186e-05
67,2.2297315875289097e-06
67,2.605740710028083e-05
67,4.9432780206935154e-05
67,7.363217948491898e-05
67,9.981957980545078e-05
67,0.0001281405769333995
67,0.00015736931750596686
67,0.000185146976843147
67,0.00020859588548708337
67,0.00022510966423803892
67,0.00023308615753427688
67,0.00023235184931509807
67,0.00022401510028732135
67,0.0002097072130812711
67,0.00019070290184843445
67,0.00016748841669386535
67,0.00013986861947195143
67,0.00010747213236488937
67,7.04837638104455e-05
67,3.030330266281904e-05
67,-1.0223155275070938e-05
67,-4.7242906877054523e-05
67,-7.689612438789409e-05
67,-9.63658271001806e-05
67,-0.00010447202184213972
67,-0.00010166479940039456
67,-8.961403491291093e-05
67,-7.069808690871448e-05
67,-4.755930739682914e-05
67,-2.2686609709970418e-05
67,2.0589104066094687e-06
67,2.5893623515159813e-05
67,4.926837514191071e-05
67,7.345654937383464e-05
67,9.962690829644126e-05
67,0.00012793489424215573
67,0.00015716463431670504
67,0.00018496378453427065
67,0.000208455638215612
67,0.0002250288015846072
67,0.0002330715102621144
67,0.0002323993452579724
67,0.00022411344339885462
67,0.00020984486139102
67,0.00019087333337801558
67,0.00016769107901536145
67,0.00014010637289551883
67,0.00010774630174330258
67,7.078853641468864e-05
67,3.0622104293280845e-05
67,-9.91686493222706e-06
67,-4.6979654785500064e-05
67,-7.67019042747486e-05
67,-9.625550982815293e-05
67,-0.00010444733802029673
67,-0.00010171643868416847
67,-8.972560019668159e-05
67,-7.084987088907792e-05
67,-4.7731451568608665e-05
67,-2.286240999114631e-05
67,1.889373361219552e-06
67,2.5730933077529764e-05
67,4.910464728213882e-05
67,7.328097162546984e-05
67,9.943352486464453e-05
67,0.00012772771740152803
67,0.0001569577989505308
67,0.000184778030527475
67,0.0002083127456762506
67,0.00022494554884892136
67,0.00023305501165345473
67,0.00023244569831560086
67,0.00022421137300301006
67,0.00020998271194955895
67,0.00019104439324800157
67,0.0001678945962723475
67,0.00014034505300350913
67,0.00010802139200248085
67,7.109422262242903e-05
67,3.094185434515069e-05
67,-9.609555462554857e-06
67,-4.671532521851004e-05
67,-7.650661966948897e-05
67,-9.61442523242526e-05
67,-0.00010442196130611279
67,-0.00010176774556119482
67,-8.983728479110146e-05
67,-7.100228494325768e-05
67,-4.790474405366335e-05
67,-2.3039806495782474e-05
67,1.7179562025784867e-06
67,2.5566322453650514e-05
67,4.8939232552175406e-05
67,7.310417730798619e-05
67,9.923955366770087e-05
67,0.00012752065464369583
67,0.00015675177066019915
67,0.00018459369061676775
67,0.00020817172398169596
67,0.0002248644293827412
67,0.0002330406941609756
67,0.00023249406047458788
67,0.0002243109213332422
67,0.00021012160067481673
67,0.00019121579612514156
67,0.00016809775446399275
67,0.0001405827769517821
67,0.00010829512803703407
67,7.139840989695397e-05
67,3.1260212356550085e-05
67,-9.303343506914395e-06
67,-4.645171956474281e-05
67,-7.631171482663577e-05
67,-9.603312593393428e-05
67,-0.00010439657105690003
67,-0.00010181896355384155
67,-8.994882320773084e-05
67,-7.115446887921893e-05
67,-4.807766687911599e-05
67,-2.3216626751180905e-05
67,1.5473782900677233e-06
67,2.5402830954334744e-05
67,4.877515979241367e-05
67,7.292879689785729e-05
67,9.904684604996614e-05
67,0.00012731447110017342
67,0.00015654605152152015
67,0.00018440899318414015
67,0.0002080296916348714
67,0.00022478176579665855
67,0.00023302449836286137
67,0.000232540439972707
67,0.0002244085835294142
67,0.00021025884069051444
67,0.00019138587564473543
67,0.00016829996503061958
67,0.00014081995496685224
67,0.00010856873424441453
67,7.170288841234911e-05
67,3.157926803273328e-05
67,-8.996081595538946e-06
67,-4.6186819360632756e-05
67,-7.611541925092652e-05
67,-9.592066536970015e-05
67,-0.0001043700239931495
67,-0.00010186927248769321
67,-9.005972403734261e-05
67,-7.130627770358861e-05
67,-4.82504454360376e-05
67,-2.3393480466617275e-05
67,1.376660450596303e-06
67,2.523916487272542e-05
67,4.861091888333448e-05
67,7.275323894962853e-05
67,9.885388867653019e-05
67,0.00012710789925278563
67,0.00015633977476817452
67,0.0001842235918860597
67,0.00020788688739350824
67,0.00022469837963619077
67,0.00023300775476007768
67,0.00023258653511887612
67,0.00022450623289486135
67,0.00021039626242743827
67,0.00019155620959092373
67,0.00016850238369409996
67,0.00014105721775238585
67,0.00010884229371128352
67,7.200725267880303e-05
67,3.189825192637057e-05
67,-8.688743208246672e-06
67,-4.5921641467252684e-05
67,-7.591866190744043e-05
67,-9.580762775887965e-05
67,-0.00010434287303310891
67,-0.00010191903417140926
67,-9.017020339483902e-05
67,-7.145784351100591e-05
67,-4.842318829592869e-05
67,-2.3570496943411002e-05
67,1.205636422271254e-06
67,2.5075139136473183e-05
67,4.844635542610699e-05
67,7.257744774630635e-05
67,9.86607897273425e-05
67,0.00012690125050229345
67,0.00015613345243349099
67,0.00018403815041574865
67,0.00020774403962625485
67,0.00022461495760820073
67,0.00023299100650807196
67,0.0002326326721889907
67,0.00022460395104783288
67,0.0002105337243009785
67,0.00019172649437263577
67,0.00016870462797784213
67,0.00014129418675252884
67,0.0001091154945429684
67,7.231128694009184e-05
67,3.221703796685693e-05
67,-8.381398461423971e-06
67,-4.565624618056356e-05
67,-7.572153582465896e-05
67,-9.569416582205304e-05
67,-0.00010431533455658936
67,-0.00010196850759549355
67,-9.028051859670425e-05
67,-7.16093611153623e-05
67,-4.8595962124249335e-05
67,-2.374755981785018e-05
67,1.034633285228281e-06
67,2.4911279970907456e-05
67,4.8282140828887895e-05
67,7.240215088049265e-05
67,9.846822504830655e-05
67,0.00012669504263052467
67,0.00015592735997177156
67,0.00018385265539472702
67,0.00020760084486690151
67,0.00022453094782667624
67,0.00023297352751273318
67,0.0002326780427832191
67,0.00022470094052257024
67,0.00021067052017800697
67,0.00019189617309576563
67,0.00016890632160390402
67,0.00014153067286002717
67,0.00010938832205804907
67,7.261512544688768e-05
67,3.253587799061948e-05
67,-8.073709332800509e-06
67,-4.539023662781273e-05
67,-7.55236066376375e-05
67,-9.557982336387988e-05
67,-0.00010428694366083506
67,-0.00010201723371873537
67,-9.039023718851544e-05
67,-7.17604544948809e-05
67,-4.876848571847133e-05
67,-2.3924524110463867e-05
67,8.63625136122587e-07
67,2.474737353829962e-05
67,4.811788157295983e-05
67,7.22268102559869e-05
67,9.827556985255845e-05
67,0.00012648863670251692
67,0.00015572092127015563
67,0.0001836666636021514
67,0.00020745704506556795
67,0.0002244463046793498
67,0.00023295548477534754
67,0.00023272300080138584
67,0.00022479769497919127
67,0.00021080722154972548
67,0.0001920658274930506
67,0.00016910799293689462
67,0.0001417670993263601
67,0.00010966105979005175
67,7.291889742618929e-05
67,3.285475224784299e-05
67,-7.76582260914626e-06
67,-4.5123854816964854e-05
67,-7.532517735117532e-05
67,-9.546493414418585e-05
67,-0.0001042580412909496
67,-0.0001020655437060208
67,-9.049966818682747e-05
67,-7.191139972972174e-05
67,-4.8940991236535224e-05
67,-2.410156589254549e-05
67,6.925043447427389e-07
67,2.458339127532806e-05
67,4.795363506226785e-05
67,7.205157080344675e-05
67,9.808305089773964e-05
67,0.00012628232737620202
67,0.00015551447604332134
67,0.00018348052864979782
67,0.00020731297171317552
67,0.00022436130075971289
67,0.00023293706024495175
67,0.00023276761605968562
67,0.00022489416558571583
67,0.00021094367208747793
67,0.00019223522052188078
67,0.00016930936206870664
67,0.0001420031861782771
67,0.00010993346673983474
67,7.322242975058089e-05
67,3.31735696330888e-05
67,-7.457749661152635e-06
67,-4.485704774940724e-05
67,-7.512615370584094e-05
67,-9.534938718556888e-05
67,-0.00010422852062630112
67,-0.00010211334863101127
67,-9.060874587607713e-05
67,-7.206215208205661e-05
67,-4.9113446591145116e-05
67,-2.4278654879133547e-05
67,5.213093719395186e-07
67,2.4419386094622485e-05
67,4.7789467925372406e-05
67,7.187650474821469e-05
67,9.78907321348045e-05
67,0.00012607615373913037
67,0.00015530802438613525
67,0.00018329420442710068
67,0.0002071685337214547
67,0.00022427581108051223
67,0.00023291811257380258
67,0.00023281175184029497
67,0.00022499023966744024
67,0.00021107979551482264
67,0.000192404316495549
67,0.0001695104302943946
67,0.00014223896072677522
67,0.00011020558335795769
67,7.352576394645118e-05
67,3.349236446412338e-05
67,-7.1494651996151445e-06
67,-4.458979607522008e-05
67,-7.492651624265277e-05
67,-9.523315593776567e-05
67,-0.00010419834196225412
67,-0.00010216059238397542
67,-9.071739804470651e-05
67,-7.221262778888462e-05
67,-4.928576588286215e-05
67,-2.4455715433610533e-05
67,3.500924484041236e-07
67,2.4255374901971105e-05
67,4.762535528702001e-05
67,7.170154517548793e-05
67,9.769851084002787e-05
67,0.00012586998966929153
67,0.00015510143252364122
67,0.00018310756591731218
67,0.0002070236300078298
67,0.00022418976907230794
67,0.00023289861536355145
67,0.00023285542205309337
67,0.00022508596631857692
67,0.00021121566769609227
67,0.00019257320728091533
67,0.0001697112938259814
67,0.00014247451361275432
67,0.00011047748634682061
67,7.382895748149237e-05
67,3.381117295069754e-05
67,-6.840954214825399e-06
67,-4.432210392232299e-05
67,-7.472628538493562e-05
67,-9.511627481015548e-05
67,-0.00010416755221821281
67,-0.0001022073336386259
67,-9.082569471784896e-05
67,-7.23629070215854e-05
67,-4.9458035937717124e-05
67,-2.4632835214006016e-05
67,1.7877314838282617e-07
67,2.4091294331010997e-05
67,4.746126005579925e-05
67,7.152668870363929e-05
67,9.750642110871218e-05
67,0.00012566390543033957
67,0.0001548948008915648
67,0.00018292073345955166
67,0.00020687838763287038
67,0.00022410329485544824
67,0.00023287866910274224
67,0.00023289869770189782
67,0.00022518138172766505
67,0.0002113512890660564
67,0.00019274186104931688
67,0.00016991189569858222
67,0.000142709771922042
67,0.00011074909705664871
67,7.413193545209858e-05
67,3.412993151223663e-05
67,-6.532263986994338e-06
67,-4.405400019620964e-05
67,-7.452547229474576e-05
67,-9.499873938015656e-05
67,-0.00010413613452830358
67,-0.00010225354612800221
67,-9.093360256670098e-05
67,-7.251295115136741e-05
67,-4.9630214502542414e-05
67,-2.4809970203978476e-05
67,7.39482511760152e-09
67,2.3927184109574357e-05
67,4.729721537061965e-05
67,7.135195885005487e-05
67,9.731447385612138e-05
67,0.0001254578968055383
67,0.00015468810861265565
67,0.0001827336699628478
67,0.00020673275579172792
67,0.0002240163283934833
67,0.00023285821081122252
67,0.00023294152014337625
67,0.0002252764385080953
67,0.00021148662894525367
67,0.00019291026628868172
67,0.0001701122429118029
67,0.0001429447579087747
67,0.00011102044749896194
67,7.443473331946636e-05
67,3.444867324270683e-05
67,-6.223367776170388e-06
67,-4.37854664022093e-05
67,-7.43240665421567e-05
67,-9.488054580508876e-05
67,-0.00010410408944810202
67,-0.00010229923235758672
67,-9.104112395834044e-05
67,-7.266276099869703e-05
67,-4.980230044038533e-05
67,-2.4987118000289956e-05
67,-1.6404034634995597e-07
67,2.3763044541401755e-05
67,4.7133218212418815e-05
67,7.117734869636479e-05
67,9.712265855235799e-05
67,0.00012525195066199346
67,0.00015448134168386958
67,0.00018254636271907744
67,0.0002065867251133585
67,0.00022392886493722615
67,0.00023283724095678318
67,0.00023298389458956
67,0.0002253711456119872
67,0.00021162169826209067
67,0.00019307843389868744
67,0.00017031234465267675
67,0.00014317947790492644
67,0.00011129154086463149
67,7.473735148572685e-05
67,3.47673968884394e-05
67,-5.9142672707225466e-06
67,-4.351650341046611e-05
67,-7.412206754916344e-05
67,-9.476169231964646e-05
67,-0.00010407141488061161
67,-0.0001023443912850625
67,-9.114826032256764e-05
67,-7.28123415886503e-05
67,-4.997430304583377e-05
67,-2.51642924352882e-05
67,-3.355496833954504e-07
67,2.3598856740102127e-05
67,4.69692509754477e-05
67,7.10028451399737e-05
67,9.693096907726555e-05
67,0.00012504606940883493
67,0.00015427451127576959
67,0.00018235883035585266
67,0.00020644031926739308
67,0.00022384093038595233
67,0.0002328157843668654
67,0.00023302584252443673
67,0.0002254655193994639
67,0.00021175650723634595
67,0.0001932463678586687
67,0.00017051219902016563
67,0.00014341392502136585
67,0.00011156236634975534
67,7.503977659016462e-05
67,3.508608777717485e-05
67,-5.604976945324071e-06
67,-4.324712445594343e-05
67,-7.391948655017966e-05
67,-9.464218788459763e-05
67,-0.00010403811749142902
67,-0.00010238902708760123
67,-9.125501298221184e-05
67,-7.296169111701286e-05
67,-5.014621712372716e-05
67,-2.5341484473982443e-05
67,-5.071209680701382e-07
67,2.3434635288431117e-05
67,4.680532952703695e-05
67,7.082846348243507e-05
67,9.673941859642625e-05
67,0.00012484026216079663
67,0.00015406762097196002
67,0.00018217107010546656
67,0.00020629352906271554
67,0.0002237525099014972
67,0.00023279382242901074
67,0.00023306734354498057
67,0.0002255595403222257
67,0.00021189103952312806
67,0.00019341405632220435
67,0.00017071179959769577
67,0.0001436480979405028
67,0.00011183292698628715
67,7.534201491492174e-05
67,3.5404754200662984e-05
67,-5.295487520750904e-06
67,-4.2977319902802347e-05
67,-7.371631416714065e-05
67,-9.452202377308189e-05
67,-0.00010400418952132663
67,-0.00010243313340434555
67,-9.136137732869e-05
67,-7.311080674979465e-05
67,-5.031804176144724e-05
67,-2.5518695444424774e-05
67,-6.787575465424146e-07
67,2.3270374924344066e-05
67,4.6641447142438055e-05
67,7.065419666993621e-05
67,9.654800044159676e-05
67,0.00012463452333475264
67,0.00015386066671184716
67,0.00018198307964895075
67,0.0002061463542318315
67,0.00022366360527151097
67,0.00023277135878580556
67,0.0002331084031248473
67,0.0002256532152758282
67,0.00021202530280597148
67,0.0001935815069395853
67,0.00017091115261636696
67,0.00014388200066614156
67,0.00011210322393792821
67,7.564406457544843e-05
67,3.572339189944132e-05
67,-4.9858046713516155e-06
67,-4.270709558984524e-05
67,-7.351255520063023e-05
67,-9.44012031762465e-05
67,-0.0001039696325583781
67,-0.00010247671051034053
67,-9.146735283812036e-05
67,-7.325968774045023e-05
67,-5.0489776436414725e-05
67,-2.569592544139527e-05
67,-8.504606115845697e-07
67,2.3106073550580782e-05
67,4.647760139861471e-05
67,7.048004278506033e-05
67,9.63567140563285e-05
67,0.00012442885399501115
67,0.00015365365107352123
67,0.00018179486277315542
67,0.0002059987990083881
67,0.00022357422048794456
67,0.00023274839655587995
67,0.00023314902317937732
67,0.00022574654520004245
67,0.00021215929733457223
67,0.0001937487194692148
67,0.0001711102575370576
67,0.00014411563238499555
67,0.00011237325608251484
67,7.594592407310342e-05
67,3.60419989160638e-05
67,-4.675930550146206e-06
67,-4.243645342867782e-05
67,-7.330821112465882e-05
67,-9.427972704845368e-05
67,-0.00010393444726135291
67,-0.00010251975904990865
67,-9.157294005080346e-05
67,-7.340833444248017e-05
67,-5.066142117933836e-05
67,-2.587317412814646e-05
67,-1.0222293681666139e-06
67,2.294173250774841e-05
67,4.631379442088634e-05
67,7.030600489239385e-05
67,9.61655632569474e-05
67,0.00012422325825880095
67,0.00015344657784010845
67,0.00018160642233812068
67,0.0002058508648880451
67,0.00022348435536945614
67,0.0002327249339664535
67,0.0002331892008953331
67,0.00022583952699375888
67,0.00021229302030886335
67,0.00019391569154600906
67,0.00017130911253114794
67,0.00014434899160512864
67,0.000112643021893099
67,7.624759168392007e-05
67,3.6360573332977046e-05
67,-4.36586682528518e-06
67,-4.21653943583071e-05
67,-7.31032817430571e-05
67,-9.41575940675142e-05
67,-0.00010389863138775753
67,-0.00010256227599170646
67,-9.167813564878494e-05
67,-7.355674358334499e-05
67,-5.083297318197934e-05
67,-2.6050439749245762e-05
67,-1.1940632945228372e-06
67,2.2777350930100438e-05
67,4.6150024300566154e-05
67,7.013208059981629e-05
67,9.597454567760095e-05
67,0.00012401773413253284
67,0.00015323944551770983
67,0.00018141775720236308
67,0.00020570255085857923
67,0.00022339400892199815
67,0.0002327009700367779
67,0.0002332289354128816
67,0.00022593216026031102
67,0.00021242647201352027
67,0.00019408242421042397
67,0.0001715077190321593
67,0.0001445820797568089
67,0.00011291252229644032
67,7.654906740332187e-05
67,3.6679114242795134e-05
67,-4.055615142326384e-06
67,-4.189392023439844e-05
67,-7.289776870591166e-05
67,-9.40348054489147e-05
67,-0.00010386218557981293
67,-0.00010260426169990413
67,-9.178293973289738e-05
67,-7.37049150986811e-05
67,-5.100443240826384e-05
67,-2.62277222073497e-05
67,-1.3659625276234817e-06
67,2.2612928588966957e-05
67,4.598629087119135e-05
67,6.995827017993987e-05
67,9.578366234587929e-05
67,0.00012381228323423465
67,0.0001530322560601486
67,0.00018122886932615137
67,0.00020555385853780772
67,0.0002233031821437313
67,0.0002326765048654028
67,0.0002332682261443662
67,0.00022602444421094457
67,0.00021255965189249885
67,0.00019424891698492398
67,0.0001717060769144793
67,0.00014481489663403793
67,0.00011318175679864708
67,7.685035041608967e-05
67,3.6997620335363615e-05
67,-3.7451769814587687e-06
67,-4.162203216396061e-05
67,-7.269167232871711e-05
67,-9.391136067717118e-05
67,-0.00010382510873176197
67,-0.00010264571465448139
67,-9.188735080238556e-05
67,-7.385284757113135e-05
67,-5.117579763943177e-05
67,-2.6405020927532394e-05
67,-1.5379270394541745e-06
67,2.244846474450158e-05
67,4.582259306853825e-05
67,6.978457292873399e-05
67,9.559291303021322e-05
67,0.00012360690602986488
67,0.00015282501052614185
67,0.00018103975987911636
67,0.0002054047888800882
67,0.00022321187544128342
67,0.00023265153829830643
67,0.00023330707261498969
67,0.00022611637827766115
67,0.00021269255942996245
67,0.00019441517002985898
67,0.00017190418624978292
67,0.00014504744231327152
67,0.00011345072509652829
67,7.715143956394615e-05
67,3.73160899047321e-05
67,-3.4345541735252127e-06
67,-4.134973182151595e-05
67,-7.248499372809031e-05
67,-9.378726001905558e-05
67,-0.00010378740043066702
67,-0.00010268663402859684
67,-9.199136759126878e-05
67,-7.400053987527117e-05
67,-5.1347068000278234e-05
67,-2.6582335232906515e-05
67,-1.7099568843936743e-06
67,2.2283959016314678e-05
67,4.565893031732248e-05
67,6.961098822742256e-05
67,9.540229778987686e-05
67,0.00012340160319419395
67,0.00015261770975453847
67,0.00018085042984972532
67,0.00020525534257027306
67,0.0002231200888698676
67,0.00023262606981825019
67,0.00023334547372119206
67,0.00022620796122155615
67,0.00021282519381846457
67,0.0001945811826950696
67,0.00017210204676790605
67,0.00014527971638901636
67,0.00011371942645264635
67,7.745233369928304e-05
67,3.76345212612237e-05
67,-3.1237486707946677e-06
67,-4.1077020783714823e-05
67,-7.227773379604618e-05
67,-9.366250358922166e-05
67,-0.00010374906007589028
67,-0.00010272701888386754
67,-9.20949892568427e-05
67,-7.414799112173788e-05
67,-5.151824284471688e-05
67,-2.6759664911974732e-05
67,-1.8820522157344794e-06
67,2.2119410704771044e-05
67,4.54953017527862e-05
67,6.943751568656714e-05
67,9.521181684650098e-05
67,0.00012319637559048157
67,0.00015241035519783356
67,0.00018066088075513107
67,0.00020510552105290232
67,0.0002230278235038025
67,0.00023260009983477683
67,0.00023338342953658508
67,0.00022629919315575773
67,0.00021295755547003008
67,0.00019474695576936118
67,0.00017229965939007946
67,0.00014551171965044223
67,0.0001139878611212419
67,7.775303228911721e-05
67,3.795291307654109e-05
67,-2.8127622685038867e-06
67,-4.08039007797044e-05
67,-7.206989357933709e-05
67,-9.353709160296372e-05
67,-0.00010371008720480541
67,-0.00010276686821185732
67,-9.219821446695061e-05
67,-7.429519991709299e-05
67,-5.168932082773107e-05
67,-2.693700900970871e-05
67,-2.054212682691719e-06
67,2.195481956833194e-05
67,4.533170685098227e-05
67,6.92641550045467e-05
67,9.502147044652742e-05
67,0.00012299122405312921
67,0.00015220294813405932
67,0.00018047111404186712
67,0.00020495532544366932
67,0.00022293507995944898
67,0.0002325736282872111
67,0.0002334209394118196
67,0.00022639007343301364
67,0.00021308964394913378
67,0.00019491248912519387
67,0.0001724970242394148
67,0.0001457434522279314
67,0.00011425602883400231
67,7.805353447869087e-05
67,3.827126386851971e-05
67,-2.5015967256386897e-06
67,-4.053037333306776e-05
67,-7.186147403046753e-05
67,-9.341102426934775e-05
67,-0.00010367048142323064
67,-0.00010280618120582623
67,-9.230104222118771e-05
67,-7.444216522388465e-05
67,-5.186030106866787e-05
67,-2.7114367008956258e-05
67,-2.2264382146398837e-06
67,2.1790185213351796e-05
67,4.516814506782008e-05
67,6.909090591587204e-05
67,9.483125893225221e-05
67,0.00012278614953505293
67,0.000151995489874535
67,0.00018028113110701808
67,0.00020480475681154854
67,0.00022284185861015825
67,0.00023254665483168102
67,0.00023345800243578478
67,0.00022648060087578575
67,0.000213221458303522
67,0.00019507778212441072
67,0.00017269414087688984
67,0.0001459749136675522
67,0.00011452392888271482
67,7.835383901463618e-05
67,3.858957194627908e-05
67,-2.190253922575521e-06
67,-4.0256439983406014e-05
67,-7.165247595919371e-05
67,-9.328430158214128e-05
67,-0.00010363024192903047
67,-0.00010284495665397338
67,-9.240347105808515e-05
67,-7.458888556234273e-05
67,-5.203118230264187e-05
67,-2.7291737999232045e-05
67,-2.398728554373022e-06
67,2.1625507326501878e-05
67,4.50046157257774e-05
67,6.891776780409526e-05
67,9.464118214102837e-05
67,0.0001225811523636915
67,0.00015178798108094605
67,0.00018009093263628154
67,0.0002046538156242875
67,0.00022274815942187052
67,0.00023251917886953972
67,0.00023349461769230973
67,0.00022657077465382486
67,0.00021335299815238986
67,0.00019524283495038667
67,0.00017289100989559313
67,0.00014620610462117315
67,0.00011479156159657826
67,7.865394560983059e-05
67,3.890783633123404e-05
67,-1.8787352131825026e-06
67,-3.9982102048264815e-05
67,-7.144290018711056e-05
67,-9.315692369017701e-05
67,-0.0001035893683438646
67,-0.00010288319373864803
67,-9.250550004446819e-05
67,-7.473536004031346e-05
67,-5.220196377701254e-05
67,-2.746912162354857e-05
67,-2.571083805618354e-06
67,2.1460785307362475e-05
67,4.4841118021111635e-05
67,6.874474017230565e-05
67,9.445124019224784e-05
67,0.00012237623335513867
67,0.0001515804230580508
67,0.0001799005201034367
67,0.00020450250313173217
67,0.00022265398319117717
67,0.00023249120053372223
67,0.00023353078473627872
67,0.00022666059423380705
67,0.00021348426314031195
67,0.00019540764747069274
67,0.00017308763128934108
67,0.0001464370249524436
67,0.00011505892640035368
67,7.89538530697268e-05
67,3.9226055242232846e-05
67,-1.5670426444634953e-06
67,-3.970736126050524e-05
67,-7.123274771480587e-05
67,-9.30288907313796e-05
67,-0.00010354786005775191
67,-0.00010292089145364942
67,-9.260712795370274e-05
67,-7.488158741569866e-05
67,-5.237264447200594e-05
67,-2.7646517238810975e-05
67,-2.7435039022257047e-06
67,2.129601869415071e-05
67,4.467765128442538e-05
67,6.85718225966403e-05
67,9.426143326671719e-05
67,0.00012217139333052925
67,0.0001513728171357994
67,0.00017970989500169888
67,0.00020435082066063158
67,0.00022255933073364787
67,0.00023246271996659381
67,0.00023356650332267734
67,0.0002267500592352738
67,0.00021361525309998043
67,0.0001955722199142381
67,0.00017328400551072242
67,0.00014666767508440454
67,0.00011532602333010078
67,7.925356081878912e-05
67,3.954422739150592e-05
67,-1.255177823314488e-06
67,-3.9432219108204966e-05
67,-7.102201952412795e-05
67,-9.290020288723313e-05
67,-0.00010350571663486387
67,-0.00010295804882949348
67,-9.270835360467089e-05
67,-7.502756645204079e-05
67,-5.2543223263539724e-05
67,-2.7823924080993743e-05
67,-2.9159885531462995e-06
67,2.1131207200128387e-05
67,4.4514214985472256e-05
67,6.83990147248936e-05
67,9.40717615783277e-05
67,0.00012196663311195746
67,0.00015116516452113148
67,0.00017951905868661872
67,0.00020419876929994097
67,0.00022246420270736656
67,0.00023243373733462003
67,0.00023360177298773757
67,0.00022683916909089694
67,0.00021374596777943636
67,0.00019573655217200472
67,0.00017348013247005971
67,0.0001468980547254925
67,0.00011559285157255543
67,7.955306735520498e-05
67,3.986235079422971e-05
67,-9.431431112606394e-07
67,-3.915667763410246e-05
67,-7.081071681236411e-05
67,-9.277086047765565e-05
67,-0.00010346293743694252
67,-0.00010299466485121642
67,-9.280917568481998e-05
67,-7.517329585428856e-05
67,-5.27136989221916e-05
67,-2.8001341192051576e-05
67,-3.088537377759973e-06
67,2.0966350772338187e-05
67,4.43508086708185e-05
67,6.82263163608499e-05
67,9.388222542584408e-05
67,0.00012176195341352607
67,0.00015095746613860247
67,0.00017932801195571802
67,0.00020404634938025323
67,0.0002223685985291223
67,0.00023240425107876685
67,0.00023363659162080384
67,0.0002269279216433712
67,0.00021387640538539108
67,0.00019590064318415287
67,0.0001736760118288121
67,0.0001471281639884806
67,0.00011585941141889119
67,7.985237263713124e-05
67,4.0180424853374864e-05
67,-6.30939192092474e-07
67,-3.888073740697628e-05
67,-7.059883968544175e-05
67,-9.264086309955075e-05
67,-0.00010341952180083523
67,-0.0001030307385227404
67,-9.290959317537426e-05
67,-7.531877455463739e-05
67,-5.288407073365268e-05
67,-2.8178768354096304e-05
67,-3.2611507130621693e-06
67,2.0801448483103407e-05
67,4.4187431377896934e-05
67,6.805372666904127e-05
67,9.369282451206332e-05
67,0.00012155735466950851
67,0.00015074972302240225
67,0.00017913675611079777
67,0.00020389356223413877
67,0.00022227251928409313
67,0.00023237426193130643
67,0.000233670959780697
67,0.0002270163175190016
67,0.0002140065669073043
67,0.00019606449417780436
67,0.00017387164489201065
67,0.00014735800384839938
67,0.00011612570299142362
67,8.015147589434762e-05
67,4.049844794011052e-05
67,-3.185682628691262e-07
67,-3.8604400467184694e-05
67,-7.038638961281976e-05
67,-9.251021127730138e-05
67,-0.00010337546943005679
67,-0.00010306626887505097
67,-9.300960481994722e-05
67,-7.546400135937464e-05
67,-5.305433760184865e-05
67,-2.8356204969866886e-05
67,-3.4338284994898944e-06
67,2.063649978747044e-05
67,4.40240821669428e-05
67,6.788124497842563e-05
67,9.350355886998268e-05
67,0.00012135283768371607
67,0.00015054193664129734
67,0.00017894529297635505
67,0.00020374040950344038
67,0.00022217596629379272
67,0.0002323437704859548
67,0.00023370487732103843
67,0.00022710435621665413
67,0.00021413645166661174
67,0.00019622810468457964
67,0.00017406703111851404
67,0.00014758757355297947
67,0.00011639172526571622
67,8.045037546024325e-05
67,4.0816417891776844e-05
67,-6.032721920140393e-09
67,-3.8327669089793527e-05
67,-7.01733681754228e-05
67,-9.237890580719988e-05
67,-0.00010333078026032681
67,-0.00010310125554460551
67,-9.310920996635609e-05
67,-7.560897542607769e-05
67,-5.322449878444698e-05
67,-2.8533650201987086e-05
67,-3.6065702886721707e-06
67,2.0471504838287925e-05
67,4.3860761107403776e-05
67,6.770887158091085e-05
67,9.331442927725348e-05
67,0.00012114840362917304
67,0.00015033410815988395
67,0.00017875362339799035
67,0.00020358689148890175
67,0.00022207893883586884
67,0.00023231277517238134
67,0.00023373834212445048
67,0.00022719203556359588
67,0.00021426605808832648
67,0.00019639147365695483
67,0.00017426217006236995
67,0.00014781687304734419
67,0.00011665747796750449
67,8.074907084218056e-05
67,4.113433367852753e-05
67,3.066662854092816e-07
67,-3.805054403346348e-05
67,-6.995977551988774e-05
67,-9.224694601746133e-05
67,-0.00010328545310512209
67,-0.0001031356968009558
67,-9.32084068105372e-05
67,-7.575369510027374e-05
67,-5.339455287435227e-05
67,-2.871110347250053e-05
67,-3.779376211553852e-06
67,2.0306462701545405e-05
67,4.3697466699142506e-05
67,6.753660505731812e-05
67,9.312543473436128e-05
67,0.00012094405218566647
67,0.00015012623788068598
67,0.0001785617480998981
67,0.00020343300898321948
67,0.00022198143765430508
67,0.00023228127645262008
67,0.00023377135435199718
67,0.0002272793557930993
67,0.00021439538661191534
67,0.00019655460181523384
67,0.00017445706245237713
67,0.00014804590270842545
67,0.00011692296099202421
67,8.104756100218023e-05
67,4.1452193565754254e-05
67,6.195264438582249e-07
67,-3.7773027520461244e-05
67,-6.974561321287576e-05
67,-9.211433271261556e-05
67,-0.00010323948796977722
67,-0.00010316959231191107
67,-9.330719473158105e-05
67,-7.589815964151184e-05
67,-5.356449924124063e-05
67,-2.8888564205826527e-05
67,-3.952246146302834e-06
67,2.0141373147456323e-05
67,4.353419867297169e-05
67,6.736444545260921e-05
67,9.293657600378687e-05
67,0.00012073978472849293
67,0.00014991832760735823
67,0.00017836966889037587
67,0.00020327876341959
67,0.0002218834634006525
67,0.00023224927407509857
67,0.00023380391305298983
67,0.0002273663155078525
67,0.00021452443600423367
67,0.00019671748809844936
67,0.00017465170747543528
67,0.00014827466176081815
67,0.0001171881733036613
67,8.134584458046179e-05
67,4.1769995734610026e-05
67,9.325458750079533e-07
67,-3.749512119983536e-05
67,-6.953088218185432e-05
67,-9.198106591828445e-05
67,-0.00010319288422887432
67,-0.000103202940918592
67,-9.340557244683808e-05
67,-7.604236775803055e-05
67,-5.373433661243066e-05
67,-2.9066031517656963e-05
67,-4.125179563547816e-06
67,1.9976236142333525e-05
67,4.337095670935837e-05
67,6.719239262408673e-05
67,9.274785334754531e-05
67,0.00012053560188061751
67,0.0001497103780794911
67,0.00017817738633999652
67,0.00020312415484241483
67,0.00022178501539247563
67,0.00023221676653306802
67,0.00023383601620616829
67,0.0002274529130375661
67,0.00021465320516805443
67,0.00019688013235471887
67,0.00017484610575484863
67,0.00014850315129916078
67,0.0001174531160145962
67,8.164392211842848e-05
67,4.2087740090120954e-05
67,1.2457239989998197e-06
67,-3.72168254739024e-05
67,-6.931558244842816e-05
67,-9.184714512067778e-05
67,-0.00010314564078394057
67,-0.000103235741248653
67,-9.350353831006943e-05
67,-7.618631783732859e-05
67,-5.390406377661334e-05
67,-2.9243504770481894e-05
67,-4.298176728495368e-06
67,1.9811050702334757e-05
67,4.320773935478308e-05
67,6.702044511495645e-05
67,9.255926579913817e-05
67,0.00012033150348710682
67,0.00014950238994965577
67,0.00017798490169223938
67,0.00020296918486301265
67,0.0002216860952235552
67,0.0002321837553017757
67,0.00023386766520197409
67,0.00022753914961798526
67,0.00021478169546809293
67,0.00019704253600343042
67,0.00017504025848652727
67,0.00014873137195612466
67,0.00011771778887295578
67,8.194179235105378e-05
67,4.24054244853393e-05
67,1.5590582280714647e-06
67,-3.693814291729549e-05
67,-6.909971595390128e-05
67,-9.171257137533616e-05
67,-0.00010309775795413307
67,-0.00010326799294771263
67,-9.360109178977501e-05
67,-7.633000932942082e-05
67,-5.4073680306605783e-05
67,-2.942098385666641e-05
67,-4.4712378831185016e-06
67,1.9645816199516542e-05
67,4.304454595380528e-05
67,6.684860270203765e-05
67,9.237081407311943e-05
67,0.00012012749116296124
67,0.00014929436549593417
67,0.00017779221748913214
67,0.00020281385572714435
67,0.00022158670455952367
67,0.00023215024111455901
67,0.0002338988598680214
67,0.00022762502464379375
67,0.00021490990626466544
67,0.0001972046984711678
67,0.00017523416522038235
67,0.00014895932321895523
67,0.0001179821910618019
67,8.223945402545463e-05
67,4.272304716291249e-05
67,1.8725465691616326e-06
67,-3.665907524233911e-05
67,-6.888328376085083e-05
67,-9.157734488366707e-05
67,-0.00010304923514094734
67,-0.0001032996950398417
67,-9.369823160565448e-05
67,-7.647344088861587e-05
67,-5.424318488626277e-05
67,-2.959846766556547e-05
67,-4.644362299409038e-06
67,1.9480532887016482e-05
67,4.2881376473482636e-05
67,6.667686555441185e-05
67,9.21824986743414e-05
67,0.00011992356583155099
67,0.0001490863057693739
67,0.00017759933459698417
67,0.00020265816787969505
67,0.00022148684311807553
67,0.0002321162229629999
67,0.00023392959867739186
67,0.00022771053656625876
67,0.00021503783641523523
67,0.0001973666191858201
67,0.00017542782579993036
67,0.00014918700509741113
67,0.00011824632239880686
67,8.253690645840389e-05
67,4.304060689566963e-05
67,2.186187447433893e-06
67,-3.637962385459916e-05
67,-6.866628657268474e-05
67,-9.144146561157047e-05
67,-0.00010300007159439325
67,-0.00010333084634634515
67,-9.379495638607777e-05
67,-7.661661113664961e-05
67,-5.441257631674786e-05
67,-2.9775955371479104e-05
67,-4.817549828949207e-06
67,1.9315200275367817e-05
67,4.271823002319173e-05
67,6.650523286646068e-05
67,9.199431930901258e-05
67,0.0001197197277354772
67,0.00014887821147155605
67,0.00017740625389759925
67,0.0002025021220214924
67,0.00022138651117134842
67,0.00023208170053403944
67,0.0002339598807254226
67,0.00022779568456341933
67,0.00021516548530819542
67,0.00019752829797392758
67,0.00017562124039350802
67,0.000149414417840922
67,0.00011851018287688577
67,8.283414905813334e-05
67,4.335810245141846e-05
67,2.4999792432256894e-06
67,-3.609979021037151e-05
67,-6.844872533246516e-05
67,-9.13049337490073e-05
67,-0.00010295026695185026
67,-0.00010336144602856444
67,-9.38912651677556e-05
67,-7.675951897532966e-05
67,-5.458185375081787e-05
67,-2.9953446571670315e-05
67,-4.9908006640165294e-06
67,1.9149817588672568e-05
67,4.255510560470404e-05
67,6.633370380774771e-05
67,9.180627561941146e-05
67,0.00011951597704983455
67,0.00014867008332156327
67,0.0001772129763213588
67,0.0002023457189237897
67,0.00022128570907539158
67,0.00023204667343659476
67,0.0002339897053755843
67,0.00022788046754215285
67,0.00021529285212557793
67,0.00019768973406993128
67,0.00017581440829907206
67,0.00014964156059952028
67,0.00011877377112852099
67,8.313117984101953e-05
67,4.367553122022721e-05
67,2.8139192996258016e-06
67,-3.581957662253297e-05
67,-6.823060155390477e-05
67,-9.116774979823614e-05
67,-0.00010289982089093992
67,-0.00010339149311028846
67,-9.39871564915886e-05
67,-7.690216298644364e-05
67,-5.4751015718579905e-05
67,-3.0130940194635224e-05
67,-5.164114148071519e-06
67,1.8984384993290594e-05
67,4.239200295448922e-05
67,6.616227812013058e-05
67,9.161836779856302e-05
67,0.00011931231456176017
67,0.00014846192221440877
67,0.00017701950266296428
67,0.00020218895888362673
67,0.00022118443629448793
67,0.00023201114061878315
67,0.0002340190709929539
67,0.00022796488414208695
67,0.000215419936127273
67,0.00019785092782958862
67,0.00017600733069336207
67,0.00014986843500956244
67,0.0001190370888294647
67,8.342800005634539e-05
67,4.399289390649049e-05
67,3.128007662458988e-06
67,-3.553898339713028e-05
67,-6.801191540679646e-05
67,-9.102991361147974e-05
67,-0.00010284873273267255
67,-0.0001034209867602093
67,-9.408262963367229e-05
67,-7.704454251825371e-05
67,-5.4920061929859925e-05
67,-3.03084361270592e-05
67,-5.337490680667555e-06
67,1.881890157707461e-05
67,4.2228920949733076e-05
67,6.599095500852874e-05
67,9.143059587134857e-05
67,0.00011910874115522432
67,0.00014825372988164462
67,0.00017682583519619825
67,0.00020203184446614778
67,0.0002210826953900908
67,0.000231975104191908
67,0.0002340479792156871
67,0.00022804893569515047
67,0.00021554673856725445
67,0.00019801188027218522
67,0.00017620000820816085
67,0.0001500950410989892
67,0.0001193001351883751
67,8.372460801859267e-05
67,4.4310187946450396e-05
67,3.442241367662941e-06
67,-3.5258013134500574e-05
67,-6.779266861167761e-05
67,-9.089142578073224e-05
67,-0.00010279700221804072
67,-0.0001034499261266028
67,-9.417768341600744e-05
67,-7.718665630068318e-05
67,-5.5088991141161696e-05
67,-3.048593358318455e-05
67,-5.510930039344984e-06
67,1.8653366963029478e-05
67,4.206585898467175e-05
67,6.58197341838902e-05
67,9.124296017671009e-05
67,0.00011890525790278517
67,0.00014804550795143365
67,0.00017663197578186445
67,0.00020187437734845438
67,0.0002209804874296009
67,0.00023193856441233789
67,0.00023407642964040263
67,0.00022813262155002028
67,0.00021567325883853255
67,0.00019817259105347582
67,0.00017639244069429254
67,0.00015032137872044015
67,0.00011956290974132473
67,8.4021002662477e-05
67,4.46274116661026e-05
67,3.756618412761681e-06
67,-3.497666763580221e-05
67,-6.757286241638755e-05
67,-9.075228679524009e-05
67,-0.00010274462917100608
67,-0.0001034783105135806
67,-9.427231682590012e-05
67,-7.732850317245561e-05
67,-5.5257802220177335e-05
67,-3.066343161770943e-05
67,-5.684431639616439e-06
67,1.8487781373524722e-05
67,4.190281711709139e-05
67,6.56486158458537e-05
67,9.10554613001198e-05
67,0.00011870186578826183
67,0.00014783725755639602
67,0.00017643792538568477
67,0.00020171655792424386
67,0.00022087781203925893
67,0.0002319015200663592
67,0.00023410442046899345
67,0.00022821593976996937
67,0.00021579949541558396
67,0.00019833305922658452
67,0.00017658462778646664
67,0.00015054744784381944
67,0.0001198254124254786
67,8.431718359122637e-05
67,4.494456423144679e-05
67,4.0711377583961605e-06
67,-3.469494779811713e-05
67,-6.735249711925706e-05
67,-9.061249628112289e-05
67,-0.00010269161258896795
67,-0.00010350613854017667
67,-9.436652832907654e-05
67,-7.74700816648837e-05
67,-5.542649401618752e-05
67,-3.084092957293659e-05
67,-5.857995501133618e-06
67,1.832214408851677e-05
67,4.173979417499672e-05
67,6.547759884359737e-05
67,9.086809860196761e-05
67,0.0001184985648283056
67,0.00014762897934013478
67,0.0001762436849780173
67,0.0002015583872313426
67,0.00022077467004255
67,0.00023186397160218785
67,0.00023413195185786003
67,0.00022829889055920146
67,0.00021592544882200355
67,0.00019849328570721323
67,0.00017677657058991382
67,0.00015077324937851555
67,0.0001200876436049891
67,8.46131503326644e-05
67,4.5261644268624194e-05
67,4.385797459812636e-06
67,-3.4412855599915693e-05
67,-6.713157421806523e-05
67,-9.047205493778975e-05
67,-0.00010263795238409178
67,-0.00010353340957134082
67,-9.446031700448453e-05
67,-7.761139077854417e-05
67,-5.559506561996165e-05
67,-3.101842685821847e-05
67,-6.031621544523352e-06
67,1.815645465298288e-05
67,4.157678938219653e-05
67,6.530668263266265e-05
67,9.068087217274835e-05
67,0.00011829535586693005
67,0.0001474206747089698
67,0.00017604925624626076
67,0.00020139986686208
67,0.00022067106256142593
67,0.00023182591945371202
67,0.00023415902358998167
67,0.00022838147339012551
67,0.00021605111861731878
67,0.00019865327028084105
67,0.0001769682689595032
67,0.0001509987830616184
67,0.00012034960272830559
67,8.490890168679196e-05
67,4.5578650028883845e-05
67,4.700595447127378e-06
67,-3.4130392936958565e-05
67,-6.691009496031241e-05
67,-9.033096314335928e-05
67,-0.00010258364825336836
67,-0.00010356012284848561
67,-9.455368187352786e-05
67,-7.775242950034237e-05
67,-5.5763516092473046e-05
67,-3.119592276682728e-05
67,-6.205309548166404e-06
67,1.7990712821080847e-05
67,4.1413802353719656e-05
67,6.513586703441699e-05
67,9.049378245009423e-05
67,0.00011809223994595232
67,0.00014721234503128325
67,0.0001758546406540183
67,0.00020124099795549674
67,0.00022056699006352682
67,0.0002317873633469896
67,0.00023418563472920424
67,0.00022846368721344455
67,0.00021617650399585603
67,0.0001988130124401561
67,0.0001771597228048811
67,0.00015122404906112912
67,0.00012061128959653795
67,8.520443710433843e-05
67,4.5895580341975566e-05
67,5.015530226151925e-06
67,-3.3847561103273236e-05
67,-6.668806005906281e-05
67,-9.018922096408192e-05
67,-0.0001025286995772858
67,-0.0001035862772725303
67,-9.464662160014998e-05
67,-7.789319638012472e-05
67,-5.5931844141382395e-05
67,-3.137341646460221e-05
67,-6.37905913591523e-06
67,1.7824918394957608e-05
67,4.125083246500716e-05
67,6.496515150927882e-05
67,9.030682921570031e-05
67,0.0001178892173149484
67,0.0001470039910408681
67,0.00017565983900613697
67,0.00020108178106706523
67,0.00022046245267539092
67,0.00023174830281438288
67,0.00023421178443955082
67,0.0002285455310523059
67,0.00021630160425642532
67,0.00019897251201425543
67,0.0001773509322329243
67,0.00015144904743864026
67,0.00012087270404509477
67,8.549975572816427e-05
67,4.621243382934941e-05
67,5.330600022514962e-06
67,-3.356436177266038e-05
67,-6.646547063604754e-05
67,-9.004682870781561e-05
67,-0.00010247310591410785
67,-0.00010361187191349467
67,-9.473913503847052e-05
67,-7.803369034466731e-05
67,-5.610004887244168e-05
67,-3.155090734461896e-05
67,-6.552870268876462e-06
67,1.7659070861947662e-05
67,4.1087878877960095e-05
67,6.479453533842046e-05
67,9.012001236203128e-05
67,0.0001176862885653795
67,0.00014679561384434525
67,0.00017546485270388706
67,0.00020092221756779145
67,0.00022035745144643494
67,0.00023170873838133002
67,0.00023423747275642633
67,0.00022862700491931717
67,0.00021642641968849812
67,0.0001991317696183763
67,0.000177541898117849
67,0.00015167377897636652
67,0.0001211338464284996
67,8.579485725357535e-05
67,4.6529209315125075e-05
67,5.645803170592138e-06
67,-3.328079663352693e-05
67,-6.624232791701846e-05
67,-8.990378687650914e-05
67,-0.00010241686712772271
67,-0.00010363690621006129
67,-9.483122138941414e-05
67,-7.817391049257505e-05
67,-5.626812948017415e-05
67,-3.1728394913913235e-05
67,-6.72674292959945e-06
67,1.7493169734692356e-05
67,4.0924940909593216e-05
67,6.462401808524138e-05
67,8.99333320923005e-05
67,0.000117483454677504
67,0.00014658721500162826
67,0.00017526968349876584
67,0.00020076230906588335
67,0.00022025198739020332
67,0.0002316686702556645
67,0.00023426269919260562
67,0.00022870810789271087
67,0.0002165509493891765
67,0.00019929078451482346
67,0.0001777326198005294
67,0.00015189824299878565
67,0.00012139471581596218
67,8.608974025433443e-05
67,4.684590497064385e-05
67,5.961137657773404e-06
67,-3.2996867390358893e-05
67,-6.601863284899003e-05
67,-8.976009551409419e-05
67,-0.00010235998251260547
67,-0.00010366137894535873
67,-9.492287923568381e-05
67,-7.831385539855214e-05
67,-5.643608468557955e-05
67,-3.190587823515911e-05
67,-6.90067669845362e-06
67,1.7327214888547046e-05
67,4.0762018079581486e-05
67,6.445359940045782e-05
67,8.97467885331756e-05
67,0.00011728071626735977
67,0.00014637879542220446
67,0.0001750743323801904
67,0.00020060205623956783
67,0.0002201460606161819
67,0.00023162809793093325
67,0.0002342874627366115
67,0.0002287888389141664
67,0.0002166751926829866
67,0.00019944955655316438
67,0.00017792309754568165
67,0.0001521224399305064
67,0.0001216553123736321
67,8.638440433590989e-05
67,4.716251968368281e-05
67,6.276601919737517e-06
67,-3.2712575569581086e-05
67,-6.57943864475747e-05
67,-8.961575490185496e-05
67,-0.00010230245162829731
67,-0.00010368528918135527
67,-9.501410737297566e-05
67,-7.845352380681304e-05
67,-5.66039133584142e-05
67,-3.2083356562776684e-05
67,-7.074671389988211e-06
67,1.716120588366562e-05
67,4.059910957912893e-05
67,6.428327851866571e-05
67,8.956038140013586e-05
67,0.00011707807363605754
67,0.00014617035591977246
67,0.0001748788003631764
67,0.00020044145994516224
67,0.00022003967166571198
67,0.00023158702133254232
67,0.000234311762858445
67,0.00022886919741335564
67,0.00021679914922695671
67,0.0001996080857035117
67,0.0001781133315505574
67,0.00015234636987307746
67,0.00012191563573433577
67,8.66788484877724e-05
67,4.747905168303517e-05
67,6.592193819990172e-06
67,-3.2427923215370546e-05
67,-6.556959016388175e-05
67,-8.947076563218387e-05
67,-0.00010224427432755554
67,-0.00010370863626916373
67,-9.510490487137048e-05
67,-7.859291472352542e-05
67,-5.6771614656964705e-05
67,-3.226082935822447e-05
67,-7.248726959098098e-06
67,1.6995142274819248e-05
67,4.043621467520465e-05
67,6.411305495825844e-05
67,8.937411072446829e-05
67,0.0001168755275272264
67,0.00014596189772381345
67,0.00017468308880795545
67,0.00020028052135879403
67,0.0002199328210305929
67,0.00023154544025471484
67,0.00023433559866736575
67,0.00022894918219629876
67,0.00021692281802933474
67,0.0001997663713628915
67,0.0001783033215954077
67,0.0001525700327558606
67,0.00012217568573105552
67,8.697307200705003e-05
67,4.779549986790593e-05
67,6.907911850782256e-06
67,-3.214291168813665e-05
67,-6.534424478607097e-05
67,-8.932512780746627e-05
67,-0.00010218544998899851
67,-0.00010373141912682186
67,-9.5195270409397e-05
67,-7.873202681016542e-05
67,-5.693918741609317e-05
67,-3.243829581241226e-05
67,-7.422843144472277e-06
67,1.6829023781541085e-05
67,4.027333272040334e-05
67,6.394292803514507e-05
67,8.918797640153219e-05
67,0.00011667307845534064
67,0.00014575342191909188
67,0.00017448719909334497
67,0.00020011924175478927
67,0.0002198255097124429
67,0.00023150335519438566
67,0.00023435897026848385
67,0.00022902879328322236
67,0.00021704619936935944
67,0.0001999244142327241
67,0.00017849306859949653
67,0.00015279342937098058
67,0.00012243546266459417
67,8.726707449897747e-05
67,4.8111862919430485e-05
67,7.223754194387359e-06
67,-3.185754294920174e-05
67,-6.511835188139713e-05
67,-8.917884221493753e-05
67,-0.00010212597867716092
67,-0.00010375363724447182
67,-9.528520323606866e-05
67,-7.887085920514591e-05
67,-5.710663077603478e-05
67,-3.2615755265255825e-05
67,-7.597019688012382e-06
67,1.6662850092488418e-05
67,4.0110463102823715e-05
67,6.377289743669347e-05
67,8.900197861636272e-05
67,0.00011647072717999753
67,0.00014554492945331152
67,0.00017429113225668445
67,0.00019995762188184277
67,0.0002197177377976273
67,0.0002314607654546961
67,0.00023438187626388814
67,0.00022910802904264874
67,0.0002171692918537292
67,0.00020008221326728786
67,0.00017868257180450088
67,0.00015301655929137392
67,0.00012269496608818283
67,8.756085524508343e-05
67,4.8428139818059316e-05
67,7.539719615420274e-06
67,-3.157181781936628e-05
67,-6.489191153229412e-05
67,-8.903190813926546e-05
67,-0.00010206585906729891
67,-0.00010377528904263099
67,-9.537470162324653e-05
67,-7.900941030094603e-05
67,-5.7273943337151034e-05
67,-3.2793206851051115e-05
67,-7.771256438905559e-06
67,1.6496620728008574e-05
67,3.9947604971626304e-05
67,6.360296234796818e-05
67,8.881611707755295e-05
67,0.00011626847408716535
67,0.00014533642149968846
67,0.00017409488991345197
67,0.00019979566350052127
67,0.00021960950685250133
67,0.00023141767220260853
67,0.00023440431748142384
67,0.00022918689027980844
67,0.00021729209642062664
67,0.0002002397695936509
67,0.00017887183239505435
67,0.0001532394232899747
67,0.0001229541960175794
67,8.785441322042717e-05
67,4.8744328469535736e-05
67,7.855805394335217e-06
67,-3.1285739099164964e-05
67,-6.466492603885816e-05
67,-8.888432708019803e-05
67,-0.00010200509181797398
67,-0.00010379637442963575
67,-9.546376505799823e-05
67,-7.91476792959356e-05
67,-5.7441124367097324e-05
67,-3.297065003199446e-05
67,-7.945553186536583e-06
67,1.6330335460868232e-05
67,3.978475793366831e-05
67,6.343312258890258e-05
67,8.863039219063894e-05
67,0.0001160663202180084
67,0.00014512789959710202
67,0.00017389847362155286
67,0.00019963336777100186
67,0.00021950081732696674
67,0.0002313740749862647
67,0.00023442629261706486
67,0.0002292653752650251
67,0.00021741461143890548
67,0.00020039708193122168
67,0.00017906084950376693
67,0.0001534620208192721
67,0.00012321315186386553
67,8.814774761258755e-05
67,4.906042770965382e-05
67,8.172010213093718e-06
67,-3.0999307929472454e-05
67,-6.443739597327063e-05
67,-8.873609885770484e-05
67,-0.00010194367608791715
67,-0.00010381689211541948
67,-9.555239210415802e-05
67,-7.928566473692505e-05
67,-5.7608172592291595e-05
67,-3.3148083885557295e-05
67,-8.119909509535086e-06
67,1.6163994153525274e-05
67,3.962192144736161e-05
67,6.326337758910993e-05
67,8.844480379489762e-05
67,0.00011586426594613117
67,0.0001449193643268032
67,0.00017370188398396414
67,0.00019947073497139842
67,0.00021939166890209844
67,0.00023132997277861415
67,0.0002344478002449052
67,0.00022934348245226232
67,0.00021753683574625996
67,0.0002005541497513397
67,0.0001792496230689075
67,0.0001536843519385723
67,0.0001234718335925726
67,8.844085788027937e-05
67,4.937643645030313e-05
67,8.488332575481615e-06
67,-3.0712525750345616e-05
67,-6.420932227380292e-05
67,-8.858722367980752e-05
67,-0.00010188161135960497
67,-0.00010383684116549498
67,-9.564058160589506e-05
67,-7.94233655538632e-05
67,-5.777508711279362e-05
67,-3.3325507863276536e-05
67,-8.294325466055459e-06
67,1.59975961155478e-05
67,3.94590943593148e-05
67,6.30937262374498e-05
67,8.825935127546727e-05
67,0.00011566231133410439
67,0.0001447108163943
67,0.00017350512209472418
67,0.00019930776640526515
67,0.00021928206276990945
67,0.0002312853663842724
67,0.0002344688408012518
67,0.00022942121220737472
67,0.00021765876994375157
67,0.00020071097390115904
67,0.0001794381540199458
67,0.0001539064173570831
67,0.00012373024135818532
67,8.873374336133022e-05
67,4.969235310966743e-05
67,8.804770326331605e-06
67,-3.0425394744125395e-05
67,-6.398070654971857e-05
67,-8.843770225345418e-05
67,-0.00010181889761542592
67,-0.00010385622094919437
67,-9.572833266284865e-05
67,-7.95607806704525e-05
67,-5.794186687429055e-05
67,-3.350292118473799e-05
67,-8.468800711288883e-06
67,1.5831141151973825e-05
67,3.929627626609493e-05
67,6.292416838564311e-05
67,8.807403508278228e-05
67,0.00011546045751196548
67,0.00014450225744927107
67,0.00017330818979698748
67,0.0001991444636071523
67,0.0002191719998501958
67,0.00023124025597455247
67,0.00023448941362570012
67,0.0002294985635695145
67,0.00021778041310370388
67,0.00020086755364435806
67,0.0001796264418542241
67,0.00015412821666608867
67,0.00012398837448730787
67,8.902640292897553e-05
67,5.0008176081898065e-05
67,9.121321539221202e-06
67,-3.0137916637822605e-05
67,-6.375154991871653e-05
67,-8.828753496288705e-05
67,-0.0001017555344264457
67,-0.00010387503063204917
67,-9.58156440938894e-05
67,-7.969790888120072e-05
67,-5.81085108035376e-05
67,-3.3680323071907764e-05
67,-8.6433350127729e-06
67,1.5664629016232294e-05
67,3.9133466535276956e-05
67,6.275470350689808e-05
67,8.788885514698347e-05
67,0.0001152587049389798
67,0.00014429368835089482
67,0.0001731110880648096
67,0.0001989808272831367
67,0.00021906148028484897
67,0.00023119464099227393
67,0.00023450951769187208
67,0.00022957553542887304
67,0.00021790176454458053
67,0.00020102388891041223
67,0.0001798144870094645
67,0.0001543497505425064
67,0.00012424623350546432
67,8.931883655539774e-05
67,5.0323904689044516e-05
67,9.437985087008709e-06
67,-2.9850092596414176e-05
67,-6.352185310338129e-05
67,-8.813672183637237e-05
67,-0.00010169152118543097
67,-0.00010389326907124603
67,-9.590251455503335e-05
67,-7.983474878420084e-05
67,-5.8275017636282293e-05
67,-3.385771262719467e-05
67,-8.817927968485833e-06
67,1.549805944876567e-05
67,3.8970664462741246e-05
67,6.25853308578931e-05
67,8.770381115176038e-05
67,0.00011505705390037176
67,0.0001440851099029169
67,0.00017291381801577178
67,0.00019881685860155546
67,0.0002189505049891407
67,0.00023114852195629335
67,0.00023452915311644902
67,0.00022965212771060403
67,0.00021802282438311633
67,0.00020117998004516338
67,0.0001800022899260309
67,0.0001545710192975054
67,0.00012450381827598287
67,8.961104343551771e-05
67,5.063953737944768e-05
67,9.75475892030771e-06
67,-2.9561924617690623e-05
67,-6.329161760006401e-05
67,-8.798526362183891e-05
67,-0.0001016268579474535
67,-0.0001039109358545689
67,-9.598894345811678e-05
67,-7.997129976912299e-05
67,-5.844138686571873e-05
67,-3.4035089671952727e-05
67,-8.992579852971561e-06
67,1.5331431752657538e-05
67,3.8807869203455695e-05
67,6.241604993306394e-05
67,8.751890332867484e-05
67,0.0001148555054769489
67,0.00014387652376311746
67,0.00017271638149989507
67,0.00019865255916069781
67,0.00021883907486714056
67,0.0002311018987870369
67,0.00023454831896569352
67,0.00022972833903165774
67,0.00021814359114952903
67,0.00020133582593713257
67,0.00018018984977230673
67,0.00015479202223386655
67,0.00012476112803439963
67,8.990302244854699e-05
67,5.095507258792536e-05
67,1.0071641306281107e-05
67,-2.927341421945171e-05
67,-6.306084424324805e-05
67,-8.783316022039046e-05
67,-0.00010156154381001634
67,-0.00010392802947275533
67,-9.607492892592062e-05
67,-8.010755982802469e-05
67,-5.86076165853319e-05
67,-3.421245257095742e-05
67,-9.167289619809969e-06
67,1.5164746275564365e-05
67,3.8645080601952894e-05
67,6.224686035403037e-05
67,8.733413152429588e-05
67,0.00011465405985801061
67,0.0001436679303984318
67,0.0001725187790792675
67,0.00019848792935196554
67,0.00021872718997576423
67,0.00023105477112248985
67,0.00023456701458483289
67,0.00022980416887952615
67,0.00021826406487645213
67,0.00020149142715008983
67,0.00018037716761722802
67,0.00015501276047017262
67,0.00012501816351991404
67,9.019477362065313e-05
67,5.127050944240864e-05
67,1.0388630710511881e-05
67,-2.8984563055026993e-05
67,-6.282953435357219e-05
67,-8.768041233769696e-05
67,-0.00010149557878536134
67,-0.00010394454952830671
67,-9.616047031485458e-05
67,-8.02435282699513e-05
67,-5.877370626112549e-05
67,-3.438980113050678e-05
67,-9.342057555812194e-06
67,1.4998002160810513e-05
67,3.84822975535512e-05
67,6.207776126381138e-05
67,8.714949553537847e-05
67,0.00011445271774460371
67,0.00014345933124307358
67,0.00017232101257820472
67,0.00019832297106065863
67,0.000218614851838608
67,0.00023100713984933088
67,0.00023458524012703893
67,0.0002298796170198864
67,0.00021838424521507875
67,0.00020164678344207918
67,0.00018056424331887828
67,0.00015523323383726098
67,0.00012527492416061406
67,9.048629589058028e-05
67,5.158584633138721e-05
67,1.0705725112614274e-05
67,-2.8695373028390087e-05
67,-6.259768928218425e-05
67,-8.752702057436878e-05
67,-0.00010142896273825341
67,-0.00010396049533876572
67,-9.62455666847961e-05
67,-8.037920407511325e-05
67,-5.893965488090808e-05
67,-3.456713455263098e-05
67,-9.51688317223604e-06
67,1.4831199620827137e-05
67,3.8319519854492736e-05
67,6.19087527108403e-05
67,8.696499586326565e-05
67,0.00011425148010040315
67,0.0001432507276420205
67,0.00017212308330240896
67,0.00019815768509771976
67,0.00021850206057675073
67,0.0002309590042034652
67,0.00023460299419294543
67,0.00022995468178203712
67,0.00021850413084852598
67,0.00020180189401405592
67,0.00018075107639296676
67,0.00015545344204944198
67,0.00012553140966823522
67,9.077758841242633e-05
67,5.1901081949739776e-05
67,1.1022922941991774e-05
67,-2.8405845632120724e-05
67,-6.236530981039442e-05
67,-8.73729847495048e-05
67,-0.00010136169475406336
67,-0.00010397586544145032
67,-9.633021629702885e-05
67,-8.051458545454859e-05
67,-5.910546083363181e-05
67,-3.4744451606507735e-05
67,-9.691766009644517e-06
67,1.4664338210617404e-05
67,3.815674658342418e-05
67,6.173983344950398e-05
67,8.678063166357684e-05
67,0.00011405034656988868
67,0.00014304211961430164
67,0.00017192499170467972
67,0.00019799207209736993
67,0.00021838881660109848
67,0.00023091036440541515
67,0.00023462027675411095
67,0.00023002936316456074
67,0.0002186237221135489
67,0.00020195675957201446
67,0.00018093766779775583
67,0.00015567338604513816
67,0.0001257876204617901
67,9.106865093017665e-05
67,5.221621509265243e-05
67,1.1340222391371416e-05
67,-2.811598271894487e-05
67,-6.213239747062612e-05
67,-8.72183057846323e-05
67,-0.00010129377512302964
67,-0.00010399065972384073
67,-9.64144188507118e-05
67,-8.064967206516499e-05
67,-5.927112389795789e-05
67,-3.492175238764669e-05
67,-9.866706484270306e-06
67,1.4497417168506e-05
67,3.799397687208019e-05
67,6.15710030620544e-05
67,8.659640321979917e-05
67,0.00011384931833980517
67,0.00014283350906366354
67,0.0001717267399094255
67,0.00019782613400825232
67,0.0002182751213021599
67,0.00023086122093364346
67,0.0002346370874215518
67,0.0002301036603051519
67,0.00021874301801380987
67,0.0002021113792583647
67,0.00018112401691649287
67,0.00015589306513971382
67,0.00012604355559921654
67,9.135948211815927e-05
67,5.2531244007609334e-05
67,1.16576214891097e-05
67,-2.78257859844817e-05
67,-6.189895319318758e-05
67,-8.706298373629269e-05
67,-0.00010122520296254757
67,-0.00010400487667688694
67,-9.649817255257822e-05
67,-8.078446208578598e-05
67,-5.943664239853596e-05
67,-3.509903562160047e-05
67,-1.0041703873545332e-05
67,1.4330436642299154e-05
67,3.783121033753538e-05
67,6.140226111597455e-05
67,8.641231045314003e-05
67,0.0001136483958677874
67,0.0001426248968738174
67,0.00017152832888841374
67,0.00019765987157379904
67,0.00021816097499187246
67,0.0002308115734395352
67,0.00023465342540236533
67,0.00023017757229703987
67,0.00021886201804205828
67,0.0002022657531466744
67,0.0001813101242130261
67,0.00015611247999456338
67,0.0001262992156270854
67,9.165008180048433e-05
67,5.2846167851685454e-05
67,1.1975118825288659e-05
67,-2.7535257013370692e-05
67,-6.166497818284856e-05
67,-8.690701905348486e-05
67,-0.00010115597813498437
67,-0.00010401851562752353
67,-9.65814763983953e-05
67,-8.091895437703186e-05
67,-5.9602015308012165e-05
67,-3.52763005108141e-05
67,-1.0216757962202319e-05
67,1.4163396140001705e-05
67,3.7668446116349705e-05
67,6.123360673660649e-05
67,8.622835302808488e-05
67,0.00011344757943308932
67,0.0001424162838275874
67,0.00017132975981924066
67,0.00019749328589269578
67,0.0002180463783732208
67,0.00023076142211820485
67,0.0002346692902541772
67,0.00023025109852888506
67,0.00021898072171401526
67,0.00020241988101416306
67,0.00018149598976624587
67,0.00015633163072460547
67,0.0001265546002906007
67,9.194044928018326e-05
67,5.316098519324473e-05
67,1.229271252125884e-05
67,-2.7244397610296893e-05
67,-6.143047375360798e-05
67,-8.675041235011484e-05
67,-0.00010108610047008779
67,-0.00010403157596167644
67,-9.666432952162145e-05
67,-8.105314803227859e-05
67,-5.976724179038406e-05
67,-3.5453546500606414e-05
67,-1.0391868575860123e-05
67,1.3996295442620424e-05
67,3.750568362475378e-05
67,6.106503953231686e-05
67,8.604453102642081e-05
67,0.00011324686972133028
67,0.00014220767115138543
67,0.0001711310339910239
67,0.00019732637811888107
67,0.00021793133204516972
67,0.00023071076680568402
67,0.00023468468115419978
67,0.00023032423781364203
67,0.00021909912795912135
67,0.0002025737621482707
67,0.0001816816131517455
67,0.0001565505170481316
67,0.00012680970918061647
67,9.223058368638924e-05
67,5.347569468954498e-05
67,1.2610400962614698e-05
67,-2.695320924307893e-05
67,-6.119544072301006e-05
67,-8.659316359751442e-05
67,-0.00010101556918748333
67,-0.00010404405632104484
67,-9.674673027772651e-05
67,-8.118704126785913e-05
67,-5.993232018114492e-05
67,-3.563077220263546e-05
67,-1.0567034871458894e-05
67,1.382913473704628e-05
67,3.734292281593204e-05
67,6.0896559382049275e-05
67,8.586084471184266e-05
67,0.00011304626756590812
67,0.00014199906001966761
67,0.00017093215278616596
67,0.00019715914941636158
67,0.0002178158367636522
67,0.00023065960774027233
67,0.00023469959804159538
67,0.000230396990110284
67,0.00021921723716830028
67,0.0002027273975141975
67,0.00018186699574188403
67,0.00015676914035582743
67,0.00012706454326406657
67,9.252048521652065e-05
67,5.379029557306241e-05
67,1.2928182563338032e-05
67,-2.666169375579739e-05
67,-6.095988076267782e-05
67,-8.643527382827654e-05
67,-0.00010094438461670292
67,-0.00010405595649535889
67,-9.682867816222354e-05
67,-8.132063357237507e-05
67,-6.009724997643266e-05
67,-3.580797746812111e-05
67,-1.0742257135437342e-05
67,1.3661913247352737e-05
67,3.7180162409712476e-05
67,5.4777797655712444e-05
