67,0.0
67,5.35883123787149e-05
67,5.35883123787149e-05
67,5.3588043019921856e-05
67,5.3568419006512734e-05
67,5.349782828843948e-05
67,5.33716994400065e-05
67,5.31874706691893e-05
67,5.3028845035476016e-05
67,5.308463560535807e-05
67,5.3521978845025506e-05
67,5.441415906694593e-05
67,5.582177700311376e-05
67,5.786039173239709e-05
67,6.06485019958491e-05
67,6.420773541576564e-05
67,6.839574017855297e-05
67,7.291057461685845e-05
67,7.736892393078763e-05
67,8.142922195486304e-05
67,8.486917963189295e-05
67,8.753595870693646e-05
67,8.931012640263257e-05
67,9.017493995243814e-05
67,9.02239352337797e-05
67,8.957939614512411e-05
67,8.831391594414401e-05
67,8.639555498731254e-05
67,8.376946529035847e-05
67,8.056152296338363e-05
67,7.713221395289547e-05
67,7.389110652937996e-05
67,7.106820865816451e-05
67,6.863995327312112e-05
67,6.6446066149164e-05
67,6.43662641671587e-05
67,6.241645538294424e-05
67,6.0752183799392004e-05
67,5.965254971357507e-05
67,5.950541992539286e-05
67,6.06985260424204e-05
67,6.340120506847499e-05
67,6.746132700055185e-05
67,7.255471557659118e-05
67,7.833233867921021e-05
67,8.433004051603703e-05
67,8.987800149356941e-05
67,9.432380390089946e-05
67,9.739916267155096e-05
67,9.93236100416541e-05
67,0.00010054409157392615
67,0.00010132905734533492
67,0.00010151874561299807
67,0.00010065442399148777
67,9.83680777025451e-05
67,9.4614971430289e-05
67,8.960440496297199e-05
67,8.368089403859261e-05
67,7.727885726784599e-05
67,7.083684458897464e-05
67,6.464736323648151e-05
67,5.873505076737496e-05
67,5.285867500838513e-05
67,4.6734205912718676e-05
67,4.040447630990487e-05
67,3.440907274440603e-05
67,2.9559993064166594e-05
67,2.657485751146966e-05
67,2.5869725698475246e-05
67,2.7522567385598626e-05
67,3.129128375093462e-05
67,3.664835540637613e-05
67,4.288020257229507e-05
67,4.9251994492449295e-05
67,5.5132569573797394e-05
67,6.004635733535062e-05
67,6.372788776897156e-05
67,6.617865251872445e-05
67,6.764829630137921e-05
67,6.849572455872183e-05
67,6.896910219301926e-05
67,6.903771185901879e-05
67,6.842722067577068e-05
67,6.683947078686337e-05
67,6.412774700904439e-05
67,6.0321975815169487e-05
67,5.560615634156787e-05
67,5.02546321436032e-05
67,4.447658199981915e-05
67,3.8269299677890626e-05
67,3.144922378907225e-05
67,2.3868814747784548e-05
67,1.5631964150292295e-05
67,7.126055631158066e-06
67,-1.1351165052248894e-06
67,-8.672098373605383e-06
67,-1.5058431028544603e-05
67,-1.9882779354785897e-05
67,-2.2789796686486572e-05
67,-2.3607603590908103e-05
67,-2.2493309007625724e-05
67,-1.9961820335997883e-05
67,-1.6671490098307624e-05
67,-1.3106225233683774e-05
67,-9.465129439766424e-06
67,-5.791298873751271e-06
67,-2.0885361129485318e-06
67,1.6896873657339285e-06
67,5.657301178254819e-06
67,9.895873217684326e-06
67,1.4260316837471733e-05
67,1.8259360798420185e-05
67,2.1203498684881062e-05
67,2.2574654567459664e-05
67,2.228618102552456e-05
67,2.061443896890114e-05
67,1.7948062117721138e-05
67,1.4585020649095721e-05
67,1.0656242628890436e-05
67,6.170614877624687e-06
67,1.123650907880068e-06
67,-4.436414508715346e-06
67,-1.0421965159489091e-05
67,-1.671787586341599e-05
67,-2.313330382690504e-05
67,-2.935517054173326e-05
67,-3.4982128810394966e-05
67,-3.962210662366842e-05
67,-4.299212234984792e-05
67,-4.4992516977362814e-05
67,-4.572394026974581e-05
67,-4.539725567917861e-05
67,-4.4166843220912884e-05
67,-4.201417700143714e-05
67,-3.8768069072965574e-05
67,-3.424281955833106e-05
67,-2.8419830253235106e-05
67,-2.1557724816877993e-05
67,-1.4135164316707389e-05
67,-6.683828730964413e-06
67,3.2980636422345534e-07
67,6.54436081934022e-06
67,1.1763133625180883e-05
67,1.601695098346742e-05
67,1.9500348621103614e-05
67,2.2386348621953637e-05
67,2.4687076909829897e-05
67,2.6277418071401048e-05
67,2.7036386738418074e-05
67,2.6966146509589192e-05
67,2.6188448430752442e-05
67,2.4844930456502334e-05
67,2.3010212692169258e-05
67,2.068640264163983e-05
67,1.7860823384537643e-05
67,1.458228742335656e-05
67,1.1027781990425536e-05
67,7.524532921675542e-06
67,4.485923135184722e-06
67,2.275507268250152e-06
67,1.0868345091083493e-06
67,9.237763440837202e-07
67,1.6969923404136354e-06
67,3.3770716298381956e-06
67,6.0814681097787515e-06
67,9.977933449882178e-06
67,1.5054019941900426e-05
67,2.1009090195369777e-05
67,2.7441132644087605e-05
67,3.412074542956517e-05
67,4.099759625774585e-05
67,4.796084949799139e-05
67,5.471839188692859e-05
67,6.093194406249128e-05
67,6.638016170455521e-05
67,7.098307419800814e-05
67,7.475141363665686e-05
67,7.774625460190752e-05
67,8.005299664642812e-05
67,8.174780292502341e-05
67,8.285436518812781e-05
67,8.332558111700092e-05
67,8.308980108320078e-05
67,8.213280149899068e-05
67,8.054159137145427e-05
67,7.849786191630054e-05
67,7.625760853452352e-05
67,7.411528053062812e-05
67,7.234046475937992e-05
67,7.112439293576549e-05
67,7.057042100921655e-05
67,7.071592998008014e-05
67,7.158062094750246e-05
67,7.323799263632497e-05
67,7.583463635888179e-05
67,7.947348998006377e-05
67,8.404084545952605e-05
67,8.9191501365344e-05
67,9.454350523916276e-05
67,9.984382245204623e-05
67,0.000104907156459616
67,0.00010946509759387897
67,0.00011316002043285202
67,0.0001156851359003796
67,0.0001169281198617593
67,0.00011703445070763642
67,0.0001163656575877403
67,0.00011535753228762548
67,0.00011434120527568239
67,0.00011342622536137619
67,0.00011251123701147243
67,0.00011140527002979012
67,0.00010996382733206491
67,0.00010814448401028484
67,0.00010598745987899381
67,0.00010360880647384039
67,0.0001012413806512214
67,9.924674905299037e-05
67,9.801837073981573e-05
67,9.781498029454784e-05
67,9.864656465469871e-05
67,0.0001002900750220717
67,0.0001024170027622739
67,0.00010476981251592553
67,0.000107297337916906
67,0.00011012728500851773
67,0.0001133449621416347
67,0.00011676438834620888
67,0.00011992209423146399
67,0.00012227529758700178
67,0.00012339589129022486
67,0.00012304627007748007
67,0.00012117262748501958
67,0.0001178813573223023
67,0.00011343402627055119
67,0.00010823376266424338
67,0.00010272937758732088
67,9.723635778233146e-05
67,9.180573013662063e-05
67,8.626977495249998e-05
67,8.043302282997156e-05
67,7.425479145310414e-05
67,6.790784525586123e-05
67,6.171057187596968e-05
67,5.601223913968742e-05
67,5.112807991169045e-05
67,4.734954332252848e-05
67,4.494758082172048e-05
67,4.409131430622644e-05
67,4.4734205494771274e-05
67,4.658148778261168e-05
67,4.9167860496046114e-05
67,5.200723714818652e-05
67,5.478130945878352e-05
67,5.7464871657080774e-05
67,6.021551849834169e-05
67,6.305281739334777e-05
67,6.565491882951016e-05
67,6.75063264511911e-05
67,6.821273223483315e-05
67,6.765604539858134e-05
67,6.591000825271502e-05
67,6.307066636566293e-05
67,5.917850706871335e-05
67,5.428373515054353e-05
67,4.8540256175454486e-05
67,4.21860326630093e-05
67,3.5432157456113546e-05
67,2.840066334695574e-05
67,2.1157670167318308e-05
67,1.3768864129011766e-05
67,6.326525379690461e-06
67,-1.0422903260714286e-06
67,-8.174060430613486e-06
67,-1.4864560302243508e-05
67,-2.0850722903415682e-05
67,-2.580188427982883e-05
67,-2.93678857168356e-05
67,-3.128057153622539e-05
67,-3.1444343597798474e-05
67,-2.9969506629372668e-05
67,-2.7151215037189042e-05
67,-2.339023814338264e-05
67,-1.9047199884446555e-05
67,-1.4313895895374003e-05
67,-9.249136120722294e-06
67,-3.974383302721049e-06
67,1.1860549988254124e-06
67,5.780870770944611e-06
67,9.435044735929513e-06
67,1.1985570049922874e-05
67,1.3457928724544677e-05
67,1.3940562366238902e-05
67,1.3495991012033598e-05
67,1.2195110197780045e-05
67,1.0204305165318814e-05
67,7.782888989919916e-06
67,5.162376849760514e-06
67,2.4155711359326576e-06
67,-5.829235364330704e-07
67,-4.089670247414121e-06
67,-8.358019676477184e-06
67,-1.3501861552416176e-05
67,-1.9428579697730364e-05
67,-2.5858477698281622e-05
67,-3.2376396142347945e-05
67,-3.846925871733066e-05
67,-4.357030930699363e-05
67,-4.7143522696766836e-05
67,-4.879086250123236e-05
67,-4.834499855699848e-05
67,-4.592524558454168e-05
67,-4.191144697723635e-05
67,-3.678674120609779e-05
67,-3.092499984962779e-05
67,-2.4511390697066045e-05
67,-1.765668422551521e-05
67,-1.0542308923672549e-05
67,-3.4359657900402675e-06
67,3.3968286008373258e-06
67,9.757642717011541e-06
67,1.5482729843637564e-05
67,2.0370131854763713e-05
67,2.420553012385261e-05
67,2.692268503470902e-05
67,2.8728245418770213e-05
67,3.0010038235092256e-05
67,3.107822013389045e-05
67,3.195082784088975e-05
67,3.2327308844603596e-05
67,3.174965594335648e-05
67,2.9856713246745455e-05
67,2.6590736480977188e-05
67,2.224273899653809e-05
67,1.7336990088120635e-05
67,1.2456664690099704e-05
67,8.109271721985947e-06
67,4.660067335685949e-06
67,2.3141123761323095e-06
67,1.1257603574660862e-06
67,1.0257433419982927e-06
67,1.8655897141916047e-06
67,3.491545484843453e-06
67,5.848968803054113e-06
67,9.06172323622302e-06
67,1.3394018337209608e-05
67,1.9067907517343326e-05
67,2.6040279926243113e-05
67,3.390428616044501e-05
67,4.200040863834748e-05
67,4.966606637404132e-05
67,5.645163420774854e-05
67,6.218240007981403e-05
67,6.689862562641959e-05
67,7.077388584044976e-05
67,7.403920797588027e-05
67,7.688258669056321e-05
67,7.934132824261454e-05
67,8.125871737850182e-05
67,8.234787019308239e-05
67,8.234347501417405e-05
67,8.116946498408324e-05
67,7.901337782100729e-05
67,7.624142239256657e-05
67,7.321984981677217e-05
67,7.019450911922627e-05
67,6.731079941461335e-05
67,6.47104776032262e-05
67,6.258487281468497e-05
67,6.113308362094385e-05
67,6.04808593503053e-05
67,6.0650942354918827e-05
67,6.160969417045198e-05
67,6.334059943069909e-05
67,6.588878659944028e-05
67,6.934081990909302e-05
67,7.372052374344478e-05
67,7.884833915393101e-05
67,8.429642417159469e-05
67,8.952828840895822e-05
67,9.412915824267735e-05
67,9.792671765392314e-05
67,0.0001009285692598153
67,0.0001031997737196608
67,0.00010481256313788479
67,0.00010585642953548587
67,0.00010642818188809178
67,0.00010657882175064862
67,0.00010625743999366006
67,0.00010530202999209875
67,0.00010350361408244714
67,0.00010072636882881181
67,9.701865012750737e-05
67,9.264578225828701e-05
67,8.803148594983228e-05
67,8.36547062668882e-05
67,7.995825459353886e-05
67,7.728925947281418e-05
67,7.585214694470784e-05
67,7.566363478380662e-05
67,7.65440628930583e-05
67,7.817562708856267e-05
67,8.020140385561795e-05
67,8.232542564867723e-05
67,8.439930063812077e-05
67,8.645808500022159e-05
67,8.864268545802077e-05
67,9.102449468995069e-05
67,9.346555458567973e-05
67,9.563593822349476e-05
67,9.715807669100121e-05
67,9.773984814147804e-05
67,9.721995060117565e-05
67,9.55670132920628e-05
67,9.288414881763767e-05
67,8.940254295492307e-05
67,8.542494595762098e-05
67,8.12204154554312e-05
67,7.691723213330258e-05
67,7.246037212483908e-05
67,6.76813630644435e-05
67,6.246148180796535e-05
67,5.688997365890383e-05
67,5.130644443536686e-05
67,4.6196909889594594e-05
67,4.201739427682417e-05
67,3.905836682691147e-05
67,3.740756828789168e-05
67,3.6977785085924265e-05
67,3.754081656367993e-05
67,3.876229801778457e-05
67,4.027110801168234e-05
67,4.177092708420162e-05
67,4.3157466344721866e-05
67,4.458141988700723e-05
67,4.6388787399636145e-05
67,4.890632968468424e-05
67,5.215969503585128e-05
67,5.572597595638574e-05
67,5.885962887059365e-05
67,6.0807332676310743e-05
67,6.109049164504553e-05
67,5.961570089601629e-05
67,5.662573127859565e-05
67,5.256886899874388e-05
67,4.7951224749288294e-05
67,4.320353777107568e-05
67,3.857602724093152e-05
67,3.40868706785198e-05
67,2.95611224794289e-05
67,2.4764608331519502e-05
67,1.9575687311541815e-05
67,1.4102930193367138e-05
67,8.68220878219277e-06
67,3.7573075069933836e-06
67,-2.825764200364818e-07
67,-3.2155133575435953e-06
67,-5.002464723784184e-06
67,-5.729702459176932e-06
67,-5.534692808967254e-06
67,-4.549812061733384e-06
67,-2.8645297428800773e-06
67,-4.998810190880325e-07
67,2.5985261104618886e-06
67,6.529852765448589e-06
67,1.1346846792283027e-05
67,1.691472556366425e-05
67,2.280863808728737e-05
67,2.8369738454477087e-05
67,3.2933209745314695e-05
67,3.6083610514449e-05
67,3.7764880126671304e-05
67,3.819925489588055e-05
67,3.7710881312342694e-05
67,3.658703880361033e-05
67,3.503490729499271e-05
67,3.318970486755011e-05
67,3.110545418945737e-05
67,2.8725091440070986e-05
67,2.5887153427256093e-05
67,2.2405061820297853e-05
67,1.818510821183886e-05
67,1.331309176828885e-05
67,8.062613246415601e-06
67,2.8249800486193485e-06
67,-1.9988137896696517e-06
67,-6.083666376084638e-06
67,-9.203865343886335e-06
67,-1.1209433311435998e-05
67,-1.2001602088891218e-05
67,-1.1528325259667028e-05
67,-9.785468139055062e-06
67,-6.812037288653777e-06
67,-2.684921403396686e-06
67,2.480145495197066e-06
67,8.515134327997114e-06
67,1.5168129157884184e-05
67,2.2072444388877328e-05
67,2.8763933659683924e-05
67,3.4772856046360675e-05
67,3.974968783111575e-05
67,4.354334992447587e-05
67,4.618576861850847e-05
67,4.781573450663338e-05
67,4.861335056299227e-05
67,4.87730075467085e-05
67,4.847849775151539e-05
67,4.78470314107715e-05
67,4.687167937686649e-05
67,4.542115393762173e-05
67,4.3310599540208146e-05
67,4.039965496646764e-05
67,3.6666659949225704e-05
67,3.223473523255953e-05
67,2.7349881535235263e-05
67,2.233171048054492e-05
67,1.7530355100477428e-05
67,1.3305496074000663e-05
67,1.0008923620585927e-05
67,7.949380770532688e-06
67,7.348755296664553e-06
67,8.312401857126942e-06
67,1.0820599156621696e-05
67,1.4738169563993228e-05
67,1.9843666088746608e-05
67,2.5868957301919034e-05
67,3.251796481184252e-05
67,3.944734885975893e-05
67,4.6245733303722895e-05
67,5.2469175733484875e-05
67,5.773707670023252e-05
67,6.182728966541855e-05
67,6.47106577942861e-05
67,6.652221750616813e-05
67,6.75059254017972e-05
67,6.795527439406088e-05
67,6.81404726576588e-05
67,6.821837160982469e-05
67,6.815866393282848e-05
67,6.773384813701111e-05
67,6.659146231722254e-05
67,6.438975769776611e-05
67,6.095337441735707e-05
67,5.638647224752665e-05
67,5.10824879482529e-05
67,4.561917530320823e-05
67,4.05982827545309e-05
67,3.651350213130179e-05
67,3.368764204605675e-05
67,3.226363661100584e-05
67,3.22195631116313e-05
67,3.3400393345663053e-05
67,3.55746183685736e-05
67,3.8509778775593506e-05
67,4.203598904996097e-05
67,4.605968689290903e-05
67,5.0513010660418094e-05
67,5.526820716875077e-05
67,6.008067322406141e-05
67,6.46124547087637e-05
67,6.853005268632794e-05
67,7.161481367543383e-05
67,7.381969825722352e-05
67,7.525073882279016e-05
67,7.609857704505134e-05
67,7.655571843429e-05
67,7.673789756247024e-05
67,7.662103598956059e-05
67,7.60171003967013e-05
67,7.461577722461459e-05
67,7.209800986234079e-05
67,6.829117291848673e-05
67,6.330068483330457e-05
67,5.754285076884603e-05
67,5.164451778396015e-05
67,4.625632229787576e-05
67,4.188276940628187e-05
67,3.880556667004496e-05
67,3.709346565436522e-05
67,3.664174735607429e-05
67,3.7211925730755466e-05
67,3.849429248756636e-05
67,4.021185969196633e-05
67,4.222403041198718e-05
67,4.455638174440964e-05
67,4.7328993409643525e-05
67,5.062714552399417e-05
67,5.4386698720204915e-05
67,5.835091750931413e-05
67,6.212096995858244e-05
67,6.527712282422305e-05
67,6.751014761006558e-05
67,6.870236579487794e-05
67,6.893332971564362e-05
67,6.842161236064699e-05
67,6.742917909586828e-05
67,6.615723618817938e-05
67,6.466542095407003e-05
67,6.284603663804941e-05
67,6.047181501801408e-05
67,5.7308498315738094e-05
67,5.325241567172357e-05
67,4.84334156162426e-05
67,4.322959129383473e-05
67,3.817868601267876e-05
67,3.382555835319349e-05
67,3.0577041821461396e-05
67,2.862060757445766e-05
67,2.7919857577855213e-05
67,2.8267676493233755e-05
67,2.937496991559979e-05
67,3.097813448798095e-05
67,3.293372053560899e-05
67,3.5251458441499225e-05
67,3.8039627504784136e-05
67,4.139075541023417e-05
67,4.5267705844084785e-05
67,4.944350982713896e-05
67,5.35248587379169e-05
67,5.705589375832081e-05
67,5.9657688682286215e-05
67,6.113758690351458e-05
67,6.152376393068923e-05
67,6.1023939241015965e-05
67,5.9936172787326503e-05
67,5.8544331983160316e-05
67,5.702635103048882e-05
67,5.5400292718573696e-05
67,5.352783750146616e-05
67,5.118097443944045e-05
67,4.815533764534292e-05
67,4.4390070964593685e-05
67,4.0042183572388045e-05
67,3.5476286422323614e-05
67,3.1169111330236214e-05
67,2.7571384911811972e-05
67,2.49888387919158e-05
67,2.3527871715997766e-05
67,2.3113312322524336e-05
67,2.3554511560332284e-05
67,2.463042225432378e-05
67,2.617178324746146e-05
67,2.811759674786534e-05
67,3.0522046519927664e-05
67,3.350514946356367e-05
67,3.716530565031258e-05
67,4.148633717090053e-05
67,4.627711910147622e-05
67,5.117611076331515e-05
67,5.572481152031697e-05
67,5.947933730843081e-05
67,6.211938725959317e-05
67,6.352423479368617e-05
67,6.378971642962198e-05
67,6.316775236946271e-05
67,6.194545543287506e-05
67,6.032205280368584e-05
67,5.834375037610288e-05
67,5.5919767693324144e-05
67,5.290336886905824e-05
67,4.920037002563103e-05
67,4.4861340968406724e-05
67,4.011852570556839e-05
67,3.53481526903604e-05
67,3.097256406492648e-05
67,2.7346999494896436e-05
67,2.4680728320440728e-05
67,2.3019153120110705e-05
67,2.2282536280039305e-05
67,2.233776724173032e-05
67,2.307405555416602e-05
67,2.4455659294587476e-05
67,2.6535301164032714e-05
67,2.9427492323910726e-05
67,3.324835768528126e-05
67,3.802974141272843e-05
67,4.3629889983401956e-05
67,4.9685679992828073e-05
67,5.5647871559316225e-05
67,6.09014103278467e-05
67,6.49280431266908e-05
67,6.744569324374655e-05
67,6.846369620539876e-05
67,6.822896402386651e-05
67,6.709646395954931e-05
67,6.539492812711027e-05
67,6.334132061674381e-05
67,6.1011961867241545e-05
67,5.8355624513726885e-05
67,5.524192351560491e-05
67,5.1542396639371516e-05
67,4.7221261607177436e-05
67,4.239191286317238e-05
67,3.730829272913092e-05
67,3.2301004184795666e-05
67,2.7697592325081943e-05
67,2.3764064563144122e-05
67,2.0682750850216163e-05
67,1.8560622564662856e-05
67,1.7452508943069293e-05
67,1.738516377675649e-05
67,1.837525680581081e-05
67,2.0438425131166805e-05
67,2.3581898229118946e-05
67,2.7768528937068528e-05
67,3.2853354481996394e-05
67,3.8525476119411734e-05
67,4.4307733004615116e-05
67,4.964279099167098e-05
67,5.4036607435019794e-05
67,5.718789897756699e-05
67,5.9041665961000544e-05
67,5.9753203760544775e-05
67,5.959580472198217e-05
67,5.8860664217567445e-05
67,5.777906868326575e-05
67,5.6470318178266096e-05
67,5.491399136960751e-05
67,5.2959633238995256e-05
67,5.0388223314800645e-05
67,4.701196346542985e-05
67,4.2767901380690214e-05
67,3.776131652345946e-05
67,3.224653779318198e-05
67,2.656659778969518e-05
67,2.1086207845073608e-05
67,1.6143468916111938e-05
67,1.2026018023660861e-05
67,8.962014594069346e-06
67,7.114417381270739e-06
67,6.574984529190538e-06
67,7.362300388070073e-06
67,9.428381749630366e-06
67,1.2669696397218983e-05
67,1.692898894272303e-05
67,2.1980463805454752e-05
67,2.7514953237021894e-05
67,3.3155318477907766e-05
67,3.851055890150367e-05
67,4.3242800170604645e-05
67,4.7115667405562983e-05
67,5.0013772947382556e-05
67,5.1939397889402306e-05
67,5.299339431427156e-05
67,5.334250134065257e-05
67,5.317187334007642e-05
67,5.262598606534959e-05
67,5.1754671543299484e-05
67,5.049055493082524e-05
67,4.867544563074297e-05
67,4.612973975077986e-05
67,4.27372572322649e-05
67,3.851205312814842e-05
67,3.362539339628787e-05
67,2.8390204092679342e-05
67,2.3213827797421423e-05
67,1.8532821198496473e-05
67,1.4741432479422215e-05
67,1.2126489741554345e-05
67,1.0825908944232573e-05
67,1.082732964670313e-05
67,1.2010844624866343e-05
67,1.4218474111051728e-05
67,1.731417307608815e-05
67,2.119810004061806e-05
67,2.576785407219645e-05
67,3.085934408944619e-05
67,3.621281315115482e-05
67,4.148618944922244e-05
67,4.630977129502962e-05
67,5.0363960637828865e-05
67,5.345511777989525e-05
67,5.5560091095317545e-05
67,5.681908574177194e-05
67,5.7476863905991506e-05
67,5.778981288166366e-05
67,5.79269486769572e-05
67,5.789810682171711e-05
67,5.7539104571243435e-05
67,5.656703784782515e-05
67,5.469134452577877e-05
67,5.174031394730775e-05
67,4.775433756253171e-05
67,4.3011229233283856e-05
67,3.797590715312507e-05
67,3.3193803800038836e-05
67,2.9165382792463833e-05
67,2.624262412984769e-05
67,2.4577121299376697e-05
67,2.4129453057700953e-05
67,2.4729667610166487e-05
67,2.616556693859442e-05
67,2.826819008788594e-05
67,3.096010049127428e-05
67,3.424094637207889e-05
67,3.811636934293705e-05
67,4.251312489016726e-05
67,4.723109890841576e-05
67,5.195701604763408e-05
67,5.633209887991325e-05
67,6.004475765154993e-05
67,6.29107769029467e-05
67,6.491040604724253e-05
67,6.617174802436127e-05
67,6.690806998075294e-05
67,6.732634070080649e-05
67,6.753314866236874e-05
67,6.747377824685571e-05
67,6.693780254649329e-05
67,6.564037089495101e-05
67,6.335203683989551e-05
67,6.002379846112076e-05
67,5.585324979810082e-05
67,5.1261746132865666e-05
67,4.6790371604088644e-05
67,4.295778674345268e-05
67,4.013719507760236e-05
67,3.8494259044326755e-05
67,3.799479118275825e-05
67,3.846384553793271e-05
67,3.967032247794253e-05
67,4.1416095735962314e-05
67,4.36072330665137e-05
67,4.6274870168611596e-05
67,4.952103519029081e-05
67,5.340746746783546e-05
67,5.7851018361775966e-05
67,6.258897866140051e-05
67,6.72311578516957e-05
67,7.136561775719932e-05
67,7.466472748599674e-05
67,7.695115776288255e-05
67,7.821283265399422e-05
67,7.857610532751868e-05
67,7.824718544658566e-05
67,7.743102043808244e-05
67,7.625026064168662e-05
67,7.469979470091609e-05
67,7.266206542124472e-05
67,6.997904478295624e-05
67,6.655056531401797e-05
67,6.241832955564613e-05
67,5.780018684462201e-05
67,5.305843018541429e-05
67,4.8614662408019386e-05
67,4.4848278334301457e-05
67,4.2019150043430655e-05
67,4.023619658750571e-05
67,3.9469350093990315e-05
67,3.9590721496693437e-05
67,4.043304869457469e-05
67,4.185604818554128e-05
67,4.3801375360604554e-05
67,4.6303642858982776e-05
67,4.943594147333123e-05
67,5.321053509058678e-05
67,5.7493385424466655e-05
67,6.198555655668702e-05
67,6.62795444013601e-05
67,6.995438480677081e-05
67,7.266373573941794e-05
67,7.419452019505853e-05
67,7.44975210646285e-05
67,7.368904696654134e-05
67,7.200935150623468e-05
67,6.973391333775274e-05
67,6.706800566954479e-05
67,6.407566068547821e-05
67,6.067901189413493e-05
67,5.672874653382376e-05
67,5.2114632093847366e-05
67,4.6867197272075706e-05
67,4.120339706197208e-05
67,3.549456440625213e-05
67,3.0174071838575324e-05
67,2.562990651637843e-05
67,2.2125871081516586e-05
67,1.977143171745363e-05
67,1.853631749963386e-05
67,1.829563360434481e-05
67,1.8891582353470096e-05
67,2.019770704967045e-05
67,2.216491554895855e-05
67,2.482352595631069e-05
67,2.8227851417271304e-05
67,3.236212043282986e-05
67,3.705766768261315e-05
67,4.19726076689236e-05
67,4.6650073973614644e-05
67,5.0626135193718226e-05
67,5.3538963760932125e-05
67,5.520391557956554e-05
67,5.564001479777787e-05
67,5.504202515827281e-05
67,5.3699305227746854e-05
67,5.1883585039839996e-05
67,4.975027638442797e-05
67,4.729686634082451e-05
67,4.439510664644824e-05
67,4.088055117316701e-05
67,3.665962314157234e-05
67,3.178712197965129e-05
67,2.6480238215357363e-05
67,2.10671942633702e-05
67,1.5902468125510193e-05
67,1.1292421375280183e-05
67,7.458131481980073e-06
67,4.534021259630648e-06
67,2.585138245062586e-06
67,1.6295508893868049e-06
67,1.662625387535483e-06
67,2.6819614369784173e-06
67,4.703944233944894e-06
67,7.755270344041832e-06
67,1.182730911178583e-05
67,1.680398274263176e-05
67,2.2404760941848582e-05
67,2.8193221097661043e-05
67,3.366634954275844e-05
67,3.83830177162394e-05
67,4.206481458443756e-05
67,4.4630199483078925e-05
67,4.616822652857683e-05
67,4.687762655474112e-05
67,4.699103210372083e-05
67,4.669890734509084e-05
67,4.609139749828788e-05
67,4.513670771510735e-05
67,4.3704728399986534e-05
67,4.1628917403563525e-05
67,3.8784305243212976e-05
67,3.515083987568497e-05
67,3.0836657626947324e-05
67,2.6057116529970303e-05
67,2.1089779337763802e-05
67,1.623338585714616e-05
67,1.1784237898529585e-05
67,8.022442828275172e-06
67,5.194930266412503e-06
67,3.4944899907344285e-06
67,3.0454692933516442e-06
67,3.903293790391363e-06
67,6.063070172151314e-06
67,9.464114729880908e-06
67,1.3977923652369275e-05
67,1.938167791951075e-05
67,2.5343396814599525e-05
67,3.1451225769227655e-05
67,3.728799573129269e-05
67,4.2511571734117853e-05
67,4.6899834873292785e-05
67,5.035525583395591e-05
67,5.289026127271719e-05
67,5.460700688009137e-05
67,5.566699000574045e-05
67,5.624321704373357e-05
67,5.646023448261448e-05
67,5.634218965826566e-05
67,5.579523549296457e-05
67,5.464152268764271e-05
67,5.269834308347645e-05
67,4.986964795276232e-05
67,4.620777581030993e-05
67,4.1921220825526465e-05
67,3.7336140041587365e-05
67,3.2838260244999676e-05
67,2.8815973399272798e-05
67,2.5609231801870357e-05
67,2.3464344307777098e-05
67,2.2504249961187338e-05
67,2.272929048846032e-05
67,2.4052756648182223e-05
67,2.6355961242395273e-05
67,2.9533142792783616e-05
67,3.349754711599029e-05
67,3.814339078774592e-05
67,4.3293852289841574e-05
67,4.8679846753681135e-05
67,5.396920589466385e-05
67,5.8828011577574755e-05
67,6.298369124626635e-05
67,6.627221025946022e-05
67,6.866239568353023e-05
67,7.0250307451405e-05
67,7.121734399643502e-05
67,7.17559437430283e-05
67,7.198423809355577e-05
67,7.188552751507159e-05
67,7.130593188484428e-05
67,7.001907010860998e-05
67,6.783259088269742e-05
67,6.46891849636322e-05
67,6.071877256814691e-05
67,5.622552565967589e-05
67,5.162436038204152e-05
67,4.735710077215456e-05
67,4.381390881696449e-05
67,4.127279952751089e-05
67,3.986404263064671e-05
67,3.9567688155627624e-05
67,4.024947905301336e-05
67,4.172748679826369e-05
67,4.3846020567425536e-05
67,4.6523492881562226e-05
67,4.974518778079478e-05
67,5.349908468335202e-05
67,5.7693471292546796e-05
67,6.211292598960958e-05
67,6.644167156837712e-05
67,7.033663982261581e-05
67,7.350981345114945e-05
67,7.578842666040015e-05
67,7.713999500272475e-05
67,7.766019982741864e-05
67,7.75257857737327e-05
67,7.692053765566108e-05
67,7.595544985056161e-05
67,7.461629768797543e-05
67,7.276758873509189e-05
67,7.021805728128384e-05
67,6.682312311048442e-05
67,6.258114027660041e-05
67,5.768212022826713e-05
67,5.2488987747682904e-05
67,4.746154218706826e-05
67,4.3055569968203745e-05
67,3.963226540546161e-05
67,3.739973307216577e-05
67,3.639356309688499e-05
67,3.649641056477386e-05
67,3.749322281034737e-05
67,3.9151864057804356e-05
67,4.1306021151958e-05
67,4.390312471848337e-05
67,4.698126434947837e-05
67,5.057444470073884e-05
67,5.4600610872564e-05
67,5.880897963150005e-05
67,6.282200297815181e-05
67,6.62406588813873e-05
67,6.875072091137783e-05
67,7.018652961647623e-05
67,7.054467231147797e-05
67,6.995933859681768e-05
67,6.864894779225334e-05
67,6.683959649805839e-05
67,6.468225927673414e-05
67,6.219796017568144e-05
67,5.9283360420992715e-05
67,5.578150243378265e-05
67,5.158780984899755e-05
67,4.674253138827191e-05
67,4.1467061581592725e-05
67,3.612898779772165e-05
67,3.115490228871815e-05
67,2.69310176277258e-05
67,2.3727731121310058e-05
67,2.1664122144610037e-05
67,2.0711620322397113e-05
67,2.073090489728728e-05
67,2.153436154994022e-05
67,2.29601115610369e-05
67,2.493345019019018e-05
67,2.7483556784701797e-05
67,3.069120898300296e-05
67,3.458024171922266e-05
67,3.901399735459847e-05
67,4.3668531219178545e-05
67,4.810432016755501e-05
67,5.1890628758601716e-05
67,5.4712310261240216e-05
67,5.641894571548835e-05
67,5.70213239087999e-05
67,5.665873440258641e-05
67,5.5548056457568395e-05
67,5.3913107715557736e-05
67,5.1905253305539194e-05
67,4.954949309675112e-05
67,4.6750779282148934e-05
67,4.3365334745196727e-05
67,3.930463844974664e-05
67,3.4621034497026756e-05
67,2.9533181077691202e-05
67,2.4381366883699232e-05
67,1.9539370995633496e-05
67,1.5327777375529373e-05
67,1.1962615248964519e-05
67,9.546422010122399e-06
67,8.089982336548497e-06
67,7.5502862014071685e-06
67,7.873653979715451e-06
67,9.033366936202263e-06
67,1.1048830504832243e-05
67,1.3971786930398659e-05
67,1.783147505070062e-05
67,2.2553830624060736e-05
67,2.7900068509322747e-05
67,3.347379022707179e-05
67,3.8805555336322614e-05
67,4.3470672824539534e-05
67,4.717897748237134e-05
67,4.9806026869305294e-05
67,5.137752152199972e-05
67,5.203223025358465e-05
67,5.197216228206434e-05
67,5.139660796395737e-05
67,5.043096784855097e-05
67,4.908236876381768e-05
67,4.725057776253773e-05
67,4.4793481256294354e-05
67,4.161607204330751e-05
67,3.774039258542287e-05
67,3.332522631138877e-05
67,2.86321020968262e-05
67,2.3963073992119832e-05
67,1.9606094303517416e-05
67,1.5808322123718587e-05
67,1.2772213823131534e-05
67,1.0657538909389522e-05
67,9.580371522293076e-06
67,9.612243793354369e-06
67,1.0784479931189112e-05
67,1.3095274612661838e-05
67,1.6509220961481904e-05
67,2.0938481731298652e-05
67,2.6207495552382256e-05
67,3.202493170770431e-05
67,3.7996090262431346e-05
67,4.368757142181103e-05
67,4.8717864623225624e-05
67,5.282941811667901e-05
67,5.5915961964443164e-05
67,5.8010116771102155e-05
67,5.924855249626375e-05
67,5.9822719796804955e-05
67,5.9916553196888424e-05
67,5.964256202129334e-05
67,5.900085146721893e-05
67,5.788297786037212e-05
67,5.612376758617454e-05
67,5.358215329331066e-05
67,5.021772265186379e-05
67,4.613026063047917e-05
67,4.154844198353833e-05
67,3.678196179760407e-05
67,3.21675863827688e-05
67,2.8030562413906365e-05
67,2.4660246803811764e-05
67,2.2287784923029387e-05
67,2.1063378355718753e-05
67,2.1044789163900125e-05
67,2.2207866049610305e-05
67,2.4474716428269736e-05
67,2.774079667825846e-05
67,3.188045742100939e-05
67,3.6724939579158986e-05
67,4.203148750310555e-05
67,4.747735031498013e-05
67,5.2698576990947204e-05
67,5.7359046347765216e-05
67,6.121345433572913e-05
67,6.413845391062788e-05
67,6.61317701097081e-05
67,6.729095522522067e-05
67,6.777658193446127e-05
67,6.775855695877029e-05
67,6.735307942616403e-05
67,6.657316436175958e-05
67,6.531966527824332e-05
67,6.342521747581584e-05
67,6.0737956411231155e-05
67,5.720954270427649e-05
67,5.294722677771793e-05
67,4.820863692410296e-05
67,4.334970506124165e-05
67,3.875689195455794e-05
67,3.478974209720614e-05
67,3.1739057495014e-05
67,2.9794388327993862e-05
67,2.9022756751288035e-05
67,2.9372679336393426e-05
67,3.071254687222139e-05
67,3.2890819036130806e-05
67,3.578652927103894e-05
67,3.9318790592680384e-05
67,4.340711280366249e-05
67,4.790951097773634e-05
67,5.258629136848823e-05
67,5.712100665022321e-05
67,6.118739043872449e-05
67,6.452224359600238e-05
67,6.697231263721905e-05
67,6.850896559529714e-05
67,6.921681461267976e-05
67,6.925761794276211e-05
67,6.880900429965918e-05
67,6.799087729271833e-05
67,6.680950133219557e-05
67,6.515069553893402e-05
67,6.283327043742766e-05
67,5.970368850960558e-05
67,5.5730974009465344e-05
67,5.105984329417244e-05
67,4.600121732178394e-05
67,4.0970264317399425e-05
67,3.640266641693231e-05
67,3.2677911442496304e-05
67,3.0062315150424e-05
67,2.867417728961048e-05
67,2.8477029075674972e-05
67,2.9310801655431184e-05
67,3.0959550319897636e-05
67,3.323241985971869e-05
67,3.601963120471291e-05
67,3.9290871986500955e-05
67,4.303268608326209e-05
67,4.716209429842818e-05
67,5.147475318817717e-05
67,5.566280893513609e-05
67,5.938779594150171e-05
67,6.236386760703573e-05
67,6.4416428676188e-05
67,6.550651525179433e-05
67,6.572299417200575e-05
67,6.524284681468606e-05
67,6.426230272558785e-05
67,6.291635756825522e-05
67,6.121996459888431e-05
67,5.9063401579239216e-05
67,5.627192032903947e-05
67,5.2707857800712056e-05
67,4.8370335203417506e-05
67,4.344672793935719e-05
67,3.829306114517444e-05
67,3.3354903819640244e-05
67,2.9065131413132448e-05
67,2.5756221013440678e-05
67,2.3608079167673507e-05
67,2.2635983837711134e-05
67,2.2717069387117836e-05
67,2.36507644849371e-05
67,2.523916614067744e-05
67,2.736019293203784e-05
67,2.9999710474172687e-05
67,3.321806196400223e-05
67,3.705720798585982e-05
67,4.1436217913199205e-05
67,4.610081116436702e-05
67,5.066142390467521e-05
67,5.4696464211166014e-05
67,5.7863726476051406e-05
67,5.997378373147127e-05
67,6.1010380479061174e-05
67,6.110424815126109e-05
67,6.047221110749069e-05
67,5.933520527813512e-05
67,5.7837038948396295e-05
67,5.599500215386194e-05
67,5.370869806986248e-05
67,5.0829253050017386e-05
67,4.725999810593724e-05
67,4.304151129638716e-05
67,3.838059372569816e-05
67,3.361156323944397e-05
67,2.9112452409292475e-05
67,2.5217161149509792e-05
67,2.2157265350931388e-05
67,2.004404365868502e-05
67,1.8882978369373902e-05
67,1.860927080952113e-05
67,1.9135338526714255e-05
67,2.039921111836407e-05
67,2.239694009553949e-05
67,2.517945567963761e-05
67,2.8801944944147622e-05
67,3.323800627320302e-05
67,3.830304995365038e-05
67,4.364090929011026e-05
67,4.87932772163534e-05
67,5.3317529906085786e-05
67,5.68922628114832e-05
67,5.9368596948458985e-05
67,6.076365306367438e-05
67,6.121691513948469e-05
67,6.0929829551018534e-05
67,6.009891748557873e-05
67,5.8852553271896794e-05
67,5.721151081883169e-05
67,5.5095301016890234e-05
67,5.237898633265047e-05
67,4.897823995196945e-05
67,4.492316723423633e-05
67,4.038593234957939e-05
67,3.565164140319754e-05
67,3.1051740868971164e-05
67,2.6895220120255183e-05
67,2.3425144675681313e-05
67,2.080577224803043e-05
67,1.9129279650289416e-05
67,1.8431002060645745e-05
67,1.8709180674830003e-05
67,1.9947140375743263e-05
67,2.213087802191222e-05
67,2.524903970852962e-05
67,2.9263577638772092e-05
67,3.405625651061825e-05
67,3.938266429337686e-05
67,4.487451987170032e-05
67,5.0103795494429156e-05
67,5.467871980431262e-05
67,5.832275626922395e-05
67,6.090727359143064e-05
67,6.244224678705276e-05
67,6.304480800429817e-05
67,6.28963285046179e-05
67,6.218674842997013e-05
67,6.105130319109327e-05
67,5.952296961776057e-05
67,5.752884942400707e-05
67,5.493945817003235e-05
67,5.165064332838839e-05
67,4.7659639948076124e-05
67,4.310026922857042e-05
67,3.8224994956733103e-05
67,3.335009311916154e-05
67,2.8795828519908287e-05
67,2.4845739857994263e-05
67,2.1727516676920158e-05
67,1.960420111929626e-05
67,1.8568621923561894e-05
67,1.8644979195380764e-05
67,1.9803652008420365e-05
67,2.198569340441577e-05
67,2.5120860265892098e-05
67,2.9119960125526803e-05
67,3.383821077161064e-05
67,3.903450735047518e-05
67,4.4365475932257695e-05
67,4.943324135181327e-05
67,5.38672666509412e-05
67,5.739930892943379e-05
67,5.990223298135287e-05
67,6.139001051263363e-05
67,6.199066646467454e-05
67,6.189998547280638e-05
67,6.13185312813605e-05
67,6.03830081608601e-05
67,5.91173219130097e-05
67,5.74292155468307e-05
67,5.515935107839206e-05
67,5.21640555641349e-05
67,4.839655830976762e-05
67,4.395277653011848e-05
67,3.9066307630888044e-05
67,3.406327282729185e-05
67,2.930379522736752e-05
67,2.5132187162191476e-05
67,2.184046210312052e-05
67,1.963951060923595e-05
67,1.8638042936328013e-05
67,1.883942837259801e-05
67,2.016470144207028e-05
67,2.2494530740438494e-05
67,2.570635785474122e-05
67,2.9680670120109733e-05
67,3.427022604366642e-05
67,3.9257504713236435e-05
67,4.434111770721472e-05
67,4.917275391446677e-05
67,5.342780110930839e-05
67,5.687077278835654e-05
67,5.938789718817315e-05
67,6.098593536460594e-05
67,6.176988106773384e-05
67,6.190572432873454e-05
67,6.156672822417565e-05
67,6.0869836774464344e-05
67,5.9825620447386174e-05
67,5.832976796274481e-05
67,5.6208247877586554e-05
67,5.3302176598447195e-05
67,4.955784676435346e-05
67,4.508338941059431e-05
67,4.0149451729224717e-05
67,3.513888524705851e-05
67,3.0471750465516255e-05
67,2.653324466946527e-05
67,2.361821181721251e-05
67,2.1894694837418777e-05
67,2.1390315500189905e-05
67,2.2009872861381043e-05
67,2.3586076603607146e-05
67,2.594714620344611e-05
67,2.8968959878196822e-05
67,3.258120275561957e-05
67,3.672206770344968e-05
67,4.127153178061753e-05
67,4.601102058849101e-05
67,5.063889282479349e-05
67,5.4831502488353414e-05
67,5.8314212805750246e-05
67,6.091296523164757e-05
67,6.257788366029039e-05
67,6.338024853353385e-05
67,6.348032835585036e-05
67,6.306451642856009e-05
67,6.226659378457837e-05
67,6.11065290059031e-05
67,5.948056315904902e-05
67,5.7214152256287715e-05
67,5.415822011560386e-05
67,5.028664441721489e-05
67,4.575090081761236e-05
67,4.0868697633414066e-05
67,3.605622762021823e-05
67,3.1737518234111445e-05
67,2.8264800117392025e-05
67,2.5866808270693386e-05
67,2.4627091539665208e-05
67,2.4492415577775113e-05
67,2.531329872006645e-05
67,2.6910941433075338e-05
67,2.9147977391525757e-05
67,3.196880620752543e-05
67,3.538260428273091e-05
67,3.939145394653062e-05
67,4.390311002115963e-05
67,4.868401291004221e-05
67,5.3384462509110406e-05
67,5.762117556984506e-05
67,6.107219311800783e-05
67,6.354489509150405e-05
67,6.500233417470019e-05
67,6.554930824926187e-05
67,6.538252438018044e-05
67,6.471315691222153e-05
67,6.36832568113024e-05
67,6.230952079887278e-05
67,6.048343024362734e-05
67,5.803347274768298e-05
67,5.482552622096552e-05
67,5.085763550430927e-05
67,4.630640352892548e-05
67,4.150530028315821e-05
67,3.6868376036007074e-05
67,3.279573813050075e-05
67,2.959648557347469e-05
67,2.7446701186089305e-05
67,2.638308587659225e-05
67,2.632743085206553e-05
67,2.7136729930441542e-05
67,2.8667677077590455e-05
67,3.083331601499534e-05
67,3.3623839639819044e-05
67,3.707265335566657e-05
67,4.117607496054179e-05
67,4.5809011782051397e-05
67,5.069150435813553e-05
67,5.543262351739185e-05
67,5.96280207522948e-05
67,6.295889690130919e-05
67,6.525249347727204e-05
67,6.64949378254298e-05
67,6.68054645177088e-05
67,6.638173219089986e-05
67,6.542569034801995e-05
67,6.406881706872631e-05
67,6.232580725243823e-05
67,6.010149221940533e-05
67,5.72537507825069e-05
67,5.3687429065069575e-05
67,4.9436920543853105e-05
67,4.469862333310966e-05
67,3.979908312580179e-05
67,3.511724539767172e-05
67,3.099929234458169e-05
67,2.7699555182886263e-05
67,2.5358741842796716e-05
67,2.401189407300517e-05
67,2.3614975302042576e-05
67,2.408359281513121e-05
67,2.5337297274654384e-05
67,2.7335955521710327e-05
67,3.008829726950762e-05
67,3.3616787001234246e-05
67,3.788477197280278e-05
67,4.272365597289207e-05
67,4.781087367308644e-05
67,5.272192681615417e-05
67,5.703104010580289e-05
67,6.040896210882907e-05
67,6.268033981659757e-05
67,6.383336601769212e-05
67,6.399193798749906e-05
67,6.336122753202155e-05
67,6.215618884326223e-05
67,6.0529545669643384e-05
67,5.852497808540444e-05
67,5.607859102269952e-05
67,5.307268409204682e-05
67,4.942014521212688e-05
67,4.514083722002943e-05
67,4.039426733172793e-05
67,3.5456009497502686e-05
67,3.065535824609409e-05
67,2.6308183295113828e-05
67,2.2671398983771708e-05
67,1.992406796629035e-05
67,1.816590948365899e-05
67,1.7425903667801663e-05
67,1.768113236758234e-05
67,1.8885455154940064e-05
67,2.0998426939562318e-05
67,2.3995713207348377e-05
67,2.7843670893469445e-05
67,3.244092457766048e-05
67,3.7561186904020054e-05
67,4.2844668979706366e-05
67,4.785814754859193e-05
67,5.219599130065288e-05
67,5.55701396310672e-05
67,5.785343261282485e-05
67,5.907419593726632e-05
67,5.9379120896070554e-05
67,5.8978785096241744e-05
67,5.808215686881897e-05
67,5.683002649985482e-05
67,5.524931823861249e-05
67,5.325262251536677e-05
67,5.069033657906981e-05
67,4.7435988619865594e-05
67,4.346683578997634e-05
67,3.8904028761073485e-05
67,3.3998795068867895e-05
67,2.9079266853147703e-05
67,2.4487886269433017e-05
67,2.0532821797885716e-05
67,1.745846972554599e-05
67,1.542897279959827e-05
67,1.4521944564721917e-05
67,1.4736409811641695e-05
67,1.6017063778068712e-05
67,1.828653526428135e-05
67,2.1466877076988285e-05
67,2.5471036900056362e-05
67,3.016277581833511e-05
67,3.53127826365382e-05
67,4.059201766953444e-05
67,4.562022657491975e-05
67,5.0046501556461505e-05
67,5.3619274117772625e-05
67,5.6219098707444275e-05
67,5.785574630977381e-05
67,5.864318969246529e-05
67,5.875883848781224e-05
67,5.838636556411188e-05
67,5.765022611090403e-05
67,5.6566463420161275e-05
67,5.503758083503382e-05
67,5.290102665152444e-05
67,5.0013348028312194e-05
67,4.633338649063498e-05
67,4.196866061723482e-05
67,3.716877935319877e-05
67,3.227666735704293e-05
67,2.766491778804024e-05
67,2.3680573518305608e-05
67,2.0605239962705566e-05
67,1.8627370440881884e-05
67,1.7827627342491358e-05
67,1.8185242233466443e-05
67,1.960949013751274e-05
67,2.1985801904591443e-05
67,2.5211925902514317e-05
67,2.9198940482182513e-05
67,3.3832389403572156e-05
67,3.8920912529372256e-05
67,4.417534475239314e-05
67,4.92412972892564e-05
67,5.376970884761805e-05
67,5.7488396559667796e-05
67,6.0246823421179805e-05
67,6.202812745360074e-05
67,6.293386619135808e-05
67,6.314447401608663e-05
67,6.285685744684929e-05
67,6.221131920509238e-05
67,6.123523605298667e-05
67,5.983273096934266e-05
67,5.783156660203323e-05
67,5.507119417895633e-05
67,5.149524649698077e-05
67,4.720894355330439e-05
67,4.247919861223329e-05
67,3.76832740254058e-05
67,3.3232731765784343e-05
67,2.9500573906633312e-05
67,2.676616372500844e-05
67,2.5181812747142392e-05
67,2.4765038719882238e-05
67,2.5422366198176327e-05
67,2.7002527085607114e-05
67,2.936045298313752e-05
67,3.2400755737222824e-05
67,3.607340235853491e-05
67,4.0320166451511686e-05
67,4.500554633044965e-05
67,4.9881380848492024e-05
67,5.4612631659323776e-05
67,5.885015150904303e-05
67,6.231072200700329e-05
67,6.483126919371409e-05
67,6.6386969526493e-05
67,6.707726354713576e-05
67,6.708343653012868e-05
67,6.660094430743684e-05
67,6.576151225669909e-05
67,6.457586292286107e-05
67,6.292851393967687e-05
67,6.06349657361414e-05
67,5.754094336353549e-05
67,5.3621120969593806e-05
67,4.903319521837595e-05
67,4.4104282230898e-05
67,3.925950527490976e-05
67,3.4927218791684476e-05
67,3.145686592133978e-05
67,2.90684378054717e-05
67,2.7835528941175277e-05
67,2.7699033184643645e-05
67,2.850967059282463e-05
67,3.0092513205752454e-05
67,3.231342162086577e-05
67,3.5116163519922606e-05
67,3.8504299174928255e-05
67,4.247023993874279e-05
67,4.691128216774643e-05
67,5.1587517585786126e-05
67,5.615072417120925e-05
67,6.0226536815124784e-05
67,6.35045915258785e-05
67,6.580018442162581e-05
67,6.70766270779437e-05
67,6.743206413231819e-05
67,6.705393219517542e-05
67,6.614597148682722e-05
67,6.484715282662016e-05
67,6.317653158975742e-05
67,6.1033961215294313e-05
67,5.8261844240922e-05
67,5.474297056062186e-05
67,5.049096795495e-05
67,4.569231470510725e-05
67,4.068211811750113e-05
67,3.586830075444608e-05
67,3.164066842443975e-05
67,2.829928863090968e-05
67,2.6017147831879305e-05
67,2.483490229695245e-05
67,2.4681999225699578e-05
67,2.54211010735415e-05
67,2.690864492114096e-05
67,2.9051952262892943e-05
67,3.1833435282447746e-05
67,3.5279145807319505e-05
67,3.9378235554277765e-05
67,4.399738479682667e-05
67,4.884724846372829e-05
67,5.352742062082295e-05
67,5.762518770998584e-05
67,6.08156684177643e-05
67,6.292395173071474e-05
67,6.394005146896809e-05
67,6.399466230330227e-05
67,6.330387503360097e-05
67,6.209158593337253e-05
67,6.0509542097752605e-05
67,5.858619986044475e-05
67,5.623056937352204e-05
67,5.329418078325306e-05
67,4.9666348305438455e-05
67,4.536050333396732e-05
67,4.0552303746778944e-05
67,3.555395050492524e-05
67,3.07412646484033e-05
67,2.6470117297443164e-05
67,2.3014509960533606e-05
67,2.0538155733593822e-05
67,1.909477582293573e-05
67,1.864952163888752e-05
67,1.911697803374424e-05
67,2.04085371252789e-05
67,2.247300347054447e-05
67,2.530764943872503e-05
67,2.892296186809971e-05
67,3.32690475999716e-05
67,3.816436282596517e-05
67,4.3278103369222065e-05
67,4.81869793115089e-05
67,5.2477524000640336e-05
67,5.584083190487245e-05
67,5.812365089493058e-05
67,5.933227825197197e-05
67,5.9602180607728246e-05
67,5.9143294349692704e-05
67,5.816784343416553e-05
67,5.681672907512109e-05
67,5.511251388398427e-05
67,5.296415424954537e-05
67,5.022701366849444e-05
67,4.679395992798419e-05
67,4.267624280855613e-05
67,3.803696873458834e-05
67,3.316474054277495e-05
67,2.8406282039796234e-05
67,2.409387923770369e-05
67,2.0495738202219004e-05
67,1.779539077258728e-05
67,1.6091189884752103e-05
67,1.540782950987196e-05
67,1.571851683896884e-05
67,1.697587672925655e-05
67,1.9141215161259813e-05
67,2.2193805205946064e-05
67,2.610433552677285e-05
67,3.077675429359907e-05
67,3.599254335469261e-05
67,4.140276476342965e-05
67,4.658595893390251e-05
67,5.114436256622802e-05
67,5.4789298709237684e-05
67,5.738381040584963e-05
67,5.8941433062450155e-05
67,5.959477298036944e-05
67,5.954369268927023e-05
67,5.898870230549365e-05
67,5.806280335203519e-05
67,5.678642932368533e-05
67,5.5068911133918634e-05
67,5.276137882156509e-05
67,4.974086185121506e-05
67,4.598877441276785e-05
67,4.162928714377021e-05
67,3.6914530173581794e-05
67,3.217147748608515e-05
67,2.77404814666521e-05
67,2.3928225874168855e-05
67,2.0978951874383014e-05
67,1.905727435954837e-05
67,1.8240668608426828e-05
67,1.852732444679583e-05
67,1.9862071004946498e-05
67,2.2170701520123936e-05
67,2.5381989838044554e-05
67,2.9417612075282727e-05
67,3.4149466191746415e-05
67,3.9353302631506464e-05
67,4.4700150534542584e-05
67,4.980380082069255e-05
67,5.4302101777940394e-05
67,5.793030273214797e-05
67,6.0559127206212083e-05
67,6.21963265585368e-05
67,6.296232990554571e-05
67,6.304609270422265e-05
67,6.26431867514783e-05
67,6.188685089236305e-05
67,6.0796919153421464e-05
67,5.927379768624272e-05
67,5.714764130650542e-05
67,5.426591726422766e-05
67,5.0582023279912724e-05
67,4.620620173062607e-05
67,4.139974586489406e-05
67,3.6522577224694116e-05
67,3.196301351785366e-05
67,2.807559783528987e-05
67,2.5136501011188148e-05
67,2.331525581180712e-05
67,2.2664266423122864e-05
67,2.3132747018675106e-05
67,2.460646729331752e-05
67,2.6959807728228694e-05
67,3.0093538966709392e-05
67,3.393281207021256e-05
67,3.8381992603140575e-05
67,4.3266366855788425e-05
67,4.8306673049286796e-05
67,5.315113100696937e-05
67,5.7448744861603586e-05
67,6.0924709682682976e-05
67,6.342828313109659e-05
67,6.494626969671767e-05
67,6.558706758603535e-05
67,6.553816771172455e-05
67,6.499959311518231e-05
67,6.410783761075317e-05
67,6.28802297454803e-05
67,6.120984513454095e-05
67,5.892031903453662e-05
67,5.5860356853723285e-05
67,5.199712135410821e-05
67,4.7467598856725193e-05
67,4.2568160222830286e-05
67,3.769291113466442e-05
67,3.325188610275297e-05
67,2.9598786349365675e-05
67,2.6981783006272628e-05
67,2.5518436846806635e-05
67,2.5195815207851122e-05
67,2.589990191875865e-05
67,2.7471739334351887e-05
67,2.9771839366943948e-05
67,3.272118203318236e-05
67,3.629071510495041e-05
67,4.0438789089518473e-05
67,4.5034345492259235e-05
67,4.982013552317323e-05
67,5.4444412787278625e-05
67,5.8542462009220055e-05
67,6.18228038025697e-05
67,6.412303410534337e-05
67,6.542613627575021e-05
67,6.584280858198672e-05
67,6.556476554558169e-05
67,6.479402779084741e-05
67,6.366504060023243e-05
67,6.219056562969842e-05
67,6.0260569670643905e-05
67,5.770134845665053e-05
67,5.4372799399520125e-05
67,5.026204079078403e-05
67,4.5532059777124925e-05
67,4.050553834626957e-05
67,3.559527688115505e-05
67,3.121452007409663e-05
67,2.7700153661431113e-05
67,2.5265148682973766e-05
67,2.3981964753601937e-05
67,2.37954799071523e-05
67,2.456472932044481e-05
67,2.6126174936974222e-05
67,2.8357537074190313e-05
67,3.1210837608132025e-05
67,3.468946421369151e-05
67,3.877355630964622e-05
67,4.333667401694117e-05
67,4.8110537164394764e-05
67,5.2724302303929175e-05
67,5.6794738237852934e-05
67,6.001785473808952e-05
67,6.222598920363567e-05
67,6.340295995429805e-05
67,6.366471026468214e-05
67,6.321079042487358e-05
67,6.225140675752679e-05
67,6.092747496100707e-05
67,5.9256106093456336e-05
67,5.713161577951789e-05
67,5.4388320919244475e-05
67,5.090043320194029e-05
67,4.6674507731317704e-05
67,4.189220516185566e-05
67,3.688555423661124e-05
67,3.206036014773607e-05
67,2.7805061242370274e-05
67,2.441949364682653e-05
67,2.207832018021661e-05
67,2.082705227338979e-05
67,2.0604734143643394e-05
67,2.128878711317466e-05
67,2.2753118031282817e-05
67,2.4920071366731886e-05
67,2.7779196170079583e-05
67,3.1352812360543235e-05
67,3.5616435316881764e-05
67,4.041811042999083e-05
67,4.545193825162928e-05
67,5.030898062453698e-05
67,5.457795531262261e-05
67,5.794292911839453e-05
67,6.024049346419742e-05
67,6.146979864576865e-05
67,6.176538453651017e-05
67,6.134142060055527e-05
67,6.0415045240797724e-05
67,5.9127668680220785e-05
67,5.749556795977941e-05
67,5.541650521628936e-05
67,5.2734782377399615e-05
67,4.9337892638065513e-05
67,4.524109784680017e-05
67,4.0621419881788026e-05
67,3.578819071257378e-05
67,3.1109439367779636e-05
67,2.6931523776200072e-05
67,2.3522665341600678e-05
67,2.1049280039014206e-05
67,1.9577954530188458e-05
67,1.909483179649303e-05
67,1.9538704206864556e-05
67,2.084220526357104e-05
67,2.2966823712360334e-05
67,2.5910680290402137e-05
67,2.967352999800759e-05
67,3.418733485490416e-05
67,3.9251952795481585e-05
67,4.452437949393107e-05
67,4.957902573404456e-05
67,5.400895007990021e-05
67,5.751631813369323e-05
67,5.9958437552098135e-05
67,6.134779830460345e-05
67,6.182013842350301e-05
67,6.158055105297146e-05
67,6.083356972172054e-05
67,5.9712061886933715e-05
67,5.823194047982999e-05
67,5.6297154591317246e-05
67,5.3758415858812625e-05
67,5.050244588522006e-05
67,4.6532128931332395e-05
67,4.200151963161222e-05
67,3.7192895033772146e-05
67,3.24530598967403e-05
67,2.8122919581242018e-05
67,2.4487188594688116e-05
67,2.1750102899629268e-05
67,2.0029088828227872e-05
67,1.936029284939493e-05
67,1.971694857587797e-05
67,2.1040261098446495e-05
67,2.3272317634613287e-05
67,2.637101251632268e-05
67,3.0289266373426708e-05
67,3.4921651362636476e-05
67,4.0051413366012535e-05
67,4.534174133779981e-05
67,5.038885142482561e-05
67,5.4811387917052905e-05
67,5.833054414692163e-05
67,6.0811413323733886e-05
67,6.226440489471397e-05
67,6.281823017283506e-05
67,6.267128943690893e-05
67,6.202511282341836e-05
67,6.1013530984199243e-05
67,5.965454808603001e-05
67,5.785074285473145e-05
67,5.5444168902785977e-05
67,5.230494282119506e-05
67,4.841481250194733e-05
67,4.390865714580335e-05
67,3.90588253970732e-05
67,3.4216894040996494e-05
67,2.9744641955817313e-05
67,2.5959879122083392e-05
67,2.310333329930482e-05
67,2.1320879345051743e-05
67,2.065909130806724e-05
67,2.107940528694919e-05
67,2.2492800667771908e-05
67,2.4803168956633897e-05
67,2.79350822932267e-05
67,3.182323851335596e-05
67,3.6363160319235505e-05
67,4.135527836603705e-05
67,4.6488197652040255e-05
67,5.138257265168285e-05
67,5.5674013459841636e-05
67,5.909142275193099e-05
67,6.150054166397484e-05
67,6.29091040738145e-05
67,6.344287888663122e-05
67,6.329847990924256e-05
67,6.26765558475626e-05
67,6.170930424187026e-05
67,6.04099803449856e-05
67,5.8671586403043685e-05
67,5.632217582538293e-05
67,5.321656043419634e-05
67,4.932501516148327e-05
67,4.478017666110606e-05
67,3.986473464757713e-05
67,3.495238157160119e-05
67,3.0432996732182605e-05
67,2.6649101478545346e-05
67,2.3853193444773773e-05
67,2.218417008825328e-05
67,2.1663416763203764e-05
67,2.221597758047801e-05
67,2.371634797856425e-05
67,2.604304848455774e-05
67,2.9113534604215033e-05
67,3.287421539628796e-05
67,3.724556505621067e-05
67,4.205745476983791e-05
67,4.702421057168068e-05
67,5.1783248886914396e-05
67,5.597626840856195e-05
67,5.9328853788619345e-05
67,6.169742348247796e-05
67,6.307879887743146e-05
67,6.35900864630855e-05
67,6.342316395085516e-05
67,6.277683134354405e-05
67,6.178168574884586e-05
67,6.044757093830186e-05
67,5.86625277334384e-05
67,5.62508381776393e-05
67,5.3068608443628516e-05
67,4.909555478834854e-05
67,4.448249287202667e-05
67,3.9536108400506774e-05
67,3.465353662659766e-05
67,3.023928624551691e-05
67,2.6634471296111688e-05
67,2.4071178153477736e-05
67,2.2652084816305413e-05
67,2.235537939077674e-05
67,2.3067568075141663e-05
67,2.46398365351526e-05
67,2.6948659827481156e-05
67,2.9930176560621395e-05
67,3.356319114771893e-05
67,3.780336705077729e-05
67,4.25079954688814e-05
67,4.740463151553162e-05
67,5.212889692902201e-05
67,5.6309544640429476e-05
67,5.965462403026971e-05
67,6.200527421647478e-05
67,6.334994925758585e-05
67,6.38051024251228e-05
67,6.35668489187991e-05
67,6.28387982333764e-05
67,6.175382907312412e-05
67,6.0321357074765474e-05
67,5.8428923704723736e-05
67,5.5904105715142e-05
67,5.261300683063208e-05
67,4.8552168699700157e-05
67,4.389266136406296e-05
67,3.8958656178319446e-05
67,3.415504424929831e-05
67,2.987929630381898e-05
67,2.6449868228256817e-05
67,2.4065099943132587e-05
67,2.2791942045928264e-05
67,2.2581700440105432e-05
67,2.331131704509096e-05
67,2.4842424938656074e-05
67,2.707779899311314e-05
67,2.9986331527081504e-05
67,3.357482256381284e-05
67,3.781316237401778e-05
67,4.255553993769224e-05
67,4.7512047767358084e-05
67,5.22943102008193e-05
67,5.6509675334476116e-05
67,5.9854054455014005e-05
67,6.216759171735651e-05
67,6.344605229586816e-05
67,6.381625710204216e-05
67,6.348302070862819e-05
67,6.265467359861338e-05
67,6.146531545133185e-05
67,5.992468493430953e-05
67,5.7923182970953324e-05
67,5.5296308130901295e-05
67,5.1923052316732825e-05
67,4.7814323663012685e-05
67,4.315108628356787e-05
67,3.8257023320239934e-05
67,3.352326143884122e-05
67,2.9322330459514013e-05
67,2.594360860659171e-05
67,2.356199146932451e-05
67,2.223551966611551e-05
67,2.192551148086364e-05
67,2.253558103722729e-05
67,2.3962307408283797e-05
67,2.6140312869230805e-05
67,2.9057160946495328e-05
67,3.2719857454390385e-05
67,3.708100784570385e-05
67,4.1966503665446824e-05
67,4.705657187989271e-05
67,5.194036609556107e-05
67,5.621543876462679e-05
67,5.958050916131946e-05
67,6.188646623560497e-05
67,6.314132948783682e-05
67,6.348067785005173e-05
67,6.311275423885548e-05
67,6.224526370992049e-05
67,6.101086195903948e-05
67,5.9420580451754496e-05
67,5.737085831231389e-05
67,5.4706957558113294e-05
67,5.1317178715867866e-05
67,4.72156037401348e-05
67,4.257586601178876e-05
67,3.770337469038471e-05
67,3.296466499166334e-05
67,2.8709946271011854e-05
67,2.521791965600912e-05
67,2.2670599139226636e-05
67,2.115094550351561e-05
67,2.065648804355069e-05
67,2.112764803803889e-05
67,2.2487414624650108e-05
67,2.4678924115249926e-05
67,2.7678743374328776e-05
67,3.146795878477541e-05
67,3.596731580231632e-05
67,4.097494210556291e-05
67,4.615485770588906e-05
67,5.109400091113884e-05
67,5.539882819477604e-05
67,5.8781800286339176e-05
67,6.110579291944688e-05
67,6.238494514335066e-05
67,6.27546858482786e-05
67,6.241952029318337e-05
67,6.158373414783115e-05
67,6.037984597024156e-05
67,5.8822431042470163e-05
67,5.681262831567453e-05
67,5.4197332883002504e-05
67,5.085977306505115e-05
67,4.6801316139792826e-05
67,4.217788214945222e-05
67,3.72777394114708e-05
67,3.245750903759207e-05
67,2.8069997255727764e-05
67,2.4410626873337143e-05
67,2.1689026097000112e-05
67,2.0019302940240424e-05
67,1.9424709530598723e-05
67,1.9858644155173902e-05
67,2.1241103456267006e-05
67,2.3497952401086976e-05
67,2.6580062110854718e-05
67,3.044257924568435e-05
67,3.4987999561314546e-05
67,4.00087993358392e-05
67,4.517600582294854e-05
67,5.009177456295215e-05
67,5.437949463664489e-05
67,5.7764800860658075e-05
67,6.011746108789283e-05
67,6.145276190065896e-05
67,6.19038921690142e-05
67,6.167224450362636e-05
67,6.095949304673111e-05
67,5.989575619644503e-05
67,5.849181850695588e-05
67,5.664177015987145e-05
67,5.4181322456417906e-05
67,5.097933367940893e-05
67,4.702241762074546e-05
67,4.245528641642342e-05
67,3.756240998892896e-05
67,3.270646387060027e-05
67,2.8256007175860656e-05
67,2.4528641528047617e-05
67,2.175678087754698e-05
67,2.007128408812532e-05
67,1.9501020159781944e-05
67,1.9992330381163136e-05
67,2.1448144195890873e-05
67,2.377304265488434e-05
67,2.6899187754407458e-05
67,3.077124152926959e-05
67,3.52923766134529e-05
67,4.026628102061827e-05
67,4.5381731361101615e-05
67,5.025934278826737e-05
67,5.45363933910468e-05
67,5.7945058487424324e-05
67,6.03545691857839e-05
67,6.177500897212155e-05
67,6.233262670918323e-05
67,6.222222613203549e-05
67,6.163996414790469e-05
67,6.071107609218476e-05
67,5.9441056820911524e-05
67,5.7717350606119356e-05
67,5.536757677232644e-05
67,5.2252427891132886e-05
67,4.835310811831014e-05
67,4.381502422018328e-05
67,3.8931603760381375e-05
67,3.408202366886084e-05
67,2.9654682611809407e-05
67,2.5983762302068334e-05
67,2.3308469119870308e-05
67,2.175291665181272e-05
67,2.1326466287800423e-05
67,2.1948538473779137e-05
67,2.3495900067656167e-05
67,2.585577122185798e-05
67,2.895676220051812e-05
67,3.275419108506232e-05
67,3.717215041594684e-05
67,4.203886821116251e-05
67,4.706414721685465e-05
67,5.188064553828961e-05
67,5.6126530243514906e-05
67,5.9525447433484316e-05
67,6.193346583358517e-05
67,6.33484926428883e-05
67,6.388949526048274e-05
67,6.374966678118593e-05
67,6.312726748390865e-05
67,6.215032295537625e-05
67,6.0825533288227835e-05
67,5.9039654253469044e-05
67,5.661961598111035e-05
67,5.342866581909485e-05
67,4.9456667487063555e-05
67,4.486433541838823e-05
67,3.996412642624048e-05
67,3.5151969410782885e-05
67,3.08237026373673e-05
67,2.7306487496425364e-05
67,2.481727946811313e-05
67,2.344714264850408e-05
67,2.3169966883805013e-05
67,2.3876851547830306e-05
67,2.5431054469182576e-05
67,2.772440296300029e-05
67,3.0706052081306404e-05
67,3.43607376171236e-05
67,3.8641257181392114e-05
67,4.339518376199757e-05
67,4.833772425225684e-05
67,5.309384705558256e-05
67,5.7286280869558887e-05
67,6.062271716057707e-05
67,6.294879832270442e-05
67,6.426010819501134e-05
67,6.467994488702815e-05
67,6.440838511522881e-05
67,6.364888107857354e-05
67,6.25308654943235e-05
67,6.105969630931747e-05
67,5.9121499517981766e-05
67,5.654719560610336e-05
67,5.3210700166573734e-05
67,4.911796265440318e-05
67,4.4446746862589014e-05
67,3.952153485242528e-05
67,3.474011911289431e-05
67,3.048783372710198e-05
67,2.7070729761519358e-05
67,2.4679455922394543e-05
67,2.3381010610259645e-05
67,2.31344320127991e-05
67,2.3829196393676697e-05
67,2.5339800776816438e-05
67,2.757766603344032e-05
67,3.051283405511223e-05
67,3.414483787578167e-05
67,3.842991319260835e-05
67,4.320671953736435e-05
67,4.8173252672536276e-05
67,5.293636392480153e-05
67,5.710681584956114e-05
67,6.0389808188688364e-05
67,6.263655155279389e-05
67,6.385176508533753e-05
67,6.416672667812227e-05
67,6.378562386787935e-05
67,6.291218611784646e-05
67,6.167449753790602e-05
67,6.007803384021317e-05
67,5.8012978641885845e-05
67,5.531881372427566e-05
67,5.1880602337113887e-05
67,4.771415264748713e-05
67,4.300149069455283e-05
67,3.8062939063406336e-05
67,3.328381164431581e-05
67,2.9031971536305314e-05
67,2.559654812080074e-05
67,2.3157689998018166e-05
67,2.1782476356152304e-05
67,2.1441479679859473e-05
67,2.2044142123238885e-05
67,2.348721858040007e-05
67,2.569955676103182e-05
67,2.865829901397397e-05
67,3.2357742485139e-05
67,3.673852353212327e-05
67,4.161852764443091e-05
67,4.6676357970110766e-05
67,5.150622684738513e-05
67,5.571508001213521e-05
67,5.9011514629535555e-05
67,6.125360340900538e-05
67,6.24527541656043e-05
67,6.274481272094272e-05
67,6.233645890874879e-05
67,6.143316756849835e-05
67,6.016557632048209e-05
67,5.854342266291192e-05
67,5.6462590475415866e-05
67,5.37681366385413e-05
67,5.03480254735151e-05
67,4.621556007293251e-05
67,4.154318676496728e-05
67,3.663529304280192e-05
67,3.1858657360029765e-05
67,2.7566031369774904e-05
67,2.4040958485661425e-05
67,2.1471095852946184e-05
67,1.994352899490715e-05
67,1.9456652482922958e-05
67,1.99482954931868e-05
67,2.133657454703303e-05
67,2.3559068982468042e-05
67,2.6587242614740816e-05
67,3.0398006189687017e-05
67,3.4909104630232423e-05
67,3.991734849295849e-05
67,4.5087752192964244e-05
67,5.001062560236632e-05
67,5.4297356064395306e-05
67,5.766574746554927e-05
67,5.9983696319524994e-05
67,6.126972504488517e-05
67,6.16625454620535e-05
67,6.136799678270524e-05
67,6.058895872525153e-05
67,5.945370033996948e-05
67,5.797056094611201e-05
67,5.60340781370521e-05
67,5.3485989067602925e-05
67,5.020701802718745e-05
67,4.619873695228032e-05
67,4.161906168793212e-05
67,3.675899299534185e-05
67,3.197809932918306e-05
67,2.763220324364982e-05
67,2.401937690778498e-05
67,2.135057612690847e-05
67,1.9739084453351215e-05
67,1.9205337883640077e-05
67,1.9699166826469908e-05
67,2.1137704582057518e-05
67,2.344531172944271e-05
67,2.6572257570476038e-05
67,3.0473043188587964e-05
67,3.504911577286256e-05
67,4.009234303774291e-05
67,4.527508005148047e-05
67,5.020356324494994e-05
67,5.450731606596594e-05
67,5.7918356355594376e-05
67,6.031124069434367e-05
67,6.1703271584755e-05
67,6.222644157008835e-05
67,6.207789980346649e-05
67,6.145277174547609e-05
67,6.047363777762748e-05
67,5.914446132413302e-05
67,5.7354901564442466e-05
67,5.4939735528466195e-05
67,5.1770526677544554e-05
67,4.783939646390679e-05
67,4.3297952436836595e-05
67,3.843747956383718e-05
67,3.362613033998808e-05
67,2.9235505851648106e-05
67,2.5582853300486493e-05
67,2.2896336999812725e-05
67,2.129919136650011e-05
67,2.0811055743863265e-05
67,2.1369945802640496e-05
67,2.2873591390079092e-05
67,2.52255138764369e-05
67,2.8360437197086937e-05
67,3.2227615825810094e-05
67,3.673520741335875e-05
67,4.169140028984848e-05
67,4.6788704931548376e-05
67,5.165024570245273e-05
67,5.591378908041095e-05
67,5.930966371555451e-05
67,6.170380153360357e-05
67,6.3103179952114e-05
67,6.363233238878469e-05
67,6.348572048396634e-05
67,6.285963341123029e-05
67,6.187914525573516e-05
67,6.05494576186999e-05
67,5.875870966106203e-05
67,5.633761053704938e-05
67,5.3153103619393086e-05
67,4.9195257014113706e-05
67,4.461904353144632e-05
67,3.9725509157188365e-05
67,3.489708726399391e-05
67,3.0519727941073505e-05
67,2.6919576565812296e-05
67,2.4323753749873956e-05
67,2.2842868446189516e-05
67,2.2474482138565165e-05
67,2.313069690928871e-05
67,2.4687021433277332e-05
67,2.7035247012021736e-05
67,3.0112155864338748e-05
67,3.388118799852174e-05
67,3.827096822262516e-05
67,4.310900534043522e-05
67,4.8100046180731836e-05
67,5.287006764241722e-05
67,5.705202017120613e-05
67,6.0368078437221726e-05
67,6.267730238542911e-05
67,6.398395490579758e-05
67,6.44142530623001e-05
67,6.416675819634464e-05
67,6.344139319359726e-05
67,6.236418055400274e-05
67,6.093816073111948e-05
67,5.9047846870823324e-05
67,5.6521903050753286e-05
67,5.322990733624428e-05
67,4.917089479290345e-05
67,4.451429114743296e-05
67,3.9577562444889244e-05
67,3.475618780681901e-05
67,3.0440348539349888e-05
67,2.6948191347444525e-05
67,2.448692087770055e-05
67,2.3139732366932164e-05
67,2.287647334949481e-05
67,2.358871338892055e-05
67,2.5143842058433665e-05
67,2.7439278769572858e-05
67,3.0428242179006606e-05
67,3.409521164934189e-05
67,3.838727527924112e-05
67,4.314255709875571e-05
67,4.806723906203773e-05
67,5.2782056571176966e-05
67,5.691227556798624e-05
67,6.0173456576331214e-05
67,6.242073584180454e-05
67,6.365710307304244e-05
67,6.400913328718277e-05
67,6.36759321665022e-05
67,6.285693215238426e-05
67,6.16764875771418e-05
67,6.013622461171812e-05
67,5.8121997127695775e-05
67,5.546871890384662e-05
67,5.2057426292642726e-05
67,4.790156946625755e-05
67,4.318367879890646e-05
67,3.8228299665183456e-05
67,3.342872143461693e-05
67,2.916331939290792e-05
67,2.5731701480660514e-05
67,2.332106711902672e-05
67,2.1999106921708277e-05
67,2.1729364149819194e-05
67,2.2408103827275438e-05
67,2.391663711116065e-05
67,2.6170813200453494e-05
67,2.9140774754915e-05
67,3.282106177637133e-05
67,3.715892921701109e-05
67,4.1983095447534405e-05
67,4.698433486200957e-05
67,5.176726411428987e-05
67,5.594504091377761e-05
67,5.92275969273092e-05
67,6.147081170265539e-05
67,6.268280338428677e-05
67,6.299689502080726e-05
67,6.261820500184422e-05
67,6.175044293032944e-05
67,6.052106601963901e-05
67,5.893505005154358e-05
67,5.688296450596401e-05
67,5.420569844708781e-05
67,5.0789929108577575e-05
67,4.665180198914749e-05
67,4.197107197468689e-05
67,3.7063003696816684e-05
67,3.2306568047051385e-05
67,2.806464577490694e-05
67,2.4625112919068192e-05
67,2.217141045955081e-05
67,2.0777528846248905e-05
67,2.04226773624165e-05
67,2.1024647372078274e-05
67,2.248643628152005e-05
67,2.473939970431151e-05
67,2.7758284112003916e-05
67,3.153012419493576e-05
67,3.5985349047390026e-05
67,4.093216365191356e-05
67,4.6043449354592225e-05
67,5.091328852167464e-05
67,5.5153380035489405e-05
67,5.847975955637227e-05
67,6.075819119863797e-05
67,6.20061192503502e-05
67,6.236256421955971e-05
67,6.203400319547451e-05
67,6.122257768165939e-05
67,6.005348747050673e-05
67,5.853043171019909e-05
67,5.654406664248017e-05
67,5.3935848507293335e-05
67,5.0591808893080946e-05
67,4.6524438222489746e-05
67,4.1905842552817763e-05
67,3.7040351304172e-05
67,3.229543429444548e-05
67,2.802599213162872e-05
67,2.451938707990786e-05
67,2.1968085283598313e-05
67,2.0463693852609476e-05
67,2.0007630857010223e-05
67,2.0538554994239824e-05
67,2.197303323295677e-05
67,2.4244839821338903e-05
67,2.7319824664055773e-05
67,3.116859634207233e-05
67,3.570392791596068e-05
67,4.07213125525978e-05
67,4.588935589096553e-05
67,5.080596570505302e-05
67,5.509134443967003e-05
67,5.847017640212789e-05
67,6.081342074577709e-05
67,6.213881262255451e-05
67,6.258156483924596e-05
67,6.23425325700166e-05
67,6.161898538855587e-05
67,6.053371977292828e-05
67,5.909069011786018e-05
67,5.718207683723336e-05
67,5.464977506088006e-05
67,5.1376980932755865e-05
67,4.7369287178658566e-05
67,4.278920488484761e-05
67,3.793209345732822e-05
67,3.316119004734082e-05
67,2.8835096931877046e-05
67,2.5253514732999364e-05
67,2.262732243910322e-05
67,2.106733226590158e-05
67,2.058882477564426e-05
67,2.113444852810379e-05
67,2.2613802503419313e-05
67,2.4945414280337397e-05
67,2.8076862971501137e-05
67,3.196332936799902e-05
67,3.650951874731421e-05
67,4.151192302847459e-05
67,4.664760596298124e-05
67,5.152632499923665e-05
67,5.577898355032812e-05
67,5.91368346493501e-05
67,6.147272977624742e-05
67,6.280300465420535e-05
67,6.326030392938923e-05
67,6.304353123324637e-05
67,6.23493972073978e-05
67,6.130102564710982e-05
67,5.990199904903502e-05
67,5.804154512580761e-05
67,5.555501394803027e-05
67,5.2316297315365705e-05
67,4.832175299412203e-05
67,4.3728614499888554e-05
67,3.883416357057727e-05
67,3.401166879832432e-05
67,2.963563722085123e-05
67,2.6022699414582266e-05
67,2.339592513528976e-05
67,2.1869038204895207e-05
67,2.1449359641016025e-05
67,2.2062740580108983e-05
67,2.3598177682358308e-05
67,2.5956051483918677e-05
67,2.9073475764583516e-05
67,3.2905290145064344e-05
67,3.736512071425691e-05
67,4.226415400456214e-05
67,4.729519180406072e-05
67,5.208041970766987e-05
67,5.625728330639942e-05
67,5.955754303220398e-05
67,6.185043107604274e-05
67,6.314737149578289e-05
67,6.357721649379421e-05
67,6.333715213669802e-05
67,6.262349204696888e-05
67,6.155853769076134e-05
67,6.014320309513806e-05
67,5.826221039692071e-05
67,5.5746237212517666e-05
67,5.246695338963698e-05
67,4.842328309087344e-05
67,4.378068637676384e-05
67,3.88490243923771e-05
67,3.401507393803446e-05
67,2.9663200986531495e-05
67,2.6112144945571472e-05
67,2.357736455448152e-05
67,2.2156328333367743e-05
67,2.183536141433311e-05
67,2.2520144084588717e-05
67,2.4085897846814244e-05
67,2.6429443293197123e-05
67,2.949519862972872e-05
67,3.325323714555111e-05
67,3.763491126194838e-05
67,4.246591734736011e-05
67,4.74465911732222e-05
67,5.2198964239817925e-05
67,5.635462757059893e-05
67,5.963719019890199e-05
67,6.190879566515531e-05
67,6.317700398543063e-05
67,6.35703613195967e-05
67,6.328793059952568e-05
67,6.252798085023436e-05
67,6.141340809451877e-05
67,5.994449630337648e-05
67,5.8005656893028184e-05
67,5.542950451592669e-05
67,5.209305923830307e-05
67,4.8003729535946425e-05
67,4.333682111527436e-05
67,3.841061188722096e-05
67,3.36158810069897e-05
67,2.9334367506168683e-05
67,2.5874985142719713e-05
67,2.3437759026760125e-05
67,2.2102736132477796e-05
67,2.184153839714079e-05
67,2.2552089317230167e-05
67,2.411096546609877e-05
67,2.6424651589872085e-05
67,2.9451951217393704e-05
67,3.317694302013546e-05
67,3.753995768977699e-05
67,4.2368314368017456e-05
67,4.7357401937832586e-05
67,5.212088557884783e-05
67,5.628230421530381e-05
67,5.9560167081037644e-05
67,6.181526778901675e-05
67,6.305675619327449e-05
67,6.341605107594174e-05
67,6.3094720571946e-05
67,6.229221645283252e-05
67,6.113137685280323e-05
67,5.961219026885081e-05
67,5.761995086895891e-05
67,5.4990475910224735e-05
67,5.160653470566839e-05
67,4.748275869993845e-05
67,4.280088779730498e-05
67,3.7882133226086326e-05
67,3.31147047955393e-05
67,2.887202094973767e-05
67,2.5450832207237345e-05
67,2.3038782317432608e-05
67,2.1707490251393088e-05
67,2.1427268942545507e-05
67,2.2102639886849948e-05
67,2.3622585484415255e-05
67,2.5907562673790825e-05
67,2.892722470386045e-05
67,3.267003323541922e-05
67,3.707332916974349e-05
67,4.195567528569141e-05
67,4.700122230243435e-05
67,5.1813516642664577e-05
67,5.6009686537189395e-05
67,5.9306376044392454e-05
67,6.156623714607456e-05
67,6.280222180884195e-05
67,6.31496174834464e-05
67,6.281263858808342e-05
67,6.199184867945935e-05
67,6.0810362933171996e-05
67,5.9268945010703035e-05
67,5.725538927707333e-05
67,5.461002831274344e-05
67,5.122100564085218e-05
67,4.7106766943243884e-05
67,4.2448612511510896e-05
67,3.756154443537575e-05
67,3.28226251850821e-05
67,2.8592490749366637e-05
67,2.51581023726766e-05
67,2.270436791304482e-05
67,2.130901999323678e-05
67,2.095611893179558e-05
67,2.1567734949663914e-05
67,2.304903701798594e-05
67,2.5330540020222244e-05
67,2.8383070815791567e-05
67,3.218752529166696e-05
67,3.666777954063376e-05
67,4.162740769812213e-05
67,4.673838274238226e-05
67,5.159778573602452e-05
67,5.582268428997628e-05
67,5.913460217204914e-05
67,6.140320086193522e-05
67,6.264763384985373e-05
67,6.300666514724379e-05
67,6.268500648939537e-05
67,6.188200790720945e-05
67,6.071976067920056e-05
67,5.919952121823525e-05
67,5.721098945807304e-05
67,5.459625557599287e-05
67,5.124286547904674e-05
67,4.716467927608359e-05
67,4.253441685922159e-05
67,3.7656524368061545e-05
67,3.289908663214308e-05
67,2.8619143712600412e-05
67,2.5107895490610638e-05
67,2.256222873021354e-05
67,2.107676287103079e-05
67,2.0652708572480158e-05
67,2.122469031209684e-05
67,2.270235420865382e-05
67,2.5011594932337943e-05
67,2.811128758013623e-05
67,3.1967067317638186e-05
67,3.6489190385843e-05
67,4.1473361482549623e-05
67,4.6591188269129136e-05
67,5.144574945562457e-05
67,5.566317316503034e-05
67,5.89732690061953e-05
67,6.125048031934003e-05
67,6.251451385196772e-05
67,6.29016176130699e-05
67,6.261305195972524e-05
67,6.184568234959275e-05
67,6.072080492330631e-05
67,5.923986021044554e-05
67,5.729211047052481e-05
67,5.471710464618099e-05
67,5.139730174711265e-05
67,4.7339915730101145e-05
67,4.271160800469401e-05
67,3.781388750312279e-05
67,3.301695408456526e-05
67,2.86854734126264e-05
67,2.5122337357872728e-05
67,2.2537079609751084e-05
67,2.103407028871875e-05
67,2.0618148495618042e-05
67,2.1220120045832585e-05
67,2.2739538263769924e-05
67,2.5089208807950334e-05
67,2.8216102270554573e-05
67,3.207874626362715e-05
67,3.658694212989185e-05
67,4.154213112188672e-05
67,4.662532064727263e-05
67,5.14491293034497e-05
67,5.56463744728378e-05
67,5.89494574521803e-05
67,6.123201866486532e-05
67,6.251139797941078e-05
67,6.292166739431465e-05
67,6.266293541049264e-05
67,6.193168573055644e-05
67,6.08486516055369e-05
67,5.94135132856245e-05
67,5.7512069389855286e-05
67,5.497902334585129e-05
67,5.1691742130397585e-05
67,4.7653745092234296e-05
67,4.3031031392435115e-05
67,3.8128464892172947e-05
67,3.332335981133149e-05
67,2.8989504711306307e-05
67,2.5438034250473022e-05
67,2.2882782959068557e-05
67,2.1426470662039153e-05
67,2.1066314153916956e-05
67,2.1721670553390745e-05
67,2.3280403988165028e-05
67,2.5647047674896227e-05
67,2.876603937475131e-05
67,3.259933675033008e-05
67,3.7064454651279945e-05
67,4.19721525571375e-05
67,4.701173344014705e-05
67,5.180129795178525e-05
67,5.597575162227247e-05
67,5.9266754620234774e-05
67,6.154563523252978e-05
67,6.28271692875859e-05
67,6.324345983384487e-05
67,6.299338037961204e-05
67,6.227245640766073e-05
67,6.120006992596302e-05
67,5.977374914267328e-05
67,5.787654185102066e-05
67,5.5340682021360966e-05
67,5.2042662480458045e-05
67,4.798797189783365e-05
67,4.334796919287693e-05
67,3.843556091557711e-05
67,3.363667334541157e-05
67,2.9331268015435648e-05
67,2.583142925947145e-05
67,2.33454138372261e-05
67,2.196474749686191e-05
67,2.167276639881774e-05
67,2.2376188814095988e-05
67,2.395505487107879e-05
67,2.6312922271738714e-05
67,2.93999347457693e-05
67,3.318817976066028e-05
67,3.760629085455799e-05
67,4.2473849570216557e-05
67,4.7484632175258385e-05
67,5.225645872533651e-05
67,5.6420236897267284e-05
67,5.9701850732100465e-05
67,6.196723583402918e-05
67,6.322781565204446e-05
67,6.361494065441961e-05
67,6.332865510234661e-05
67,6.25661784204443e-05
67,6.144792275548885e-05
67,5.997158959249231e-05
67,5.8020477123257085e-05
67,5.5428643722107525e-05
67,5.207712364896193e-05
67,4.7978650975119465e-05
67,4.331305250138285e-05
67,3.840032525540478e-05
67,3.362930663519155e-05
67,2.9376814762463377e-05
67,2.594565937098479e-05
67,2.3530652525222678e-05
67,2.220918005213256e-05
67,2.195361129349565e-05
67,2.266584032510158e-05
67,2.4228327805980456e-05
67,2.655319446014776e-05
67,2.960231688090951e-05
67,3.335876314260873e-05
67,3.775786000036525e-05
67,4.2619772250116806e-05
67,4.763330983479608e-05
67,5.2408323823596624e-05
67,5.656803523837236e-05
67,5.9833531973999595e-05
67,6.206985925844328e-05
67,6.329076616488947e-05
67,6.363135322598598e-05
67,6.329492023310536e-05
67,6.248031535851588e-05
67,6.130807778088991e-05
67,5.977574105116514e-05
67,5.7767699989598983e-05
67,5.5121367873184595e-05
67,5.1723157325194924e-05
67,4.7591654617619306e-05
67,4.291071150691239e-05
67,3.800046574390743e-05
67,3.3245177962672686e-05
67,2.901325730209392e-05
67,2.559766573359892e-05
67,2.3185040339196555e-05
67,2.1849040750380603e-05
67,2.156420605415902e-05
67,2.22399941504526e-05
67,2.3769419371957326e-05
67,2.6074636209504022e-05
67,2.9123667210385478e-05
67,3.289979732898879e-05
67,3.733264294018746e-05
67,4.2232804543186404e-05
67,4.727906607175342e-05
67,5.2074130595055674e-05
67,5.6238826001576564e-05
67,5.949633538072076e-05
67,6.171632018371368e-05
67,6.291722511048512e-05
67,6.323720966043839e-05
67,6.288054861596678e-05
67,6.204563522229152e-05
67,6.0852333825264936e-05
67,5.9298434603178736e-05
67,5.727008422987954e-05
67,5.4607597290962316e-05
67,5.120020630227113e-05
67,4.706755883230824e-05
67,4.2391444807496955e-05
67,3.7486562386482015e-05
67,3.272964183553174e-05
67,2.8482038900310923e-05
67,2.503303977359268e-05
67,2.2570999699874188e-05
67,2.1176924913636723e-05
67,2.0836592525237857e-05
67,2.147142382520524e-05
67,2.2983574764045006e-05
67,2.5298801921834063e-05
67,2.8382261143838372e-05
67,3.220907993458332e-05
67,3.6698235788370315e-05
67,4.165056837269403e-05
67,4.6738638711546535e-05
67,5.1563517219013855e-05
67,5.574826266553975e-05
67,5.90202657273771e-05
67,6.125334630187386e-05
67,6.246873145453342e-05
67,6.28056605754709e-05
67,6.246827651383533e-05
67,6.165451198973529e-05
67,6.0484237136759785e-05
67,5.8955998721409176e-05
67,5.695701108729933e-05
67,5.432793902456183e-05
67,5.0956499143269446e-05
67,4.68582970136828e-05
67,4.2208884009028536e-05
67,3.7316016917341734e-05
67,3.2551120876430644e-05
67,2.8274237796417215e-05
67,2.477864388253045e-05
67,2.2261511475886312e-05
67,2.0815256208056618e-05
67,2.0436488250317044e-05
67,2.1053939937542956e-05
67,2.25717672221663e-05
67,2.4912225563622815e-05
67,2.803285569653057e-05
67,3.1899605553813765e-05
67,3.642363125821707e-05
67,4.140158178153388e-05
67,4.65062346312698e-05
67,5.134238638635615e-05
67,5.553837626720385e-05
67,5.882640846204062e-05
67,6.108332918087391e-05
67,6.233124105646241e-05
67,6.27085495235451e-05
67,6.241773613238184e-05
67,6.165510204457474e-05
67,6.053930291398943e-05
67,5.9067802671987886e-05
67,5.712611250817844e-05
67,5.455188502924613e-05
67,5.122843325637905e-05
67,4.716634653435842e-05
67,4.25370321277179e-05
67,3.764665437748639e-05
67,3.286877847262542e-05
67,2.8569390355252988e-05
67,2.50502363478872e-05
67,2.2517157676917802e-05
67,2.106883343512837e-05
67,2.0703796337768285e-05
67,2.1347809351225742e-05
67,2.2898177739781907e-05
67,2.5268594441141187e-05
67,2.798429859278133e-05
