67,0.0
67,2.8924166434044253e-05
67,2.8924166434044253e-05
67,2.891798170078568e-05
67,2.8859130743456456e-05
67,2.876980065403911e-05
67,2.8980540459635176e-05
67,2.9756573992753787e-05
67,3.12561282253686e-05
67,3.357384536050808e-05
67,3.6618593475757965e-05
67,4.0127373968612313e-05
67,4.3848066844899276e-05
67,4.7627904442658886e-05
67,5.138003511490579e-05
67,5.495431499964483e-05
67,5.807305991724664e-05
67,6.053539092049879e-05
67,6.239043027573388e-05
67,6.369582226963857e-05
67,6.427519865826738e-05
67,6.395720592888191e-05
67,6.286031995783714e-05
67,6.121108956689529e-05
67,5.898876948741728e-05
67,5.5965814510799645e-05
67,5.2170839022900524e-05
67,4.809783689176466e-05
67,4.4252126577658405e-05
67,4.066214108793001e-05
67,3.7021409011413e-05
67,3.3213047129362325e-05
67,2.951183506787117e-05
67,2.6253953156083796e-05
67,2.349920569420395e-05
67,2.109907992627221e-05
67,1.8995653917030025e-05
67,1.736284995367212e-05
67,1.643531109350142e-05
67,1.6228617062698326e-05
67,1.6488637892657856e-05
67,1.7034055643087373e-05
67,1.8160682602405703e-05
67,2.0477491874951303e-05
67,2.422928204443215e-05
67,2.900650319567896e-05
67,3.4202846458100114e-05
67,3.947590806609656e-05
67,4.457481847590955e-05
67,4.8993348753748614e-05
67,5.219614844592522e-05
67,5.4081092718108554e-05
67,5.4875384116984475e-05
67,5.4631469775783404e-05
67,5.308605634677796e-05
67,5.0040623692577824e-05
67,4.5695812557309756e-05
67,4.0495490159574514e-05
67,3.4755951475625625e-05
67,2.8598731005050962e-05
67,2.214351742307333e-05
67,1.5602013016126924e-05
67,9.246439161021245e-06
67,3.4177962327602472e-06
67,-1.4861805780000728e-06
67,-5.211444803027677e-06
67,-7.876621227449513e-06
67,-9.897069061331378e-06
67,-1.1649923246951224e-05
67,-1.32467577306492e-05
67,-1.45685174780305e-05
67,-1.5368828614222236e-05
67,-1.532677960753197e-05
67,-1.4128874366009122e-05
67,-1.1562873289475882e-05
67,-7.564455724583976e-06
67,-2.2498905912526213e-06
67,4.090930083663076e-06
67,1.1108173810075056e-05
67,1.8505625952441477e-05
67,2.6009658225278832e-05
67,3.3322417256429465e-05
67,4.0179353141061636e-05
67,4.6357549907376644e-05
67,5.1597166975591815e-05
67,5.560691169569646e-05
67,5.8211576660590145e-05
67,5.9501130199007166e-05
67,5.977473482434216e-05
67,5.9304976129777574e-05
67,5.8232815342192715e-05
67,5.6700982529564506e-05
67,5.495639968018896e-05
67,5.32682471339002e-05
67,5.182207320043827e-05
67,5.0735134901943973e-05
67,5.012621248696263e-05
67,5.0076420157031494e-05
67,5.046650102417894e-05
67,5.093801240012052e-05
67,5.115042142019449e-05
67,5.103927618914038e-05
67,5.073310597321299e-05
67,5.03052065750784e-05
67,4.972740036928264e-05
67,4.904047076079172e-05
67,4.844483125320695e-05
67,4.816621417877842e-05
67,4.82808495869404e-05
67,4.86873170510624e-05
67,4.919781160987005e-05
67,4.961442030222769e-05
67,4.973793059580398e-05
67,4.9374530431456135e-05
67,4.837835225975847e-05
67,4.668813917616867e-05
67,4.4322927381064866e-05
67,4.1347709478934805e-05
67,3.7827353122128166e-05
67,3.379938904303825e-05
67,2.932073269310214e-05
67,2.4559065398769618e-05
67,1.9800168096267944e-05
67,1.5344911404293663e-05
67,1.1427238728086759e-05
67,8.240446381322348e-06
67,5.985732360639416e-06
67,4.812097053686572e-06
67,4.707712841158403e-06
67,5.5301722016823344e-06
67,7.153743033684679e-06
67,9.513246582968845e-06
67,1.2516185693361895e-05
67,1.602446894635135e-05
67,1.992547740506254e-05
67,2.410740240274196e-05
67,2.8356340932745994e-05
67,3.237257363772431e-05
67,3.5912897363282455e-05
67,3.8867523115464045e-05
67,4.1194557422219926e-05
67,4.284706918333345e-05
67,4.380143909062441e-05
67,4.411056325591912e-05
67,4.386101131996687e-05
67,4.306791361584101e-05
67,4.166094966470209e-05
67,3.959296585702214e-05
67,3.692333796767942e-05
67,3.3782755480300846e-05
67,3.0306207324878515e-05
67,2.6639893446370544e-05
67,2.2981643717894936e-05
67,1.954841777399013e-05
67,1.6485764622477464e-05
67,1.384167369342674e-05
67,1.1637295152665164e-05
67,9.923363014411584e-06
67,8.750039441831653e-06
67,8.129956228146713e-06
67,8.088128099611025e-06
67,8.753801760488008e-06
67,1.0360177943587774e-05
67,1.3099667858858092e-05
67,1.6968283978982627e-05
67,2.1769503226530197e-05
67,2.7230961345236047e-05
67,3.3047230869263625e-05
67,3.8838991975147765e-05
67,4.420224307396892e-05
67,4.8862865579674153e-05
67,5.272476241991842e-05
67,5.573358585309195e-05
67,5.77560681539452e-05
67,5.864548371017135e-05
67,5.8394922762417973e-05
67,5.717235809821029e-05
67,5.5207369150341814e-05
67,5.26898443936997e-05
67,4.978471511464777e-05
67,4.667085048695758e-05
67,4.3502585959089326e-05
67,4.0362545093794176e-05
67,3.729991774985388e-05
67,3.440037156343325e-05
67,3.1785773131838845e-05
67,2.954655740035509e-05
67,2.768745413892745e-05
67,2.6134570386127447e-05
67,2.4776400738863298e-05
67,2.3507630353804646e-05
67,2.2299486527930517e-05
67,2.12835411986959e-05
67,2.0745906950258796e-05
67,2.0992752524516244e-05
67,2.2199564386366867e-05
67,2.4355829387050042e-05
67,2.7299120452061364e-05
67,3.077093073298382e-05
67,3.445260995471096e-05
67,3.800114720559355e-05
67,4.110547734511384e-05
67,4.3522009925350825e-05
67,4.505968438933287e-05
67,4.5562255911746474e-05
67,4.4939517004866007e-05
67,4.322328907609254e-05
67,4.057944145613702e-05
67,3.7252108631782486e-05
67,3.348915238588478e-05
67,2.9508509742346507e-05
67,2.551487659471103e-05
67,2.1734329707274133e-05
67,1.8427629594431905e-05
67,1.585680867179533e-05
67,1.4214222820929984e-05
67,1.3557337083823186e-05
67,1.3788016575082972e-05
67,1.4683782494821756e-05
67,1.5968959175086037e-05
67,1.740936335492577e-05
67,1.8899137218950615e-05
67,2.0487303713902188e-05
67,2.231883999085015e-05
67,2.4534269400843114e-05
67,2.718982709977594e-05
67,3.0222895211491118e-05
67,3.347194816900207e-05
67,3.6747871764537205e-05
67,3.9909323977215295e-05
67,4.2884981699945976e-05
67,4.563458028697019e-05
67,4.808327205683317e-05
67,5.007925059356433e-05
67,5.141473613085972e-05
67,5.1899016204958943e-05
67,5.1425944185875185e-05
67,4.999262733984503e-05
67,4.767610602960686e-05
67,4.460615422303819e-05
67,4.095666334392011e-05
67,3.694113277217449e-05
67,3.2798113142511094e-05
67,2.878269294328508e-05
67,2.5169134541010103e-05
67,2.222567673421926e-05
67,2.013787845850732e-05
67,1.8935516131876595e-05
67,1.8506789834654208e-05
67,1.870482937088083e-05
67,1.9451568676193755e-05
67,2.0748735325231665e-05
67,2.2615281958456935e-05
67,2.503611115162108e-05
67,2.7949641746525298e-05
67,3.124104062756995e-05
67,3.473663721300064e-05
67,3.8228758526309045e-05
67,4.152551597212113e-05
67,4.448101427133176e-05
67,4.698394594698053e-05
67,4.893075235782734e-05
67,5.021816124604126e-05
67,5.07581064885355e-05
67,5.049780010430921e-05
67,4.943627478069824e-05
67,4.763432474933087e-05
67,4.520574553221075e-05
67,4.2279816205464496e-05
67,3.89556949517e-05
67,3.529366603624249e-05
67,3.135494305177225e-05
67,2.7245207740900312e-05
67,2.3120662914607375e-05
67,1.9166510944455168e-05
67,1.557352663672326e-05
67,1.2511424223834749e-05
67,1.0090714320649633e-05
67,8.336188379911416e-06
67,7.2122654037441866e-06
67,6.69696094563328e-06
67,6.8402444551377015e-06
67,7.752026180115553e-06
67,9.535805253791757e-06
67,1.2222526889704586e-05
67,1.5738821418185008e-05
67,1.991104865984955e-05
67,2.4491860676889726e-05
67,2.919921330897037e-05
67,3.375833936926512e-05
67,3.792862982245838e-05
67,4.1506984523326266e-05
67,4.4325105317985723e-05
67,4.626130430411283e-05
67,4.726281254395921e-05
67,4.735678613819174e-05
67,4.663777794918779e-05
67,4.52410724821434e-05
67,4.331863509868981e-05
67,4.102537048400924e-05
67,3.85158079991296e-05
67,3.594899144370915e-05
67,3.349329679241157e-05
67,3.1317043897062375e-05
67,2.95565885188131e-05
67,2.8272466426248593e-05
67,2.7422571795835526e-05
67,2.6878971078567295e-05
67,2.648887691949355e-05
67,2.615211384236429e-05
67,2.5877312322389037e-05
67,2.5790143561527804e-05
67,2.6090400675912997e-05
67,2.6977128594432408e-05
67,2.8573204978585902e-05
67,3.087940271049401e-05
67,3.377205340376492e-05
67,3.7038167848063546e-05
67,4.043110335684735e-05
67,4.372347273520514e-05
67,4.6729110005133786e-05
67,4.928461211859217e-05
67,5.1220008517020125e-05
67,5.2358954602194996e-05
67,5.2553976068128486e-05
67,5.172649321114678e-05
67,4.9884424481882457e-05
67,4.711831651260164e-05
67,4.359082476317351e-05
67,3.952273398677277e-05
67,3.516960321043975e-05
67,3.0795153279747814e-05
67,2.6655803229604562e-05
67,2.2993726817803867e-05
67,2.0019373696874703e-05
67,1.787656809699161e-05
67,1.6607222744719017e-05
67,1.6139851380777726e-05
67,1.6314560683204807e-05
67,1.6939793806323376e-05
67,1.7861414317465177e-05
67,1.9015810256813138e-05
67,2.0440114961069832e-05
67,2.223255691752057e-05
67,2.448590044664233e-05
67,2.7228920335041566e-05
67,3.039816090588738e-05
67,3.3845234417222076e-05
67,3.737174517098951e-05
67,4.0772591296484495e-05
67,4.3865447841845186e-05
67,4.649364931092024e-05
67,4.850978457688636e-05
67,4.976655875812531e-05
67,5.013586333600577e-05
67,4.954582584323256e-05
67,4.800426542824718e-05
67,4.559003373975501e-05
67,4.242414632134075e-05
67,3.864585465121455e-05
67,3.440539002939043e-05
67,2.9869284420845984e-05
67,2.523270049176018e-05
67,2.073128540539243e-05
67,1.6634358747788173e-05
67,1.3203217834737118e-05
67,1.0625360437326708e-05
67,8.963411416782573e-06
67,8.154714861625087e-06
67,8.063524367668067e-06
67,8.554886539963297e-06
67,9.554013212131972e-06
67,1.1068774302647164e-05
67,1.3167052288486533e-05
67,1.5916010431052047e-05
67,1.9311341187770397e-05
67,2.3237006922605238e-05
67,2.7481073526912057e-05
67,3.179529784733928e-05
67,3.5956782047128715e-05
67,3.979635120500194e-05
67,4.31899975959311e-05
67,4.603473375334823e-05
67,4.823301193150734e-05
67,4.969672450681823e-05
67,5.036565257893525e-05
67,5.0226647076671904e-05
67,4.9321257333237934e-05
67,4.773736870458801e-05
67,4.559047567509114e-05
67,4.300656373246164e-05
67,4.011630690295502e-05
67,3.706148072680708e-05
67,3.400430915078705e-05
67,3.112371545015124e-05
67,2.8587130230811662e-05
67,2.650660341710256e-05
67,2.4909361877549907e-05
67,2.3751530188973965e-05
67,2.29734709774333e-05
67,2.256118501964174e-05
67,2.257355875033878e-05
67,2.312252410476592e-05
67,2.432155897657559e-05
67,2.6226168710254527e-05
67,2.878821453230909e-05
67,3.1844715719496814e-05
67,3.515155969560172e-05
67,3.844758382359738e-05
67,4.1512128953763166e-05
67,4.418345644900122e-05
67,4.6337168896302374e-05
67,4.785507733092283e-05
67,4.86181490229023e-05
67,4.85323843623005e-05
67,4.756751328498934e-05
67,4.577937148224437e-05
67,4.3301640920108934e-05
67,4.031435667516846e-05
67,3.700778706584603e-05
67,3.3557970555519014e-05
67,3.0120859798160464e-05
67,2.684203132706527e-05
67,2.387007405332793e-05
67,2.1355635482996796e-05
67,1.9423512095312878e-05
67,1.8127966385022577e-05
67,1.742511218915289e-05
67,1.7193238249790942e-05
67,1.7298822491936063e-05
67,1.767088823035348e-05
67,1.833986108401807e-05
67,1.942191170811963e-05
67,2.106085637514593e-05
67,2.3355353141095948e-05
67,2.6301078021173375e-05
67,2.9772291272409718e-05
67,3.355091413364556e-05
67,3.738546315982072e-05
67,4.104391537672332e-05
67,4.4331976627365255e-05
67,4.707916343422715e-05
67,4.912175850602296e-05
67,5.0308507129877256e-05
67,5.052914037528943e-05
67,4.9745291278475e-05
67,4.800344480389556e-05
67,4.542373023335137e-05
67,4.21723911984078e-05
67,3.843253980660253e-05
67,3.4387707678720604e-05
67,3.0225124117501483e-05
67,2.615092128867981e-05
67,2.239669319889782e-05
67,1.919797773914363e-05
67,1.674294884398508e-05
67,1.5114385817974907e-05
67,1.426227495926794e-05
67,1.4033090051213303e-05
67,1.4247925775469529e-05
67,1.478927072232205e-05
67,1.565058778197667e-05
67,1.692682985043356e-05
67,1.8756324390765356e-05
67,2.1243475149503693e-05
67,2.4394858224256504e-05
67,2.8095032613024932e-05
67,3.213219126797145e-05
67,3.625812202404102e-05
67,4.024622405032714e-05
67,4.39146125428891e-05
67,4.71108174530928e-05
67,4.9686181474874216e-05
67,5.1491784122311114e-05
67,5.2401953107088135e-05
67,5.234530551284597e-05
67,5.132114743131716e-05
67,4.9395756166925656e-05
67,4.668705405980046e-05
67,4.3347145639980616e-05
67,3.954827687359741e-05
67,3.547710073775564e-05
67,3.133893854147021e-05
67,2.7362173504715058e-05
67,2.3783961406180123e-05
67,2.080828033930832e-05
67,1.855311284252254e-05
67,1.702169307195896e-05
67,1.6122929819097056e-05
67,1.573366517813246e-05
67,1.5767597900246315e-05
67,1.621441681450154e-05
67,1.7134107686459958e-05
67,1.86151012885897e-05
67,2.0717493348425648e-05
67,2.34252564751278e-05
67,2.662801517140519e-05
67,3.014100174583213e-05
67,3.3751250969160726e-05
67,3.726166321564155e-05
67,4.050802089279823e-05
67,4.334730627738638e-05
67,4.5639467252557624e-05
67,4.7247592759995206e-05
67,4.806141388029424e-05
67,4.8026847180890744e-05
67,4.716048519738271e-05
67,4.554189930953117e-05
67,4.3291993769491125e-05
67,4.055035971343823e-05
67,3.746058220651471e-05
67,3.416744524442688e-05
67,3.0824916079099935e-05
67,2.7605366656772747e-05
67,2.4693796220394984e-05
67,2.2257610350862323e-05
67,2.0403403260784822e-05
67,1.9149572978934663e-05
67,1.8438339795236465e-05
67,1.818413080901505e-05
67,1.8330172005921404e-05
67,1.8882157089073818e-05
67,1.9904477917615308e-05
67,2.1483410455569443e-05
67,2.367354525427589e-05
67,2.645032675116031e-05
67,2.969164390967845e-05
67,3.319880257777e-05
67,3.674427591696866e-05
67,4.011697862831348e-05
67,4.314114970902599e-05
67,4.566860179376784e-05
67,4.756502899120832e-05
67,4.871137520735705e-05
67,4.902323161108205e-05
67,4.847365657039007e-05
67,4.710293489785836e-05
67,4.501029727006607e-05
67,4.233438557085597e-05
67,3.9232915121419506e-05
67,3.5869290542578106e-05
67,3.240960956166248e-05
67,2.9027827345387246e-05
67,2.5908831089641032e-05
67,2.3234826182362383e-05
67,2.114962922427551e-05
67,1.9716572990742753e-05
67,1.8900461260529577e-05
67,1.8594520048193018e-05
67,1.8683368511919067e-05
67,1.910745854593392e-05
67,1.989430729201772e-05
67,2.1143273339075665e-05
67,2.2973338391799602e-05
67,2.5456010749405016e-05
67,2.8560721630763362e-05
67,3.213820463097522e-05
67,3.595180118381328e-05
67,3.9739648739048755e-05
67,4.327109408768709e-05
67,4.636743479691061e-05
67,4.8886802310174656e-05
67,5.06998345851348e-05
67,5.168406488402955e-05
67,5.174335247368215e-05
67,5.083664990463565e-05
67,4.899581664261758e-05
67,4.632330056807032e-05
67,4.297369272306787e-05
67,3.912950192981484e-05
67,3.498169399613701e-05
67,3.0722256575088034e-05
67,2.654854728404405e-05
67,2.26680870568281e-05
67,1.928616652563094e-05
67,1.6568140913436662e-05
67,1.4591917616221156e-05
67,1.332409004619325e-05
67,1.2645061705212883e-05
67,1.2416767990527865e-05
67,1.255704437516399e-05
67,1.3081101560008435e-05
67,1.409179491241791e-05
67,1.5726341324076304e-05
67,1.808350661762442e-05
67,2.1161978992569913e-05
67,2.4837942333063746e-05
67,2.889272593921319e-05
67,3.307325331085111e-05
67,3.71479099067281e-05
67,4.092720572047905e-05
67,4.4248988276656766e-05
67,4.695579458342975e-05
67,4.8893122326086124e-05
67,4.9934215553764596e-05
67,5.0013300695947787e-05
67,4.914450319860749e-05
67,4.741652088039829e-05
67,4.496884976508137e-05
67,4.1963332027165e-05
67,3.856473017775858e-05
67,3.4938615143856226e-05
67,3.126422672881274e-05
67,2.7746707629540686e-05
67,2.4607301275344858e-05
67,2.2042093101995606e-05
67,2.0165970400849978e-05
67,1.897791219057729e-05
67,1.8376271355694416e-05
67,1.8220904295123075e-05
67,1.8408398440348363e-05
67,1.892091847821654e-05
67,1.9827859134239203e-05
67,2.1243822460515857e-05
67,2.3262860557109864e-05
67,2.5897259297264124e-05
67,2.9049277903673126e-05
67,3.2529974746631466e-05
67,3.611218667245598e-05
67,3.95833304551099e-05
67,4.2767740681347024e-05
67,4.551613828137146e-05
67,4.7686670960610657e-05
67,4.9143807234711896e-05
67,4.97798684071975e-05
67,4.9542650041577086e-05
67,4.8449834762470603e-05
67,4.658350566792376e-05
67,4.40708940180556e-05
67,4.1062021448889086e-05
67,3.771376970733468e-05
67,3.418674295295675e-05
67,3.0654070310762666e-05
67,2.730976318238522e-05
67,2.435790115872635e-05
67,2.197434806307492e-05
67,2.025697826150252e-05
67,1.919804157888183e-05
67,1.870382093827649e-05
67,1.8655455399746068e-05
67,1.897639087758269e-05
67,1.9669311697222856e-05
67,2.080660596038063e-05
67,2.2483149515599633e-05
67,2.4754295229605252e-05
67,2.7586083526945604e-05
67,3.084100225566504e-05
67,3.430735980755471e-05
67,3.7755661104566266e-05
67,4.0987810781131854e-05
67,4.385177579792662e-05
67,4.6222862946738954e-05
67,4.797888796323087e-05
67,4.89971635912166e-05
67,4.9178026790232985e-05
67,4.8476310855317346e-05
67,4.69186018815719e-05
67,4.459804320943757e-05
67,4.1653598005116253e-05
67,3.824626726699755e-05
67,3.454257597446942e-05
67,3.071089618866197e-05
67,2.6928829689228525e-05
67,2.3389550401958357e-05
67,2.028972094500254e-05
67,1.7792127569463235e-05
67,1.5979681530985073e-05
67,1.483361307235666e-05
67,1.4258631606703309e-05
67,1.4146117658787066e-05
67,1.443952507319454e-05
67,1.5166054669994153e-05
67,1.6421201330726942e-05
67,1.8316846063483767e-05
67,2.0916328970999802e-05
67,2.4183455339052334e-05
67,2.7968594433606207e-05
67,3.2039490607289734e-05
67,3.613953642319835e-05
67,4.0039182304651105e-05
67,4.3553778482797426e-05
67,4.652951363534839e-05
67,4.882371833944425e-05
67,5.0305121102840626e-05
67,5.087697630283341e-05
67,5.0504737794235465e-05
67,4.922810906570292e-05
67,4.7151347133623885e-05
67,4.441985838559502e-05
67,4.119587394617295e-05
67,3.7643445290824964e-05
67,3.392778365848214e-05
67,3.0225909435930784e-05
67,2.6734924601057442e-05
67,2.3659385023618157e-05
67,2.1170759850303262e-05
67,1.9356557532937063e-05
67,1.819383267138578e-05
67,1.7572281075697335e-05
67,1.735997979974383e-05
67,1.7476126046950848e-05
67,1.7932490196188325e-05
67,1.8826116708044242e-05
67,2.029009305698183e-05
67,2.2424204135279302e-05
67,2.5234071277146595e-05
67,2.8606153023569256e-05
67,3.2330833753368406e-05
67,3.615896998478047e-05
67,3.98570003855972e-05
67,4.323080709101192e-05
67,4.611640892982603e-05
67,4.836176502586924e-05
67,4.9825730270906034e-05
67,5.03993176172742e-05
67,5.003326940703816e-05
67,4.87525931413503e-05
67,4.665084432797515e-05
67,4.3870043219579315e-05
67,4.057715899054482e-05
67,3.694685971583651e-05
67,3.3156563294757687e-05
67,2.9392798387161405e-05
67,2.585722531589085e-05
67,2.275466695533592e-05
67,2.0255291974684893e-05
67,1.8446578679344158e-05
67,1.7308012006311775e-05
67,1.6733040703705282e-05
67,1.6591820486333207e-05
67,1.680036078868643e-05
67,1.7359449727190697e-05
67,1.8347469547369836e-05
67,1.9874704272071217e-05
67,2.2020220934778674e-05
67,2.477766526782255e-05
67,2.8034638657828618e-05
67,3.1596185565514927e-05
67,3.5237838947837465e-05
67,3.875481858020588e-05
67,4.1979542000295955e-05
67,4.476726384529444e-05
67,4.6975243803205045e-05
67,4.846176381191967e-05
67,4.910960701103779e-05
67,4.88569865503283e-05
67,4.7715504315433747e-05
67,4.5767036134453276e-05
67,4.3144887089874565e-05
67,4.0010119615940794e-05
67,3.653331590156637e-05
67,3.2888697917555346e-05
67,2.9260279029308483e-05
67,2.58485172493765e-05
67,2.285950815593088e-05
67,2.046828959741513e-05
67,1.8771109590816985e-05
67,1.7758896165374827e-05
67,1.7336409308616746e-05
67,1.738158292638533e-05
67,1.7812174233223228e-05
67,1.8624008354885228e-05
67,1.98846780304257e-05
67,2.168942671913202e-05
67,2.4099707627852813e-05
67,2.7090686634399156e-05
67,3.053238925353197e-05
67,3.4214863264796535e-05
67,3.7902618205060105e-05
67,4.1384974576785784e-05
67,4.449462337000868e-05
67,4.7094086012576124e-05
67,4.905498593003629e-05
67,5.0255909035326084e-05
67,5.0603243012891063e-05
67,5.00582646443513e-05
67,4.865084375538668e-05
67,4.647283068234477e-05
67,4.365769017352733e-05
67,4.035798230212607e-05
67,3.673062318733362e-05
67,3.293550026783737e-05
67,2.914536465724734e-05
67,2.5554185266103233e-05
67,2.236580054938894e-05
67,1.97553458877748e-05
67,1.781977587729872e-05
67,1.655099018691087e-05
67,1.585649279147468e-05
67,1.5621409252265894e-05
67,1.577731567386053e-05
67,1.6340288155289116e-05
67,1.740113163793866e-05
67,1.9075474734560514e-05
67,2.1436747767544258e-05
67,2.4460894029406553e-05
67,2.8008534525938167e-05
67,3.18539338935138e-05
67,3.574384826126912e-05
67,3.94509983480193e-05
67,4.2793812643849546e-05
67,4.5622672166357274e-05
67,4.779864068356723e-05
67,4.919135827732126e-05
67,4.9700780820288196e-05
67,4.928564395854251e-05
67,4.7978229380469975e-05
67,4.587778954715215e-05
67,4.3128968886953284e-05
67,3.98971656001757e-05
67,3.6351388291705875e-05
67,3.266068106430082e-05
67,2.9002245455722633e-05
67,2.5568522266619874e-05
67,2.2555333436939402e-05
67,2.0124100592312216e-05
67,1.8354865821877214e-05
67,1.7223234734989578e-05
67,1.6624797072980422e-05
67,1.6439234019931407e-05
67,1.659890263608552e-05
67,1.7125097541932952e-05
67,1.8116421919740123e-05
67,1.969784354978651e-05
67,2.1953305696621667e-05
67,2.487016447746779e-05
67,2.8320854260173782e-05
67,3.20910765821058e-05
67,3.593747453064097e-05
67,3.9639429384717755e-05
67,4.30170048177146e-05
67,4.5916224159385754e-05
67,4.818851212734936e-05
67,4.96909242754781e-05
67,5.03108527866813e-05
67,4.999690236066764e-05
67,4.877488562544775e-05
67,4.6741336284343476e-05
67,4.404124921923631e-05
67,4.084245214375461e-05
67,3.7317686070173405e-05
67,3.3640901070458783e-05
67,2.9995854766081225e-05
67,2.658356503697349e-05
67,2.3609747251935853e-05
67,2.1244835284148328e-05
67,1.9573915415093412e-05
67,1.8570987902936725e-05
67,1.8122297502165945e-05
67,1.8091427445700346e-05
67,1.839067832375208e-05
67,1.9021197664062963e-05
67,2.0065348000834413e-05
67,2.1638843143978577e-05
67,2.38245718300036e-05
67,2.6615962118538734e-05
67,2.989578807609486e-05
67,3.3461035436836696e-05
67,3.70782662571421e-05
67,4.053490223751225e-05
67,4.3658105748762294e-05
67,4.6301296807509196e-05
67,4.8324002562561295e-05
67,4.959120808262251e-05
67,4.999625394991868e-05
67,4.948982917151917e-05
67,4.809493005872924e-05
67,4.5900806487651764e-05
67,4.304263806012979e-05
67,3.9678668405419224e-05
67,3.597476839484906e-05
67,3.2102056555941806e-05
67,2.824557852730441e-05
67,2.4611230642242076e-05
67,2.1412729944825983e-05
67,1.8831337392544604e-05
67,1.6965264596847116e-05
67,1.580280451455009e-05
67,1.5243934946351873e-05
67,1.5163390279960644e-05
67,1.5480083724089552e-05
67,1.6195725149561858e-05
67,1.738658915662833e-05
67,1.9156389722775614e-05
67,2.1572223461901618e-05
67,2.461088365434779e-05
67,2.8140507435864268e-05
67,3.1947352108312204e-05
67,3.5791850912911757e-05
67,3.945961611349526e-05
67,4.277951128306524e-05
67,4.560912508299292e-05
67,4.781342586827902e-05
67,4.926283739527554e-05
67,4.98550325449127e-05
67,4.9543345720290344e-05
67,4.8351815146129814e-05
67,4.636960163468611e-05
67,4.373099892269035e-05
67,4.059237418922829e-05
67,3.711601808012473e-05
67,3.34668980842651e-05
67,2.9820839012158752e-05
67,2.6371823675856435e-05
67,2.3320540262838475e-05
67,2.0836762398504776e-05
67,1.9011745796135923e-05
67,1.783351898401049e-05
67,1.7208844148887542e-05
67,1.702465455769943e-05
67,1.7214562072656195e-05
67,1.779443746174202e-05
67,1.8851965692382264e-05
67,2.049849745073237e-05
67,2.28050064937443e-05
67,2.5749054321364976e-05
67,2.9197286036635656e-05
67,3.2932898876280465e-05
67,3.671207392713018e-05
67,4.0315155480480476e-05
67,4.356504011519963e-05
67,4.6313441580963244e-05
67,4.8420847477797615e-05
67,4.9756017902039215e-05
67,5.021869132647659e-05
67,4.9767917633258984e-05
67,4.843599881579222e-05
67,4.6321200316096256e-05
67,4.356605563641149e-05
67,4.033310907054905e-05
67,3.678831088945694e-05
67,3.309797760651387e-05
67,2.9437487959904104e-05
67,2.599895231759878e-05
67,2.297970473901242e-05
67,2.0544304082252395e-05
67,1.8776634212436147e-05
67,1.7655423055597847e-05
67,1.70772088476711e-05
67,1.6919529898684216e-05
67,1.7109568396670407e-05
67,1.7661550487038412e-05
67,1.8666984104669676e-05
67,2.0245584424507056e-05
67,2.2478955364135313e-05
67,2.5354824539743166e-05
67,2.8747369729452123e-05
67,3.244368858949301e-05
67,3.620042117478277e-05
67,3.9795883215849836e-05
67,4.304957675521803e-05
67,4.580924248218935e-05
67,4.793107451085371e-05
67,4.927914688181022e-05
67,4.974815740727584e-05
67,4.929224929139846e-05
67,4.793986774259906e-05
67,4.578746617827088e-05
67,4.2978492051756064e-05
67,3.967930536011302e-05
67,3.6062274614628036e-05
67,3.23020786095014e-05
67,2.8583469626033964e-05
67,2.510777917936047e-05
67,2.2080082587817426e-05
67,1.9669888118690736e-05
67,1.7962269808611917e-05
67,1.6933136600858854e-05
67,1.6472838151976843e-05
67,1.6450663763441807e-05
67,1.6784941125737197e-05
67,1.748154434778363e-05
67,1.8624722491421755e-05
67,2.0328264484011392e-05
67,2.2669357283056635e-05
67,2.56331212112151e-05
67,2.9093349906792947e-05
67,3.283931903587165e-05
67,3.66323849539491e-05
67,4.025747793812327e-05
67,4.354132837036198e-05
67,4.6337899824842886e-05
67,4.8507186413021014e-05
67,4.9913896643281156e-05
67,5.0450289960635295e-05
67,5.0065747890957175e-05
67,4.8782681786580285e-05
67,4.669124044824441e-05
67,4.392900327205163e-05
67,4.065723320563462e-05
67,3.7044059850673117e-05
67,3.3260902022671295e-05
67,2.9490634410416433e-05
67,2.5934778664754622e-05
67,2.2801334760674345e-05
67,2.0265698016848945e-05
67,1.8421299857208805e-05
67,1.7253671392978596e-05
67,1.6662409740069074e-05
67,1.652404341808814e-05
67,1.676095684168737e-05
67,1.7379508146099235e-05
67,1.8461344837430405e-05
67,2.0115759867141332e-05
67,2.2415046382988285e-05
67,2.5340326035005605e-05
67,2.8762943469409762e-05
67,3.2471139804451545e-05
67,3.622597457786963e-05
67,3.98121411551006e-05
67,4.305602111487325e-05
67,4.5811592837923926e-05
67,4.7940038619244194e-05
67,4.930901851442015e-05
67,4.981541751286422e-05
67,4.941401971773981e-05
67,4.813196972280277e-05
67,4.606202484214959e-05
67,4.3341373906649854e-05
67,4.012793816418862e-05
67,3.658441411410544e-05
67,3.287587894479345e-05
67,2.9178941394153228e-05
67,2.5689512705998754e-05
67,2.2610976856760157e-05
67,2.011547180787771e-05
67,1.829498472413523e-05
67,1.7135763453278564e-05
67,1.654026471210379e-05
67,1.6389543775712008e-05
67,1.6611368004190188e-05
67,1.7217394669674706e-05
67,1.829358840409783e-05
67,1.9951866893705054e-05
67,2.2265107175042005e-05
67,2.5213130176138333e-05
67,2.866470928822261e-05
67,3.240502521138855e-05
67,3.619218589348519e-05
67,3.9808320571099874e-05
67,4.307774521484736e-05
67,4.5853035687026145e-05
67,4.7994877429876784e-05
67,4.937147624885384e-05
67,4.988118937980204e-05
67,4.948091368591856e-05
67,4.8200318874559074e-05
67,4.613505557831543e-05
67,4.3425624139308885e-05
67,4.023362376927383e-05
67,3.6725494678736916e-05
67,3.306951014096129e-05
67,2.9444007547542653e-05
67,2.6044091327560728e-05
67,2.306900489286034e-05
67,2.068345799431114e-05
67,1.8969965575130547e-05
67,1.7905455121792926e-05
67,1.7385513392744397e-05
67,1.7288177185216668e-05
67,1.754200638702527e-05
67,1.8161990242117513e-05
67,1.92382075192348e-05
67,2.0886007229841196e-05
67,2.3180288613034864e-05
67,2.61015580579686e-05
67,2.9518585446219563e-05
67,3.32166724833501e-05
67,3.695467586742611e-05
67,4.05159696333163e-05
67,4.372590017208391e-05
67,4.643703000638011e-05
67,4.850860933200316e-05
67,4.9806331117216406e-05
67,5.022583366742256e-05
67,4.9722030308341485e-05
67,4.832397640000589e-05
67,4.612827625170348e-05
67,4.3277784300996584e-05
67,3.993747685600775e-05
67,3.627780871593525e-05
67,3.247150339740094e-05
67,2.8701803576443812e-05
67,2.5169194662043967e-05
67,2.2078456675104743e-05
67,1.9599185978157384e-05
67,1.7817080713955294e-05
67,1.670972012155214e-05
67,1.617060063118836e-05
67,1.6073458228841617e-05
67,1.634148907241949e-05
67,1.69847076463247e-05
67,1.8089906173144476e-05
67,1.9771494976781677e-05
67,2.2105528988068107e-05
67,2.5074742307914312e-05
67,2.854992664509365e-05
67,3.231725620959633e-05
67,3.6135054530556576e-05
67,3.978516413577205e-05
67,4.3091143275878417e-05
67,4.590415009190298e-05
67,4.808263370771606e-05
67,4.949182949298525e-05
67,5.00267177294199e-05
67,4.9640827096271245e-05
67,4.8360822307101166e-05
67,4.627994697386051e-05
67,4.353701971755516e-05
67,4.029276386356118e-05
67,3.6713706005855156e-05
67,3.2969541407945246e-05
67,2.9241945558387834e-05
67,2.573174992875714e-05
67,2.264615902659773e-05
67,2.0158945567166262e-05
67,1.8360852615208047e-05
67,1.7234152419601993e-05
67,1.6675576404633654e-05
67,1.656007521431859e-05
67,1.6810181486762616e-05
67,1.7434062480698654e-05
67,1.8516400973959558e-05
67,2.0170055505887716e-05
67,2.247057366315998e-05
67,2.5401287801447977e-05
67,2.8834395634953318e-05
67,3.2557837017968e-05
67,3.633171462124905e-05
67,3.993956495788059e-05
67,4.320665599751444e-05
67,4.59859836895435e-05
67,4.8137908367908626e-05
67,4.952938904792702e-05
67,5.0056600292872766e-05
67,4.967351504338044e-05
67,4.840653097438729e-05
67,4.634818392350576e-05
67,4.363645335075646e-05
67,4.0431194065142604e-05
67,3.6897794946123816e-05
67,3.320405531070398e-05
67,2.9528564147810243e-05
67,2.606786907930827e-05
67,2.3024331520596984e-05
67,2.0567510632603944e-05
67,1.8785880190153636e-05
67,1.766224033233411e-05
67,1.709657483212249e-05
67,1.6968730070654224e-05
67,1.7206062509626325e-05
67,1.7819814167997933e-05
67,1.889501490875123e-05
67,2.054221538686351e-05
67,2.283303002822411e-05
67,2.5746738283105868e-05
67,2.9152699446510616e-05
67,3.283787141591312e-05
67,3.656302304360861e-05
67,4.0113207235008166e-05
67,4.331518448037921e-05
67,4.6022939404781585e-05
67,4.8097410660484144e-05
67,4.9406228175642254e-05
67,4.984688540830751e-05
67,4.937560551827285e-05
67,4.802184473063387e-05
67,4.588156259019755e-05
67,4.309599390116357e-05
67,3.9827697153137096e-05
67,3.624409689374812e-05
67,3.2514433390712045e-05
67,2.881819166191745e-05
67,2.5352121587636122e-05
67,2.231777452424826e-05
67,1.988264306665241e-05
67,1.8131994823936973e-05
67,1.7044875366291658e-05
67,1.651788421877304e-05
67,1.6428776233839358e-05
67,1.6704684194355798e-05
67,1.7358465213103204e-05
67,1.8477902660444274e-05
67,2.017627167827733e-05
67,2.2526705946599884e-05
67,2.550812415502479e-05
67,2.8987734428004315e-05
67,3.274926409955253e-05
67,3.655008062094239e-05
67,4.017236141245206e-05
67,4.344082627402201e-05
67,4.620823791247713e-05
67,4.833495124413229e-05
67,4.9688430719693875e-05
67,5.016621462011826e-05
67,4.972459614504483e-05
67,4.839297873745928e-05
67,4.626707044917103e-05
67,4.348770182704865e-05
67,4.0217079475288165e-05
67,3.6622674848786854e-05
67,3.2874549701020824e-05
67,2.915398955134766e-05
67,2.5660354141084264e-05
67,2.2598008898345103e-05
67,2.0136605381265372e-05
67,1.8362180806912355e-05
67,1.725292796937293e-05
67,1.670338154296788e-05
67,1.6588892658562277e-05
67,1.683480608078359e-05
67,1.7453484012355105e-05
67,1.853372558671101e-05
67,2.0191095515181512e-05
67,2.250173056898599e-05
67,2.5447580921703237e-05
67,2.8898317779607106e-05
67,3.263921041261126e-05
67,3.642817353551457e-05
67,4.0047061659135545e-05
67,4.3319602791966004e-05
67,4.60970970989769e-05
67,4.823814499106643e-05
67,4.960833863741812e-05
67,5.010340693763642e-05
67,4.9678081715483075e-05
67,4.836062448318288e-05
67,4.624613490061237e-05
67,4.347536043378864e-05
67,4.0210776516270836e-05
67,3.662017706991986e-05
67,3.287371649314071e-05
67,2.9152446664399608e-05
67,2.565534995484311e-05
67,2.258666940765671e-05
67,2.011660149470977e-05
67,1.8332571890706127e-05
67,1.7214770182101433e-05
67,1.665969273522752e-05
67,1.6543789073300106e-05
67,1.679200035571925e-05
67,1.7414676237816743e-05
67,1.8497528219079156e-05
67,2.0152936348485045e-05
67,2.245478872394638e-05
67,2.5384430729212964e-05
67,2.8812734502481983e-05
67,3.25275810130089e-05
67,3.62901399262993e-05
67,3.988533645777268e-05
67,4.3139210149491384e-05
67,4.5904449888054734e-05
67,4.804029781527927e-05
67,4.941252869256447e-05
67,4.991678615988252e-05
67,4.9507481459628424e-05
67,4.821226766967744e-05
67,4.6125320403007575e-05
67,4.3386208699606114e-05
67,4.0156125005748936e-05
67,3.660166141397703e-05
67,3.289198614756959e-05
67,2.9207384116775154e-05
67,2.5746158651391744e-05
67,2.271180542048294e-05
67,2.027368775747435e-05
67,1.8518517685492115e-05
67,1.742622951926414e-05
67,1.6893772736426342e-05
67,1.6798712498918573e-05
67,1.706737697921286e-05
67,1.7711178749908044e-05
67,1.8816015440058436e-05
67,2.0493294475848455e-05
67,2.2814878341621907e-05
67,2.5759492233839323e-05
67,2.9195428761247576e-05
67,3.290860285213848e-05
67,3.665916110296684e-05
67,4.02319997563542e-05
67,4.345399501861861e-05
67,4.617936286835585e-05
67,4.8269401094477125e-05
67,4.9592280534274896e-05
67,5.0046102762165607e-05
67,4.9587443850101236e-05
67,4.824551587026851e-05
67,4.611532078836523e-05
67,4.333663701254612e-05
67,4.00705332610928e-05
67,3.648344507498185e-05
67,3.274452844597689e-05
67,2.903418720706064e-05
67,2.555079631942314e-05
67,2.249764555982266e-05
67,2.0043497524118784e-05
67,1.827419092796501e-05
67,1.7168867824237387e-05
67,1.6624192547945926e-05
67,1.6518237756343415e-05
67,1.6778638557946677e-05
67,1.7418631810854643e-05
67,1.852597043251273e-05
67,2.021339455841362e-05
67,2.255313110866141e-05
67,2.5523136750792537e-05
67,2.8989990743766598e-05
67,3.273738619737069e-05
67,3.652319775212464e-05
67,4.013029000012567e-05
67,4.3383833766078715e-05
67,4.6136644371442516e-05
67,4.824891538248914e-05
67,4.958807490473027e-05
67,5.005196891914262e-05
67,4.9597528372484125e-05
67,4.825496145067225e-05
67,4.612076677682474e-05
67,4.3336404959190015e-05
67,4.006443180593607e-05
67,3.647229566725943e-05
67,3.272962268362838e-05
67,2.9016857252174145e-05
67,2.5532144602573204e-05
67,2.2478356369219915e-05
67,2.0023636392953324e-05
67,1.825298242622479e-05
67,1.714453764158006e-05
67,1.6593982534440867e-05
67,1.6478651383061344e-05
67,1.6725908982128096e-05
67,1.7349360754007412e-05
67,1.8437841279123123e-05
67,2.0105805072003506e-05
67,2.2427570761792644e-05
67,2.538320616734499e-05
67,2.8841094912781448e-05
67,3.258622794657384e-05
67,3.6377190821740056e-05
67,3.9996944472952884e-05
67,4.327013568786316e-05
67,4.6048490157340494e-05
67,4.819070525812568e-05
67,4.956254074941773e-05
67,5.0060222214857184e-05
67,4.9639247636318397e-05
67,4.83286460790299e-05
67,4.622402943468165e-05
67,4.346629365321884e-05
67,4.0217758611724916e-05
67,3.664594652566521e-05
67,3.2920848455427196e-05
67,2.9223555503268393e-05
67,2.5753095553220734e-05
67,2.2713312529386015e-05
67,2.0273163493749782e-05
67,1.8518034136143657e-05
67,1.742585532290227e-05
67,1.6891464415990664e-05
67,1.6790818417943882e-05
67,1.7049556854211873e-05
67,1.767947014372611e-05
67,1.876780252146944e-05
67,2.0427953887500617e-05
67,2.273393007356186e-05
67,2.5666246921328627e-05
67,2.9094330707354672e-05
67,3.280454907770553e-05
67,3.655696406591722e-05
67,4.013598061556647e-05
67,4.3367621885472473e-05
67,4.610492139176495e-05
67,4.8207782516201096e-05
67,4.954297717513601e-05
67,5.000742430599307e-05
67,4.955689886403147e-05
67,4.8220281137785905e-05
67,4.609271355877103e-05
67,4.331449115920608e-05
67,4.00473966706356e-05
67,3.6458598477551265e-05
67,3.2717929950487986e-05
67,2.9006467611686632e-05
67,2.5523326471634445e-05
67,2.247256102760227e-05
67,2.0023537232468067e-05
67,1.8262318823252164e-05
67,1.7167786083608962e-05
67,1.6635887243286225e-05
67,1.6543620068885432e-05
67,1.681727530951519e-05
67,1.746857964825218e-05
67,1.8583785156027886e-05
67,2.0274386544489582e-05
67,2.2611874564254947e-05
67,2.557417477065585e-05
67,2.902863090798628e-05
67,3.276043199433885e-05
67,3.6529424772908086e-05
67,4.0120515965576595e-05
67,4.336057707112186e-05
67,4.610354126147018e-05
67,4.821013657576228e-05
67,4.954789116687451e-05
67,5.001445319363968e-05
67,4.956629706215019e-05
67,4.823290180423334e-05
67,4.6109793836009624e-05
67,4.333733559759797e-05
67,4.007703000322206e-05
67,3.649548301372332e-05
67,3.276180455633453e-05
67,2.9056285275131426e-05
67,2.557721687570475e-05
67,2.2527783555309743e-05
67,2.007649724616694e-05
67,1.8308795715026392e-05
67,1.720347370494919e-05
67,1.6657184801637755e-05
67,1.654844567092331e-05
67,1.6805624581125987e-05
67,1.7442644709321055e-05
67,1.854761045146341e-05
67,2.0233177305934187e-05
67,2.2571153209373985e-05
67,2.5538998270532588e-05
67,2.9003031880931976e-05
67,3.2747134446993737e-05
67,3.652976785630864e-05
67,4.013447746542143e-05
67,4.3386851400532684e-05
67,4.6139726199990766e-05
67,4.82531086363457e-05
67,4.9594360246938244e-05
67,5.00615593691403e-05
67,4.961206262168509e-05
67,4.8276420886557374e-05
67,4.6151167270029614e-05
67,4.3377449135397434e-05
67,4.011729381849713e-05
67,3.653761971762436e-05
67,3.280771853120549e-05
67,2.910797800876234e-05
67,2.5636655099614017e-05
67,2.2596628372141808e-05
67,2.0155687375575847e-05
67,1.83980977927908e-05
67,1.7301177019824274e-05
67,1.676008179756657e-05
67,1.665213908882959e-05
67,1.690510419010335e-05
67,1.753301137664828e-05
67,1.86247845692368e-05
67,2.0294418107124758e-05
67,2.2615266894764047e-05
67,2.5566227622461138e-05
67,2.9014733595302872e-05
67,3.274538678540356e-05
67,3.6517003582006846e-05
67,4.011316768616983e-05
67,4.335923332404943e-05
67,4.6107574972694216e-05
67,4.821756798866086e-05
67,4.955585010735214e-05
67,5.001977775724905e-05
67,4.9566099105589335e-05
67,4.822498705600807e-05
67,4.60929173973878e-05
67,4.331132883696757e-05
67,4.004284413921731e-05
67,3.645518567293027e-05
67,3.271854246990958e-05
67,2.9014173862397105e-05
67,2.55410600019192e-05
67,2.2502537755123006e-05
67,2.0066515369047186e-05
67,1.831704639761331e-05
67,1.723099833242491e-05
67,1.6702954577759252e-05
67,1.6609596893499935e-05
67,1.6877926772755335e-05
67,1.752105562435584e-05
67,1.8626829173542162e-05
67,2.0308142699587924e-05
67,2.263745359246269e-05
67,2.559319363498239e-05
67,2.9042917501725224e-05
67,3.27719422104589e-05
67,3.6540227221640143e-05
67,4.0132632224731024e-05
67,4.337560880508788e-05
67,4.612224815802434e-05
67,4.823222500213575e-05
67,4.957213943203388e-05
67,5.003907362211797e-05
67,4.958932767304069e-05
67,4.825249145034364e-05
67,4.6124378331704785e-05
67,4.334576932261453e-05
67,4.007872445775076e-05
67,3.6490573368935194e-05
67,3.27513393783951e-05
67,2.9042379969470897e-05
67,2.5563037856370415e-05
67,2.2517230997432704e-05
67,2.0073594472220178e-05
67,1.8316987914665105e-05
67,1.7225109698230143e-05
67,1.6693325366127918e-05
67,1.659893173093635e-05
67,1.686923882000113e-05
67,1.7517261277067614e-05
67,1.8630330335185586e-05
67,2.0320481388488223e-05
67,2.2659095304661926e-05
67,2.5623470374448117e-05
67,2.9080135775388822e-05
67,3.281362352997339e-05
67,3.658341638747751e-05
67,4.0174213418490215e-05
67,4.341261001421118e-05
67,4.6152147533176114e-05
67,4.825325879449673e-05
67,4.958356007703051e-05
67,5.004126981903977e-05
67,4.9583736704327536e-05
67,4.8241300331383983e-05
67,4.6110083960065473e-05
67,4.333071149338227e-05
67,4.006470493776684e-05
67,3.647863404337812e-05
67,3.2741709168037544e-05
67,2.9034539717767833e-05
67,2.5555825350725737e-05
67,2.250893310457177e-05
67,2.006203629302747e-05
67,1.829968412346487e-05
67,1.7199543180851242e-05
67,1.6657353859239494e-05
67,1.6551236228626126e-05
67,1.6809676817582215e-05
67,1.7447000869153783e-05
67,1.8551702887463483e-05
67,2.0236576030779873e-05
67,2.2573210012144813e-05
67,2.5538597702446654e-05
67,2.8998644926241645e-05
67,3.273719089753905e-05
67,3.651312041447126e-05
67,4.0110648033419915e-05
67,4.335592570885682e-05
67,4.6102041274458054e-05
67,4.820900189123708e-05
67,4.954413114176796e-05
67,5.00055890117484e-05
67,4.9550944629092285e-05
67,4.821101489778997e-05
67,4.608258139076309e-05
67,4.330699501518032e-05
67,4.0046449377226784e-05
67,3.646802648636356e-05
67,3.274122263694081e-05
67,2.9046659404764278e-05
67,2.5582718725987386e-05
67,2.2552068640815437e-05
67,2.0121826002955236e-05
67,1.837529186970891e-05
67,1.7288977930239115e-05
67,1.6757839773093446e-05
67,1.665970819254677e-05
67,1.6923205160398948e-05
67,1.7563028757141133e-05
67,1.866810156955317e-05
67,2.0351592672974736e-05
67,2.268538556733668e-05
67,2.564671062921596e-05
67,2.910171176193611e-05
67,3.283451358463211e-05
67,3.660431772647996e-05
67,4.0195590012100155e-05
67,4.343454390691532e-05
67,4.6174084106812175e-05
67,4.827385938137486e-05
67,4.96008137476487e-05
67,5.0052848515069596e-05
67,4.958745757279318e-05
67,4.823555410582446e-05
67,4.609414775930052e-05
67,4.330491696829903e-05
67,4.003046629082807e-05
67,3.643837349728395e-05
67,3.2698732117148506e-05
67,2.8992868760012483e-05
67,2.551992346370704e-05
67,2.2483229593896014e-05
67,2.005028115392085e-05
67,1.8304324975818072e-05
67,1.7221382512842493e-05
67,1.669562085959815e-05
67,1.6603990427038594e-05
67,1.6874326119031036e-05
67,1.7520741852071308e-05
67,1.863180031696801e-05
67,2.0320484119797692e-05
67,2.265858104183253e-05
67,2.5623256673240396e-05
67,2.9080619555248907e-05
67,3.281483209098779e-05
67,3.6585247183328584e-05
67,4.017659291697128e-05
67,4.341540993752425e-05
67,4.6154932984279195e-05
67,4.82550895494735e-05
67,4.9583007597544084e-05
67,5.0036637827532354e-05
67,4.957335532731698e-05
67,4.8223774866861466e-05
67,4.608445571215451e-05
67,4.329654436996127e-05
67,4.002213206251151e-05
67,3.642840795996051e-05
67,3.268528758778886e-05
67,2.8974172348567107e-05
67,2.5494514328284013e-05
67,2.2450128744653146e-05
67,2.000907348016369e-05
67,1.8255175693764957e-05
67,1.7165029924699758e-05
67,1.6633362043712648e-05
67,1.653762798234577e-05
67,1.6806024697528854e-05
67,1.7452779863482767e-05
67,1.8566265550421145e-05
67,2.025900162094484e-05
67,2.2602156954375035e-05
67,2.557228396781387e-05
67,2.9035034827500478e-05
67,3.27743523620999e-05
67,3.654958253004888e-05
67,4.0145556055288006e-05
67,4.3388921289933026e-05
67,4.6132993580619416e-05
67,4.8237802637150285e-05
67,4.957066755995726e-05
67,5.0029832381029065e-05
67,4.957300822160324e-05
67,4.823109617031063e-05
67,4.610081741242337e-05
67,4.3323318839613354e-05
67,4.006052162030943e-05
67,3.6479280797389776e-05
67,3.274903047702325e-05
67,2.9050567939171042e-05
67,2.5582651191109228e-05
67,2.2548367727070983e-05
67,2.011511916348627e-05
67,1.8366301270544956e-05
67,1.7278447254385552e-05
67,1.6746638419620587e-05
67,1.6648996785442886e-05
67,1.6914471587485714e-05
67,1.7557890118021657e-05
67,1.8667917523827697e-05
67,2.0357032188613894e-05
67,2.2696111972168246e-05
67,2.566132655261548e-05
67,2.911802325941686e-05
67,3.285002342972656e-05
67,3.66167238721988e-05
67,4.020307083946792e-05
67,4.343577916342555e-05
67,4.616815579098578e-05
67,4.8260228936629184e-05
67,4.957944480171154e-05
67,5.00243725768798e-05
67,4.9553221517122656e-05
67,4.819747061589234e-05
67,4.6054395877716205e-05
67,4.326560962529053e-05
67,3.999339505970614e-05
67,3.640489161001639e-05
67,3.2669769694463664e-05
67,2.8969000561178372e-05
67,2.5501368995193005e-05
67,2.2469719579480404e-05
67,2.0040873116420792e-05
67,1.82973815584485e-05
67,1.7214895182943954e-05
67,1.6687847355948552e-05
67,1.6594132782465196e-05
67,1.686290693482849e-05
67,1.7509488574670502e-05
67,1.8623086408918738e-05
67,2.0316548322690783e-05
67,2.266081069524706e-05
67,2.563179659763526e-05
67,2.909444123031362e-05
67,3.283217654935648e-05
67,3.660415650438335e-05
67,4.019523126661445e-05
67,4.34320790754474e-05
67,4.616794515282958e-05
67,4.8262750970439154e-05
67,4.958382695718616e-05
67,5.002965982527127e-05
67,4.95584257754704e-05
67,4.820161600274407e-05
67,4.605656072468809e-05
67,4.326497623240651e-05
67,3.9989316121774095e-05
67,3.639697939614316e-05
67,3.265800633188399e-05
67,2.8953841620645207e-05
67,2.54837783228353e-05
67,2.245107134498331e-05
67,2.002271453555545e-05
67,1.8281135544550054e-05
67,1.720162535929005e-05
67,1.667816821897452e-05
67,1.658826013282574e-05
67,1.686078164570974e-05
67,1.7510905368825205e-05
67,1.862778988702338e-05
67,2.0324281912132294e-05
67,2.2671320121546652e-05
67,2.5644812146509847e-05
67,2.9109678267707734e-05
67,3.284937474024179e-05
67,3.662313334415547e-05
67,4.021590035959503e-05
67,4.3454409302107263e-05
67,4.6191890261896814e-05
67,4.8288205042645015e-05
67,4.961063403422265e-05
67,5.005765684498325e-05
67,4.958747513282816e-05
67,4.823160016297605e-05
67,4.608734017275033e-05
67,4.329632755654131e-05
67,4.002086970953997e-05
67,3.642817920517171e-05
67,3.268811616858051e-05
67,2.8982008559833717e-05
67,2.550913414077332e-05
67,2.2472832640196487e-05
67,2.0040254449240894e-05
67,1.8294032076450472e-05
67,1.7209704989116334e-05
67,1.6681540845822492e-05
67,1.6587309928491893e-05
67,1.685608119244681e-05
67,1.7503062206746893e-05
67,1.861727606946598e-05
67,2.0311305653839318e-05
67,2.2655781634414893e-05
67,2.562636325714425e-05
67,2.9087875532509632e-05
67,3.282387288674536e-05
67,3.659383389637403e-05
67,4.01829877729299e-05
67,4.341827713649833e-05
67,4.615303187707137e-05
67,4.8247155299307716e-05
67,4.956799156449731e-05
67,5.00141452344669e-05
67,4.954397659105566e-05
67,4.818912605962522e-05
67,4.604695061037965e-05
67,4.3259038494546994e-05
67,3.9987583928421704e-05
67,3.6399659489816234e-05
67,3.2664994316700276e-05
67,2.8964797042352267e-05
67,2.54981955278269e-05
67,2.246828886304788e-05
67,2.004187993250287e-05
67,1.830122408752497e-05
67,1.7221605607552767e-05
67,1.6697294248959233e-05
67,1.660634114029277e-05
67,1.687825587505114e-05
67,1.7528648784497404e-05
67,1.8646728217166385e-05
67,2.034495380741719e-05
67,2.2693549034191823e-05
67,2.566761244177066e-05
67,2.9131443071183624e-05
67,3.286826684835053e-05
67,3.6637490038385563e-05
67,4.0224464753881646e-05
67,4.3456335424739625e-05
67,4.618663357089905e-05
67,4.827546486889843e-05
67,4.9590422293571224e-05
67,5.0030429399506926e-05
67,4.955420576837983e-05
67,4.819373052783369e-05
67,4.6046628983899645e-05
67,4.325467129732602e-05
67,3.9980161737010104e-05
67,3.639024265223165e-05
67,3.265470300048264e-05
67,2.895480360821085e-05
67,2.548966885923778e-05
67,2.246225482209084e-05
67,2.003902555846997e-05
67,1.8301743750373195e-05
67,1.7225197087248423e-05
67,1.670333759551083e-05
67,1.6614185979017723e-05
67,1.6887485105096127e-05
67,1.7539211060792727e-05
67,1.8658902172197872e-05
67,2.035917386654646e-05
67,2.271016924454416e-05
67,2.56867084811252e-05
67,2.9152735479542775e-05
67,3.289118037156181e-05
67,3.66612815307907e-05
67,4.024832029765799e-05
67,4.347938460004393e-05
67,4.6207912419036775e-05
67,4.829390408088106e-05
67,4.9604909771784995e-05
67,5.0039931862679204e-05
67,4.955789254423248e-05
67,4.8191048744674834e-05
67,4.6037312779403506e-05
67,4.323869900160696e-05
67,3.995769310016424e-05
67,3.6361573681893466e-05
67,3.262026385235217e-05
67,2.891519006964205e-05
67,2.5445657976382415e-05
67,2.2414748993412033e-05
67,1.9988917507216645e-05
67,1.8249764788213134e-05
67,1.7171839115225413e-05
67,1.6648894779016228e-05
67,1.6558883206489426e-05
67,1.683161549248466e-05
67,1.748322028726694e-05
67,1.8603399741121248e-05
67,2.030488115294265e-05
67,2.2657830820374917e-05
67,2.5637009165694603e-05
67,2.9106267336624946e-05
67,3.284847079032551e-05
67,3.662284238326568e-05
67,4.021465823255227e-05
67,4.345094982076159e-05
67,4.6185024563939295e-05
67,4.827671734609421e-05
67,4.959344271700236e-05
67,5.003413136085629e-05
67,4.955768150056829e-05
67,4.8196333624592326e-05
67,4.6047963515072186e-05
67,4.325452736892057e-05
67,3.997844786586994e-05
67,3.638696092758521e-05
67,3.264999305353899e-05
67,2.8949029810149964e-05
67,2.548346351220309e-05
67,2.245642485937951e-05
67,2.0034318922374344e-05
67,1.8298594887926642e-05
67,1.7223612719329363e-05
67,1.6702992275992385e-05
67,1.66146491362302e-05
67,1.6888427735478772e-05
67,1.7540487357089707e-05
67,1.866049754262224e-05
67,2.036107226473038e-05
67,2.2712213021795996e-05
67,2.5688530515091345e-05
67,2.915382237688371e-05
67,3.289105113020096e-05
67,3.6659675462194555e-05
67,4.0245268116573084e-05
67,4.347512455639714e-05
67,4.620273793745148e-05
67,4.8288073767389484e-05
67,4.9598676209535064e-05
67,5.003363353908021e-05
67,4.9552011143999795e-05
67,4.8186183309485784e-05
67,4.6034095498408e-05
67,4.3237708139885726e-05
67,3.995940406940774e-05
67,3.636636436827788e-05
67,3.26284688593531e-05
67,2.8927168120936165e-05
67,2.5461806189231135e-05
67,2.2435412276803582e-05
67,2.0014222488584615e-05
67,1.8279497986073106e-05
67,1.7205491983568436e-05
67,1.6685884585226707e-05
67,1.6598817042756845e-05
67,1.687442066643408e-05
67,1.7529050748570115e-05
67,1.8652360409385625e-05
67,2.0356695097023996e-05
67,2.2711591214269625e-05
67,2.569113185092533e-05
67,2.9158688210129023e-05
67,3.289701512634629e-05
67,3.666559175057169e-05
67,4.025014453026178e-05
67,4.347813241147253e-05
67,4.620315904230843e-05
67,4.828527487110058e-05
67,4.959215358825772e-05
67,5.002309837076014e-05
67,4.953745360525418e-05
67,4.816787466948416e-05
67,4.601252987571821e-05
67,4.321351415563356e-05
67,3.993326344308897e-05
67,3.6338966708086604e-05
67,3.26005105125185e-05
67,2.8899368561887917e-05
67,2.5434888937177453e-05
67,2.2410012384487635e-05
67,1.999074494491231e-05
67,1.8258015211634754e-05
67,1.7185771618046346e-05
67,1.666756592313466e-05
67,1.658166009777534e-05
67,1.685850927200254e-05
67,1.7514862294368208e-05
67,1.8640680700819974e-05
67,2.034841355133759e-05
67,2.2707450292471368e-05
67,2.569152585288051e-05
67,2.9163590548155982e-05
67,3.290604741362588e-05
67,3.6678167855863314e-05
67,4.0265592006967315e-05
67,4.3495739570810656e-05
67,4.622217484387653e-05
67,4.8304926963540517e-05
67,4.961171838899496e-05
67,5.004199720801695e-05
67,4.955532124969982e-05
67,4.8184567912017785e-05
67,4.602808295891998e-05
67,4.322807087788649e-05
67,3.9947017507887523e-05
67,3.6352134117279626e-05
67,3.261334216740856e-05
67,2.8912181841888373e-05
67,2.5448067155903174e-05
67,2.242392534076716e-05
67,2.0005598654609557e-05
67,1.8273708032224118e-05
67,1.7201853245775883e-05
67,1.6683339026700945e-05
67,1.659637591897548e-05
67,1.6871560479489275e-05
67,1.7525895923656317e-05
67,1.864960650342226e-05
67,2.0355325822291772e-05
67,2.2712507294992545e-05
67,2.569484686479907e-05
67,2.9165222563595354e-05
67,3.290600772445651e-05
67,3.6676510294884066e-05
67,4.0262425989855114e-05
67,4.349117532710813e-05
67,4.621623728893553e-05
67,4.8297510031597484e-05
67,4.960261700256185e-05
67,5.0030994066363296e-05
67,4.9542275447979605e-05
67,4.8169467278099026e-05
67,4.601105432769428e-05
67,4.320936267988964e-05
67,3.9926973425228394e-05
67,3.6331175322060236e-05
67,3.2591968782923946e-05
67,2.8890984320383356e-05
67,2.5427714574576267e-05
67,2.240509912811679e-05
67,1.9988881200186017e-05
67,1.8259485706341245e-05
67,1.7190299906550884e-05
67,1.6674491937815197e-05
67,1.659024586300009e-05
67,1.686819559033011e-05
67,1.7525359219455094e-05
67,1.8651885714065975e-05
67,2.0360225538951998e-05
67,2.271957623437394e-05
67,2.570338388005797e-05
67,2.9174380123358133e-05
67,3.291496266709495e-05
67,3.668462341136901e-05
67,4.0269310762073176e-05
67,4.349665621748349e-05
67,4.622025384599456e-05
67,4.830004869497928e-05
67,4.960370889625135e-05
67,5.003075199439219e-05
67,4.954091701004677e-05
67,4.816729528156716e-05
67,4.600840505652806e-05
67,4.3206551781121146e-05
67,3.9924265216151855e-05
67,3.6328789371482555e-05
67,3.2590122112044094e-05
67,2.8889943801737156e-05
67,2.5427813130671982e-05
67,2.2406680077301577e-05
67,1.9992187737139383e-05
67,1.826457007848409e-05
67,1.719703213918112e-05
67,1.66826837277285e-05
67,1.6599820506815508e-05
67,1.6879299922560988e-05
67,1.753835063715605e-05
67,1.86671964840645e-05
67,2.0378159345170102e-05
67,2.27401159668359e-05
67,2.5726089952272526e-05
67,2.9198427322662282e-05
67,3.2939298203729875e-05
67,3.670816353705338e-05
67,4.0291080539086824e-05
67,4.351583240441301e-05
67,4.623614864786394e-05
67,4.8312104652474946e-05
67,4.961153988404855e-05
67,5.003420487554516e-05
67,4.954010161479825e-05
67,4.8162552960351604e-05
67,4.600022717259369e-05
67,4.319548370905188e-05
67,3.991083103060212e-05
67,3.631345929756827e-05
67,3.2573324990094536e-05
67,2.887209970258849e-05
67,2.540933966866586e-05
67,2.2387936867336976e-05
67,1.9973375570566258e-05
67,1.8245658117959237e-05
67,1.7177791169113572e-05
67,1.666283955061698e-05
67,1.657925762602908e-05
67,1.6858211102690338e-05
67,1.7517262979839546e-05
67,1.8646868916616323e-05
67,2.0359395044608546e-05
67,2.2723558712467458e-05
67,2.5712081739837403e-05
67,2.918698295783989e-05
67,3.293019214837054e-05
67,3.670105771057643e-05
67,4.028560557517407e-05
67,4.351158853439805e-05
67,4.623266934747056e-05
67,4.8308856343480826e-05
67,4.960799188469955e-05
67,5.0029940297504185e-05
67,4.95349108357411e-05
67,4.8156470467141235e-05
67,4.599350936311959e-05
67,4.318854881070552e-05
67,3.990418889025963e-05
67,3.630765727063336e-05
67,3.25689245836747e-05
67,2.8869671174440225e-05
67,2.5409433607992065e-05
67,2.239099673992654e-05
67,1.9979605929702477e-05
67,1.8254922008407257e-05
67,1.7189617733581875e-05
67,1.6676560515900015e-05
67,1.659420791150828e-05
67,1.68738938697619e-05
67,1.7533412979376546e-05
67,1.8663408481497417e-05
67,2.0376319180725598e-05
67,2.274080446538689e-05
67,2.5729442999510072e-05
67,2.9204115172143686e-05
67,3.2946700727590156e-05
67,3.6716605535658005e-05
67,4.029996086160368e-05
67,4.352458516237535e-05
67,4.624412598678829e-05
67,4.831853069798754e-05
67,4.96156079139537e-05
67,5.003526246971002e-05
67,4.953781029686876e-05
67,4.8156948878794376e-05
67,4.5991684297437854e-05
67,4.318462496147819e-05
67,3.989843797104135e-05
67,3.630042055346367e-05
67,3.256063967137614e-05
67,2.886090241296324e-05
67,2.540086303842935e-05
67,2.2383339491034405e-05
67,1.997346437056812e-05
67,1.8250652762714334e-05
67,1.7187296252698378e-05
67,1.667606857132754e-05
67,1.6595386217217424e-05
67,1.6876664858188238e-05
67,1.7537810084436216e-05
67,1.8669508813006184e-05
67,2.0384120110230596e-05
67,2.2750103016982413e-05
67,2.5739778824190776e-05
67,2.921481570570534e-05
67,3.295701404847161e-05
67,3.6725850367654756e-05
67,4.030761265161532e-05
67,4.3530268584524506e-05
67,4.6247555709554815e-05
67,4.831947078081492e-05
67,4.9613885156556214e-05
67,5.0030811639369754e-05
67,4.953070398241512e-05
67,4.8147384704562685e-05
67,4.597993744066085e-05
67,4.317099285913732e-05
67,3.988320288364347e-05
67,3.6283846076782736e-05
67,3.254300297063656e-05
67,2.884254095009956e-05
67,2.5382193230711276e-05
67,2.236481196727176e-05
67,1.9955467044855276e-05
67,1.823342635034627e-05
67,1.7170934032488767e-05
67,1.6660616107612356e-05
67,1.6580981580335934e-05
67,1.6863629752694133e-05
67,1.752663637014415e-05
67,1.8660744612964777e-05
67,2.0378202039367933e-05
67,2.2747199600144184e-05
67,2.5739711624853454e-05
67,2.9217098989661684e-05
67,3.296099497374452e-05
67,3.673087186010283e-05
67,4.0313112287701644e-05
67,4.353578377766418e-05
67,4.6252681260793625e-05
67,4.832384220712397e-05
67,4.961722080399348e-05
67,5.003298444827258e-05
67,4.953178795894704e-05
67,4.814764403221461e-05
67,4.597976528347069e-05
67,4.317082941087646e-05
67,3.9883463714408876e-05
67,3.62848835616187e-05
67,3.254510784133561e-05
67,2.8845964579820666e-05
67,2.538714799628028e-05
67,2.237141630737768e-05
67,1.996365235801959e-05
67,1.8242876774146245e-05
67,1.7181131585342984e-05
67,1.6670998667422655e-05
67,1.6591140243756486e-05
67,1.6873443285106863e-05
67,1.7536280866184923e-05
67,1.8670582971756205e-05
67,2.0388604273501085e-05
67,2.275836428991027e-05
67,2.5751559497836876e-05
67,2.9229283103920983e-05
67,3.297301228584902e-05
67,3.674220005701473e-05
67,4.032328631476847e-05
67,4.354438398847242e-05
67,4.62592821600543e-05
67,4.83279984330451e-05
67,4.961852443187909e-05
67,5.00311618747171e-05
67,4.952677620175944e-05
67,4.813960942891419e-05
67,4.5969068658446014e-05
67,4.315796573317593e-05
67,3.986900595839171e-05
67,3.6269451443299824e-05
67,3.252936613955258e-05
67,2.8830629809742668e-05
67,2.5372959403855088e-05
67,2.235903823727736e-05
67,1.9953529351072298e-05
67,1.8235121325850622e-05
67,1.7175528726820017e-05
67,1.666714482137175e-05
67,1.6588647206493792e-05
67,1.6872102070316826e-05
67,1.7536114471032303e-05
67,1.867178053365214e-05
67,2.039137630888491e-05
67,2.2762782979501242e-05
67,2.5757456077230714e-05
67,2.923625393891147e-05
67,3.298052682706102e-05
67,3.674973907059734e-05
67,4.033042287343226e-05
67,4.35507723819925e-05
67,4.626459676327497e-05
67,4.833189691707518e-05
67,4.9620674059338466e-05
67,5.003130675665771e-05
67,4.952479498102035e-05
67,4.813553113915589e-05
67,4.596304924116226e-05
67,4.3150247679982276e-05
67,3.985988516531278e-05
67,3.625926938394364e-05
67,3.2518532516833624e-05
67,2.881965525173561e-05
67,2.536245246398651e-05
67,2.234962796507582e-05
67,1.9945726851304997e-05
67,1.8229194825598845e-05
67,1.7171477343588053e-05
67,1.6664796116367076e-05
67,1.658781973219621e-05
67,1.6872736577442777e-05
67,1.7538308485460233e-05
67,1.867572118895559e-05
67,2.0397210227845895e-05
67,2.2770482180968585e-05
67,2.576674339678685e-05
67,2.9246630683426823e-05
67,3.299139119527548e-05
67,3.676052512725254e-05
67,4.034067792170972e-05
67,4.356014343725836e-05
67,4.627277069926073e-05
67,4.8338567476897284e-05
67,4.962557084208432e-05
67,5.003425973961892e-05
67,4.952578134279394e-05
67,4.813467294573286e-05
67,4.596056863627212e-05
67,4.314640734112898e-05
67,3.9854941679570206e-05
67,3.6253458451936895e-05
67,3.251209095893693e-05
67,2.8812860720149533e-05
67,2.5355638355047896e-05
67,2.2343137008072354e-05
67,1.9939814083883238e-05
67,1.8223945195187616e-05
67,1.7166810087150678e-05
67,1.666057055630336e-05
67,1.658398148727405e-05
67,1.6869414862137476e-05
67,1.7535811255463486e-05
67,1.867443421231849e-05
67,2.039744541050095e-05
67,2.277233533364442e-05
67,2.5770021997838747e-05
67,2.9250889128490498e-05
67,3.2996056853129694e-05
67,3.676504240065795e-05
67,4.0344589442259805e-05
67,4.356308250999764e-05
67,4.627441177618461e-05
67,4.833860658845804e-05
67,4.962376717184421e-05
67,5.003050840051933e-05
67,4.9520162944482506e-05
67,4.8127449084655587e-05
67,4.595213096582202e-05
67,4.313720890325924e-05
67,3.9845439111901424e-05
67,3.6244084546565204e-05
67,3.2503261755725626e-05
67,2.8804996386366773e-05
67,2.5349155419995244e-05
67,2.2338379824716667e-05
67,1.9936944418821288e-05
67,1.822286329152299e-05
67,1.716718270564883e-05
67,1.666197662906453e-05
67,1.6586103942917716e-05
67,1.6872176166934553e-05
67,1.753938859405576e-05
67,1.8679156066696565e-05
67,2.0403618674290117e-05
67,2.278007329920561e-05
67,2.577914574146779e-05
67,2.9260948277757697e-05
67,3.300645465581715e-05
67,3.677518722881018e-05
67,4.035398376538012e-05
67,4.357131737091277e-05
67,4.628111283375341e-05
67,4.834340792442043e-05
67,4.9626349740833735e-05
67,5.0030676459404646e-05
67,4.951790354183984e-05
67,4.812294080401533e-05
67,4.594570629021814e-05
67,4.3129296412659134e-05
67,3.983651279379024e-05
67,3.6234639475717725e-05
67,3.249382079072425e-05
67,2.8796127155150656e-05
67,2.534145392422022e-05
67,2.233238684041864e-05
67,1.9933013744023657e-05
67,1.8221058845521935e-05
67,1.716728599594322e-05
67,1.6663620578061323e-05
67,1.6588964099369702e-05
67,1.68761162656806e-05
67,1.7544493845934124e-05
67,1.8685652030371872e-05
67,2.041171973843923e-05
67,2.2789825642177993e-05
67,2.579033339133376e-05
67,2.927310796420889e-05
67,3.301898797159153e-05
67,3.678749786011755e-05
67,4.0365555704259603e-05
67,4.3581704313952797e-05
67,4.628988409506104e-05
67,4.835012477346429e-05
67,4.963060701373552e-05
67,5.003218195395793e-05
67,4.9516540328134765e-05
67,4.811877875636666e-05
67,4.593896718476652e-05
67,4.312029885019516e-05
67,3.9825624769110266e-05
67,3.6222258979299716e-05
67,3.248039032961529e-05
67,2.8782162088756967e-05
67,2.532753983227533e-05
67,2.2319108398030224e-05
67,1.9920828462142474e-05
67,1.821018763274265e-05
67,1.7157701212722793e-05
67,1.6655152737898107e-05
67,1.6581467520240996e-05
67,1.6869599280119677e-05
67,1.7539150451067524e-05
67,1.8681790090387354e-05
67,2.04096234307689e-05
67,2.2789610990810803e-05
67,2.579186229764015e-05
67,2.9276006271991714e-05
67,3.302275785832862e-05
67,3.679165454699123e-05
67,4.036970577836379e-05
67,4.358553548239712e-05
67,4.62931096517437e-05
67,4.835245433171361e-05
67,4.963177751045141e-05
67,5.003202309153872e-05
67,4.9515023124557115e-05
67,4.811601711108854e-05
67,4.5935178667990437e-05
67,4.31157506763345e-05
67,3.9820590921681455e-05
67,3.621700653506347e-05
67,3.247519920582448e-05
67,2.8777357949610425e-05
67,2.5323496930652258e-05
67,2.231618726188674e-05
67,1.9919263332438866e-05
67,1.820999450143444e-05
67,1.715868297660414e-05
67,1.6657016796412643e-05
67,1.6583991234041984e-05
67,1.6872747707820898e-05
67,1.7543087194792976e-05
67,1.868678440430381e-05
67,2.041589972564029e-05
67,2.279720399628525e-05
67,2.5800541489262514e-05
67,2.9285308501179147e-05
67,3.303211119983501e-05
67,3.6800519351473055e-05
67,4.037765092007279e-05
67,4.359222373699954e-05
67,4.6298240185509044e-05
67,4.835573639170235e-05
67,4.963296845748222e-05
67,5.0031001464152566e-05
67,4.95118415592078e-05
67,4.8110903012634515e-05
67,4.5928489328487795e-05
67,4.310791075271993e-05
67,3.981203997741906e-05
67,3.6208175280798e-05
67,3.2466518575799026e-05
67,2.8769281115684897e-05
67,2.5316492743387413e-05
67,2.2310672951209553e-05
67,1.9915493981908894e-05
67,1.8207980421400532e-05
67,1.715820854118913e-05
67,1.6657771229109553e-05
67,1.6585742654367058e-05
67,1.68754632738144e-05
67,1.754694078488299e-05
67,1.869205642660194e-05
67,2.042281694136674e-05
67,2.2805785204973283e-05
67,2.5810515917652084e-05
67,2.9296148089884575e-05
67,3.3043159466074604e-05
67,3.6811140098814654e-05
67,4.03873117069137e-05
67,4.360048643749499e-05
67,4.6304706713811816e-05
67,4.836002450783295e-05
67,4.963475161982406e-05
67,5.003008405748598e-05
67,4.9508214609636676e-05
67,4.810474785949138e-05
67,4.592013501872377e-05
67,4.309777262227702e-05
67,3.980056787548552e-05
67,3.6195831412931016e-05
67,3.245378910447819e-05
67,2.8756699194977297e-05
67,2.5304627769172505e-05
67,2.23000517024671e-05
67,1.9906473000550794e-05
67,1.820064664062407e-05
67,1.7152389078253524e-05
67,1.6653167706352835e-05
67,1.6582120933201544e-05
67,1.6872795668148566e-05
67,1.7545433728828436e-05
67,1.8692060818435296e-05
67,2.042466573353734e-05
67,2.2809625701449997e-05
67,2.5816209163643516e-05
67,2.9303283555890425e-05
67,3.3051173108880365e-05
67,3.68194606577325e-05
67,4.0395447695081936e-05
67,4.360802161179414e-05
67,4.631124853638899e-05
67,4.836517973498641e-05
67,4.96381643668056e-05
67,5.00315096475169e-05
67,4.9507575624426345e-05
67,4.810214027979929e-05
67,4.591578999857106e-05
67,4.3092000441032126e-05
67,3.9793711225510455e-05
67,3.618824727649397e-05
67,3.24458640290276e-05
67,2.8748877165594988e-05
67,2.5297406031839503e-05
67,2.2293908463694616e-05
67,1.9901742784201782e-05
67,1.8197417100490413e-05
67,1.715049942041616e-05
67,1.6652326619818315e-05
67,1.658208012121732e-05
67,1.6873482134136342e-05
67,1.7546978443124253e-05
67,1.8694721939583826e-05
67,2.042868716038144e-05
67,2.2815091066511737e-05
67,2.5822955862296515e-05
67,2.9310920334415047e-05
67,3.305918978447131e-05
67,3.682735975957749e-05
67,4.040281691245746e-05
67,4.361451956511949e-05
67,4.631654954212393e-05
67,4.836894980830009e-05
67,4.964010110533051e-05
67,5.0031417546264765e-05
67,4.950542282637518e-05
67,4.809806480226666e-05
67,4.5910060932114876e-05
67,4.308496042673819e-05
67,3.978572728688828e-05
67,3.6179689569196795e-05
67,3.243711809591633e-05
67,2.8740370321010903e-05
67,2.528960511852321e-05
67,2.228725414849609e-05
67,1.9896535365154447e-05
67,1.819372429716173e-05
67,1.7148161807369775e-05
67,1.6651075309243623e-05
67,1.658170234063506e-05
67,1.687394027982783e-05
67,1.754842428308618e-05
67,1.869740846247406e-05
67,2.043282239175374e-05
67,2.2820695766649686e-05
67,2.5829788879688702e-05
67,2.931851164067876e-05
67,3.3066964874779024e-05
67,3.683478109943055e-05
67,4.040945971748794e-05
67,4.3620055470868464e-05
67,4.632068618338269e-05
67,4.8371400658285766e-05
67,4.964061922589482e-05
67,5.0029864946225406e-05
67,4.950182163831517e-05
67,4.8092599130373914e-05
67,4.590303599811942e-05
67,4.307674602185917e-05
67,3.977671218884437e-05
67,3.617026479896976e-05
67,3.242769226306351e-05
67,2.8731395613584467e-05
67,2.528157060545861e-05
67,2.2280613426918294e-05
67,1.9891587323778787e-05
67,1.8190521258612097e-05
67,1.7146522138568762e-05
67,1.6650712892303893e-05
67,1.658240358590971e-05
67,1.6875688994123324e-05
67,1.7551413040793498e-05
67,1.870193947880501e-05
67,2.0439145844501957e-05
67,2.2828852523376738e-05
67,2.5839525793523908e-05
67,2.9329311700120772e-05
67,3.307817564841695e-05
67,3.684576504460797e-05
67,4.041968081297977e-05
67,4.362907331987909e-05
67,4.632810426135009e-05
67,4.837684271754858e-05
67,4.964376764297182e-05
67,5.0030532765018144e-05
67,4.9500004241730255e-05
67,4.808847408545883e-05
67,4.5896917889298866e-05
67,4.306902416510668e-05
67,3.976779924027897e-05
67,3.6160575525618976e-05
67,3.241765659238929e-05
67,2.8721484509864316e-05
67,2.527229058252896e-05
67,2.227243523329175e-05
67,1.9884826200253745e-05
67,1.8185242708556974e-05
67,1.7142551395296345e-05
67,1.6647762742513984e-05
67,1.6580253633827266e-05
67,1.687431769197004e-05
67,1.755101965552967e-05
67,1.8702855224142e-05
67,2.04416778196482e-05
67,2.2833124896286977e-05
67,2.5845386906915883e-05
67,2.9336352296370077e-05
67,3.308584513057426e-05
67,3.6853511934817814e-05
67,4.0427033119505407e-05
67,4.3635630027677853e-05
67,4.633348395937384e-05
67,4.8380662470868534e-05
67,4.964568521828001e-05
67,5.003032372405966e-05
67,4.9497619663824834e-05
67,4.808404670924775e-05
67,4.5890722060365203e-05
67,4.306141624363289e-05
67,3.975916632425573e-05
67,3.6151312711686684e-05
67,3.2408178197438825e-05
67,2.8712248615626006e-05
67,2.5263792737839794e-05
67,2.226513643810609e-05
67,1.9879032175582254e-05
67,1.8181008137215464e-05
67,1.7139687255709962e-05
67,1.6645961600914137e-05
67,1.6579266468523877e-05
67,1.6874084515134523e-05
67,1.755169240631262e-05
67,1.8704713191932888e-05
67,2.0444979117357293e-05
67,2.2837956669434574e-05
67,2.5851580171285922e-05
67,2.93435041571957e-05
67,3.3093434406072315e-05
67,3.686103511782965e-05
67,4.0434078058249236e-05
67,4.3641860263380406e-05
67,4.6338581009872235e-05
67,4.8384299725380545e-05
67,4.964756644824789e-05
67,5.00302573870875e-05
67,4.94955748098967e-05
67,4.8080159034059244e-05
67,4.5885256374615594e-05
67,4.3054711916462506e-05
67,3.975159211707145e-05
67,3.614324918368893e-05
67,3.240003170789776e-05
67,2.8704476257754772e-05
67,2.525689499211372e-05
67,2.225958380847484e-05
67,1.987514341256079e-05
67,1.8178853518376847e-05
67,1.7139094276064118e-05
67,1.6646637133189567e-05
67,1.658096881813906e-05
67,1.687674838711287e-05
67,1.7555446630695292e-05
67,1.8709793017074323e-05
67,2.0451577795453573e-05
67,2.284607947892519e-05
67,2.586096617198891e-05
67,2.935365682960134e-05
67,3.310374531802456e-05
67,3.68709262832128e-05
67,4.04430800142231e-05
67,4.3649598952004e-05
67,4.634472074981925e-05
67,4.83885157635629e-05
67,4.964958020454239e-05
67,5.002990618594423e-05
67,4.949286271107883e-05
67,4.807525786650397e-05
67,4.587846362932807e-05
67,4.3046392600975825e-05
67,3.97421316888313e-05
67,3.613303612245837e-05
67,3.238947341084787e-05
67,2.8694026812841186e-05
67,2.5247051071717497e-05
67,2.2250814844439277e-05
67,1.9867773716319662e-05
67,1.8172969610527334e-05
67,1.713455414167627e-05
67,1.6643194653122447e-05
67,1.657844608582578e-05
67,1.687515842278026e-05
67,1.7555006191502257e-05
67,1.8710827660117815e-05
67,2.0454365047414403e-05
67,2.2850695142618763e-05
67,2.586720098160752e-05
67,2.9361045574806816e-05
67,3.311169206740179e-05
67,3.6878849903331796e-05
67,4.045049571221542e-05
67,4.3656108558133684e-05
67,4.634995935885779e-05
67,4.839212844261542e-05
67,4.965126145637275e-05
67,5.002947305313559e-05
67,4.949030735370428e-05
67,4.807074844032162e-05
67,4.587230028887986e-05
67,4.303894620353599e-05
67,3.9733793054111416e-05
67,3.612419521895659e-05
67,3.238053266981101e-05
67,2.8685427111229963e-05
67,2.5239266258140078e-05
67,2.224428091079445e-05
67,1.9862770855322374e-05
67,1.8169531165769065e-05
67,1.7132479429118893e-05
67,1.6642178341305558e-05
67,1.6578255858347834e-05
67,1.6875762615046752e-05
67,1.755659055498143e-05
67,1.8713702929787892e-05
67,2.0458810546687646e-05
67,2.2856803008626725e-05
67,2.587478841633312e-05
67,2.9369678210405153e-05
67,3.312080346679984e-05
67,3.688788255544257e-05
67,4.0458979803457414e-05
67,4.366365121095869e-05
67,4.635619166061355e-05
67,4.839668365709086e-05
67,4.96538168234134e-05
67,5.002982578001422e-05
67,4.9488430359523176e-05
67,4.8066794392404224e-05
67,4.586656041127318e-05
67,4.3031791022724836e-05
67,3.972562252336189e-05
67,3.6115417431387906e-05
67,3.2371575527846076e-05
67,2.867676179904562e-05
67,2.5231398632526927e-05
67,2.2237677025144403e-05
67,1.985773502716775e-05
67,1.8166111122780565e-05
67,1.7130476307944343e-05
67,1.664127501029945e-05
67,1.6578195691926862e-05
67,1.6876480275160247e-05
67,1.755823333872553e-05
67,1.8716543479093687e-05
67,2.0463095289177462e-05
67,2.2862600222623112e-05
67,2.5881902923253e-05
67,2.937767565348615e-05
67,3.3129129276405066e-05
67,3.689600118835678e-05
67,4.0466450800620874e-05
67,4.3670114986148e-05
67,4.636131256720075e-05
67,4.8400124105626116e-05
67,4.965527547498173e-05
67,5.00291111581847e-05
67,4.948551600505612e-05
67,4.806182418670926e-05
67,4.5859810097770606e-05
67,4.302361241029654e-05
67,3.9716397205801084e-05
67,3.6105538796110776e-05
67,3.236146324986293e-05
67,2.8666887596673006e-05
67,2.522227930083577e-05
67,2.2229800781668697e-05
67,1.985143923116695e-05
67,1.816148552157093e-05
67,1.7127369418393506e-05
67,1.663941735007872e-05
67,1.657737267888623e-05
67,1.6876657469436396e-05
67,1.7559573837387963e-05
67,1.871931921499627e-05
67,2.0467536936452954e-05
67,2.2868749066391985e-05
67,2.588953048146921e-05
67,2.9386312623727205e-05
67,3.313818797214714e-05
67,3.6904916940269133e-05
67,4.047475937204883e-05
67,4.367743955366264e-05
67,4.636730797380857e-05
67,4.840445172523111e-05
67,4.965764098742284e-05
67,5.002933609537075e-05
67,4.9483589365706026e-05
67,4.8057903514702356e-05
67,4.585417912645448e-05
67,4.301662258563669e-05
67,3.97084202149713e-05
67,3.609694872246969e-05
67,3.235265219004851e-05
67,2.865829328008336e-05
67,2.521438075909295e-05
67,2.2223048176884608e-05
67,1.9846135728644503e-05
67,1.8157694705015518e-05
67,1.7124924866951318e-05
67,1.663804727654749e-05
67,1.657687222540936e-05
67,1.687701163678071e-05
67,1.7560971384605122e-05
67,1.8722059859744438e-05
67,2.0471877182166944e-05
67,2.2874750795633267e-05
67,2.5896978759842326e-05
67,2.9394744417977595e-05
67,3.314701548969304e-05
67,3.691357040483275e-05
67,4.048276593739833e-05
67,4.368441189056641e-05
67,4.6372890349116844e-05
67,4.840829681633444e-05
67,4.9659449455968096e-05
67,5.0028929542792825e-05
67,4.9480962762297735e-05
67,4.805322632001019e-05
67,4.58477520748623e-05
67,4.300881755724802e-05
67,3.969963064361202e-05
67,3.6087569504027204e-05
67,3.234309305509707e-05
67,2.8649004105517287e-05
67,2.5205844960221224e-05
67,2.221571087870128e-05
67,1.9840285513286244e-05
67,1.815337307841633e-05
67,1.71219399220128e-05
67,1.6636103393399394e-05
67,1.657574694993039e-05
67,1.6876681609700457e-05
67,1.7561627221684404e-05
67,1.8724012462916155e-05
67,2.047540137798457e-05
67,2.287993116218189e-05
67,2.5903624771661034e-05
67,2.9402417044666068e-05
67,3.315514898457512e-05
67,3.692161379917098e-05
67,4.0490260674094344e-05
67,4.3690979269936805e-05
67,4.6378177002181516e-05
67,4.8411951825862134e-05
67,4.966116522495661e-05
67,5.0028516733835946e-05
67,4.9478404997253707e-05
67,4.804868354234599e-05
67,4.5841519277035376e-05
67,4.300126600758046e-05
67,3.969115889160833e-05
67,3.60785831622866e-05
67,3.233401746236939e-05
67,2.864030838503089e-05
67,2.5198033486340177e-05
67,2.2209248705401736e-05
67,1.98354767455979e-05
67,1.8150266951254996e-05
67,1.7120341817049463e-05
67,1.6635703285733882e-05
67,1.6576296786478943e-05
67,1.6878123451573332e-05
67,1.756411168066701e-05
67,1.8727809232275674e-05
67,2.048074683877429e-05
67,2.288687710957109e-05
67,2.5911954962338837e-05
67,2.9411673747960685e-05
67,3.3164753704479345e-05
67,3.693100732989773e-05
67,4.0498979438515146e-05
67,4.369864173447976e-05
67,4.638442823863106e-05
67,4.841643961455826e-05
67,4.966357971447965e-05
67,5.002866418388761e-05
67,4.947626164144332e-05
67,4.804439875984812e-05
67,4.5835374901757165e-05
67,4.2993618841288983e-05
67,3.968239349736679e-05
67,3.6069093652011794e-05
67,3.2324222112080936e-05
67,2.863067540380812e-05
67,2.5189073819824987e-05
67,2.2201442271649946e-05
67,1.9829150812479617e-05
67,1.8145501156449686e-05
67,1.7116977051676707e-05
67,1.663346721346002e-05
67,1.657497806947981e-05
67,1.687769713990735e-05
67,1.7564755754684406e-05
67,1.8729814302985823e-05
67,2.0484363941698016e-05
67,2.2892167509453923e-05
67,2.591870838039061e-05
67,2.9419436774118162e-05
67,3.317295212741439e-05
67,3.693908725502295e-05
67,4.05064841534119e-05
67,4.3705198310723246e-05
67,4.638969205782467e-05
67,4.842007007834896e-05
67,4.9665278995079704e-05
67,5.002824962656368e-05
67,4.9473718107356984e-05
67,4.803988044591199e-05
67,4.5829163740372834e-05
67,4.298606652135084e-05
67,3.9673874137830965e-05
67,3.605998583759977e-05
67,3.231492401860679e-05
67,2.8621631413586414e-05
67,2.518076862719722e-05
67,2.2194328973934558e-05
67,1.982353175017987e-05
67,1.8141435579483484e-05
67,1.7114292029606327e-05
67,1.6631883823634407e-05
67,1.6574284658009825e-05
67,1.6877872550242045e-05
67,1.756598328135962e-05
67,1.8732389144392673e-05
67,2.048853968699843e-05
67,2.289800568640398e-05
67,2.5925997169789933e-05
67,2.9427720169431097e-05
67,3.3181652802045614e-05
67,3.6947647818710246e-05
67,4.051444397920846e-05
67,4.371218035107104e-05
67,4.6395348202463715e-05
67,4.84240582459845e-05
67,4.966730333112337e-05
67,5.0028133821929066e-05
67,4.947145776155437e-05
67,4.803564407255086e-05
67,4.5823249741968986e-05
67,4.297884354781421e-05
67,3.966573216329066e-05
67,3.605131674057333e-05
67,3.230613543541059e-05
67,2.861317213703853e-05
67,2.517312159286658e-05
67,2.2187938758563536e-05
67,1.981868578314423e-05
67,1.8138173435399246e-05
67,1.711241898155861e-05
67,1.66310999453022e-05
67,1.6574360455501938e-05
67,1.6878773431514238e-05
67,1.7567883542416723e-05
67,1.87355785326463e-05
67,2.049326848551762e-05
67,2.290433288241e-05
67,2.593370832746162e-05
67,2.9436356395309427e-05
67,3.319063374449558e-05
67,3.695641290839805e-05
67,4.052252887991876e-05
67,4.3719203232534865e-05
67,4.6400954680757045e-05
67,4.842789847219503e-05
67,4.966907268856055e-05
67,5.0027647162297697e-05
67,4.94687030324737e-05
67,4.803078470507823e-05
67,4.5816582880567377e-05
67,4.297074139167556e-05
67,3.9656593652930926e-05
67,3.604154836808647e-05
67,3.229616485367746e-05
67,2.8603472644858497e-05
67,2.5164203393282964e-05
67,2.2180273996770366e-05
67,1.9812587094942654e-05
67,1.8133701109761618e-05
67,1.71093935055002e-05
67,1.6629231387471754e-05
67,1.6573425363008402e-05
67,1.687874105028701e-05
67,1.7568931501870164e-05
67,1.8738000543026953e-05
67,2.0497319709666527e-05
67,2.2910077634974983e-05
67,2.5940937081312844e-05
67,2.944461396532258e-05
67,3.3199341974432616e-05
67,3.696501212412751e-05
67,4.0530554838080035e-05
67,4.372627381474554e-05
67,4.640671488672306e-05
67,4.843199711044792e-05
67,4.9671202348349264e-05
67,5.00276176307913e-05
67,4.946649427039438e-05
67,4.8026549004280904e-05
67,4.5810603363610346e-05
67,4.296337399471926e-05
67,3.964821966647867e-05
67,3.603255623545288e-05
67,3.228696497233632e-05
67,2.9450635593936895e-05
