  0.000,0.0
  1.000,0.017212862882709214
  0.000,0.017212862882709214
 2.4690E-05,0.01832406325540953
 4.9380E-05,0.021289736947436487
 7.4070E-05,0.026645702155148786
 9.8760E-05,0.03225326222083532
 1.2345E-04,0.03584449321426997
 1.4814E-04,0.036698086677684115
 1.7283E-04,0.035063868078936924
 1.9752E-04,0.032487825348795664
 2.2221E-04,0.03116397322631777
 2.4690E-04,0.031333827129707205
 2.7159E-04,0.03165974476563527
 2.9628E-04,0.030748728539802015
 3.2097E-04,0.027223833531114065
 3.4566E-04,0.021314307247605385
 3.7035E-04,0.015151748519590126
 3.9504E-04,0.01050008551635055
 4.1973E-04,0.008046124796522284
 4.4442E-04,0.007361289282042089
 4.6911E-04,0.006623391119339539
 4.9380E-04,0.004383129362684569
 5.1849E-04,0.0009852293480369077
 5.4318E-04,-0.0022542918599213276
 5.6787E-04,-0.00363380568169335
 5.9256E-04,-0.0020070967194867227
 6.1725E-04,0.0018742125139798527
 6.4194E-04,0.006175074911282665
 6.6663E-04,0.009446610036745951
 6.9132E-04,0.011167233747312877
 7.1601E-04,0.01224770376859437
 7.4070E-04,0.014435563681053963
 7.6539E-04,0.01860990312140943
 7.9008E-04,0.024217295205770505
 8.1477E-04,0.029722892932819447
 8.3946E-04,0.03332774578154811
 8.6415E-04,0.03429072765289958
 8.8884E-04,0.0335063997227094
 9.1353E-04,0.03254885629688593
 9.3822E-04,0.03257899141130438
 9.6291E-04,0.033629196526145315
 9.8760E-04,0.034390299316247354
 1.0123E-03,0.033244122019282375
 1.0370E-03,0.029608574473151687
 1.0617E-03,0.024220204418445863
 1.0864E-03,0.018726767008937103
 1.1110E-03,0.014718728946856982
 1.1357E-03,0.012523340578286154
 1.1604E-03,0.011151390686753705
 1.1851E-03,0.00922846990109607
 1.2098E-03,0.005937675410559609
 1.2345E-03,0.0017463181766646813
 1.2592E-03,-0.0017820428241300738
 1.2839E-03,-0.003169854558981439
 1.3086E-03,-0.0019907986554906637
 1.3333E-03,0.0009229088953498213
 1.3579E-03,0.003992047651997467
 1.3826E-03,0.00603237271760261
 1.4073E-03,0.007105906155342086
 1.4320E-03,0.008324685150419422
 1.4567E-03,0.01098307162805257
 1.4814E-03,0.01558507977700703
 1.5061E-03,0.021324946714458535
 1.5308E-03,0.0265755010512791
 1.5555E-03,0.0299979916571802
 1.5802E-03,0.0313402558041713
 1.6048E-03,0.03151816093631624
 1.6295E-03,0.031911296268238895
 1.6542E-03,0.03325706623285246
 1.6789E-03,0.03508960111836384
 1.7036E-03,0.036101976064002575
 1.7283E-03,0.035048493051999786
 1.7530E-03,0.0316653284639559
 1.7777E-03,0.026927356607909337
 1.8024E-03,0.022364557786926892
 1.8271E-03,0.019046845018321476
 1.8517E-03,0.01694745338682927
 1.8764E-03,0.015048135106900389
 1.9011E-03,0.012190737095105809
 1.9258E-03,0.008040101734592808
 1.9505E-03,0.003393853258578404
 1.9752E-03,-0.00030192181126992247
 1.9999E-03,-0.001890052049368822
 2.0246E-03,-0.001280617974268811
 2.0493E-03,0.0005423645389367152
 2.0740E-03,0.002273599627045312
 2.0987E-03,0.003204407304897849
 2.1233E-03,0.0037003224142395093
 2.1480E-03,0.004899167432450217
 2.1727E-03,0.007812080936053207
 2.1974E-03,0.012519986405481777
 2.2221E-03,0.018041506623284926
 2.2468E-03,0.022927500361114076
 2.2715E-03,0.02619127610896173
 2.2962E-03,0.027912930339156324
 2.3209E-03,0.029058017292637208
 2.3456E-03,0.030680830398127065
 2.3702E-03,0.03309695804731806
 2.3949E-03,0.035591644491387235
 2.4196E-03,0.036895683793522
 2.4443E-03,0.036086661298593024
 2.4690E-03,0.033239879891245945
 2.4937E-03,0.029385715131353508
 2.5184E-03,0.02581324353045996
 2.5431E-03,0.023203085096777994
 2.5678E-03,0.021227736043435117
 2.5925E-03,0.018898106970003048
 2.6171E-03,0.015377893028318176
 2.6418E-03,0.01068858748107714
 2.6665E-03,0.0057991813999664155
 2.6912E-03,0.002024086192701069
 2.7159E-03,0.00017539977067746078
 2.7406E-03,7.526519137200557e-05
 2.7653E-03,0.0007549669250069024
 2.7900E-03,0.0011980713912116128
 2.8147E-03,0.0010931687638236543
 2.8394E-03,0.0010465970024311666
 2.8640E-03,0.0021161657877239986
 2.8887E-03,0.005009913472386227
 2.9134E-03,0.009516916632492883
 2.9381E-03,0.014583073460653854
 2.9628E-03,0.018979254436606526
 2.9875E-03,0.02207530979397902
 3.0122E-03,0.024175052395776154
 3.0369E-03,0.026183182207219487
 3.0616E-03,0.02884578235767701
 3.0863E-03,0.03212154864911617
 3.1109E-03,0.035139255249721425
 3.1356E-03,0.036763922149929795
 3.1603E-03,0.036367614522704025
 3.1850E-03,0.0342538096807613
 3.2097E-03,0.03142927035490192
 3.2344E-03,0.028897440361252344
 3.2591E-03,0.026986101346654544
 3.2838E-03,0.02518361420563036
 3.3085E-03,0.022595159353562
 3.3332E-03,0.01868377197538893
 3.3578E-03,0.013754507925273819
 3.3825E-03,0.008835763828856204
 3.4072E-03,0.005046736893912595
 3.4319E-03,0.0029013966410805555
 3.4566E-03,0.0020433238861766127
 3.4813E-03,0.0015922896892974253
 3.5060E-03,0.0008424528207400088
 3.5307E-03,-0.0001910534260125016
 3.5554E-03,-0.0007666169705662033
 3.5800E-03,4.673640328591532e-05
 3.6047E-03,0.0026796969316957324
 3.6294E-03,0.006715801738553372
 3.6541E-03,0.011131375966695709
 3.6788E-03,0.014949920087864211
 3.7035E-03,0.01784478788144708
 3.7282E-03,0.020261811095007368
 3.7529E-03,0.022983236073181104
 3.7776E-03,0.026455767359008096
 3.8023E-03,0.030369111404273855
 3.8269E-03,0.03378955299042884
 3.8516E-03,0.035753357300626315
 3.8763E-03,0.03589322807686004
 3.9010E-03,0.03465100330780697
 3.9257E-03,0.032930319273144854
 3.9504E-03,0.03144424196412737
 3.9751E-03,0.030229074499758646
 3.9998E-03,0.02867036022551002
 4.0245E-03,0.026014211469022983
 4.0492E-03,0.021990029620051914
 4.0738E-03,0.017094315709717974
 4.0985E-03,0.01233137952368047
 4.1232E-03,0.008598852362773654
 4.1479E-03,0.006157335999542337
 4.1726E-03,0.004556108953299808
 4.1973E-03,0.0030579726744108995
 4.2220E-03,0.0012508588749938875
 4.2467E-03,-0.0005965169511247615
 4.2714E-03,-0.001688833172815852
 4.2961E-03,-0.001254055060418276
 4.3207E-03,0.0009059747083011358
 4.3454E-03,0.004256670619801201
 4.3701E-03,0.007874372552282802
 4.3948E-03,0.011044672464380054
 4.4195E-03,0.013688867278587891
 4.4442E-03,0.016318867217300262
 4.4689E-03,0.0195607288774162
 4.4936E-03,0.023596103184121427
 4.5183E-03,0.027926840302741514
 4.5430E-03,0.03163301862146256
 4.5676E-03,0.03394038281731594
 4.5923E-03,0.03469229493956968
 4.6170E-03,0.034391563166254156
 4.6417E-03,0.033788824824199044
 4.6664E-03,0.033319379258985427
 4.6911E-03,0.032794503134259766
 4.7158E-03,0.03156577052098072
 4.7405E-03,0.02903900578663941
 4.7652E-03,0.02516383332305057
 4.7899E-03,0.020545370560247963
 4.8145E-03,0.016099027857562478
 4.8392E-03,0.012496883322799631
 4.8639E-03,0.009799427353650256
 4.8886E-03,0.007528647030050638
 4.9133E-03,0.005120167793885333
 4.9380E-03,0.002422786696769322
 4.9627E-03,-0.00011593319778265866
 4.9874E-03,-0.001710636753926886
 5.0121E-03,-0.0017572058000483082
 5.0368E-03,-0.00023880899468009748
 5.0614E-03,0.002267995095562685
 5.0861E-03,0.0049874936593048945
 5.1108E-03,0.007455685792536866
 5.1355E-03,0.009783900438090354
 5.1602E-03,0.012491764568132988
 5.1849E-03,0.016036434668538026
 5.2096E-03,0.02038143616871086
 5.2343E-03,0.024917544717485394
 5.2590E-03,0.02879433386600797
 5.2837E-03,0.03142664261527269
 5.3083E-03,0.032816120964507964
 5.3330E-03,0.03346284765024901
 5.3577E-03,0.03393756311388889
 5.3824E-03,0.03442730009023329
 5.4071E-03,0.03458231594846136
 5.4318E-03,0.03377202577350879
 5.4565E-03,0.03156249209548488
 5.4812E-03,0.028069897476702646
 5.5059E-03,0.02393586277560452
 5.5306E-03,0.01994384689167719
 5.5552E-03,0.016552140062037302
 5.5799E-03,0.013674297064270723
 5.6046E-03,0.010856337728197617
 5.6293E-03,0.007714741557189631
 5.6540E-03,0.004314541898044453
 5.6787E-03,0.0012135051623938294
 5.7034E-03,-0.0008593801793451996
 5.7281E-03,-0.0014609756639317548
 5.7528E-03,-0.0007021195608198987
 5.7775E-03,0.0008601528224067136
 5.8021E-03,0.0026246187729209456
 5.8268E-03,0.004352584596078682
 5.8515E-03,0.006289962051020535
 5.8762E-03,0.00892210622464369
 5.9009E-03,0.012542785215642987
 5.9256E-03,0.016950447540220792
 5.9503E-03,0.02149187419509296
 5.9750E-03,0.025423857908937645
 5.9997E-03,0.028336466212928985
 6.0244E-03,0.030338910215862592
 6.0490E-03,0.03188120836434681
 6.0737E-03,0.03334683391322046
 6.0984E-03,0.034713987834189136
 6.1231E-03,0.03553040650344721
 6.1478E-03,0.035218797657947984
 6.1725E-03,0.033491782471269896
 6.1972E-03,0.030577598914052394
 6.2219E-03,0.027095639017024546
 6.2466E-03,0.023673054898247566
 6.2713E-03,0.020577304082786393
 6.2959E-03,0.017623842288658747
 6.3206E-03,0.014417593566829694
 6.3453E-03,0.010747157447701876
 6.3700E-03,0.006843413068697131
 6.3947E-03,0.0033145050385613188
 6.4194E-03,0.0008029725857110833
 6.4441E-03,-0.00039112704482846083
 6.4688E-03,-0.0004556484388541076
 6.4935E-03,0.00011779624441707705
 6.5182E-03,0.0009108415740646395
 6.5428E-03,0.0018763785540628721
 6.5675E-03,0.003345653946674567
 6.5922E-03,0.00574322916630781
 6.6169E-03,0.009218048358407215
 6.6416E-03,0.01345758437546134
 6.6663E-03,0.01781980691672787
 6.6910E-03,0.021690342351384798
 6.7157E-03,0.024812201214702973
 6.7404E-03,0.02735695577945324
 6.7651E-03,0.02969323681679445
 6.7897E-03,0.03202559119203453
 6.8144E-03,0.03416775387832913
 6.8391E-03,0.03561514895240083
 6.8638E-03,0.03586480569134341
 6.8885E-03,0.03475294874318879
 6.9132E-03,0.03256883680602941
 6.9379E-03,0.029865429761953097
 6.9626E-03,0.027104972052794996
 6.9873E-03,0.024393382661233972
 7.0120E-03,0.021489801881708355
 7.0366E-03,0.018077789918191
 7.0613E-03,0.014097039963378282
 7.0860E-03,0.00989307085440628
 7.1107E-03,0.006075273031307796
 7.1354E-03,0.0031835311209233983
 7.1601E-03,0.0013991373552320432
 7.1848E-03,0.0005014081275195261
 7.2095E-03,9.447191035440687e-05
 7.2342E-03,-6.329828576527431e-05
 7.2589E-03,0.00013473386628333456
 7.2835E-03,0.0010640018880943454
 7.3082E-03,0.0030752636604050552
 7.3329E-03,0.006199627787798362
 7.3576E-03,0.010064504805345889
 7.3823E-03,0.014081479906372749
 7.4070E-03,0.017773316586536574
 7.4317E-03,0.02100939156441548
 7.4564E-03,0.02398639625763651
 7.4811E-03,0.026975006953342016
 7.5058E-03,0.030020703967501363
 7.5304E-03,0.03281796078051254
 7.5551E-03,0.03485060185452053
 7.5798E-03,0.03569901476034134
 7.6045E-03,0.0352952088177129
 7.6292E-03,0.03394508999282819
 7.6539E-03,0.032105231803118556
 7.6786E-03,0.030076811865686184
 7.7033E-03,0.027835993767576315
 7.7280E-03,0.025118826016475096
 7.7527E-03,0.02169426902235937
 7.7773E-03,0.017624243264978256
 7.8020E-03,0.013320589864856017
 7.8267E-03,0.009356092433206618
 7.8514E-03,0.006162907401377565
 7.8761E-03,0.0038303446398524213
 7.9008E-03,0.0021404652349706083
 7.9255E-03,0.000809114611751474
 7.9502E-03,-0.00024546983841166356
 7.9749E-03,-0.0008012896905696737
 7.9996E-03,-0.0004709738860497254
 8.0243E-03,0.0010203092939440076
 8.0489E-03,0.0036170248241491794
 8.0736E-03,0.006931279523592456
 8.0983E-03,0.010458115898421976
 8.1230E-03,0.013855407469503254
 8.1477E-03,0.017091426146112126
 8.1724E-03,0.020359835823376138
 8.1971E-03,0.02382947741787536
 8.2218E-03,0.02741420314689655
 8.2465E-03,0.030732136621140247
 8.2711E-03,0.03328654321942005
 8.2958E-03,0.03474101463539294
 8.3205E-03,0.035094350166154024
 8.3452E-03,0.0346333263169805
 8.3699E-03,0.0337012686209129
 8.3946E-03,0.03245124248441869
 8.4193E-03,0.030760956643791568
 8.4440E-03,0.02836767916964375
 8.4687E-03,0.025122234414006097
 8.4934E-03,0.021176034799448202
 8.5181E-03,0.016964441106963744
 8.5427E-03,0.012996675252139857
 8.5674E-03,0.009600358109481205
 8.5921E-03,0.00679897200655885
 8.6168E-03,0.004403320663633932
 8.6415E-03,0.0022445832226041405
 8.6662E-03,0.00037680984394056574
 8.6909E-03,-0.0008989247076147955
 8.7156E-03,-0.0012068216497079524
 8.7403E-03,-0.0003420649924252635
 8.7650E-03,0.0015849842362175093
 8.7896E-03,0.004207861696715121
 8.8143E-03,0.007123305772745756
 8.8390E-03,0.010114843485269833
 8.8637E-03,0.01322379203836427
 8.8884E-03,0.016621853131766968
 8.9131E-03,0.020382291570752678
 8.9378E-03,0.02431880813458165
 8.9625E-03,0.028011631126096836
 8.9872E-03,0.031005434276729246
 9.0119E-03,0.03304046880436473
 9.0365E-03,0.034155044997045414
 9.0612E-03,0.03459048759032196
 9.0859E-03,0.034571335379226166
 9.1106E-03,0.03412154385541328
 9.1353E-03,0.03304909999988876
 9.1600E-03,0.031108390007972195
 9.1847E-03,0.02822112597030947
 9.2094E-03,0.024594936955993824
 9.2341E-03,0.020653022240331203
 9.2587E-03,0.01682394411499847
 9.2834E-03,0.013339535927854874
 9.3081E-03,0.01018075265183976
 9.3328E-03,0.007203593016818088
 9.3575E-03,0.00434824029460726
 9.3822E-03,0.0017765176913604507
 9.4069E-03,-0.00016383696140945042
 9.4316E-03,-0.0011242073531291471
 9.4563E-03,-0.0009586669295876172
 9.4810E-03,0.0001972303893634813
 9.5057E-03,0.002026257405999271
 9.5303E-03,0.004234982130902504
 9.5550E-03,0.0067183259868580595
 9.5797E-03,0.009568087059602298
 9.6044E-03,0.012923598186948191
 9.6291E-03,0.01677622607721316
 9.6538E-03,0.020872040899235562
 9.6785E-03,0.02478605831998335
 9.7032E-03,0.028118371766414723
 9.7279E-03,0.030675534056158166
 9.7526E-03,0.03251185937832249
 9.7772E-03,0.033806335708903776
 9.8019E-03,0.03466839996212336
 9.8266E-03,0.035015289177602694
 9.8513E-03,0.03461016356108634
 9.8760E-03,0.033233110029469506
 9.9007E-03,0.030861092920881288
 9.9254E-03,0.027726749797733246
 9.9501E-03,0.024213298612061927
 9.9748E-03,0.0206599556274392
 9.9995E-03,0.01721469739969686
 1.0024E-02,0.013835006055831746
 1.0049E-02,0.010429763330897722
 1.0074E-02,0.007034452861779537
 1.0098E-02,0.0038893220667118467
 1.0123E-02,0.0013612393360628904
 1.0148E-02,-0.00023733689559164218
 1.0172E-02,-0.0008055856615614949
 1.0197E-02,-0.0004788194527122052
 1.0222E-02,0.0004937649200313026
 1.0246E-02,0.001928374268037048
 1.0271E-02,0.003814483524580894
 1.0296E-02,0.006275990411082356
 1.0320E-02,0.009416738336651867
 1.0345E-02,0.013164622862100574
 1.0370E-02,0.017229266354305998
 1.0394E-02,0.021206781158247784
 1.0419E-02,0.02476013308926215
 1.0444E-02,0.027750204198481853
 1.0469E-02,0.03022884103069455
 1.0493E-02,0.0323045618583646
 1.0518E-02,0.03398240837372945
 1.0543E-02,0.03509651246758565
 1.0567E-02,0.0353856838156212
 1.0592E-02,0.03465842920793141
 1.0617E-02,0.032929180436989544
 1.0641E-02,0.030428316533661442
 1.0666E-02,0.027479161992612033
 1.0691E-02,0.0243296862806152
 1.0715E-02,0.021057192776819878
 1.0740E-02,0.01760985132723942
 1.0765E-02,0.013949648579864816
 1.0790E-02,0.010188801535839632
 1.0814E-02,0.0066174366415895965
 1.0839E-02,0.0035992806497926466
 1.0864E-02,0.001406825664317781
 1.0888E-02,0.0001100758368198652
 1.0913E-02,-0.000406053110214188
 1.0938E-02,-0.00031241503272332993
 1.0962E-02,0.00031018765576605297
 1.0987E-02,0.001528115890419064
 1.1012E-02,0.0034834235748157946
 1.1036E-02,0.0062470558687351034
 1.1061E-02,0.009704168117799186
 1.1086E-02,0.013556015334491153
 1.1111E-02,0.01743970053449015
 1.1135E-02,0.021083439582331265
 1.1160E-02,0.024390589452619585
 1.1185E-02,0.027397652230015418
 1.1209E-02,0.03014214519622929
 1.1234E-02,0.032540311215548054
 1.1259E-02,0.03436635662527097
 1.1283E-02,0.03535076183930618
 1.1308E-02,0.03532890729708978
 1.1333E-02,0.034334872239524354
 1.1357E-02,0.03257463828152718
 1.1382E-02,0.03029916235930381
 1.1407E-02,0.027668421364275105
 1.1431E-02,0.024702037300581292
 1.1456E-02,0.021348099678202274
 1.1481E-02,0.017616054052594803
 1.1506E-02,0.013673710196534194
 1.1530E-02,0.00983487900094644
 1.1555E-02,0.006443034224137017
 1.1580E-02,0.0037305719094935367
 1.1604E-02,0.001749806446862435
 1.1629E-02,0.0004198587825462875
 1.1654E-02,-0.00034897041577440046
 1.1678E-02,-0.0005457922042354807
 1.1703E-02,-4.456976934410649e-05
 1.1728E-02,0.0013051593646885018
 1.1752E-02,0.003548036996274733
 1.1777E-02,0.006547410864816829
 1.1802E-02,0.010019964078505372
 1.1827E-02,0.01365763319924306
 1.1851E-02,0.017252606485899376
 1.1876E-02,0.020740215609329815
 1.1901E-02,0.024134307920769156
 1.1925E-02,0.027407038062613985
 1.1950E-02,0.03040439501395767
 1.1975E-02,0.032862236269753986
 1.1999E-02,0.03451463524897562
 1.2024E-02,0.03521960845725965
 1.2049E-02,0.03501467949492332
 1.2073E-02,0.03406500450446913
 1.2098E-02,0.03254331867134157
 1.2123E-02,0.030528507249064543
 1.2147E-02,0.02799434202857393
 1.2172E-02,0.024893568484518642
 1.2197E-02,0.02127328787359374
 1.2222E-02,0.017335152493065845
 1.2246E-02,0.01339383732440792
 1.2271E-02,0.00976018143016286
 1.2296E-02,0.0066286624888924495
 1.2320E-02,0.004044713283638111
 1.2345E-02,0.0019696410297115117
 1.2370E-02,0.000391469371609893
 1.2394E-02,-0.0006015318204057158
 1.2419E-02,-0.0008395543814957477
 1.2444E-02,-0.000169865624294404
 1.2468E-02,0.0014347946167492078
 1.2493E-02,0.003835409900344562
 1.2518E-02,0.0067829359398155695
 1.2543E-02,0.010032564313473014
 1.2567E-02,0.01343677393390725
 1.2592E-02,0.01695448040493557
 1.2617E-02,0.020574648295514354
 1.2641E-02,0.024214320841325583
 1.2666E-02,0.02766905085976816
 1.2691E-02,0.03065558101993325
 1.2715E-02,0.03292000437402782
 1.2740E-02,0.034337467645633585
 1.2765E-02,0.034935525727160334
 1.2789E-02,0.0348278739495206
 1.2814E-02,0.0341087715110982
 1.2839E-02,0.03278525486222242
 1.2863E-02,0.03079537622147149
 1.2888E-02,0.02809753063870226
 1.2913E-02,0.02476418724122602
 1.2938E-02,0.021010064410470118
 1.2962E-02,0.017131825448128312
 1.2987E-02,0.013399393570309852
 1.3012E-02,0.00997265130181699
 1.3036E-02,0.006897969284314506
 1.3061E-02,0.004181289143721618
 1.3086E-02,0.0018800731921735305
 1.3110E-02,0.00014406221035848945
 1.3135E-02,-0.0008272882107984386
 1.3160E-02,-0.0008822913117166488
 1.3184E-02,-1.338934220279078e-06
 1.3209E-02,0.0016908901162320646
 1.3234E-02,0.003993287062216902
 1.3259E-02,0.006728073495775245
 1.3283E-02,0.009802953826606611
 1.3308E-02,0.01319447087814924
 1.3333E-02,0.016868753098376495
 1.3357E-02,0.02070104158589106
 1.3382E-02,0.024456168867654456
 1.3407E-02,0.027848268493973538
 1.3431E-02,0.030641107192098834
 1.3456E-02,0.03272137477560831
 1.3481E-02,0.03409674883878211
 1.3505E-02,0.034824313363541776
 1.3530E-02,0.03492409569309723
 1.3555E-02,0.034341807760933644
 1.3579E-02,0.03298803025408031
 1.3604E-02,0.030824994092375654
 1.3629E-02,0.02793728618054278
 1.3654E-02,0.02453407719523837
 1.3678E-02,0.020879289222568147
 1.3703E-02,0.01719703484774055
 1.3728E-02,0.013616169038421302
 1.3752E-02,0.010188593680030287
 1.3777E-02,0.0069625822797288826
 1.3802E-02,0.00405330201460869
 1.3826E-02,0.0016556078494632418
 1.3851E-02,-1.3561792165819745e-05
 1.3876E-02,-0.0008049209743670261
 1.3900E-02,-0.0006972490718481554
 1.3925E-02,0.00021225213691140866
 1.3950E-02,0.0017790076430148558
 1.3975E-02,0.0038922221570306865
 1.3999E-02,0.006509142325372398
 1.4024E-02,0.009620382098897415
 1.4049E-02,0.01317455031079821
 1.4073E-02,0.017019996500316624
 1.4098E-02,0.020909378767643587
 1.4123E-02,0.024567885275787404
 1.4147E-02,0.027780575744337208
 1.4172E-02,0.030440918014862983
 1.4197E-02,0.03253061083855045
 1.4221E-02,0.03404987160244762
 1.4246E-02,0.034952146635936744
 1.4271E-02,0.035132821138172746
 1.4296E-02,0.03448146181285978
 1.4320E-02,0.0329605127672769
 1.4345E-02,0.03065376357074328
 1.4370E-02,0.02774919704927785
 1.4394E-02,0.024467332081320986
 1.4419E-02,0.02098425098662437
 1.4444E-02,0.017400969067442124
 1.4468E-02,0.013776405868772499
 1.4493E-02,0.010195091926139054
 1.4518E-02,0.006816040852721658
 1.4542E-02,0.0038633100768398687
 1.4567E-02,0.0015610790366369864
 1.4592E-02,5.600685716290548e-05
 1.4616E-02,-0.0006212501157967711
 1.4641E-02,-0.0005312616749255921
 1.4666E-02,0.00024184264306036866
 1.4691E-02,0.0016511861293561914
 1.4715E-02,0.0036977717808557645
 1.4740E-02,0.006384823281223287
 1.4765E-02,0.009650926428029076
 1.4789E-02,0.013332760007257985
 1.4814E-02,0.01718740514280283
 1.4839E-02,0.020962004056475508
 1.4863E-02,0.024465167351956044
 1.4888E-02,0.027593802222431553
 1.4913E-02,0.030301288182647965
 1.4937E-02,0.03253484361685723
 1.4962E-02,0.03419137371120649
 1.4987E-02,0.03512683637299318
 1.5012E-02,0.03521473141110941
 1.5036E-02,0.034413248897622296
 1.5061E-02,0.03279383129069037
 1.5086E-02,0.030511078237282635
 1.5110E-02,0.02773523583276531
 1.5135E-02,0.024594165706964856
 1.5160E-02,0.021163492920382637
 1.5184E-02,0.017507923612645523
 1.5209E-02,0.013739463995883043
 1.5234E-02,0.010046174072550406
 1.5258E-02,0.006666494876963252
 1.5283E-02,0.003823352930044805
 1.5308E-02,0.0016609553504437205
 1.5332E-02,0.0002251150746558426
 1.5357E-02,-0.0005030097428550368
 1.5382E-02,-0.0005473189571844892
 1.5407E-02,0.00010388522456336374
 1.5431E-02,0.0014897675625729083
 1.5456E-02,0.003626306034887738
 1.5481E-02,0.006450660667367667
 1.5505E-02,0.009802287388573878
 1.5530E-02,0.013456819839695263
 1.5555E-02,0.017191686156298548
 1.5579E-02,0.020840499560939345
 1.5604E-02,0.024302010183599822
 1.5629E-02,0.027502376505398895
 1.5653E-02,0.030342937618487813
 1.5678E-02,0.032675581877470716
 1.5703E-02,0.03432727215636402
 1.5728E-02,0.03515926442652703
 1.5752E-02,0.03512104086269185
 1.5777E-02,0.03426226173805726
 1.5802E-02,0.032695574912820914
 1.5826E-02,0.03053747864162578
 1.5851E-02,0.027868909900881127
 1.5876E-02,0.024741689048034133
 1.5900E-02,0.02122293284315963
 1.5925E-02,0.01744169901093699
 1.5950E-02,0.013600355433021852
 1.5974E-02,0.009938435131455939
 1.5999E-02,0.006670619774246291
 1.6024E-02,0.003938664790950385
 1.6049E-02,0.0018068024754690003
 1.6073E-02,0.0002991660797118166
 1.6098E-02,-0.0005515883582708606
 1.6123E-02,-0.0006821653504471053
 1.6147E-02,-2.052647855359745e-05
 1.6172E-02,0.001463225785218335
 1.6197E-02,0.0037135307493868044
 1.6221E-02,0.006585442566521382
 1.6246E-02,0.00988451007204715
 1.6271E-02,0.013424467249704506
 1.6295E-02,0.017064983143911937
 1.6320E-02,0.020706853738146024
 1.6345E-02,0.024253027475447102
 1.6369E-02,0.027568436034604092
 1.6394E-02,0.030472187045581075
 1.6419E-02,0.03277200546954261
 1.6444E-02,0.03432002397806466
 1.6468E-02,0.03505327866930985
 1.6493E-02,0.03499280297310204
 1.6518E-02,0.03420429952545555
 1.6542E-02,0.03274997789869151
 1.6567E-02,0.03066621014967589
 1.6592E-02,0.02798179665590045
 1.6616E-02,0.024761417678167752
 1.6641E-02,0.021140107969305127
 1.6666E-02,0.01732067307421918
 1.6690E-02,0.013532231950584667
 1.6715E-02,0.009975469147589951
 1.6740E-02,0.006789115830147162
 1.6765E-02,0.00405654761170623
 1.6789E-02,0.0018426981968643723
 1.6814E-02,0.00023036813774236493
 1.6839E-02,-0.0006736123577368831
 1.6863E-02,-0.0007693265594768296
 1.6888E-02,-1.1375936390109432e-05
 1.6913E-02,0.0015599210464632062
 1.6937E-02,0.003825791005654475
 1.6962E-02,0.006630175655029222
 1.6987E-02,0.009827092118019798
 1.7011E-02,0.01330317153325602
 1.7036E-02,0.016963099278331468
 1.7061E-02,0.020692879002099155
 1.7085E-02,0.024331983163580533
 1.7110E-02,0.027679048895027505
 1.7135E-02,0.03053155284650471
 1.7160E-02,0.03273532077875997
 1.7184E-02,0.03421243921009563
 1.7209E-02,0.03495128525754281
 1.7234E-02,0.034968968479247055
 1.7258E-02,0.03427532614125125
 1.7283E-02,0.03286528555167636
 1.7308E-02,0.03074481125470516
 1.7332E-02,0.027970531897293465
 1.7357E-02,0.02467260717949453
 1.7382E-02,0.021041889315552047
 1.7406E-02,0.017287484554821653
 1.7431E-02,0.013591329366685482
 1.7456E-02,0.01008776676721421
 1.7481E-02,0.006877650502331897
 1.7505E-02,0.004061694537240728
 1.7530E-02,0.0017644186321575384
 1.7555E-02,0.00012748782878870815
 1.7579E-02,-0.0007260975693884577
 1.7604E-02,-0.0007340001577340558
 1.7629E-02,8.52547708094602e-05
 1.7653E-02,0.0016469992178131867
 1.7678E-02,0.003839184934505726
 1.7703E-02,0.0065582994244315004
 1.7727E-02,0.00971879985408327
 1.7752E-02,0.013232421410949656
 1.7777E-02,0.016976015128580352
 1.7801E-02,0.020775205552324753
 1.7826E-02,0.024420032964537236
 1.7851E-02,0.027705927673580343
 1.7876E-02,0.0304752527303922
 1.7900E-02,0.03263420263531139
 1.7925E-02,0.034137290474022614
 1.7950E-02,0.034954373969373044
 1.7974E-02,0.03504682956153926
 1.7999E-02,0.03437182362153091
 1.8024E-02,0.03291235377691405
 1.8048E-02,0.030711287580060472
 1.8073E-02,0.027884002928805923
 1.8098E-02,0.024598914613849044
 1.8122E-02,0.021037447683330174
 1.8147E-02,0.01735885263678532
 1.8172E-02,0.01369087762845045
 1.8197E-02,0.010148128011911246
 1.8221E-02,0.006859895014914937
 1.8246E-02,0.003982669137686705
 1.8271E-02,0.001683975605820536
 1.8295E-02,0.00010517912494404551
 1.8320E-02,-0.000673617014169409
 1.8345E-02,-0.0006444770186908981
 1.8369E-02,0.00014714156914784782
 1.8394E-02,0.0016360909160686114
 1.8419E-02,0.0037619459916162813
 1.8443E-02,0.006467791496067499
 1.8468E-02,0.009676454834719163
 1.8493E-02,0.01326421318350381
 1.8517E-02,0.01705439316264487
 1.8542E-02,0.020839477243468685
 1.8567E-02,0.024420278301868364
 1.8592E-02,0.02763880594638677
 1.8616E-02,0.030386120456258013
 1.8641E-02,0.0325843109582742
 1.8666E-02,0.034159874305212445
 1.8690E-02,0.03503120412730591
 1.8715E-02,0.03512184162662181
 1.8740E-02,0.03439169301735502
 1.8764E-02,0.03286466006388024
 1.8789E-02,0.03063293634021241
 1.8814E-02,0.027834186646899024
 1.8838E-02,0.024616372695465943
 1.8863E-02,0.02111280933850955
 1.8888E-02,0.017441691163729442
 1.8913E-02,0.013726038973310706
 1.8937E-02,0.010115029868370089
 1.8962E-02,0.006786685951096175
 1.8987E-02,0.003925432411112905
 1.9011E-02,0.0016862343826615964
 1.9036E-02,0.00016683348485165591
 1.9061E-02,-0.0005958580738170161
 1.9085E-02,-0.0006058130648607242
 1.9110E-02,0.00011909965223394785
 1.9135E-02,0.0015607724713996587
 1.9159E-02,0.0036915431686575764
 1.9184E-02,0.006449763056162751
 1.9209E-02,0.009719793914906504
 1.9234E-02,0.013333533230739564
 1.9258E-02,0.017095807377455197
 1.9283E-02,0.02081948685895473
 1.9308E-02,0.02434973027693479
 1.9332E-02,0.027564890431826125
 1.9357E-02,0.03035840553207638
 1.9382E-02,0.03261936650214442
 1.9406E-02,0.03422984214457647
 1.9431E-02,0.03508428409909834
 1.9456E-02,0.03511970518538538
 1.9480E-02,0.03433683492219264
 1.9505E-02,0.032798177623515834
 1.9530E-02,0.030604632771869134
 1.9554E-02,0.027866718776977738
 1.9579E-02,0.024689193958382986
 1.9604E-02,0.021177190007921495
 1.9629E-02,0.01745572079608997
 1.9653E-02,0.01368435053794905
 1.9678E-02,0.010052061655555297
 1.9703E-02,0.006751465257303801
 1.9727E-02,0.003946230157388378
 1.9752E-02,0.0017504486831733121
 1.9777E-02,0.00023029267717932607
 1.9801E-02,-0.0005771306339416115
 1.9826E-02,-0.0006442710875516823
 1.9851E-02,5.107502171670085e-05
 1.9875E-02,0.0015107772634165534
 1.9900E-02,0.003693031115903283
 1.9925E-02,0.00649838501638246
 1.9950E-02,0.009776987613641853
 1.9974E-02,0.013354549109281522
 1.9999E-02,0.017061921921494777
 2.0024E-02,0.020751326524574475
 2.0048E-02,0.024292327227690272
 2.0073E-02,0.02755540038191538
 2.0098E-02,0.030399746115897245
 2.0122E-02,0.0326786019659746
 2.0147E-02,0.03426224617434965
 2.0172E-02,0.035065594348307375
 2.0196E-02,0.03506336463373725
 2.0221E-02,0.03428400039250909
 2.0246E-02,0.032787929256592095
 2.0270E-02,0.030645942774366282
 2.0295E-02,0.027932249837254196
 2.0320E-02,0.02473513625327854
 2.0345E-02,0.021174648929502472
 2.0369E-02,0.01741106636822511
 2.0394E-02,0.013634104872388291
 2.0419E-02,0.010036282522758856
 2.0443E-02,0.006784904033743298
 2.0468E-02,0.0040078977850479276
 2.0493E-02,0.0017988348236792945
 2.0517E-02,0.00023309354448513165
 2.0542E-02,-0.0006201417646354526
 2.0567E-02,-0.0007014687010110309
 2.0591E-02,2.025424251718606e-05
 2.0616E-02,0.0015268101642448863
 2.0641E-02,0.003741942461057443
 2.0666E-02,0.0065421505908547836
 2.0690E-02,0.009781045929975536
 2.0715E-02,0.013312611670208798
 2.0740E-02,0.017000368304838604
 2.0764E-02,0.02071021049326871
 2.0789E-02,0.02429677461408379
 2.0814E-02,0.02759794479640862
 2.0838E-02,0.030446149611319685
 2.0863E-02,0.0326927797136839
 2.0888E-02,0.03423225798635251
 2.0912E-02,0.03501205647638973
 2.0937E-02,0.0350244113362827
 2.0962E-02,0.034287801445186956
 2.0987E-02,0.032832589097783846
 2.1011E-02,0.03070111380347486
 2.1036E-02,0.027961076492134113
 2.1061E-02,0.02472059361962839
 2.1085E-02,0.02113137211321118
 2.1110E-02,0.01737437444096385
 2.1135E-02,0.013634340491306029
 2.1159E-02,0.010076991580720285
 2.1184E-02,0.00684041101632226
 2.1209E-02,0.004041791976546184
 2.1233E-02,0.0017899372833339224
 2.1258E-02,0.00019029428056264747
 2.1283E-02,-0.0006646345293551171
 2.1307E-02,-0.0007154134705196448
 2.1332E-02,4.610016160515253e-05
 2.1357E-02,0.001572340335886529
 2.1382E-02,0.003772398311071566
 2.1406E-02,0.0065331734875105785
 2.1431E-02,0.009736098114286107
 2.1456E-02,0.013260385231572754
 2.1480E-02,0.016974203222863703
 2.1505E-02,0.020724386485364885
 2.1530E-02,0.02433665596128015
 2.1554E-02,0.027630905605466854
 2.1579E-02,0.03044527036631089
 2.1604E-02,0.03265622103620786
 2.1628E-02,0.03418445914035979
 2.1653E-02,0.034986059351340734
 2.1678E-02,0.035038155245837824
 2.1703E-02,0.03433143989696367
 2.1727E-02,0.03287581031564662
 2.1752E-02,0.030715013246641776
 2.1777E-02,0.027938756089280717
 2.1801E-02,0.0246817486740406
 2.1826E-02,0.021107764469211147
 2.1851E-02,0.017386812126773645
 2.1875E-02,0.013677736012102554
 2.1900E-02,0.010124095513597817
 2.1925E-02,0.0068613441974513
 2.1949E-02,0.00402525068584039
 2.1974E-02,0.0017509199252186214
 2.1999E-02,0.00015899371351900827
 2.2023E-02,-0.0006646331431617805
 2.2048E-02,-0.000683956026701795
 2.2073E-02,8.584296112057249e-05
 2.2098E-02,0.001590661496476294
 2.2122E-02,0.0037543815181005106
 2.2147E-02,0.006489291292746237
 2.2172E-02,0.00969460941175639
 2.2196E-02,0.013247120913086701
 2.2221E-02,0.016994290408951992
 2.2246E-02,0.020758954307239473
 2.2270E-02,0.024356743587219398
 2.2295E-02,0.02761846345319885
 2.2320E-02,0.030406147014747045
 2.2344E-02,0.032615894207685965
 2.2369E-02,0.03416971678148284
 2.2394E-02,0.035005884740760676
 2.2419E-02,0.035077523302187025
 2.2443E-02,0.03436234531334178
 2.2468E-02,0.032877449183670575
 2.2493E-02,0.03068855889521194
 2.2517E-02,0.027906199898964278
 2.2542E-02,0.024669813266217033
 2.2567E-02,0.02112857969799547
 2.2591E-02,0.0174292271036804
 2.2616E-02,0.013715366879264591
 2.2641E-02,0.010134169256807749
 2.2665E-02,0.006840755469848865
 2.2690E-02,0.003992402754778733
 2.2715E-02,0.0017322057300018148
 2.2739E-02,0.0001697458767658945
 2.2764E-02,-0.0006310643979187455
 2.2789E-02,-0.0006512893991578879
 2.2814E-02,9.390012968550426e-05
 2.2838E-02,0.0015673524955763683
 2.2863E-02,0.0037146124618192052
 2.2888E-02,0.006458867183023056
 2.2912E-02,0.00969181860967848
 2.2937E-02,0.01326988541813552
 2.2962E-02,0.017022009184887908
 2.2986E-02,0.020767587572120848
 2.3011E-02,0.02433622621684213
 2.3036E-02,0.027579955809250302
 2.3060E-02,0.030374010145920647
 2.3085E-02,0.03261026404786304
 2.3110E-02,0.034192242319555394
 2.3135E-02,0.03503881899377162
 2.3159E-02,0.035096689978433425
 2.3184E-02,0.03435454858100911
 2.3209E-02,0.03284980006806119
 2.3233E-02,0.030663116751436754
 2.3258E-02,0.02790392673217623
 2.3283E-02,0.02469545540882899
 2.3307E-02,0.021167297050734696
 2.3332E-02,0.0174572556151184
 2.3357E-02,0.013716933169171918
 2.3381E-02,0.01011249926786223
 2.3406E-02,0.006815386624344322
 2.3431E-02,0.0039848858028603724
 2.3456E-02,0.001750545134118607
 2.3480E-02,0.00020270423226434442
 2.3505E-02,-0.0006058380480854113
 2.3530E-02,-0.0006512511798173502
 2.3554E-02,6.857759717735011e-05
 2.3579E-02,0.0015337486449144755
 2.3604E-02,0.003694751363158383
 2.3628E-02,0.006464033009677001
 2.3653E-02,0.009714719467944909
 2.3678E-02,0.013290186698558956
 2.3702E-02,0.01702115832469574
 2.3727E-02,0.020742242981959477
 2.3752E-02,0.02430068743884726
 2.3776E-02,0.02755594130110627
 2.3801E-02,0.030375203696040954
 2.3826E-02,0.032632738851235174
 2.3851E-02,0.0342175665031584
 2.3875E-02,0.03504749608219203
 2.3900E-02,0.03508219806660912
 2.3925E-02,0.03432790435859262
 2.3949E-02,0.03283146902974154
 2.3974E-02,0.03066819917158098
 2.3999E-02,0.027931308728431654
 2.4023E-02,0.0247286573895104
 2.4048E-02,0.021186287181036913
 2.4073E-02,0.017452655528623594
 2.4097E-02,0.0136964335326601
 2.4122E-02,0.010094996036003043
 2.4147E-02,0.00681717883151323
 2.4172E-02,0.004007892971967558
 2.4196E-02,0.0017809405273981798
 2.4221E-02,0.0002208281988556474
 2.4246E-02,-0.0006114772275411519
 2.4270E-02,-0.0006759171061577242
 2.4295E-02,4.228412210347096e-05
 2.4320E-02,0.0015233617443274551
 2.4344E-02,0.003705476224280579
 2.4369E-02,0.006485238466525166
 2.4394E-02,0.009727804323181745
 2.4418E-02,0.013282093499253873
 2.4443E-02,0.016993821100371086
 2.4468E-02,0.020711241386920688
 2.4492E-02,0.024284154587485826
 2.4517E-02,0.02756173983226508
 2.4542E-02,0.030395560200229866
 2.4567E-02,0.03265010836026436
 2.4591E-02,0.03421741853560274
 2.4616E-02,0.035028788897489754
 2.4641E-02,0.035058049404925434
 2.4665E-02,0.03431606981915231
 2.4690E-02,0.03284155495648342
 2.4715E-02,0.030694810022942116
 2.4739E-02,0.02795797903148101
 2.4764E-02,0.024739638360349776
 2.4789E-02,0.02117766609773323
 2.4813E-02,0.017434863328917298
 2.4838E-02,0.013686452823923327
 2.4863E-02,0.01010396763896243
 2.4888E-02,0.006842324610725403
 2.4912E-02,0.004034481894565518
 2.4937E-02,0.0017927865084250783
 2.4962E-02,0.00021173770001906489
 2.4986E-02,-0.0006334809010221288
 2.5011E-02,-0.0006945242065966742
 2.5036E-02,3.992458623737038e-05
 2.5060E-02,0.0015375211853920251
 2.5085E-02,0.003723831110803655
 2.5110E-02,0.006491882042731717
 2.5134E-02,0.009714763919189878
 2.5159E-02,0.013255098864488668
 2.5184E-02,0.016968245428482635
 2.5208E-02,0.02070119482699977
 2.5233E-02,0.024292583358815924
 2.5258E-02,0.027578600893193715
 2.5283E-02,0.03040530152455513
 2.5307E-02,0.032643008028275446
 2.5332E-02,0.03419661605304313
 2.5357E-02,0.03500800233402375
 2.5381E-02,0.03505169813745713
 2.5406E-02,0.034328955276374036
 2.5431E-02,0.032865500825464404
 2.5455E-02,0.030714599424889008
 2.5480E-02,0.027962238135688926
 2.5505E-02,0.024728820001597058
 2.5529E-02,0.02116345399840118
 2.5554E-02,0.017431526797009947
 2.5579E-02,0.0137004359801327
 2.5604E-02,0.010129184699676297
 2.5628E-02,0.0068644648822538245
 2.5653E-02,0.004041153246603859
 2.5678E-02,0.0017821958322985568
 2.5702E-02,0.00019373616052023113
 2.5727E-02,-0.0006446435417203668
 2.5752E-02,-0.0006904733290120263
 2.5776E-02,5.574984672439764e-05
 2.5801E-02,0.0015524576977773456
 2.5826E-02,0.0037251772011894467
 2.5850E-02,0.006476057550240413
 2.5875E-02,0.00968990101719633
 2.5900E-02,0.013235266740042816
 2.5924E-02,0.016963503140942558
 2.5949E-02,0.020710613337373698
 2.5974E-02,0.024305195403286003
 2.5999E-02,0.02758152327354085
 2.6023E-02,0.030393144293643315
 2.6048E-02,0.03262181145645976
 2.6073E-02,0.03417953604544005
 2.6097E-02,0.03500590677636796
 2.6122E-02,0.03506545950323823
 2.6147E-02,0.03434894645704641
 2.6171E-02,0.032878583040422744
 2.6196E-02,0.03071351717929308
 2.6221E-02,0.0279506655816951
 2.6245E-02,0.024718494710218235
 2.6270E-02,0.021165543687481483
 2.6295E-02,0.017448479627679227
 2.6320E-02,0.013724145851289244
 2.6344E-02,0.010146717891868329
 2.6369E-02,0.006867176006972566
 2.6394E-02,0.004030647965529699
 2.6418E-02,0.0017689267187854635
 2.6443E-02,0.00018932369548317943
 2.6468E-02,-0.000635810749301046
 2.6492E-02,-0.0006743549006334917
 2.6517E-02,6.718318273896834e-05
 2.6542E-02,0.0015498456590607628
 2.6566E-02,0.003708481311545957
 2.6591E-02,0.006454588072816531
 2.6616E-02,0.009675698073641827
 2.6641E-02,0.01323461782899319
 2.6665E-02,0.016972668780468964
 2.6690E-02,0.020718773325978424
 2.6715E-02,0.024302438498738862
 2.6739E-02,0.027566110726441155
 2.6764E-02,0.03037284429828713
 2.6789E-02,0.03260839280512634
 2.6813E-02,0.034180421292423775
 2.6838E-02,0.03501898854418582
 2.6863E-02,0.035080762654056886
 2.6887E-02,0.03435587596804289
 2.6912E-02,0.03287350504551344
 2.6937E-02,0.030702236394873232
 2.6961E-02,0.027944080045432456
 2.6986E-02,0.02472461857123507
 2.7011E-02,0.021183655719262794
 2.7036E-02,0.017469567628671055
 2.7060E-02,0.013737263915484523
 2.7085E-02,0.010146650585972259
 2.7110E-02,0.0068579253526881555
 2.7134E-02,0.004022308744767283
 2.7159E-02,0.0017702642083586356
 2.7184E-02,0.00020140624878265344
 2.7208E-02,-0.0006203873384741226
 2.7233E-02,-0.0006661542764901045
 2.7258E-02,6.198832065554933e-05
 2.7282E-02,0.001533852933178763
 2.7307E-02,0.003691172758199585
 2.7332E-02,0.006445582334969724
 2.7357E-02,0.009677999445495885
 2.7381E-02,0.013242678875252718
 2.7406E-02,0.01697660226223412
 2.7431E-02,0.02071164152899877
 2.7455E-02,0.024285371197490753
 2.7480E-02,0.02754759911419773
 2.7505E-02,0.030362758680479555
 2.7529E-02,0.032611048351580164
 2.7554E-02,0.03419166316853354
 2.7579E-02,0.035029344005745776
 2.7603E-02,0.03508233964664398
 2.7628E-02,0.03434802363904277
 2.7653E-02,0.03286318945008619
 2.7677E-02,0.030698917076717284
 2.7702E-02,0.0279528194927019
 2.7727E-02,0.024742383657958146
 2.7752E-02,0.021201429174704373
 2.7776E-02,0.017478698855454427
 2.7801E-02,0.013735474617153045
 2.7826E-02,0.010139413014836347
 2.7850E-02,0.006854289913797352
 2.7875E-02,0.004028233219053106
 2.7900E-02,0.0017842432322729231
 2.7924E-02,0.0002155008176366951
 2.7949E-02,-0.0006149092578498692
 2.7974E-02,-0.0006726356868593222
 2.7998E-02,4.7903856863282766e-05
 2.8023E-02,0.0015210522037598974
 2.8048E-02,0.003686738822726943
 2.8073E-02,0.006449843944492897
 2.8097E-02,0.009684481706600058
 2.8122E-02,0.013242940962418567
 2.8147E-02,0.01696645560880953
 2.8171E-02,0.020694283213459116
 2.8196E-02,0.024269209480222913
 2.8221E-02,0.02754036482152555
 2.8245E-02,0.030366143324838942
 2.8270E-02,0.03261969834295125
 2.8295E-02,0.034197205894736134
 2.8319E-02,0.035026508856412925
 2.8344E-02,0.03507276211865848
 2.8369E-02,0.03433902496907563
 2.8393E-02,0.03286245579268997
 2.8418E-02,0.03070893502495299
 2.8443E-02,0.02796906037385232
 2.8468E-02,0.02475650039046613
 2.8492E-02,0.02120712602681569
 2.8517E-02,0.0174760490463814
 2.8542E-02,0.013730622107036922
 2.8566E-02,0.010139932851071658
 2.8591E-02,0.006863581024487135
 2.8616E-02,0.004042967670978592
 2.8640E-02,0.001796665350871998
 2.8665E-02,0.00021888705690458615
 2.8690E-02,-0.0006215548916058162
 2.8714E-02,-0.0006839879407292004
 2.8739E-02,3.960566532449749e-05
 2.8764E-02,0.0015204576052171262
 2.8789E-02,0.003692152038041768
 2.8813E-02,0.006454585872839735
 2.8838E-02,0.009681829148332387
 2.8863E-02,0.013231077572098711
 2.8887E-02,0.016949889874290122
 2.8912E-02,0.02068074279417004
 2.8937E-02,0.024264264528173644
 2.8961E-02,0.02754364005049747
 2.8986E-02,0.03037180990389881
 2.9011E-02,0.0326208487970498
 2.9035E-02,0.034190936019629053
 2.9060E-02,0.03501605212639459
 2.9085E-02,0.03506516993424362
 2.9110E-02,0.03434009636356595
 2.9134E-02,0.032872578032371924
 2.9159E-02,0.030722807896482515
 2.9184E-02,0.02797946299171948
 2.9208E-02,0.024759362078611905
 2.9233E-02,0.021204260902192577
 2.9258E-02,0.01747362985275848
 2.9282E-02,0.01373454112425807
 2.9307E-02,0.010151410474230658
 2.9332E-02,0.0068781651986027995
 2.9356E-02,0.0040536074284880045
 2.9381E-02,0.0017986247520777733
 2.9406E-02,0.00021297823858399127
 2.9430E-02,-0.0006297022629112742
 2.9455E-02,-0.0006880526230690669
 2.9480E-02,4.209670581056455e-05
 2.9505E-02,0.0015264193817978522
 2.9529E-02,0.003695252986039553
 2.9554E-02,0.006449890046198184
 2.9579E-02,0.009669429246058259
 2.9603E-02,0.013216127498675144
 2.9628E-02,0.016939038714478202
 2.9653E-02,0.020677543695065425
 2.9677E-02,0.02426684383063414
 2.9702E-02,0.027546267734294028
 2.9727E-02,0.030369205560362492
 2.9751E-02,0.03261210739393561
 2.9776E-02,0.03418025707882751
 2.9801E-02,0.0350097733521821
 2.9826E-02,0.035067262525569645
 2.9850E-02,0.03434936401935812
 2.9875E-02,0.03288354986123657
 2.9900E-02,0.030729648006400937
 2.9924E-02,0.027980065543294488
 2.9949E-02,0.02475670005864161
 2.9974E-02,0.02120405847868349
 2.9998E-02,0.01748007216447882
 3.0023E-02,0.013747120192502908
 3.0048E-02,0.010165156885531403
 3.0072E-02,0.0068870686506642635
 3.0097E-02,0.004054753922379684
 3.0122E-02,0.0017940958071390803
 3.0146E-02,0.00020818852510035707
 3.0171E-02,-0.0006299977897215801
 3.0196E-02,-0.0006832042582200119
 3.0221E-02,4.8189927830219036e-05
 3.0245E-02,0.0015281549701046983
 3.0270E-02,0.0036893957104493333
 3.0295E-02,0.0064379486555354104
 3.0319E-02,0.009656653966682919
 3.0344E-02,0.01320786943006897
 3.0369E-02,0.01693708952372188
 3.0393E-02,0.020679065603709097
 3.0418E-02,0.02426662541723114
 3.0443E-02,0.027540654655661627
 3.0467E-02,0.030358869308631294
 3.0492E-02,0.032601671415549635
 3.0517E-02,0.03417506961887383
 3.0542E-02,0.035012160908534116
 3.0566E-02,0.03507495076115422
 3.0591E-02,0.03435717486837481
 3.0616E-02,0.03288712464564518
 3.0640E-02,0.03072850776468006
 3.0665E-02,0.027977824821629055
 3.0690E-02,0.024758315744237095
 3.0714E-02,0.02121212180158439
 3.0739E-02,0.017492814877921124
 3.0764E-02,0.01375954868339809
 3.0788E-02,0.010172474859846696
 3.0813E-02,0.006887923897535216
 3.0838E-02,0.004051999973644157
 3.0863E-02,0.0017925605767181519
 3.0887E-02,0.00021108287960916222
 3.0912E-02,-0.0006234484479212156
 3.0937E-02,-0.0006772248855608303
 3.0961E-02,4.8953001053374744e-05
 3.0986E-02,0.00152197158030753
 3.1011E-02,0.0036787127704571623
 3.1035E-02,0.00642769191051103
 3.1060E-02,0.009650806498370676
 3.1085E-02,0.013206780965513601
 3.1109E-02,0.016937426482822253
 3.1134E-02,0.020676407480754222
 3.1159E-02,0.02425881966706591
 3.1183E-02,0.02752951439786657
 3.1208E-02,0.030349004588839698
 3.1233E-02,0.03259730897286031
 3.1258E-02,0.03417715163771051
 3.1282E-02,0.035017794557460034
 3.1307E-02,0.03507957720381356
 3.1332E-02,0.03435787396950733
 3.1356E-02,0.03288467398285685
 3.1381E-02,0.030726733550925665
 3.1406E-02,0.027980740818380805
 3.1430E-02,0.02476712756792288
 3.1455E-02,0.021224248350453844
 3.1480E-02,0.017503610689672024
 3.1504E-02,0.013765471277460993
 3.1529E-02,0.010173423479692472
 3.1554E-02,0.006887095931835232
 3.1579E-02,0.004053404170293717
 3.1603E-02,0.0017979967542936315
 3.1628E-02,0.00021875631707551826
 3.1653E-02,-0.0006177019386907706
 3.1677E-02,-0.0006770012494709441
 3.1702E-02,4.31653982362123e-05
 3.1727E-02,0.0015131263820679346
 3.1751E-02,0.003671117541030016
 3.1776E-02,0.006424008532176721
 3.1801E-02,0.009650286127223368
 3.1825E-02,0.01320597781770147
 3.1850E-02,0.016932852113977596
 3.1875E-02,0.02066720370280416
 3.1899E-02,0.02424752999549651
 3.1924E-02,0.027520410124441685
 3.1949E-02,0.030345177356436992
 3.1974E-02,0.03259861614944854
 3.1998E-02,0.03418047291724307
 3.2023E-02,0.03501938955806232
 3.2048E-02,0.03507783023490161
 3.2072E-02,0.03435445184198855
 3.2097E-02,0.032883281668459136
 3.2122E-02,0.03073038499854815
 3.2146E-02,0.027989518699026248
 3.2171E-02,0.024778035282563074
 3.2196E-02,0.021233242190490803
 3.2220E-02,0.017508339314586396
 3.2245E-02,0.013766761848912751
 3.2270E-02,0.01017447410812877
 3.2295E-02,0.0068909860838348
 3.2319E-02,0.004060728559057825
 3.2344E-02,0.001806317967468826
 3.2369E-02,0.00022425286793227518
 3.2393E-02,-0.0006175868686850305
 3.2418E-02,-0.0006818066382459566
 3.2443E-02,3.653741523013186e-05
 3.2467E-02,0.0015081898589667261
 3.2492E-02,0.003669344287198035
 3.2517E-02,0.006423886348520558
 3.2541E-02,0.00964854808778159
 3.2566E-02,0.013200099671840531
 3.2591E-02,0.016923015470467193
 3.2615E-02,0.020656318604726605
 3.2640E-02,0.02423930950537911
 3.2665E-02,0.02751688368401738
 3.2690E-02,0.030345420626412767
 3.2714E-02,0.0325995894555199
 3.2739E-02,0.034179342366808314
 3.2764E-02,0.03501564824954464
 3.2788E-02,0.03507369669387305
 3.2813E-02,0.03435327413443722
 3.2838E-02,0.032887110249681904
 3.2862E-02,0.03073846332066842
 3.2887E-02,0.02799876582154399
 3.2912E-02,0.02478515693475576
 3.2936E-02,0.021236945680686195
 3.2961E-02,0.017510072113661127
 3.2986E-02,0.013769469581159181
 3.3011E-02,0.010180296606938326
 3.3035E-02,0.006899558217397885
 3.3060E-02,0.004069300320915866
 3.3085E-02,0.0018115945965956354
 3.3109E-02,0.0002246288391441018
 3.3134E-02,-0.0006209928332426156
 3.3159E-02,-0.0006860367818776513
 3.3183E-02,3.412873649462464e-05
 3.3208E-02,0.0015080675819873733
 3.3233E-02,0.003669536333523628
 3.3257E-02,0.006421504719772443
 3.3282E-02,0.009641980933938622
 3.3307E-02,0.013190297201285813
 3.3332E-02,0.01691295224620541
 3.3356E-02,0.020649025147295056
 3.3381E-02,0.024235885796177237
 3.3406E-02,0.027515908592853064
 3.3430E-02,0.030344160412153872
 3.3455E-02,0.03259611669735932
 3.3480E-02,0.03417403234420039
 3.3504E-02,0.03501098048406017
 3.3529E-02,0.03507251577694201
 3.3554E-02,0.034356769085681256
 3.3578E-02,0.032893962898089726
 3.3603E-02,0.030745764845549146
 3.3628E-02,0.028004028264723875
 3.3652E-02,0.0247879706386427
 3.3677E-02,0.021239104923320228
 3.3702E-02,0.017514102660989093
 3.3727E-02,0.013776636977688588
 3.3751E-02,0.010189532947387859
 3.3776E-02,0.006908071609629519
 3.3801E-02,0.0040744200848718505
 3.3825E-02,0.0018125280214401109
 3.3850E-02,0.00022288329696676205
 3.3875E-02,-0.0006228032972684253
 3.3899E-02,-0.0006861273735948716
 3.3924E-02,3.5426544384627515e-05
 3.3949E-02,0.001508580426879117
 3.3973E-02,0.003666872805899879
 3.3998E-02,0.006414854423136213
 3.4023E-02,0.009632798697278847
 3.4048E-02,0.013181388404592785
 3.4072E-02,0.01690662047682732
 3.4097E-02,0.020645607385425525
 3.4122E-02,0.024233711888306465
 3.4146E-02,0.02751269391338408
 3.4171E-02,0.030338814408912618
 3.4196E-02,0.03258966087004252
 3.4220E-02,0.034168971287700856
 3.4245E-02,0.035009585571913256
 3.4270E-02,0.035075258121326995
 3.4294E-02,0.034362021343596436
 3.4319E-02,0.03289917017904315
 3.4344E-02,0.030749231051061372
 3.4368E-02,0.028006033539005215
 3.4393E-02,0.0247904304814322
 3.4418E-02,0.021244036389769645
 3.4443E-02,0.01752201517907654
 3.4467E-02,0.013786006915407819
 3.4492E-02,0.01019773277522928
 3.4517E-02,0.006913080749161922
 3.4541E-02,0.004076094245016829
 3.4566E-02,0.0018125332103105588
 3.4591E-02,0.0002233632860706436
 3.4615E-02,-0.0006208557403860125
 3.4640E-02,-0.0006836261747784505
 3.4665E-02,3.6310667264529556e-05
 3.4689E-02,0.0015059984597837533
 3.4714E-02,0.0036606683520790297
 3.4739E-02,0.006406748172925253
 3.4764E-02,0.009625261755241043
 3.4788E-02,0.013176015680400196
 3.4813E-02,0.016903164485761388
 3.4838E-02,0.020642350303123017
 3.4862E-02,0.024228890480350963
 3.4887E-02,0.02750594052579167
 3.4912E-02,0.03033157422704927
 3.4936E-02,0.03258428814950429
 3.4961E-02,0.03416715749582152
 3.4986E-02,0.03501124691721999
 3.5010E-02,0.03507867173831309
 3.5035E-02,0.03436509793808394
 3.5060E-02,0.032900938507518095
 3.5084E-02,0.03075046867420647
 3.5109E-02,0.02800860316231004
 3.5134E-02,0.02479581516807721
 3.5159E-02,0.02125213659263177
 3.5183E-02,0.017531071914943398
 3.5208E-02,0.013793700264132715
 3.5233E-02,0.010202664395206083
 3.5257E-02,0.006915584462490116
 3.5282E-02,0.004077811331350122
 3.5307E-02,0.0018150771962801822
 3.5331E-02,0.0002270440756795011
 3.5356E-02,-0.000617333195098677
 3.5381E-02,-0.0006822800785957532
 3.5405E-02,3.4165021846877235e-05
 3.5430E-02,0.0015006971010721492
 3.5455E-02,0.003653996646632072
 3.5480E-02,0.006400741183651588
 3.5504E-02,0.009620868705262617
 3.5529E-02,0.013172578333930644
 3.5554E-02,0.016899068562661223
 3.5578E-02,0.02063636670382183
 3.5603E-02,0.02422123311662685
 3.5628E-02,0.02749827807852475
 3.5652E-02,0.030325988638061782
 3.5677E-02,0.03258192790384109
 3.5702E-02,0.03416754709454335
 3.5726E-02,0.03501273624094021
 3.5751E-02,0.035079688503297304
 3.5776E-02,0.03436529506250652
 3.5800E-02,0.03290141396510429
 3.5825E-02,0.030752910465473036
 3.5850E-02,0.028013985777157503
 3.5875E-02,0.02480358999651005
 3.5899E-02,0.021260495623408125
 3.5924E-02,0.01753809007600427
 3.5949E-02,0.013798536264425931
 3.5973E-02,0.010205968528777464
 3.5998E-02,0.006918839125990207
 3.6023E-02,0.004082095505268378
 3.6047E-02,0.0018201509880099247
 3.6072E-02,0.0002314096544220566
 3.6097E-02,-0.0006154430739794443
 3.6121E-02,-0.0006836970353577722
 3.6146E-02,3.010728569468853e-05
 3.6171E-02,0.0014956887498183261
 3.6196E-02,0.0036495890515781722
 3.6220E-02,0.006397329622639955
 3.6245E-02,0.009617541413354906
 3.6270E-02,0.013167926576352743
 3.6294E-02,0.01689236391962566
 3.6319E-02,0.020628253361391954
 3.6344E-02,0.02421343628718731
 3.6368E-02,0.027492537694300764
 3.6393E-02,0.030322980746174136
 3.6418E-02,0.032580939287930655
 3.6442E-02,0.034167123189254106
 3.6467E-02,0.0350118237553555
 3.6492E-02,0.03507844496488197
 3.6517E-02,0.03436498554805009
 3.6541E-02,0.03290347717353775
 3.6566E-02,0.030757872770644182
 3.6591E-02,0.028021005357888023
 3.6615E-02,0.024810954577730252
 3.6640E-02,0.021266711988031498
 3.6665E-02,0.01754278516062608
 3.6689E-02,0.013802534543968922
 3.6714E-02,0.010210507590123069
 3.6739E-02,0.006924501927562681
 3.6763E-02,0.004088233095115808
 3.6788E-02,0.0018252096147614479
 3.6813E-02,0.0002339252070705101
 3.6837E-02,-0.0006158947136134488
 3.6862E-02,-0.0006862670508545413
 3.6887E-02,2.6900183491618767e-05
 3.6912E-02,0.0014929112310953585
 3.6936E-02,0.0036471898308534706
 3.6961E-02,0.006394276154385021
 3.6986E-02,0.00961268727368887
 3.7010E-02,0.01316097805002747
 3.7035E-02,0.016884247671532876
 3.7060E-02,0.020620620136829478
 3.7084E-02,0.02420765523597879
 3.7109E-02,0.027488897514835256
 3.7134E-02,0.030320660190874888
 3.7158E-02,0.03257875427341624
 3.7183E-02,0.03416450183631892
 3.7208E-02,0.035009303049085234
 3.7233E-02,0.03507733344433869
 3.7257E-02,0.0343664394123618
 3.7282E-02,0.032907657089394485
 3.7307E-02,0.030763785648106137
 3.7331E-02,0.028027139517742675
 3.7356E-02,0.02481624845766745
 3.7381E-02,0.02127116412430771
 3.7405E-02,0.017547279148135538
 3.7430E-02,0.013808020314628314
 3.7455E-02,0.01021713955119346
 3.7479E-02,0.006931358336447072
 3.7504E-02,0.004093818249807301
 3.7529E-02,0.0018283787286887333
 3.7553E-02,0.00023457369727886992
 3.7578E-02,-0.000616861220330802
 3.7603E-02,-0.0006876486400339513
 3.7628E-02,2.5716429079781318e-05
 3.7652E-02,0.0014915359581182464
 3.7677E-02,0.0036445731297241506
 3.7702E-02,0.00638955273855945
 3.7726E-02,0.009605913055736933
 3.7751E-02,0.013153227612682363
 3.7776E-02,0.016877002121648454
 3.7800E-02,0.020614881876718463
 3.7825E-02,0.024203417491863916
 3.7850E-02,0.027485337342832337
 3.7874E-02,0.03031690277175505
 3.7899E-02,0.03257464872611167
 3.7924E-02,0.03416084603320109
 3.7949E-02,0.0350073559661144
 3.7973E-02,0.03507796731256426
 3.7998E-02,0.03436954047216071
 3.8023E-02,0.0329122011108717
 3.8047E-02,0.030768527822169097
 3.8072E-02,0.028031420117159273
 3.8097E-02,0.024820339664597475
 3.8121E-02,0.02127591993734844
 3.8146E-02,0.017553353128164386
 3.8171E-02,0.013815222866286798
 3.8195E-02,0.010224400345599266
 3.8220E-02,0.006937321636097898
 3.8245E-02,0.004097646443816142
 3.8269E-02,0.0018301954221034132
 3.8294E-02,0.0002352408354722778
 3.8319E-02,-0.0006164602430514201
 3.8344E-02,-0.0006872989320755206
 3.8368E-02,2.5392775136185764e-05
 3.8393E-02,0.0014895486974086675
 3.8418E-02,0.0036403284617022
 3.8442E-02,0.0063833627297842765
 3.8467E-02,0.009598884557839887
 3.8492E-02,0.013146610230780953
 3.8516E-02,0.016871459424727793
 3.8541E-02,0.020610200232274705
 3.8566E-02,0.024198849236597368
 3.8590E-02,0.027480319314197334
 3.8615E-02,0.0303116247412944
 3.8640E-02,0.03257005863626571
 3.8665E-02,0.03415808688184103
 3.8689E-02,0.03500703782332798
 3.8714E-02,0.03507979392675713
 3.8739E-02,0.03437255227899473
 3.8763E-02,0.03291545339722447
 3.8788E-02,0.03077171415859281
 3.8813E-02,0.028034997138735567
 3.8837E-02,0.024825072979069975
 3.8862E-02,0.021282187829274563
 3.8887E-02,0.01756071535641863
 3.8911E-02,0.013822567075650539
 3.8936E-02,0.010230562444804355
 3.8961E-02,0.006941739302305
 3.8986E-02,0.00410058647635592
 3.9010E-02,0.0018324049210408158
 3.9035E-02,0.00023728428296546566
 3.9060E-02,-0.0006146959978976628
 3.9084E-02,-0.0006865762810427047
 3.9109E-02,2.4190890576310502e-05
 3.9134E-02,0.0014860665026963154
 3.9158E-02,0.0036350400387369095
 3.9183E-02,0.006377314530123784
 3.9208E-02,0.009593062768485656
 3.9232E-02,0.013141382865776333
 3.9257E-02,0.0168664846950869
 3.9282E-02,0.02060485540651545
 3.9306E-02,0.024192860995246767
 3.9331E-02,0.027474134789779992
 3.9356E-02,0.030306252001595597
 3.9381E-02,0.032566488209711614
 3.9405E-02,0.0341567061366298
 3.9430E-02,0.035007452727436376
 3.9455E-02,0.03508117817565133
 3.9479E-02,0.03437426585458455
 3.9504E-02,0.032917483431901
 3.9529E-02,0.030774624554677256
 3.9553E-02,0.028039430499104376
 3.9578E-02,0.024831170302992037
 3.9603E-02,0.021289347590692984
 3.9627E-02,0.017567866857429917
 3.9652E-02,0.013828763766105761
 3.9677E-02,0.010235474972013076
 3.9702E-02,0.006945705048189018
 3.9726E-02,0.004104193203160691
 3.9751E-02,0.0018359185815316112
 3.9776E-02,0.00024033779626301557
 3.9800E-02,-0.0006129282791611591
 3.9825E-02,-0.0006868439364630962
 3.9850E-02,2.172662209296418e-05
 3.9874E-02,0.00148195838342978
 3.9899E-02,0.0036302072962264335
 3.9924E-02,0.006372472260780491
 3.9948E-02,0.009588333732538578
 3.9973E-02,0.013136361921432959
 3.9998E-02,0.016860699296060256
 4.0022E-02,0.020598282098107698
 4.0047E-02,0.024186120092512347
 4.0072E-02,0.027468218711936377
 4.0097E-02,0.030301978112622627
 4.0121E-02,0.03256406337300454
 4.0146E-02,0.034155707666858076
 4.0171E-02,0.03500723029334596
 4.0195E-02,0.03508138060726226
 4.0220E-02,0.03437511148892252
 4.0245E-02,0.03291958183346777
 4.0269E-02,0.03077848267572076
 4.0294E-02,0.028045002749404246
 4.0319E-02,0.02483777810253524
 4.0343E-02,0.021296026959290247
 4.0368E-02,0.017573896587381965
 4.0393E-02,0.01383400135098888
 4.0418E-02,0.01024027005408152
 4.0442E-02,0.0069504651533628045
 4.0467E-02,0.004108923880871385
 4.0492E-02,0.0018400739965713387
 4.0516E-02,0.000243091519375018
 4.0541E-02,-0.0006121846208491699
 4.0566E-02,-0.0006881281517836332
 4.0590E-02,1.8971919651066677e-05
 4.0615E-02,0.0014784784563157706
 4.0640E-02,0.0036264553198712786
 4.0664E-02,0.006368377728560476
 4.0689E-02,0.009583478261300377
 4.0714E-02,0.013130427808292334
 4.0738E-02,0.01685386136898155
 4.0763E-02,0.020591255896749112
 4.0788E-02,0.024179827114138283
 4.0813E-02,0.02746330369183734
 4.0837E-02,0.030298517521158808
 4.0862E-02,0.032561665011532896
 4.0887E-02,0.03415392007120179
 4.0911E-02,0.035005960356149356
 4.0936E-02,0.03508101595728113
 4.0961E-02,0.03437626017854548
 4.0985E-02,0.032922618745700634
 4.1010E-02,0.030783230378236003
 4.1035E-02,0.0280507763191066
 4.1059E-02,0.02484376164535205
 4.1084E-02,0.021301713695898807
 4.1109E-02,0.017579283102976885
 4.1134E-02,0.013839406999909447
 4.1158E-02,0.010245922651763573
 4.1183E-02,0.0069561596792923385
 4.1208E-02,0.00411400502504374
 4.1232E-02,0.001843758788335292
 4.1257E-02,0.00024490463680770444
 4.1282E-02,-0.0006121691205585754
 4.1306E-02,-0.000689404819101386
 4.1331E-02,1.6952826772160807e-05
 4.1356E-02,0.0014759346309315604
 4.1380E-02,0.003623174490263856
 4.1405E-02,0.006363962949116998
 4.1430E-02,0.009577754076903243
 4.1455E-02,0.013123710297487969
 4.1479E-02,0.016846893685241955
 4.1504E-02,0.02058485085408269
 4.1529E-02,0.024174467143702232
 4.1553E-02,0.027458976952728253
 4.1578E-02,0.030294897859532863
 4.1603E-02,0.032558496742351305
 4.1627E-02,0.03415132366215045
 4.1652E-02,0.0350044352982572
 4.1677E-02,0.035081137622412904
 4.1701E-02,0.03437828850693059
 4.1726E-02,0.03292629928237696
 4.1751E-02,0.030787928951331377
 4.1775E-02,0.028055849535538174
 4.1800E-02,0.024848898943125246
 4.1825E-02,0.021307011355499686
 4.1850E-02,0.017585006407201616
 4.1874E-02,0.01384562131208137
 4.1899E-02,0.010252266425746798
 4.1924E-02,0.006961928010252505
 4.1948E-02,0.0041184884269318545
 4.1973E-02,0.0018465998701519912
 4.1998E-02,0.0002462245693391476
 4.2022E-02,-0.0006119564749526413
 4.2047E-02,-0.0006899509201687196
 4.2072E-02,1.5660924443243658e-05
 4.2096E-02,0.0014735846759943668
 4.2121E-02,0.0036194091893762977
 4.2146E-02,0.0063587249101567395
 4.2171E-02,0.009571444609166854
 4.2195E-02,0.013117044855845444
 4.2220E-02,0.016840553369357622
 4.2245E-02,0.020579173599966444
 4.2269E-02,0.024169391462696903
 4.2294E-02,0.027454268477402566
 4.2319E-02,0.030290486325695143
 4.2343E-02,0.032554673764817764
 4.2368E-02,0.034148654347099974
 4.2393E-02,0.03500344434275595
 4.2417E-02,0.035081993083372794
 4.2442E-02,0.0343807074345828
 4.2467E-02,0.03292973962078473
 4.2491E-02,0.03079192778259619
 4.2516E-02,0.02806026593746116
 4.2541E-02,0.024853892290104103
 4.2566E-02,0.02131277870216309
 4.2590E-02,0.017591475933961428
 4.2615E-02,0.013852328745120268
 4.2640E-02,0.010258508329210388
 4.2664E-02,0.006967087144758365
 4.2689E-02,0.004122304735223594
 4.2714E-02,0.0018492017969625393
 4.2738E-02,0.0002479078375971738
 4.2763E-02,-0.0006110363526688366
 4.2788E-02,-0.0006899478573932628
 4.2812E-02,1.4374568334794098e-05
 4.2837E-02,0.001470702688111596
 4.2862E-02,0.003614963974842212
 4.2887E-02,0.006353151022739808
 4.2911E-02,0.009565385837929874
 4.2936E-02,0.013111039460275902
 4.2961E-02,0.016834816789817863
 4.2985E-02,0.020573625664603627
 4.3010E-02,0.024163898659141137
 4.3035E-02,0.027448918187822236
 4.3059E-02,0.030285688810870848
 4.3084E-02,0.03255101327292286
 4.3109E-02,0.03414659193128138
 4.3133E-02,0.035003081451436706
 4.3158E-02,0.03508306089970902
 4.3183E-02,0.03438278502385684
 4.3207E-02,0.03293254132491062
 4.3232E-02,0.030795453759950034
 4.3257E-02,0.02806471158326069
 4.3282E-02,0.024859387712964552
 4.3306E-02,0.02131915166816944
 4.3331E-02,0.017598213747951685
 4.3356E-02,0.01385877105931335
 4.3380E-02,0.010264138072588419
 4.3405E-02,0.006971718624043884
 4.3430E-02,0.004126043773174262
 4.3454E-02,0.0018522165281068328
 4.3479E-02,0.00025018259780558243
 4.3504E-02,-0.0006097826577576024
 4.3528E-02,-0.0006901182064257699
 4.3553E-02,1.2521972630929936e-05
 4.3578E-02,0.001467253729100876
 4.3603E-02,0.0036103383024050136
 4.3627E-02,0.006347888988833894
 4.3652E-02,0.009559882558140668
 4.3677E-02,0.01310541087702546
 4.3701E-02,0.016828985652526655
 4.3726E-02,0.020567556719144446
 4.3751E-02,0.02415780583249161
 4.3775E-02,0.02744328792630006
 4.3800E-02,0.030281096772576618
 4.3825E-02,0.03254786023237686
 4.3849E-02,0.03414494241274885
 4.3874E-02,0.0350027145413947
 4.3899E-02,0.03508369089592199
 4.3924E-02,0.034384289545231414
 4.3948E-02,0.032935032186025455
 4.3973E-02,0.030799141920855963
 4.3998E-02,0.028069667283364536
 4.4022E-02,0.024865372505932418
 4.4047E-02,0.021325646988525886
 4.4072E-02,0.01760462961249916
 4.4096E-02,0.013864690618454554
 4.4121E-02,0.010269430383908413
 4.4146E-02,0.00697644856867889
 4.4170E-02,0.004130253834338895
 4.4195E-02,0.0018557453658545908
 4.4220E-02,0.00025265634509289694
 4.4244E-02,-0.0006087763876021845
 4.4269E-02,-0.0006907954325930546
 4.4294E-02,1.0271853952903464e-05
 4.4319E-02,0.001463802688304061
 4.4343E-02,0.0036061066168519254
 4.4368E-02,0.006343135330863515
 4.4393E-02,0.009554642905773427
 4.4417E-02,0.013099622916712373
 4.4442E-02,0.01682270132939326
 4.4467E-02,0.02056108260202559
 4.4491E-02,0.024151663596064115
 4.4516E-02,0.027438016971129804
 4.4541E-02,0.030277034222342042
 4.4565E-02,0.03254504914137895
 4.4590E-02,0.034143226534761054
 4.4615E-02,0.03500194475165349
 4.4640E-02,0.035083890336442144
 4.4664E-02,0.03438565713147196
 4.4689E-02,0.03293778267894787
 4.4714E-02,0.03080329943406952
 4.4738E-02,0.02807496279321417
 4.4763E-02,0.024871321269916917
 4.4788E-02,0.02133175333941026
 4.4812E-02,0.017610577089332422
 4.4837E-02,0.013870388526565986
 4.4862E-02,0.010274892875626598
 4.4886E-02,0.0069816027663280635
 4.4911E-02,0.004134823015548085
 4.4936E-02,0.0018592974094639083
 4.4960E-02,0.0002547877906284885
 4.4985E-02,-0.0006082478420188861
 4.5010E-02,-0.0006917631205522231
 4.5035E-02,8.102370987099396e-06
 4.5059E-02,0.001460718378591887
 4.5084E-02,0.0036022371730515135
 4.5109E-02,0.006338452734831282
 4.5133E-02,0.009549105046531241
 4.5158E-02,0.013093351675074017
 4.5183E-02,0.01681606078192122
 4.5207E-02,0.020554594888854666
 4.5232E-02,0.024145816367716406
 4.5257E-02,0.027433093470650177
 4.5281E-02,0.03027307992253337
 4.5306E-02,0.032541990444370755
 4.5331E-02,0.034141048677703664
 4.5356E-02,0.03500079560170874
 4.5380E-02,0.035084032479355834
 4.5405E-02,0.03438730154357226
 4.5430E-02,0.032940923262081916
 4.5454E-02,0.030807667411963127
 4.5479E-02,0.02808013445536117
 4.5504E-02,0.024876903920204148
 4.5528E-02,0.02133752056075534
 4.5553E-02,0.017616463320790712
 4.5578E-02,0.01387635547233347
 4.5602E-02,0.010280772356447344
 4.5627E-02,0.006987036618249421
 4.5652E-02,0.00413935000052006
 4.5677E-02,0.0018625312300239037
 4.5701E-02,0.00025656513404430457
 4.5726E-02,-0.0006078487278751531
 4.5751E-02,-0.0006925408221439705
 4.5775E-02,6.3056843274659656e-06
 4.5800E-02,0.0014579222747536113
 4.5825E-02,0.003598366361872419
 4.5849E-02,0.0063334836427426985
 4.5874E-02,0.009543205643082255
 4.5899E-02,0.013086908915341821
 4.5923E-02,0.0168095700161499
 4.5948E-02,0.020548483746720633
 4.5973E-02,0.02414032173805529
 4.5997E-02,0.027428271492857374
 4.6022E-02,0.030268933421777108
 4.6047E-02,0.03253861467223087
 4.6072E-02,0.034138684522648094
 4.6096E-02,0.034999747719747745
 4.6121E-02,0.03508450847683562
 4.6146E-02,0.03438928599700158
 4.6170E-02,0.03294417565462005
 4.6195E-02,0.030811844653945097
 4.6220E-02,0.028084950862137446
 4.6244E-02,0.024882217167003017
 4.6269E-02,0.02134328769038286
 4.6294E-02,0.017622605609901514
 4.6318E-02,0.013882636701989973
 4.6343E-02,0.01028678507961365
 4.6368E-02,0.006992313266282306
 4.6393E-02,0.004143526361853222
 4.6417E-02,0.001865452834024488
 4.6442E-02,0.0002582682075104911
 4.6467E-02,-0.0006072609916854065
 4.6491E-02,-0.0006930329181904099
 4.6516E-02,4.6549549483457546e-06
 4.6541E-02,0.0014549946402840053
 4.6565E-02,0.0035941449832277016
 4.6590E-02,0.006328156231602433
 4.6615E-02,0.009537152087843066
 4.6639E-02,0.013080577334245374
 4.6664E-02,0.016803323772949495
 4.6689E-02,0.02054252153206078
 4.6713E-02,0.024134719643708044
 4.6738E-02,0.02742310840341291
 4.6763E-02,0.030264401834826125
 4.6788E-02,0.03253503057000606
 4.6812E-02,0.03413638369486545
 4.6837E-02,0.03499893868046039
 4.6862E-02,0.03508518404824623
 4.6886E-02,0.0343912539139944
 4.6911E-02,0.032947183851979665
 4.6936E-02,0.030815710706781824
 4.6960E-02,0.028089604714278377
 4.6985E-02,0.024887631113208995
 4.7010E-02,0.021349350088541583
 4.7034E-02,0.017629035511902782
 4.7059E-02,0.013889006936638285
 4.7084E-02,0.010292643599267109
 4.7109E-02,0.00699732301961912
 4.7133E-02,0.004147531949639284
 4.7158E-02,0.0018684352975651686
 4.7183E-02,0.0002602287218817828
 4.7207E-02,-0.0006063987802035389
 4.7232E-02,-0.0006934279910069704
 4.7257E-02,2.853887524487532e-06
 4.7281E-02,0.0014517737357402148
 4.7306E-02,0.0035896914561132686
 4.7331E-02,0.006322816687475929
 4.7355E-02,0.009531309186856657
 4.7380E-02,0.013074527459611525
 4.7405E-02,0.016797235735017093
 4.7429E-02,0.020536497122569376
 4.7454E-02,0.024128903889245493
 4.7479E-02,0.027417762695471318
 4.7504E-02,0.03025988090650185
 4.7528E-02,0.03253167404217453
 4.7553E-02,0.03413439453340385
 4.7578E-02,0.034998330623860485
 4.7602E-02,0.035085831358520454
 4.7627E-02,0.03439300465438895
 4.7652E-02,0.03294995394926549
 4.7676E-02,0.0308194918720343
 4.7701E-02,0.0280943832682038
 4.7726E-02,0.024893280229880535
 4.7750E-02,0.021355577567045553
 4.7775E-02,0.017635429478795168
 4.7800E-02,0.013895152324937196
 4.7825E-02,0.01029823299932216
 4.7849E-02,0.007002191210726079
 4.7874E-02,0.004151598975982611
 4.7899E-02,0.0018716079506069009
 4.7923E-02,0.00026233841573662675
 4.7948E-02,-0.0006055718780184165
 4.7973E-02,-0.0006940582388633746
 4.7997E-02,7.400230985379983e-07
 4.8022E-02,0.0014483337509391932
 4.8047E-02,0.0035852105897368545
 4.8071E-02,0.006317597564175442
 4.8096E-02,0.009525581854896542
 4.8121E-02,0.01306843751586045
 4.8146E-02,0.016790910915441035
 4.8170E-02,0.02053013632067036
 4.8195E-02,0.02412281716848315
 4.8220E-02,0.02741232682803486
 4.8244E-02,0.03025543591631115
 4.8269E-02,0.03252842843129505
 4.8294E-02,0.03413240066707496
 4.8318E-02,0.03499754216635728
 4.8343E-02,0.03508619720192796
 4.8368E-02,0.03439452926768554
 4.8392E-02,0.032952679891278744
 4.8417E-02,0.030823417798646856
 4.8442E-02,0.028099378591554237
 4.8466E-02,0.02489906111933406
 4.8491E-02,0.021361765799221815
 4.8516E-02,0.01764165711005529
 4.8541E-02,0.013901143553848885
 4.8565E-02,0.01030381246227838
 4.8590E-02,0.0070072219149225805
 4.8615E-02,0.004155903764273692
 4.8639E-02,0.001874939301120199
 4.8664E-02,0.0002644252000995734
 4.8689E-02,-0.0006049286709662125
 4.8713E-02,-0.0006949050253580892
 4.8738E-02,-1.479745379951423e-06
 4.8763E-02,0.0014449565801143449
 4.8787E-02,0.003580895636355041
 4.8812E-02,0.006312509025296422
 4.8837E-02,0.009519841268861944
 4.8862E-02,0.013062192289978514
 4.8886E-02,0.01678440120389383
 4.8911E-02,0.020523704034199796
 4.8936E-02,0.024116843155925452
 4.8960E-02,0.02740713463437129
 4.8985E-02,0.030251224806181722
 4.9010E-02,0.032525277150652336
 4.9034E-02,0.03413033263957574
 4.9059E-02,0.03499659975902747
 4.9084E-02,0.035086468250949326
 4.9108E-02,0.034396105374526996
 4.9133E-02,0.03295557614252443
 4.9158E-02,0.030827511887195784
 4.9182E-02,0.028104414285905245
 4.9207E-02,0.024904716086372295
 4.9232E-02,0.02136773892543568
 4.9257E-02,0.01764771794323459
 4.9281E-02,0.013907115328627588
 4.9306E-02,0.010309509278900396
 4.9331E-02,0.007012394240864414
 4.9355E-02,0.004160240235940402
 4.9380E-02,0.0018781315903478603
 4.9405E-02,0.00026625655836661497
 4.9429E-02,-0.0006045284010326453
 4.9454E-02,-0.0006958721335440423
 4.9479E-02,-3.684329510431094e-06
 4.9503E-02,0.0014416379379920139
 4.9528E-02,0.0035765531198177253
 4.9553E-02,0.006307234245831082
 4.9578E-02,0.009513792730077552
 4.9602E-02,0.01305563753681604
 4.9627E-02,0.01677769764146876
 4.9652E-02,0.020517224522245123
 4.9676E-02,0.024110892585803245
 4.9701E-02,0.02740191047047755
 4.9726E-02,0.03024684289647628
 4.9750E-02,0.03252183710251285
 4.9775E-02,0.03412796930110552
 4.9800E-02,0.03499547906070725
 4.9824E-02,0.035086727566076135
 4.9849E-02,0.03439777948667854
 4.9874E-02,0.03295856055859991
 4.9898E-02,0.03083158901374384
 4.9923E-02,0.028109324407095893
 4.9948E-02,0.024910225125578098
 4.9973E-02,0.02137365935091503
 4.9997E-02,0.017653874181659604
 5.0022E-02,0.01391328556856504
 5.0047E-02,0.010315392962857425
 5.0071E-02,0.007017636724194787
 5.0096E-02,0.004164505688981989
 5.0121E-02,0.0018811808037826013
 5.0145E-02,0.00026798229737794426
 5.0170E-02,-0.0006041265976379001
 5.0195E-02,-0.0006967502016686364
 5.0219E-02,-5.805195612237132e-06
 5.0244E-02,0.0014383011792971812
 5.0269E-02,0.0035720629672474904
 5.0294E-02,0.006301746928593314
 5.0318E-02,0.00950758144972108
 5.0343E-02,0.01304905693321116
 5.0368E-02,0.016771106506128123
 5.0392E-02,0.0205109133195892
 5.0417E-02,0.0241050595274502
 5.0442E-02,0.027396696217012403
 5.0466E-02,0.030242392779428702
 5.0491E-02,0.03251834035555585
 5.0516E-02,0.034125641648088886
 5.0540E-02,0.034994496763229695
 5.0565E-02,0.03508715753843619
 5.0590E-02,0.03439955402274156
 5.0614E-02,0.032961513364343185
 5.0639E-02,0.030835525682594605
 5.0664E-02,0.02811407752626112
 5.0689E-02,0.024915657564844297
 5.0713E-02,0.021379618029441886
 5.0738E-02,0.0176601328243824
 5.0763E-02,0.01391952349983893
 5.0787E-02,0.010321232284391142
 5.0812E-02,0.007022719829285984
 5.0837E-02,0.0041685672498011205
 5.0861E-02,0.0018840724740178212
 5.0886E-02,0.0002696413615359723
 5.0911E-02,-0.0006037349233624327
 5.0935E-02,-0.000697670373799076
 5.0960E-02,-8.07905510941554e-06
 5.0985E-02,0.0014346884590108824
 5.1010E-02,0.0035672385350954666
 5.1034E-02,0.00629596409068732
 5.1059E-02,0.009501176026416123
 5.1084E-02,0.013042369602091698
 5.1108E-02,0.016764417702323155
 5.1133E-02,0.020504428328874735
 5.1158E-02,0.024098946602347012
 5.1182E-02,0.027391143898768185
 5.1207E-02,0.030237639495986166
 5.1232E-02,0.032514649208762236
 5.1256E-02,0.034123232874964736
 5.1281E-02,0.03499348193853778
 5.1306E-02,0.03508751978210949
 5.1331E-02,0.03440118606167771
 5.1355E-02,0.03296428387887918
 5.1380E-02,0.0308393250567977
 5.1405E-02,0.02811881120530608
 5.1429E-02,0.024921195320814885
 5.1454E-02,0.021385740525869005
 5.1479E-02,0.017666519138784132
 5.1503E-02,0.01392579410749457
 5.1528E-02,0.01032702339814458
 5.1553E-02,0.007027744610645895
 5.1577E-02,0.004172630675675017
 5.1602E-02,0.0018870402145987476
 5.1627E-02,0.0002713946235405214
 5.1651E-02,-0.0006033188768260281
 5.1676E-02,-0.0006986931064525469
 5.1701E-02,-1.0566420290919736e-05
 5.1726E-02,0.0014308320383535306
 5.1750E-02,0.0035622329536517125
 5.1775E-02,0.006290107848441787
 5.1800E-02,0.00949477823639142
 5.1824E-02,0.013035699406128129
 5.1849E-02,0.016757696663232954
 5.1874E-02,0.020497860757941938
 5.1898E-02,0.02409275766444146
 5.1923E-02,0.02738559239916101
 5.1948E-02,0.03023299188716925
 5.1972E-02,0.03251112896918618
 5.1997E-02,0.0341209763935772
 5.2022E-02,0.03499252787964471
 5.2047E-02,0.035087836699047796
 5.2071E-02,0.03440271703330508
 5.2096E-02,0.03296697491060609
 5.2121E-02,0.030843115918263424
 5.2145E-02,0.028123595953989975
 5.2170E-02,0.02492678345242263
 5.2195E-02,0.02139185008952131
 5.2219E-02,0.017672810485936535
 5.2244E-02,0.013931924948568016
 5.2269E-02,0.01033269304160657
 5.2293E-02,0.007032705815070874
 5.2318E-02,0.004176672334009842
 5.2343E-02,0.0018899645939564787
 5.2367E-02,0.00027301496912999264
 5.2392E-02,-0.0006031513625488214
 5.2417E-02,-0.0007000469462402116
 5.2442E-02,-1.3399053830646739e-05
 5.2466E-02,0.0014266728910725572
 5.2491E-02,0.0035569755196137804
 5.2516E-02,0.006284009974756753
 5.2540E-02,0.00948809408056008
 5.2565E-02,0.013028672691948988
 5.2590E-02,0.016750573997500018
 5.2614E-02,0.020490905391731706
 5.2639E-02,0.024086246568304128
 5.2664E-02,0.027379793988228793
 5.2688E-02,0.030228136224398853
 5.2713E-02,0.03250738662771927
 5.2738E-02,0.03411845531926915
 5.2763E-02,0.03499128601089523
 5.2787E-02,0.035087899005925835
 5.2812E-02,0.034404083348056974
 5.2837E-02,0.032969610970171676
 5.2861E-02,0.030846932141025532
 5.2886E-02,0.028128429089684447
 5.2911E-02,0.0249323966239842
 5.2935E-02,0.02139795508580625
 5.2960E-02,0.017679100769937
 5.2985E-02,0.013938100927138642
 5.3009E-02,0.01033846865701345
 5.3034E-02,0.007037801741738372
 5.3059E-02,0.004180812808924862
 5.3083E-02,0.0018928924720024829
 5.3108E-02,0.0002745248967318077
 5.3133E-02,-0.0006031770732729295
 5.3158E-02,-0.0007016193682209281
 5.3182E-02,-1.643038637780573e-05
 5.3207E-02,0.001422341655726494
 5.3232E-02,0.0035515449730354936
 5.3256E-02,0.0062777066334100745
 5.3281E-02,0.00948117113374166
 5.3306E-02,0.013021414964439522
 5.3330E-02,0.016743290605853344
 5.3355E-02,0.020483903648181943
 5.3380E-02,0.024079797724424368
 5.3404E-02,0.027374111097387195
 5.3429E-02,0.030223377354637666
 5.3454E-02,0.03250367753423443
 5.3479E-02,0.03411591040645191
 5.3503E-02,0.03499000848530329
 5.3528E-02,0.035087958722076
 5.3553E-02,0.03440548825184831
 5.3577E-02,0.032972291385222806
 5.3602E-02,0.03085074667846557
 5.3627E-02,0.028133186744641017
 5.3651E-02,0.02493788053773837
 5.3676E-02,0.021403933597781664
 5.3701E-02,0.017685320886560163
 5.3725E-02,0.01394427324883498
 5.3750E-02,0.010344261923705666
 5.3775E-02,0.007042861869030279
 5.3800E-02,0.004184806042721199
 5.3824E-02,0.0018955549942761226
 5.3849E-02,0.0002756948519882067
 5.3874E-02,-0.0006035589201108838
 5.3898E-02,-0.0007035340731234284
 5.3923E-02,-1.9808650411498596e-05
 5.3948E-02,0.0014176094450558184
 5.3972E-02,0.0035456213784038773
 5.3997E-02,0.006270827265033493
 5.4022E-02,0.009473647788847427
 5.4046E-02,0.013013606463713622
 5.4071E-02,0.01673554825345312
 5.4096E-02,0.020476518702876513
 5.4120E-02,0.02407298130274291
 5.4145E-02,0.027368017648965293
 5.4170E-02,0.03021815262603753
 5.4195E-02,0.0324994927451508
 5.4219E-02,0.0341129531249484
 5.4244E-02,0.034988433461229505
 5.4269E-02,0.0350878333909609
 5.4293E-02,0.034406771573765864
 5.4318E-02,0.032974858279604745
 5.4343E-02,0.03085443632294191
 5.4367E-02,0.028137838075161094
 5.4392E-02,0.02494333110186437
 5.4417E-02,0.021409986254870235
 5.4441E-02,0.017691706012368615
 5.4466E-02,0.013950637537122557
 5.4491E-02,0.010350198150177983
 5.4516E-02,0.007047968937029454
 5.4540E-02,0.004188750818935959
 5.4565E-02,0.001898107299722695
 5.4590E-02,0.0002767244379031882
 5.4614E-02,-0.0006041105429929893
 5.4639E-02,-0.000705679433325278
 5.4664E-02,-2.3515176578382227e-05
 5.4688E-02,0.0014124448466648386
 5.4713E-02,0.003539202862381563
 5.4738E-02,0.006263466758130438
 5.4762E-02,0.009465731649270635
 5.4787E-02,0.013005530735033246
 5.4812E-02,0.01672765199408618
 5.4836E-02,0.020469048520475052
 5.4861E-02,0.024066103840397122
 5.4886E-02,0.027361868768408137
 5.4911E-02,0.030212888518161025
 5.4935E-02,0.03249530528825786
 5.4960E-02,0.034110035028882615
 5.4985E-02,0.03498691537977338
 5.5009E-02,0.03508773835423933
 5.5034E-02,0.034408020449973854
 5.5059E-02,0.032977320182602333
 5.5083E-02,0.030857983004554945
 5.5108E-02,0.02814236023527556
 5.5133E-02,0.0249487054519221
 5.5157E-02,0.021416018746475474
 5.5182E-02,0.017698093094861582
 5.5207E-02,0.013956975304272423
 5.5232E-02,0.010356039207467223
 5.5256E-02,0.00705289876397892
 5.5281E-02,0.004192445972464237
 5.5306E-02,0.0019003514989655657
 5.5330E-02,0.0002773862105417337
 5.5355E-02,-0.0006051111815688304
 5.5380E-02,-0.0007083835461512949
 5.5404E-02,-2.7903128439564994e-05
 5.5429E-02,0.0014064950103987997
 5.5454E-02,0.003531943940703219
 5.5478E-02,0.0062552692577202175
 5.5503E-02,0.00945702483895464
 5.5528E-02,0.012996722008442575
 5.5552E-02,0.016719063026860364
 5.5577E-02,0.020460898711945466
 5.5602E-02,0.02405854552356266
 5.5627E-02,0.02735504873968862
 5.5651E-02,0.03020699366298716
 5.5676E-02,0.03249055862471586
 5.5701E-02,0.03410664130457615
 5.5725E-02,0.03498499307869502
 5.5750E-02,0.035087288108170356
 5.5775E-02,0.03440895323281772
 5.5799E-02,0.03297952109562117
 5.5824E-02,0.03086135807643121
 5.5849E-02,0.0281468284443368
 5.5873E-02,0.024954142126112022
 5.5898E-02,0.021422193272544722
 5.5923E-02,0.01770464699327487
 5.5948E-02,0.013963457760532403
 5.5972E-02,0.010361980059871689
 5.5997E-02,0.007057879573546751
 5.6022E-02,0.004196137697419553
 5.6046E-02,0.0019025129858267925
 5.6071E-02,0.0002778428587753867
 5.6096E-02,-0.0006064798570060117
 5.6120E-02,-0.0007116296472934099
 5.6145E-02,-3.297465846866486e-05
 5.6170E-02,0.0013997866477425832
 5.6194E-02,0.003523926013380352
 5.6219E-02,0.006246368027828629
 5.6244E-02,0.00944769619287905
 5.6269E-02,0.01298738006492925
 5.6293E-02,0.016710033905813704
 5.6318E-02,0.020452413235077016
 5.6343E-02,0.024050767204109657
 5.6367E-02,0.027348118771197468
 5.6392E-02,0.03020106667991023
 5.6417E-02,0.03248580642122784
 5.6441E-02,0.034103219936971844
 5.6466E-02,0.03498299537365047
 5.6491E-02,0.03508671837923483
 5.6515E-02,0.03440974560536115
 5.6540E-02,0.032981585571752105
 5.6565E-02,0.030864613336419815
 5.6589E-02,0.02815119156259426
 5.6614E-02,0.02495948089933588
 5.6639E-02,0.021428274777626984
 5.6664E-02,0.01771111708073488
 5.6688E-02,0.013969865188831304
 5.6713E-02,0.010367833804874181
 5.6738E-02,0.007062713984882094
 5.6762E-02,0.004199561894992255
 5.6787E-02,0.0019042333376913497
 5.6812E-02,0.00027766284629611904
 5.6836E-02,-0.0006086672441701911
 5.6861E-02,-0.0007158412667229269
 5.6886E-02,-3.912265702330994e-05
 5.6910E-02,0.0013919143358499726
 5.6935E-02,0.0035146715213599327
 5.6960E-02,0.006236179501122756
 5.6985E-02,0.009437070910334272
 5.7009E-02,0.012976788773285383
 5.7034E-02,0.016699852779853686
 5.7059E-02,0.020442891712041063
 5.7083E-02,0.024042047669931253
 5.7108E-02,0.027340298952697753
 5.7133E-02,0.030194268337651896
 5.7157E-02,0.03248020426472898
 5.7182E-02,0.0340990079589821
 5.7207E-02,0.034980314480405394
 5.7231E-02,0.03508560203514191
 5.7256E-02,0.03441012596057937
 5.7281E-02,0.03298335043300963
 5.7305E-02,0.030867661647638395
 5.7330E-02,0.02815543887118036
 5.7355E-02,0.024964808623454043
 5.7380E-02,0.021434459722652736
 5.7404E-02,0.017717789839838023
 5.7429E-02,0.013976525175785497
 5.7454E-02,0.010373914610767244
 5.7478E-02,0.007067668560778038
 5.7503E-02,0.004202933199703715
 5.7528E-02,0.0019056894497464605
 5.7552E-02,0.0002769968490654983
 5.7577E-02,-0.0006115539337337929
 5.7602E-02,-0.0007209479319761835
 5.7626E-02,-4.633744507305049e-05
 5.7651E-02,0.0013828395770598453
 5.7676E-02,0.003504135468933055
 5.7701E-02,0.006224709465131329
 5.7725E-02,0.009425255897356334
 5.7750E-02,0.012965182694903135
 5.7775E-02,0.016688882244253335
 5.7799E-02,0.020432807853763245
 5.7824E-02,0.024032947329813786
 5.7849E-02,0.027332208013760306
 5.7873E-02,0.03018724194109561
 5.7898E-02,0.032474380840531225
 5.7923E-02,0.034094579129498814
 5.7947E-02,0.034977433534492876
 5.7972E-02,0.03508430408198505
 5.7997E-02,0.034410324096468645
 5.8021E-02,0.03298490651192419
 5.8046E-02,0.03087046695040876
 5.8071E-02,0.028159434696797738
 5.8096E-02,0.024969926911587413
 5.8120E-02,0.021440522611650616
 5.8145E-02,0.017724433312185924
 5.8170E-02,0.01398319568613405
 5.8194E-02,0.010379945514796797
 5.8219E-02,0.007072401764335638
 5.8244E-02,0.0042058313421799555
 5.8268E-02,0.0019063933548682326
 5.8293E-02,0.0002753167626245454
 5.8318E-02,-0.0006156854288235408
 5.8342E-02,-0.000727513187884502
 5.8367E-02,-5.522627648714331e-05
 5.8392E-02,0.0013718781492399314
 5.8417E-02,0.003491540200636573
 5.8441E-02,0.006211100497844133
 5.8466E-02,0.00941134909268184
 5.8491E-02,0.012951645742894796
 5.8515E-02,0.016676194007470276
 5.8540E-02,0.020421192259273788
 5.8565E-02,0.024022421993064758
 5.8589E-02,0.027322725714094095
 5.8614E-02,0.030178842384111355
 5.8639E-02,0.03246725430741426
 5.8663E-02,0.034088997614480115
 5.8688E-02,0.034973602023615206
 5.8713E-02,0.03508224933730223
 5.8738E-02,0.03440990833916801
 5.8762E-02,0.032985948337777675
 5.8787E-02,0.030872863398376936
 5.8812E-02,0.02816318104069631
 5.8836E-02,0.024975013878141567
 5.8861E-02,0.021446781504050806
 5.8886E-02,0.017731432681855275
 5.8910E-02,0.013990255312630559
 5.8935E-02,0.010386259844178292
 5.8960E-02,0.007077206024074105
 5.8984E-02,0.004208530163062149
 5.9009E-02,0.0019066038082003675
 5.9034E-02,0.00027283273662860857
 5.9058E-02,-0.0006209549413711803
 5.9083E-02,-0.00073557036076485
 5.9108E-02,-6.594726910864781e-05
 5.9133E-02,0.0013588179289125823
 5.9157E-02,0.003476715045292009
 5.9182E-02,0.006195299522639992
 5.9207E-02,0.009395444754789817
 5.9231E-02,0.012936409579658147
 5.9256E-02,0.01666213839521953
 5.9281E-02,0.02040851258560198
 5.9305E-02,0.0240110706465321
 5.9330E-02,0.027312583120449766
 5.9355E-02,0.030169891168774745
 5.9379E-02,0.03245965070852694
 5.9404E-02,0.034082994409791026
 5.9429E-02,0.03496938363927394
 5.9454E-02,0.03507981218210443
 5.9478E-02,0.03440908499113637
 5.9503E-02,0.032986551526487835
 5.9528E-02,0.030874823022816498
 5.9552E-02,0.028166554811090844
 5.9577E-02,0.02497985356573398
 5.9602E-02,0.021452941905917716
 5.9626E-02,0.017738445286113846
 5.9651E-02,0.01399734291941983
 5.9676E-02,0.010392483509442694
 5.9700E-02,0.007081666799287166
 5.9725E-02,0.004210529566976531
 5.9750E-02,0.0019057014667638477
 5.9774E-02,0.00026880478611000357
 5.9799E-02,-0.0006281948893988337
 5.9824E-02,-0.0007460103152275078
 5.9849E-02,-7.943645175216725e-05
 5.9873E-02,0.0013426615754235237
 5.9898E-02,0.003458571396768151
 5.9923E-02,0.00617611055482457
 5.9947E-02,0.009376254642683693
 5.9972E-02,0.012918132099549926
 5.9997E-02,0.01664535340842104
 6.0021E-02,0.02039339285508095
 6.0046E-02,0.02399748404313961
 6.0071E-02,0.02730032345576056
 6.0095E-02,0.030158908832190218
 6.0120E-02,0.03245014032738772
 6.0145E-02,0.034075283221682635
 6.0170E-02,0.034963709285482855
 6.0194E-02,0.03507616935450624
 6.0219E-02,0.03440726547914967
 6.0244E-02,0.03298633728476984
 6.0268E-02,0.030876161963639404
 6.0293E-02,0.028169565788819927
 6.0318E-02,0.024984644304394545
 6.0342E-02,0.021459361211519784
 6.0367E-02,0.017745930239863986
 6.0392E-02,0.014004951956554457
 6.0416E-02,0.010399090482270657
 6.0441E-02,0.007086207945014139
 6.0466E-02,0.0042121855482683615
 6.0490E-02,0.0019039516562018854
 6.0515E-02,0.0002633723950953516
 6.0540E-02,-0.0006374269257666962
 6.0565E-02,-0.000759026782012691
 6.0589E-02,-9.602743787839147e-05
 6.0614E-02,0.0013230090850385539
 6.0639E-02,0.0034367348090948583
 6.0663E-02,0.006153265724715579
 6.0688E-02,0.009353670219244554
 6.0713E-02,0.012896891826522676
 6.0737E-02,0.01662612190649024
 6.0762E-02,0.020376333560094363
 6.0787E-02,0.023982377085332754
 6.0811E-02,0.0272868344416008
 6.0836E-02,0.030146867916127362
 6.0861E-02,0.03243966692932704
 6.0886E-02,0.034066679695924154
 6.0910E-02,0.034957212048883
 6.0935E-02,0.035071762920414515
 6.0960E-02,0.03440471532637535
 6.0984E-02,0.032985407354873396
 6.1009E-02,0.030876821623272727
 6.1034E-02,0.02817200157483421
 6.1058E-02,0.024989048631056204
 6.1083E-02,0.02146563217085728
 6.1108E-02,0.01775346962148326
 6.1132E-02,0.0140126784850951
 6.1157E-02,0.010405656742531185
 6.1182E-02,0.007090305755639062
 6.1207E-02,0.004212795470093173
 6.1231E-02,0.0019004410237789446
 6.1256E-02,0.00025544141187946296
 6.1281E-02,-0.0006498631442661556
 6.1305E-02,-0.0007759041178272469
 6.1330E-02,-0.00011708206566501012
 6.1355E-02,0.0012983734984150976
 6.1379E-02,0.00340954781038823
 6.1404E-02,0.006124940812214562
 6.1429E-02,0.009325765148985206
 6.1453E-02,0.012870749673620846
 6.1478E-02,0.01660254699747707
 6.1503E-02,0.02035546508722147
 6.1527E-02,0.023963843234484732
 6.1552E-02,0.027270125242019116
 6.1577E-02,0.030131725386796163
 6.1602E-02,0.03242625532405515
 6.1626E-02,0.03405542904842291
 6.1651E-02,0.03494846491612506
 6.1676E-02,0.03506551352888158
 6.1700E-02,0.034400654570930785
 6.1725E-02,0.03298322357717534
 6.1750E-02,0.030876488852523722
 6.1774E-02,0.02817380164507282
 6.1799E-02,0.024993287640736342
 6.1824E-02,0.02147223557271784
 6.1848E-02,0.017761713771454725
 6.1873E-02,0.014021215688089813
 6.1898E-02,0.010412809122305841
 6.1923E-02,0.007094463397279704
 6.1947E-02,0.0042127256929477466
 6.1972E-02,0.0018953933811072061
 6.1997E-02,0.00024506332328842295
 6.2021E-02,-0.0006656764447908977
 6.2046E-02,-0.0007970782042125584
 6.2071E-02,-0.00014328071461791483
 6.2095E-02,0.0012679237209965552
 6.2120E-02,0.0033761750726906624
 6.2145E-02,0.006090445365883801
 6.2169E-02,0.009292099992250068
 6.2194E-02,0.01283956566060559
 6.2219E-02,0.016574795326288916
 6.2243E-02,0.02033124973914562
 6.2268E-02,0.02394261640339431
 6.2293E-02,0.027251149265973502
 6.2318E-02,0.030114560396868627
 6.2342E-02,0.03241098538237043
 6.2367E-02,0.034042489418589075
 6.2392E-02,0.03493821818335224
 6.2416E-02,0.03505792577144153
 6.2441E-02,0.03439534227840399
 6.2466E-02,0.03297982013697832
 6.2490E-02,0.030875002403410477
 6.2515E-02,0.02817464650411867
 6.2540E-02,0.024996932881432343
 6.2564E-02,0.021478691752756705
 6.2589E-02,0.017770176469262412
 6.2614E-02,0.014030071401613227
 6.2639E-02,0.010419990480298198
 6.2663E-02,0.00709795935890809
 6.2688E-02,0.004210998330982261
 6.2713E-02,0.0018875350196182507
 6.2737E-02,0.0002306925899185038
 6.2762E-02,-0.0006866272651964343
 6.2787E-02,-0.0008244828417508584
 6.2811E-02,-0.0001767333320877232
 6.2836E-02,0.001229339999694051
 6.2861E-02,0.003334068602481881
 6.2885E-02,0.00604704249531993
 6.2910E-02,0.009249848407770975
 6.2935E-02,0.012800536671460467
 6.2959E-02,0.01654014714453744
 6.2984E-02,0.02030102550096135
 6.3009E-02,0.023916012873936455
 6.3034E-02,0.0272271487743045
 6.3058E-02,0.03009258726397409
 6.3083E-02,0.03239119201938137
 6.3108E-02,0.034025496905193964
 6.3132E-02,0.03492453004833069
 6.3157E-02,0.035047497203562455
 6.3182E-02,0.034387659457035584
 6.3206E-02,0.03297440483054937
 6.3231E-02,0.030871893201823934
 6.3256E-02,0.02817443299227945
 6.3280E-02,0.02500027674474661
 6.3305E-02,0.02148564299988183
 6.3330E-02,0.01777971667444133
 6.3355E-02,0.01404014808713452
 6.3379E-02,0.010428002021795607
 6.3404E-02,0.007101413747023121
 6.3429E-02,0.004208020398905858
 6.3453E-02,0.0018770285919247382
 6.3478E-02,0.00021218528968908385
 6.3503E-02,-0.0007132449913091642
 6.3527E-02,-0.0008590751710674092
 6.3552E-02,-0.00021877672132952688
 6.3577E-02,0.0011810575722840612
 6.3601E-02,0.0032816507292157873
 6.3626E-02,0.005993350463251318
 6.3651E-02,0.009197971476646232
 6.3676E-02,0.012753039250116957
 6.3700E-02,0.016498417292027612
 6.3725E-02,0.020265044502896845
 6.3750E-02,0.023884695599483613
 6.3774E-02,0.02719912113870226
 6.3799E-02,0.030066997183365293
 6.3824E-02,0.032368079209761924
 6.3848E-02,0.03400550084845171
 6.3873E-02,0.03490818843341517
 6.3898E-02,0.03503471846982168
 6.3922E-02,0.03437781211882515
 6.3947E-02,0.03296693040069549
 6.3972E-02,0.030866894676493978
 6.3996E-02,0.02817271501828168
 6.4021E-02,0.025002751267248623
 6.4046E-02,0.02149247329843017
 6.4071E-02,0.01778972919634077
 6.4095E-02,0.014050847251402489
 6.4120E-02,0.01043615738922032
 6.4145E-02,0.007103891864506671
 6.4169E-02,0.004202452700100186
 6.4194E-02,0.0018620503447098116
 6.4219E-02,0.0001872536649229308
 6.4243E-02,-0.0007481983931632375
 6.4268E-02,-0.0009038300306062964
 6.4293E-02,-0.0002726733728208099
 6.4317E-02,0.0011194993052532358
 6.4342E-02,0.0032150192997123968
 6.4367E-02,0.005925211406617564
 6.4392E-02,0.009132213496873286
 6.4416E-02,0.012692902474758344
 6.4441E-02,0.016445629158655748
 6.4466E-02,0.020219502757608962
 6.4490E-02,0.02384491490016263
 6.4515E-02,0.027163268817693716
 6.4540E-02,0.030033970301588747
 6.4564E-02,0.03233798157919623
 6.4589E-02,0.0339792320175115
 6.4614E-02,0.03488649669582021
 6.4638E-02,0.035017501758060336
 6.4663E-02,0.03436424606057478
 6.4688E-02,0.03295628718803986
 6.4712E-02,0.030859322572891618
 6.4737E-02,0.028169288859679155
 6.4762E-02,0.025004686983283717
 6.4787E-02,0.021500007541970487
 6.4811E-02,0.01780136609108634
 6.4836E-02,0.014063403126340107
 6.4861E-02,0.010445540580626493
 6.4885E-02,0.007106170484151902
 6.4910E-02,0.00419468146684184
 6.4935E-02,0.0018425385324484693
 6.4959E-02,0.00015531439154822563
 6.4984E-02,-0.0007926765338652148
 6.5009E-02,-0.000960582431098603
 6.5033E-02,-0.00034083616043492854
 6.5058E-02,0.0010418755014604448
 6.5083E-02,0.0031313039108357395
 6.5108E-02,0.005839984671395595
 6.5132E-02,0.00905041147054983
 6.5157E-02,0.012618591663080202
 6.5182E-02,0.016380938302047524
 6.5206E-02,0.020164239554562292
 6.5231E-02,0.023797122765947306
 6.5256E-02,0.02712051251588224
 6.5280E-02,0.02999468728194463
 6.5305E-02,0.03230210964991395
 6.5330E-02,0.03394773973826467
 6.5354E-02,0.034860227702800166
 6.5379E-02,0.0349962976237927
 6.5404E-02,0.0343470838509732
 6.5428E-02,0.03294228429729685
 6.5453E-02,0.030848708324862594
 6.5478E-02,0.028163477458645995
 6.5503E-02,0.025005303970207896
 6.5527E-02,0.02150747826176404
 6.5552E-02,0.01781393676145028
 6.5577E-02,0.01407715035455533
 6.5601E-02,0.01045532429178943
 6.5626E-02,0.0071069940193911035
 6.5651E-02,0.004182786799480468
 6.5675E-02,0.00181579882702302
 6.5700E-02,0.00011293421917709626
 6.5725E-02,-0.0008507358251749873
 6.5749E-02,-0.0010339143773330057
 6.5774E-02,-0.00042834883055539307
 6.5799E-02,0.0009425814757483573
 6.5824E-02,0.0030244095738700917
 6.5848E-02,0.005731244905970419
 6.5873E-02,0.008946091780988657
 6.5898E-02,0.012523880385702813
 6.5922E-02,0.016298527834545596
 6.5947E-02,0.020093798980201687
 6.5972E-02,0.023736025868772458
 6.5996E-02,0.02706554569415949
 6.6021E-02,0.029943841084139153
 6.6046E-02,0.03225539126938933
 6.6070E-02,0.03390651745027762
 6.6095E-02,0.03482567571882915
 6.6120E-02,0.034968232810238344
 6.6145E-02,0.03432415962784048
 6.6169E-02,0.03292333030493932
 6.6194E-02,0.03083401920585046
 6.6219E-02,0.028154910674070884
 6.6243E-02,0.025004998473253978
 6.6268E-02,0.021516006407361628
 6.6293E-02,0.017829042342164966
 6.6317E-02,0.014093793340793807
 6.6342E-02,0.010466945195751084
 6.6367E-02,0.007107270441351388
 6.6391E-02,0.0041670065931197625
 6.6416E-02,0.001781312455885145
 6.6441E-02,5.87398122843042e-05
 6.6465E-02,-0.0009247155318353941
 6.6490E-02,-0.0011271844572708022
 6.6515E-02,-0.0005394905676196986
 6.6540E-02,0.0008167128942421429
 6.6564E-02,0.0028892542348690313
 6.6589E-02,0.005594217909731081
 6.6614E-02,0.008815192210381663
 6.6638E-02,0.012405673999950753
 6.6663E-02,0.01619637394132665
 6.6688E-02,0.020007204124445267
 6.6712E-02,0.02366156166256887
 6.6737E-02,0.02699899060523422
 6.6762E-02,0.029882443147337255
 6.6786E-02,0.032198928239982966
 6.6811E-02,0.0338565225938531
 6.6836E-02,0.03478351161014528
 6.6861E-02,0.03493362249787088
 6.6885E-02,0.03429540547203417
 6.6910E-02,0.032898980584275685
 6.6935E-02,0.030814488721401124
 6.6959E-02,0.028142615650622906
 6.6984E-02,0.02500275272375037
 6.7009E-02,0.021524680298306502
 6.7033E-02,0.01784592781053525
 6.7058E-02,0.014112604186260327
 6.7083E-02,0.010479384593515561
 6.7107E-02,0.007105276269645305
 6.7132E-02,0.004144556823323568
 6.7157E-02,0.0017350635304719695
 6.7181E-02,-1.2482654547115368e-05
 6.7206E-02,-0.0010208781061869713
 6.7231E-02,-0.0012475666026445645
 6.7256E-02,-0.0006822877140053649
 6.7280E-02,0.000655419194768731
 6.7305E-02,0.0027162826885403384
 6.7330E-02,0.0054189494799730415
 6.7354E-02,0.008647824133845631
 6.7379E-02,0.012254609828184304
 6.7404E-02,0.016065887485420857
 6.7428E-02,0.01989656572340638
 6.7453E-02,0.02356623392353851
 6.7478E-02,0.026913451847288907
 6.7502E-02,0.029803165268715195
 6.7527E-02,0.032125745659385786
 6.7552E-02,0.033791568595672776
 6.7577E-02,0.03472865187691647
 6.7601E-02,0.03488852190865567
 6.7626E-02,0.03425783292497042
 6.7651E-02,0.03286701297884189
 6.7675E-02,0.030788643331258317
 6.7700E-02,0.028126027411200034
 6.7725E-02,0.024999076200290685
 6.7749E-02,0.021535041670407644
 6.7774E-02,0.017866822699400552
 6.7799E-02,0.014135942009888977
 6.7823E-02,0.01049455406699632
 6.7848E-02,0.007102039950482763
 6.7873E-02,0.004115324379505535
 6.7897E-02,0.0016756439223573863
 6.7922E-02,-0.00010357218660280647
 6.7947E-02,-0.0011436240473595618
 6.7972E-02,-0.0014010639620721794
 6.7996E-02,-0.0008641766477385109
 6.8021E-02,0.0004502748147248711
 6.8046E-02,0.00249674772168844
 6.8070E-02,0.005197113196939294
 6.8095E-02,0.008436729916808916
 6.8120E-02,0.012064938514382506
 6.8144E-02,0.015903022017482504
 6.8169E-02,0.019759502174574242
 6.8194E-02,0.023449085123452267
 6.8218E-02,0.02680900312478762
 6.8243E-02,0.02970665609291339
 6.8268E-02,0.03203665994279923
 6.8293E-02,0.033712361576093974
 6.8317E-02,0.03466154234022495
 6.8342E-02,0.03483303288145928
 6.8367E-02,0.03421113530924987
 6.8391E-02,0.032826681965558095
 6.8416E-02,0.030755354418940423
 6.8441E-02,0.02810380502914933
 6.8465E-02,0.024992665275730283
 6.8490E-02,0.021546042597230256
 6.8515E-02,0.017890971320014208
 6.8539E-02,0.014163084848093215
 6.8564E-02,0.010511221748611499
 6.8589E-02,0.007095150420420702
 6.8614E-02,0.004075161765600993
 6.8638E-02,0.0015969058324206897
 6.8663E-02,-0.00022262762038681634
 6.8688E-02,-0.0013027787947276364
 6.8712E-02,-0.001599011725123973
 6.8737E-02,-0.00109787860746906
 6.8762E-02,0.00018728027770872186
 6.8786E-02,0.002215639561506671
 6.8811E-02,0.004913240803643311
 6.8836E-02,0.00816675868597875
 6.8860E-02,0.011822570147804037
 6.8885E-02,0.015695142663469552
 6.8910E-02,0.01958471287999657
 6.8934E-02,0.02329964314629758
 6.8959E-02,0.02667548560322401
 6.8984E-02,0.029582927398794086
 6.9009E-02,0.03192219858254405
 6.9033E-02,0.03361053903151024
 6.9058E-02,0.03457537126453578
 6.9083E-02,0.03476193077319693
 6.9107E-02,0.03415138554670344
 6.9132E-02,0.03277505599018671
 6.9157E-02,0.030712649629545834
 6.9181E-02,0.02807518425741475
 6.9206E-02,0.024984245370270095
 6.9231E-02,0.021559880323090776
 6.9255E-02,0.01792155756588367
 6.9280E-02,0.01419735694117457
 6.9305E-02,0.010531931323702436
 6.9330E-02,0.007085639315514683
 6.9354E-02,0.004023140353506618
 6.9379E-02,0.0014957192590359476
 6.9404E-02,-0.000375142010997858
 6.9428E-02,-0.001506325363030445
 6.9453E-02,-0.0018518853054711138
 6.9478E-02,-0.0013960796640865676
 6.9502E-02,-0.000147791938104764
 6.9527E-02,0.0018581992577761516
 6.9552E-02,0.004553199951401432
 6.9576E-02,0.007825461992291654
 6.9601E-02,0.011517495388470635
 6.9626E-02,0.015435026077024315
 6.9650E-02,0.01936767987654464
 6.9675E-02,0.023115642537999175
 6.9700E-02,0.026512197442609266
 6.9725E-02,0.029432120771194455
 6.9749E-02,0.031782792643366274
 6.9774E-02,0.03348651503061333
 6.9799E-02,0.03447039969928202
 6.9823E-02,0.03467521211605309
 6.9848E-02,0.03407816247804062
 6.9873E-02,0.032711173889320475
 6.9897E-02,0.030659066132965505
 6.9922E-02,0.028038459423950182
 6.9947E-02,0.024972266425646556
 6.9971E-02,0.021575486916284352
 6.9996E-02,0.017957993945621274
 7.0021E-02,0.014238161038302773
 7.0046E-02,0.010555153093922975
 7.0070E-02,0.007069969719409986
 7.0095E-02,0.003952859994837847
 7.0120E-02,0.0013624398451063248
 7.0144E-02,-0.0005739066506058761
 7.0169E-02,-0.001769846182855739
 7.0194E-02,-0.0021777067737178573
 7.0218E-02,-0.001778998016823311
 7.0243E-02,-0.000577088727926155
 7.0268E-02,0.0014008982250301766
 7.0292E-02,0.004093062257378686
 7.0317E-02,0.007389803738188172
 7.0342E-02,0.011128764269462698
 7.0366E-02,0.015104417938236974
 7.0391E-02,0.01909261954900815
 7.0416E-02,0.0228829110911829
 7.0441E-02,0.026305667184410235
 7.0465E-02,0.02924111038798772
 7.0490E-02,0.03160606774090052
 7.0515E-02,0.033329486525771175
 7.0539E-02,0.0343380120425886
 7.0564E-02,0.03456646284773615
 7.0589E-02,0.03398677439908751
 7.0613E-02,0.032631572970115395
 7.0638E-02,0.030592296603549524
 7.0663E-02,0.027992865871649772
 7.0687E-02,0.024957975184115178
 7.0712E-02,0.02159615167967641
 7.0737E-02,0.018004916703833373
 7.0762E-02,0.014290186920948047
 7.0786E-02,0.010584169960332136
 7.0811E-02,0.007048822148859277
 7.0836E-02,0.0038616606384515475
 7.0860E-02,0.0011907090870427062
 7.0885E-02,-0.0008291455335139256
 7.0910E-02,-0.002107504701709218
 7.0934E-02,-0.00259446826194103
 7.0959E-02,-0.002267949184877484
 7.0984E-02,-0.0011241947534664093
 7.1008E-02,0.0008194421156322545
 7.1033E-02,0.0035096322608642178
 7.1058E-02,0.006839384280494387
 7.1083E-02,0.01064002639632038
 7.1107E-02,0.014691601774459235
 7.1132E-02,0.01875227807587212
 7.1157E-02,0.02259781741463543
 7.1181E-02,0.02605466550317552
 7.1206E-02,0.029009890690502915
 7.1231E-02,0.03139245935422577
 7.1255E-02,0.03314001529389269
 7.1280E-02,0.03417881937212351
 7.1305E-02,0.034436196954758504
 7.1329E-02,0.03387732049473307
 7.1354E-02,0.03253562548521417
 7.1379E-02,0.03051095153426956
 7.1403E-02,0.027936618051915246
 7.1428E-02,0.0249398110692785
 7.1453E-02,0.021621037828747868
 7.1478E-02,0.01806215389867936
 7.1502E-02,0.014353069660899201
 7.1527E-02,0.010616901570599385
 7.1552E-02,0.007016694846873826
 7.1576E-02,0.003739315590757888
 7.1601E-02,0.0009650474332230552
 7.1626E-02,-0.0011613696292394325
 7.1650E-02,-0.0025442216867523964
 7.1675E-02,-0.0031308675104547
 7.1700E-02,-0.0028949022152981907
 7.1724E-02,-0.0018237677596090953
 7.1749E-02,7.751058761665893e-05
 7.1774E-02,0.0027665973288301168
 7.1799E-02,0.006139996067802413
 7.1823E-02,0.010021068668610349
 7.1848E-02,0.014171287681058022
 7.1873E-02,0.01832585669171803
 7.1897E-02,0.022242557568415467
 7.1922E-02,0.025742742553250736
 7.1947E-02,0.02872257670055781
 7.1971E-02,0.031127088370062776
 7.1996E-02,0.032905384488979054
 7.2021E-02,0.03398315842420679
 7.2045E-02,0.03427777308531914
 7.2070E-02,0.033745369801914255
 7.2095E-02,0.03242026414195964
 7.2119E-02,0.03041314001459238
 7.2144E-02,0.027869571622175175
 7.2169E-02,0.024920145053170098
 7.2194E-02,0.021655184585167932
 7.2218E-02,0.01813644317001068
 7.2243E-02,0.014433288714983571
 7.2268E-02,0.010657275459383742
 7.2292E-02,0.00697304262848417
 7.2317E-02,0.0035796310713843197
 7.2342E-02,0.0006731242255010044
 7.2366E-02,-0.0015891257872914428
 7.2391E-02,-0.003104619546223354
 7.2416E-02,-0.0038171723168351065
 7.2440E-02,-0.003694800953121889
 7.2465E-02,-0.0027137189992797314
 7.2490E-02,-0.0008633735220120809
 7.2515E-02,0.0018276823366572014
 7.2539E-02,0.005260210292383959
 7.2564E-02,0.009247315673149327
 7.2589E-02,0.013526685719723397
 7.2613E-02,0.017803962839524255
 7.2638E-02,0.021813545332048562
 7.2663E-02,0.025369901418818556
 7.2687E-02,0.028380769513873073
 7.2712E-02,0.03081203641723617
 7.2737E-02,0.03262793486290943
 7.2761E-02,0.03375374255227168
 7.2786E-02,0.03409409326632738
 7.2811E-02,0.033593364491284486
 7.2835E-02,0.03228674245959992
 7.2860E-02,0.03029866951989232
 7.2885E-02,0.027790567444459034
 7.2910E-02,0.02489783458961665
 7.2934E-02,0.021698287743439314
 7.2959E-02,0.018228213305617445
 7.2984E-02,0.014530583643538448
 7.3008E-02,0.010701882919724274
 7.3033E-02,0.0069086467541711345
 7.3058E-02,0.0033656566549874404
 7.3082E-02,0.00028962431283773493
 7.3107E-02,-0.002145529868644185
 7.3132E-02,-0.003828416686203425
 7.3156E-02,-0.0046984649108117215
 7.3181E-02,-0.0047170271174997655
 7.3206E-02,-0.003846560510620693
 7.3231E-02,-0.0020570681233993537
 7.3255E-02,0.000640358809533273
 7.3280E-02,0.004152069206948647
 7.3305E-02,0.008278233619509159
 7.3329E-02,0.012725982423509141
 7.3354E-02,0.017162583347779908
 7.3379E-02,0.02129187452938712
 7.3403E-02,0.024919371709836383
 7.3428E-02,0.027968262792263575
 7.3453E-02,0.03043216328793437
 7.3477E-02,0.0322953357843942
 7.3502E-02,0.03348240355284859
 7.3527E-02,0.033881005039370686
 7.3552E-02,0.03341973560832502
 7.3576E-02,0.03213456483197852
 7.3601E-02,0.030167669774392593
 7.3626E-02,0.02770118565773017
 7.3650E-02,0.024877183571005386
 7.3675E-02,0.02175780191442089
 7.3700E-02,0.01834675754873542
 7.3724E-02,0.014653163105528094
 7.3749E-02,0.010754328427626593
 7.3774E-02,0.006819562650378432
 7.3798E-02,0.003084185107579374
 7.3823E-02,-0.00020843919043305424
 7.3848E-02,-0.0028630825923142873
 7.3872E-02,-0.0047568918785458915
 7.3897E-02,-0.005823573226967664
 7.3922E-02,-0.006016008131311717
 7.3947E-02,-0.005279496890854188
 7.3971E-02,-0.0035599732340767646
 7.3996E-02,-0.0008470095384936326
 7.4000E-02,-0.00030634399416156876
