  0.000,0.0
  1.000,0.01456641940121728
  0.000,0.01456641940121728
 1.4490E-05,0.0150704992527784
 2.8980E-05,0.01673186145682157
 4.3470E-05,0.01905762310342552
 5.7960E-05,0.022402925892745014
 7.2450E-05,0.026752969680845194
 8.6940E-05,0.031099787100673515
 1.0143E-04,0.034302252853068316
 1.1592E-04,0.035797557068939806
 1.3041E-04,0.03544690388400497
 1.4490E-04,0.03304126539617638
 1.5939E-04,0.028600922449317355
 1.7388E-04,0.023095937228541592
 1.8837E-04,0.017785676262661226
 2.0286E-04,0.013230568226247085
 2.1735E-04,0.009652055188905672
 2.3184E-04,0.007450115767813352
 2.4633E-04,0.006675188577664494
 2.6082E-04,0.006531396249591461
 2.7531E-04,0.006090800511035795
 2.8980E-04,0.00510260454250819
 3.0429E-04,0.0035802114746022956
 3.1878E-04,0.0013660957241581344
 3.3327E-04,-0.00126140551262945
 3.4776E-04,-0.003316948137712546
 3.6225E-04,-0.0039032321520949724
 3.7674E-04,-0.002749531744155997
 3.9123E-04,0.0001713573041777893
 4.0572E-04,0.004861023303683428
 4.2021E-04,0.010812879927395404
 4.3470E-04,0.016933173005336054
 4.4919E-04,0.02222538672209378
 4.6368E-04,0.02619044762180053
 4.7817E-04,0.028597341944577897
 4.9266E-04,0.029329637398641622
 5.0715E-04,0.028693614071954136
 5.2164E-04,0.02753274110784797
 5.3613E-04,0.02662306488120888
 5.5062E-04,0.026208623065651897
 5.6511E-04,0.026315157677842812
 5.7960E-04,0.0269307695682056
 5.9409E-04,0.02760881155978425
 6.0858E-04,0.027479446865277556
 6.2307E-04,0.02592163642493809
 6.3756E-04,0.02284426169512245
 6.5205E-04,0.018359179408888305
 6.6654E-04,0.012751477297300726
 6.8103E-04,0.006775316333225092
 6.9552E-04,0.0014752589062539583
 7.1001E-04,-0.0023642242330500383
 7.2450E-04,-0.004410778649821081
 7.3899E-04,-0.004596029084160006
 7.5348E-04,-0.0030891007218950936
 7.6797E-04,-0.00047850584118923605
 7.8246E-04,0.0023717239553393272
 7.9695E-04,0.00481467213905971
 8.1144E-04,0.006619739908729769
 8.2593E-04,0.0077748125093883005
 8.4042E-04,0.008452478963431409
 8.5491E-04,0.009177977181829687
 8.6940E-04,0.01065189396368623
 8.8389E-04,0.013275350854386997
 8.9838E-04,0.017014378955785246
 9.1287E-04,0.021609303856123918
 9.2736E-04,0.02658323282720465
 9.4185E-04,0.031125860082897285
 9.5634E-04,0.03434148379854364
 9.7083E-04,0.03568554552465389
 9.8532E-04,0.03504995045451445
 9.9981E-04,0.032597028733237894
 1.0143E-03,0.02877361021367649
 1.0288E-03,0.024360597711743363
 1.0433E-03,0.02019893523738505
 1.0578E-03,0.016821180791238274
 1.0723E-03,0.014392284382201317
 1.0868E-03,0.012833211414673749
 1.1012E-03,0.011822517153000749
 1.1157E-03,0.010793444351303782
 1.1302E-03,0.009183326097982874
 1.1447E-03,0.0067559952763459035
 1.1592E-03,0.003645503324910581
 1.1737E-03,0.00021625697350099657
 1.1882E-03,-0.002961765174882469
 1.2027E-03,-0.005136223654882525
 1.2172E-03,-0.005642673544660306
 1.2317E-03,-0.004207885160750095
 1.2461E-03,-0.0009600861852923888
 1.2606E-03,0.003699307961194734
 1.2751E-03,0.009110919299951638
 1.2896E-03,0.014425078595914707
 1.3041E-03,0.018887848973512728
 1.3186E-03,0.02209946151371969
 1.3331E-03,0.02401780979717747
 1.3476E-03,0.02486197828947644
 1.3621E-03,0.025083094324510155
 1.3766E-03,0.025270540648581738
 1.3910E-03,0.02589261066004119
 1.4055E-03,0.02708035885406424
 1.4200E-03,0.028640262696320612
 1.4345E-03,0.030162132051374076
 1.4490E-03,0.03107272097931629
 1.4635E-03,0.03074999991418948
 1.4780E-03,0.028778359999776987
 1.4925E-03,0.025138538535110666
 1.5070E-03,0.02017330605774625
 1.5215E-03,0.014473576772757775
 1.5359E-03,0.00880893649480709
 1.5504E-03,0.0039854746620371076
 1.5649E-03,0.0005902456881525433
 1.5794E-03,-0.0011733025653981844
 1.5939E-03,-0.00144694983598017
 1.6084E-03,-0.0006196732128635475
 1.6229E-03,0.0007442687530528855
 1.6374E-03,0.0020552363519578
 1.6519E-03,0.002929489425264126
 1.6664E-03,0.003317714818792562
 1.6808E-03,0.0034565059174109744
 1.6953E-03,0.0037678558839258124
 1.7098E-03,0.004768890996539153
 1.7243E-03,0.00691484051894069
 1.7388E-03,0.010390951975311601
 1.7533E-03,0.015011828845720202
 1.7678E-03,0.02028565449683292
 1.7823E-03,0.0255310160892201
 1.7968E-03,0.02998947725080585
 1.8113E-03,0.03299801262390915
 1.8257E-03,0.034195472432991224
 1.8402E-03,0.03361151991974736
 1.8547E-03,0.031597409676083245
 1.8692E-03,0.028711817865278592
 1.8837E-03,0.02560435708530139
 1.8982E-03,0.02284098462482169
 1.9127E-03,0.020718070864433526
 1.9272E-03,0.019200907346303135
 1.9417E-03,0.017999784069547213
 1.9561E-03,0.016682622056064366
 1.9706E-03,0.014796829501409675
 1.9851E-03,0.01203609018636106
 1.9996E-03,0.008395384201942696
 2.0141E-03,0.004202200754210064
 2.0286E-03,2.2701421571460004e-05
 2.0431E-03,-0.0034684639420142016
 2.0576E-03,-0.005627779756585489
 2.0721E-03,-0.006013426195690211
 2.0866E-03,-0.0045294628797077074
 2.1010E-03,-0.0014460967873640273
 2.1155E-03,0.00269744783480301
 2.1300E-03,0.0072248336515588155
 2.1445E-03,0.011466614865811048
 2.1590E-03,0.014929583628434129
 2.1735E-03,0.01742899139100348
 2.1880E-03,0.019097611595863102
 2.2025E-03,0.020288210518438623
 2.2170E-03,0.021445604517222695
 2.2315E-03,0.022967319237562053
 2.2460E-03,0.02505057980349551
 2.2604E-03,0.027590372201539905
 2.2749E-03,0.03019826990899239
 2.2894E-03,0.032316640374821716
 2.3039E-03,0.0333597817022281
 2.3184E-03,0.03286314538466199
 2.3329E-03,0.030631836633651204
 2.3474E-03,0.026824980215746665
 2.3619E-03,0.02192033875145793
 2.3764E-03,0.016589457029242617
 2.3908E-03,0.011547428669845157
 2.4053E-03,0.007398505012630078
 2.4198E-03,0.004492341273652306
 2.4343E-03,0.0028499905361126588
 2.4488E-03,0.002203990625844895
 2.4633E-03,0.0021184109027175186
 2.4778E-03,0.002129552640412784
 2.4923E-03,0.0018875305881335595
 2.5068E-03,0.0012796679638084627
 2.5213E-03,0.0004789859279668994
 2.5357E-03,-0.0001156272239456849
 2.5502E-03,-9.06348836054229e-06
 2.5647E-03,0.0012453201603277208
 2.5792E-03,0.00390671520533663
 2.5937E-03,0.007937910359852023
 2.6082E-03,0.012978151567565094
 2.6227E-03,0.01842064012724088
 2.6372E-03,0.023554912862952675
 2.6517E-03,0.027722958382874745
 2.6662E-03,0.030465210240849926
 2.6806E-03,0.03162779479528066
 2.6951E-03,0.031383568065665994
 2.7096E-03,0.03015188285929819
 2.7241E-03,0.028459033074283387
 2.7386E-03,0.026789342542036465
 2.7531E-03,0.025452122508500697
 2.7676E-03,0.024493866266615268
 2.7821E-03,0.023697040763788122
 2.7966E-03,0.022671878805806813
 2.8111E-03,0.02099724844630623
 2.8256E-03,0.018363403428936054
 2.8400E-03,0.014690928459135149
 2.8545E-03,0.010195646654258525
 2.8690E-03,0.005364271382390526
 2.8835E-03,0.0008427569200432604
 2.8980E-03,-0.0027170689281853407
 2.9125E-03,-0.004807234535587405
 2.9270E-03,-0.0051830344914525215
 2.9415E-03,-0.003922309215154634
 2.9560E-03,-0.0013955445394848898
 2.9704E-03,0.0018459998387590723
 2.9849E-03,0.005219722523481227
 2.9994E-03,0.00825560357936275
 3.0139E-03,0.010706937116902699
 3.0284E-03,0.012598384772778543
 3.0429E-03,0.014187238581610584
 3.0574E-03,0.015849981362789166
 3.0719E-03,0.017939288931291895
 3.0864E-03,0.020653608679050105
 3.1009E-03,0.02394686148264026
 3.1153E-03,0.02750561952069011
 3.1298E-03,0.03081180760336826
 3.1443E-03,0.033273350022398555
 3.1588E-03,0.03437678617211972
 3.1733E-03,0.03382043811674337
 3.1878E-03,0.0315997637182139
 3.2023E-03,0.028018960988243625
 3.2168E-03,0.02361685765741963
 3.2313E-03,0.01903004504040196
 3.2458E-03,0.014839788418910527
 3.2602E-03,0.011442898966937043
 3.2747E-03,0.008973893030691413
 3.2892E-03,0.007300780755219212
 3.3037E-03,0.0061007416826984835
 3.3182E-03,0.004989966556306392
 3.3327E-03,0.003662648160377557
 3.3472E-03,0.0020010386454238404
 3.3617E-03,0.00013070383012626376
 3.3762E-03,-0.0015980023198334688
 3.3907E-03,-0.0027032120352513535
 3.4052E-03,-0.0027104191631123387
 3.4196E-03,-0.0012920725361541597
 3.4341E-03,0.0016287607729978046
 3.4486E-03,0.005835021920965763
 3.4631E-03,0.010848469137236628
 3.4776E-03,0.016035380071870595
 3.4921E-03,0.020753743668935627
 3.5066E-03,0.024497445784413152
 3.5211E-03,0.027001208822880058
 3.5356E-03,0.028282095442441237
 3.5500E-03,0.02860421914884569
 3.5645E-03,0.02837448058972187
 3.5790E-03,0.02800347281841283
 3.5935E-03,0.027775594259942072
 3.6080E-03,0.02776275230349199
 3.6225E-03,0.027803063056929884
 3.6370E-03,0.027553338968669835
 3.6515E-03,0.02660283388583406
 3.6660E-03,0.024612211910580377
 3.6805E-03,0.0214346568675766
 3.6949E-03,0.01718654970396433
 3.7094E-03,0.012248921563717097
 3.7239E-03,0.0071953293867733645
 3.7384E-03,0.002663411535990412
 3.7529E-03,-0.0007918461280656828
 3.7674E-03,-0.0028212093193965625
 3.7819E-03,-0.003350462852843814
 3.7964E-03,-0.002579767028434099
 3.8109E-03,-0.0009118973127782396
 3.8254E-03,0.0011711341503543187
 3.8398E-03,0.003245295942907573
 3.8543E-03,0.005055546380178804
 3.8688E-03,0.0065722280807679724
 3.8833E-03,0.007978853075294192
 3.8978E-03,0.009593356367036648
 3.9123E-03,0.011745413413878813
 3.9268E-03,0.014648395899909745
 3.9413E-03,0.018304533713644024
 3.9558E-03,0.022469187206374995
 3.9703E-03,0.026684996580982927
 3.9847E-03,0.030379972692153902
 3.9992E-03,0.03300378565359893
 4.0137E-03,0.034162551027745555
 4.0282E-03,0.03371411814680576
 4.0427E-03,0.03179946704899058
 4.0572E-03,0.028802195985335517
 4.0717E-03,0.025245978340995873
 4.0862E-03,0.021658909927284874
 4.1007E-03,0.018444786692595982
 4.1152E-03,0.01579702422252366
 4.1296E-03,0.013676242499818235
 4.1441E-03,0.011855942575364568
 4.1586E-03,0.010023276887131043
 4.1731E-03,0.007904712338144926
 4.1876E-03,0.005377749537928852
 4.2021E-03,0.002535668544028798
 4.2166E-03,-0.00031258595798040485
 4.2311E-03,-0.002708233284951895
 4.2456E-03,-0.004157651752435602
 4.2601E-03,-0.00426439834578135
 4.2746E-03,-0.002840003709397709
 4.2890E-03,3.722297967093894e-05
 4.3035E-03,0.004030605774977789
 4.3180E-03,0.00861904486039274
 4.3325E-03,0.01321787242165641
 4.3470E-03,0.01731352051968102
 4.3615E-03,0.020574105326454116
 4.3760E-03,0.022906352780753758
 4.3905E-03,0.024445432286916792
 4.4050E-03,0.02548194322563441
 4.4195E-03,0.026347384522720237
 4.4339E-03,0.027292466305523847
 4.4484E-03,0.02839497420877682
 4.4629E-03,0.029523734393961824
 4.4774E-03,0.03036840103987968
 4.4919E-03,0.03052717831436988
 4.5064E-03,0.02962835727210592
 4.5209E-03,0.02745034369597957
 4.5354E-03,0.024004594973882538
 4.5499E-03,0.019557520166244572
 4.5644E-03,0.01458505474573787
 4.5788E-03,0.009671500653766568
 4.5933E-03,0.005379539628241704
 4.6078E-03,0.0021272442457082722
 4.6223E-03,0.00010574071005493239
 4.6368E-03,-0.0007416141463958851
 4.6513E-03,-0.000675104270794465
 4.6658E-03,-6.305440128969678e-05
 4.6803E-03,0.000737796083268208
 4.6948E-03,0.0014911045059959613
 4.7092E-03,0.0021474045923539227
 4.7237E-03,0.002850026846279095
 4.7382E-03,0.0038797775107874966
 4.7527E-03,0.00555441883422758
 4.7672E-03,0.008111961722160672
 4.7817E-03,0.011612315650912062
 4.7962E-03,0.015886704353933703
 4.8107E-03,0.020550078320117054
 4.8252E-03,0.02507418317312795
 4.8397E-03,0.02890264178093269
 4.8541E-03,0.0315773000945979
 4.8686E-03,0.03284088813982891
 4.8831E-03,0.03268763443548379
 4.8976E-03,0.031348814022583354
 4.9121E-03,0.029218462856965617
 4.9266E-03,0.026740626688280887
 4.9411E-03,0.024290191436185528
 4.9556E-03,0.022081222378419363
 4.9701E-03,0.020128186701438587
 4.9846E-03,0.01826943241872707
 4.9990E-03,0.016244623550210016
 5.0135E-03,0.013803006252097651
 5.0280E-03,0.010810415380353542
 5.0425E-03,0.007322815478264579
 5.0570E-03,0.0036040131818129277
 5.0715E-03,8.169134710743226e-05
 5.0860E-03,-0.002746664271052205
 5.1005E-03,-0.004432594324329737
 5.1150E-03,-0.004687721952570196
 5.1295E-03,-0.0034562900846908037
 5.1439E-03,-0.0009293453824393075
 5.1584E-03,0.0025028410945989303
 5.1729E-03,0.006346868802932445
 5.1874E-03,0.01012468626429323
 5.2019E-03,0.013482034893869024
 5.2164E-03,0.016257102711698546
 5.2309E-03,0.018491291620153155
 5.2454E-03,0.020380891537283573
 5.2599E-03,0.02218509129867404
 5.2744E-03,0.024117835269278014
 5.2888E-03,0.026255692430834785
 5.3033E-03,0.028489386835609292
 5.3178E-03,0.03053377821717458
 5.3323E-03,0.03199404320343121
 5.3468E-03,0.03246985234214501
 5.3613E-03,0.031668455377770986
 5.3758E-03,0.029494482856158404
 5.3903E-03,0.026090432753678266
 5.4048E-03,0.0218159230997235
 5.4193E-03,0.017171265271594294
 5.4338E-03,0.012686278730720207
 5.4482E-03,0.008804580064222195
 5.4627E-03,0.005794614030473711
 5.4772E-03,0.0037108954031505057
 5.4917E-03,0.002414387609846948
 5.5062E-03,0.0016442430638616231
 5.5207E-03,0.0011191291086823842
 5.5352E-03,0.0006384521715426701
 5.5497E-03,0.00015394515430687962
 5.5642E-03,-0.00020928742607110006
 5.5787E-03,-0.00018830457142229122
 5.5931E-03,0.0005359449224162214
 5.6076E-03,0.0022341990483481485
 5.6221E-03,0.0050317457828082685
 5.6366E-03,0.008846836400884888
 5.6511E-03,0.013383163984028234
 5.6656E-03,0.018179757426067835
 5.6801E-03,0.022705602167939976
 5.6946E-03,0.02647390578401808
 5.7091E-03,0.02914531696928451
 5.7235E-03,0.03059220127921282
 5.7380E-03,0.03090696383575417
 5.7525E-03,0.030353385639290884
 5.7670E-03,0.029276031955379107
 5.7815E-03,0.027994263577498416
 5.7960E-03,0.026711285642642094
 5.8105E-03,0.02546403265580053
 5.8250E-03,0.02412765406557918
 5.8395E-03,0.022472395661068525
 5.8540E-03,0.02025557359152219
 5.8684E-03,0.017321355265982046
 5.8829E-03,0.013678745362822653
 5.8974E-03,0.00953422000912475
 5.9119E-03,0.005268401142901031
 5.9264E-03,0.0013622420529730466
 5.9409E-03,-0.001707510353546183
 5.9554E-03,-0.0035753412346015093
 5.9699E-03,-0.0040676433975151685
 5.9844E-03,-0.003235497904823781
 5.9989E-03,-0.0013312714538585046
 6.0133E-03,0.0012637637206537428
 6.0278E-03,0.004140277757871652
 6.0423E-03,0.0069621571389987275
 6.0568E-03,0.009540320177367223
 6.0713E-03,0.011859118352160039
 6.0858E-03,0.014049068088731295
 6.1003E-03,0.016315166305094973
 6.1148E-03,0.018842719893431295
 6.1293E-03,0.021708904941502717
 6.1438E-03,0.02482659430739098
 6.1582E-03,0.027937824311268743
 6.1727E-03,0.030660064500132107
 6.1872E-03,0.03257325323772301
 6.2017E-03,0.03332377734237156
 6.2162E-03,0.03271650837895152
 6.2307E-03,0.03076906148209364
 6.2452E-03,0.027712897254146867
 6.2597E-03,0.023940870342997068
 6.2742E-03,0.019915889740248507
 6.2887E-03,0.016066004739390793
 6.3031E-03,0.012694547063844711
 6.3176E-03,0.009929257271699727
 6.3321E-03,0.007723021840424019
 6.3466E-03,0.005904120619882701
 6.3611E-03,0.004259934133783108
 6.3756E-03,0.002628832140349263
 6.3901E-03,0.0009729367649736074
 6.4046E-03,-0.0005898871028919581
 6.4191E-03,-0.0018046431403966597
 6.4336E-03,-0.0023435834444805927
 6.4481E-03,-0.0018983026906143853
 6.4625E-03,-0.00027352680270397345
 6.4770E-03,0.002544032091547567
 6.4915E-03,0.006361621921750988
 6.5060E-03,0.010808794757656642
 6.5205E-03,0.015411285169176413
 6.5350E-03,0.019690935693516494
 6.5495E-03,0.023264951998792305
 6.5640E-03,0.025917963588131466
 6.5785E-03,0.027627994381923125
 6.5930E-03,0.02854047836529906
 6.6074E-03,0.02889919077641177
 6.6219E-03,0.028955062872495368
 6.6364E-03,0.028879791720430335
 6.6509E-03,0.028709370007637344
 6.6654E-03,0.02833377871219197
 6.6799E-03,0.027535632049772964
 6.6944E-03,0.02606633499887598
 6.7089E-03,0.023737386228229827
 6.7234E-03,0.020499962966188022
 6.7379E-03,0.01648911328330843
 6.7523E-03,0.012018845688873712
 6.7668E-03,0.007528319575920884
 6.7813E-03,0.0034931725102966566
 6.7958E-03,0.0003257425659736607
 6.8103E-03,-0.0017091485812648858
 6.8248E-03,-0.002540712347159656
 6.8393E-03,-0.00228940768857219
 6.8538E-03,-0.0012168560385982308
 6.8683E-03,0.0003566017149682222
 6.8827E-03,0.002143065048864584
 6.8972E-03,0.003961251192986683
 6.9117E-03,0.0057731311968517406
 6.9262E-03,0.007673385274098107
 6.9407E-03,0.009835683890276885
 6.9552E-03,0.012432267342940461
 6.9697E-03,0.015550984864528423
 6.9842E-03,0.01913471238712524
 6.9987E-03,0.022961769448610926
 7.0132E-03,0.026674394553174587
 7.0276E-03,0.029848704087065664
 7.0421E-03,0.032087657700992596
 7.0566E-03,0.03311179069889541
 7.0711E-03,0.03282284208769596
 7.0856E-03,0.03132285931640811
 7.1001E-03,0.028883806472475192
 7.1146E-03,0.02587656509105346
 7.1291E-03,0.022679454946638047
 7.1436E-03,0.019591770600958035
 7.1581E-03,0.0167758943950211
 7.1725E-03,0.014243020915278928
 7.1870E-03,0.011884918272272766
 7.2015E-03,0.009541013913145649
 7.2160E-03,0.007080105599554716
 7.2305E-03,0.0044719669418685735
 7.2450E-03,0.0018271601582932938
 7.2595E-03,-0.0006074072517730767
 7.2740E-03,-0.002496884870956693
 7.2885E-03,-0.0034978990833846547
 7.3030E-03,-0.003347128487432462
 7.3174E-03,-0.0019344642843723073
 7.3319E-03,0.0006596566648399316
 7.3464E-03,0.004173383618585764
 7.3609E-03,0.008217002816102383
 7.3754E-03,0.012356716862872274
 7.3899E-03,0.016206196095308708
 7.4044E-03,0.01950140294888875
 7.4189E-03,0.0221390120932036
 7.4334E-03,0.024169125120844397
 7.4479E-03,0.025745978236063647
 7.4623E-03,0.027052232453577428
 7.4768E-03,0.02821978402407194
 7.4913E-03,0.029270749465061408
 7.5058E-03,0.030096228664850247
 7.5203E-03,0.030479412572982586
 7.5348E-03,0.03015671342785747
 7.5493E-03,0.028899490013799906
 7.5638E-03,0.02659278723616233
 7.5783E-03,0.02328810691962832
 7.5928E-03,0.019214432538013422
 7.6073E-03,0.014743467453585804
 7.6217E-03,0.01031791072863759
 7.6362E-03,0.006361872939409294
 7.6507E-03,0.003197317346251401
 7.6652E-03,0.0009884474594896247
 7.6797E-03,-0.000272047931206052
 7.6942E-03,-0.0007326954245524836
 7.7087E-03,-0.0006188395018772946
 7.7232E-03,-0.00015336555085401288
 7.7377E-03,0.0005144114734219011
 7.7522E-03,0.0013513243568972055
 7.7666E-03,0.0024424558246467997
 7.7811E-03,0.003952608781024618
 7.7956E-03,0.006058770260057575
 7.8101E-03,0.008873622694450677
 7.8246E-03,0.012382854892950053
 7.8391E-03,0.016415270173946762
 7.8536E-03,0.02065556769282602
 7.8681E-03,0.024697730148772665
 7.8826E-03,0.02812549009965614
 7.8971E-03,0.030598576157856626
 7.9115E-03,0.0319216102089234
 7.9260E-03,0.032077245874009154
 7.9405E-03,0.031215114403063345
 7.9550E-03,0.02960051498183491
 7.9695E-03,0.02753796771195953
 7.9840E-03,0.025291516420700988
 7.9985E-03,0.023024127985968926
 8.0130E-03,0.020772647976606072
 8.0275E-03,0.018464309704248207
 8.0420E-03,0.01596876413795189
 8.0564E-03,0.0131693920653409
 8.0709E-03,0.010032141454357081
 8.0854E-03,0.00665086124571698
 8.0999E-03,0.003254865964508436
 8.1144E-03,0.00017530785751281898
 8.1289E-03,-0.0022212769985017473
 8.1434E-03,-0.003614515271636842
 8.1579E-03,-0.0038047763087877247
 8.1724E-03,-0.0027605779488578683
 8.1869E-03,-0.0006260344459801926
 8.2013E-03,0.002313548178057362
 8.2158E-03,0.005698461788796639
 8.2303E-03,0.009175562999420649
 8.2448E-03,0.01247150446033609
 8.2593E-03,0.01543872247638398
 8.2738E-03,0.018062561194458295
 8.2883E-03,0.020429068929461572
 8.3028E-03,0.022664234401997423
 8.3173E-03,0.024863518403402143
 8.3318E-03,0.02703317810654877
 8.3462E-03,0.029061353917326452
 8.3607E-03,0.030728227853441842
 8.3752E-03,0.03175323662599584
 8.3897E-03,0.03186653234574996
 8.4042E-03,0.030884690269777786
 8.4187E-03,0.028769148277989053
 8.4332E-03,0.02565051137352844
 8.4477E-03,0.021811355703721887
 8.4622E-03,0.017631766514229284
 8.4767E-03,0.013512177299529785
 8.4911E-03,0.00979419211533201
 8.5056E-03,0.0067002996330082975
 8.5201E-03,0.0043077765248795575
 8.5346E-03,0.0025623133399692802
 8.5491E-03,0.0013257600414950245
 8.5636E-03,0.0004429743059882413
 8.5781E-03,-0.0001923484222335017
 8.5926E-03,-0.0005923741576106037
 8.6071E-03,-0.0006637259274374663
 8.6216E-03,-0.00023341599446568065
 8.6360E-03,0.000895314704677036
 8.6505E-03,0.0028733959096570293
 8.6650E-03,0.005742825355809157
 8.6795E-03,0.009398710719074731
 8.6940E-03,0.013588246097501169
 8.7085E-03,0.017948226733819586
 8.7230E-03,0.02207200276685286
 8.7375E-03,0.025588519432840733
 8.7520E-03,0.028232623395259827
 8.7665E-03,0.02988817878587901
 8.7809E-03,0.030593129193964362
 8.7954E-03,0.03050631793162057
 8.8099E-03,0.029846558468113304
 8.8244E-03,0.02882204608939186
 8.8389E-03,0.027570561206177784
 8.8534E-03,0.026127418094431018
 8.8679E-03,0.02442982617702216
 8.8824E-03,0.022355656412284094
 8.8969E-03,0.01978458262443805
 8.9114E-03,0.01666303097486796
 8.9258E-03,0.01305317334428432
 8.9403E-03,0.009150686399735694
 8.9548E-03,0.005264875801849578
 8.9693E-03,0.001765464047850974
 8.9838E-03,-0.0009902199820095879
 8.9983E-03,-0.0027303975371129417
 9.0128E-03,-0.0033229890594312222
 9.0273E-03,-0.002796650936267811
 9.0418E-03,-0.0013236659054494595
 9.0563E-03,0.0008299801222654524
 9.0707E-03,0.003373176113882351
 9.0852E-03,0.006057887341999092
 9.0997E-03,0.00872838393902079
 9.1142E-03,0.01133854581678071
 9.1287E-03,0.01393357329124831
 9.1432E-03,0.016602707875974166
 9.1577E-03,0.019417898989127335
 9.1722E-03,0.02237736863769909
 9.1867E-03,0.025371604605558755
 9.2011E-03,0.028182875549848704
 9.2156E-03,0.03051973382526613
 9.2301E-03,0.032077866254509535
 9.2446E-03,0.03261092745253871
 9.2591E-03,0.03199186393306912
 9.2736E-03,0.030247651909581563
 9.2881E-03,0.027557678089442657
 9.3026E-03,0.02421609583494206
 9.3171E-03,0.02056845874222496
 9.3316E-03,0.016939897641880197
 9.3461E-03,0.013574114266878915
 9.3605E-03,0.010599031754800224
 9.3750E-03,0.008027136232341532
 9.3895E-03,0.005788625876704706
 9.4040E-03,0.003786250319948402
 9.4185E-03,0.0019547407416419995
 9.4330E-03,0.000306651117642035
 9.4475E-03,-0.001049461925355689
 9.4620E-03,-0.0019244802007451823
 9.4765E-03,-0.002093952822630816
 9.4910E-03,-0.001360604144439555
 9.5054E-03,0.00038349922775898705
 9.5199E-03,0.003112885577604944
 9.5344E-03,0.0066556565039665415
 9.5489E-03,0.010716007032707194
 9.5634E-03,0.014927067071134777
 9.5779E-03,0.018920513605939684
 9.5924E-03,0.022394783762837232
 9.6069E-03,0.025164143640751785
 9.6214E-03,0.02717627314963159
 9.6359E-03,0.02849491275225251
 9.6503E-03,0.02925394502621586
 9.6648E-03,0.0295972210634656
 9.6793E-03,0.029622216415880503
 9.6938E-03,0.029344166061815367
 9.7083E-03,0.028691139552347467
 9.7228E-03,0.027531375248972992
 9.7373E-03,0.025724710915375322
 9.7518E-03,0.023182824087112343
 9.7663E-03,0.019920261984287122
 9.7808E-03,0.016080688096123865
 9.7952E-03,0.011929703413660002
 9.8097E-03,0.007815010921452956
 9.8242E-03,0.004103862649519427
 9.8387E-03,0.001114043254277594
 9.8532E-03,-0.0009436396709883573
 9.8677E-03,-0.0019966693257796003
 9.8822E-03,-0.00210852826175213
 9.8967E-03,-0.0014446072140286475
 9.9112E-03,-0.00021672237261886732
 9.9257E-03,0.0013777132044623123
 9.9401E-03,0.003204690295724209
 9.9546E-03,0.005217295685811311
 9.9691E-03,0.007448093026329524
 9.9836E-03,0.009973330858726238
 9.9981E-03,0.012860314572486662
 1.0013E-02,0.01611420321300984
 1.0027E-02,0.01964075713541838
 1.0042E-02,0.023237107247756957
 1.0056E-02,0.026614698338567073
 1.0071E-02,0.029449395392856837
 1.0085E-02,0.03144590729042081
 1.0100E-02,0.032399408153933995
 1.0114E-02,0.03223778106013708
 1.0129E-02,0.031033165557577416
 1.0143E-02,0.028979976149372942
 1.0157E-02,0.02634582669494562
 1.0172E-02,0.023409168270821158
 1.0186E-02,0.020400827361692908
 1.0201E-02,0.017465109782690908
 1.0215E-02,0.014650224747830499
 1.0230E-02,0.01192922133513767
 1.0244E-02,0.009243861328789854
 1.0259E-02,0.006557344454051452
 1.0273E-02,0.003899370322395428
 1.0288E-02,0.0013893336263799353
 1.0302E-02,-0.0007701705045312377
 1.0317E-02,-0.0023287429234045798
 1.0331E-02,-0.0030433161226273756
 1.0346E-02,-0.0027381010916134392
 1.0360E-02,-0.0013528561464128703
 1.0375E-02,0.0010339756394451987
 1.0389E-02,0.004213957300223502
 1.0404E-02,0.007887270215086558
 1.0418E-02,0.0117212490357981
 1.0433E-02,0.015413488068141842
 1.0447E-02,0.018743056891892762
 1.0462E-02,0.021596839682909895
 1.0476E-02,0.023965126687568603
 1.0491E-02,0.02590932411113105
 1.0505E-02,0.027512506893405758
 1.0520E-02,0.028828265375712488
 1.0534E-02,0.02984355461479614
 1.0549E-02,0.03046699824914988
 1.0563E-02,0.03054656490690844
 1.0578E-02,0.029911879545298788
 1.0592E-02,0.028429121400732643
 1.0607E-02,0.026052586293304314
 1.0621E-02,0.02285767864197443
 1.0636E-02,0.01904516634716965
 1.0650E-02,0.014914522925772482
 1.0665E-02,0.010812784820499764
 1.0679E-02,0.0070720964926044155
 1.0694E-02,0.003952108334715501
 1.0708E-02,0.0016018531095600345
 1.0723E-02,5.016959217752021e-05
 1.0737E-02,-0.0007742205746363883
 1.0752E-02,-0.0010000121464495864
 1.0766E-02,-0.0007610858106046278
 1.0781E-02,-0.00015017649858362623
 1.0795E-02,0.0008081587728107893
 1.0810E-02,0.002157680099224327
 1.0824E-02,0.0039840519238588225
 1.0839E-02,0.006370020596700936
 1.0853E-02,0.00934577700003603
 1.0868E-02,0.012849667709876696
 1.0882E-02,0.016711672431061843
 1.0896E-02,0.02066577880203071
 1.0911E-02,0.024389308907170087
 1.0925E-02,0.027559635893263292
 1.0940E-02,0.029913719400518617
 1.0954E-02,0.0312949322730819
 1.0969E-02,0.03167506677775656
 1.0983E-02,0.03114625557460956
 1.0998E-02,0.02988586487488957
 1.1012E-02,0.028104815324187682
 1.1027E-02,0.025994139212378076
 1.1041E-02,0.02368467678601801
 1.1056E-02,0.02123067935977499
 1.1070E-02,0.018620955124090895
 1.1085E-02,0.01581312253148594
 1.1099E-02,0.012779819975757048
 1.1114E-02,0.009552253846227026
 1.1128E-02,0.00624722128229341
 1.1143E-02,0.003068489715085632
 1.1157E-02,0.0002807802317601267
 1.1172E-02,-0.0018375326000877562
 1.1186E-02,-0.003050765272008431
 1.1201E-02,-0.0032163964074269752
 1.1215E-02,-0.0023162227809238167
 1.1230E-02,-0.0004599339932865223
 1.1244E-02,0.002139741250630065
 1.1259E-02,0.005213542974088733
 1.1273E-02,0.008491329914443667
 1.1288E-02,0.011752087264447958
 1.1302E-02,0.01485534450307619
 1.1317E-02,0.017746503290798802
 1.1331E-02,0.020436101515175137
 1.1346E-02,0.022960500079002622
 1.1360E-02,0.02533674109372234
 1.1375E-02,0.027525892854154608
 1.1389E-02,0.02941663541901658
 1.1404E-02,0.030834892821666515
 1.1418E-02,0.0315776799073929
 1.1433E-02,0.03146217608312765
 1.1447E-02,0.030376410427132388
 1.1462E-02,0.028317184927818918
 1.1476E-02,0.025404217314523483
 1.1491E-02,0.021866001433122107
 1.1505E-02,0.018000682658925335
 1.1520E-02,0.014122080480738474
 1.1534E-02,0.010504918131708195
 1.1549E-02,0.007343270248831941
 1.1563E-02,0.004732298620127286
 1.1578E-02,0.0026766864367177585
 1.1592E-02,0.001121702267259235
 1.1606E-02,-3.385387581338181e-06
 1.1621E-02,-0.0007430507620809766
 1.1635E-02,-0.001087287234659423
 1.1650E-02,-0.0009660024768919041
 1.1664E-02,-0.00026789656064732967
 1.1679E-02,0.001121544258994385
 1.1693E-02,0.003273993034230748
 1.1708E-02,0.006177764534911251
 1.1722E-02,0.009715126750126533
 1.1737E-02,0.013664951943718548
 1.1751E-02,0.017731287351344237
 1.1766E-02,0.021591264148149967
 1.1780E-02,0.024950365256312588
 1.1795E-02,0.027590969039235087
 1.1809E-02,0.029401906801880085
 1.1824E-02,0.03038203608628167
 1.1838E-02,0.030618053080880524
 1.1853E-02,0.030243875485387636
 1.1867E-02,0.029393880760284565
 1.1882E-02,0.028163679530631695
 1.1896E-02,0.026589576794590616
 1.1911E-02,0.024652188000894644
 1.1925E-02,0.022302483927098472
 1.1940E-02,0.01950189768448778
 1.1954E-02,0.016263929384717414
 1.1969E-02,0.012684121469744191
 1.1983E-02,0.008948505158987211
 1.1998E-02,0.00531670164678525
 1.2012E-02,0.0020830458321999513
 1.2027E-02,-0.0004746709569216148
 1.2041E-02,-0.002145722014991273
 1.2056E-02,-0.0028232518878938493
 1.2070E-02,-0.0025180997013764003
 1.2085E-02,-0.0013465815893847785
 1.2099E-02,0.0005038402107952037
 1.2114E-02,0.0028212307492213873
 1.2128E-02,0.005415323553730407
 1.2143E-02,0.008150743319703606
 1.2157E-02,0.010958867565065252
 1.2172E-02,0.013826173499616195
 1.2186E-02,0.01676376451097327
 1.2201E-02,0.019768226405103666
 1.2215E-02,0.02278647448482214
 1.2230E-02,0.025696110141432436
 1.2244E-02,0.028308338669463744
 1.2259E-02,0.030393973789517924
 1.2273E-02,0.031726315522249575
 1.2288E-02,0.032129654099112885
 1.2302E-02,0.03152027613546961
 1.2317E-02,0.029928695815713148
 1.2331E-02,0.02749689759630857
 1.2345E-02,0.024451209516672005
 1.2360E-02,0.02105805929502646
 1.2374E-02,0.017574400533012752
 1.2389E-02,0.014205767666008942
 1.2403E-02,0.01108244756133632
 1.2418E-02,0.00825890270349415
 1.2432E-02,0.005734897432292862
 1.2447E-02,0.003490657170359317
 1.2461E-02,0.001524539744367017
 1.2476E-02,-0.0001188213508924946
 1.2490E-02,-0.001339006885365892
 1.2505E-02,-0.0019925031378512214
 1.2519E-02,-0.0019246109351818204
 1.2534E-02,-0.0010118881847597954
 1.2548E-02,0.0007968016744129172
 1.2563E-02,0.0034524504495280057
 1.2577E-02,0.006799666138648472
 1.2592E-02,0.010594642747073193
 1.2606E-02,0.014543401135548228
 1.2621E-02,0.01835085801444167
 1.2635E-02,0.021768352231471652
 1.2650E-02,0.024627747173678136
 1.2664E-02,0.026854025137662975
 1.2679E-02,0.028454335120421042
 1.2693E-02,0.029488028791651393
 1.2708E-02,0.03002743716307143
 1.2722E-02,0.03012151389771205
 1.2737E-02,0.02977334063841651
 1.2751E-02,0.028938205824056682
 1.2766E-02,0.02754277790132406
 1.2780E-02,0.02551957620754135
 1.2795E-02,0.022846306642698173
 1.2809E-02,0.019578003156218313
 1.2824E-02,0.01586176903749302
 1.2838E-02,0.011928711570977489
 1.2853E-02,0.008064025376895805
 1.2867E-02,0.004562275619775168
 1.2882E-02,0.0016790330347796856
 1.2896E-02,-0.00040901085612055554
 1.2911E-02,-0.001625692860711632
 1.2925E-02,-0.0019940481130289105
 1.2940E-02,-0.0016134901325089036
 1.2954E-02,-0.000622717856545498
 1.2969E-02,0.0008407788660186111
 1.2983E-02,0.002673156742428814
 1.2998E-02,0.004819769860764736
 1.3012E-02,0.007270100138892748
 1.3027E-02,0.010034448186539442
 1.3041E-02,0.013110158710184056
 1.3055E-02,0.01644829411250145
 1.3070E-02,0.019931666855780735
 1.3084E-02,0.023371996137283184
 1.3099E-02,0.02652855021381203
 1.3113E-02,0.02914448963976897
 1.3128E-02,0.030991974063709918
 1.3142E-02,0.03191440989139089
 1.3157E-02,0.031854789617545974
 1.3171E-02,0.030862770990850233
 1.3186E-02,0.029078921885615228
 1.3200E-02,0.026700757703196097
 1.3215E-02,0.023940042878675887
 1.3229E-02,0.020982945099966187
 1.3244E-02,0.01796345383238684
 1.3258E-02,0.014956388447934206
 1.3273E-02,0.011990527532414749
 1.3287E-02,0.009076551377289941
 1.3302E-02,0.006240255174679533
 1.3316E-02,0.0035500448292680635
 1.3331E-02,0.001129461039869681
 1.3345E-02,-0.0008501214976707845
 1.3360E-02,-0.002195672502244006
 1.3374E-02,-0.00273107255887353
 1.3389E-02,-0.0023378601793171247
 1.3403E-02,-0.000987090601419754
 1.3418E-02,0.0012465453026535703
 1.3432E-02,0.004192525178390688
 1.3447E-02,0.007612575589192202
 1.3461E-02,0.011241990402629451
 1.3476E-02,0.01483368066532988
 1.3490E-02,0.018193873127338358
 1.3505E-02,0.02120086521596941
 1.3519E-02,0.02380311263816303
 1.3534E-02,0.0259987951349059
 1.3548E-02,0.027804201628719643
 1.3563E-02,0.029221314257701185
 1.3577E-02,0.030214991752873274
 1.3592E-02,0.030707165197978156
 1.3606E-02,0.030590330828717496
 1.3621E-02,0.0297568286887823
 1.3635E-02,0.028135594540931227
 1.3650E-02,0.025725646915546223
 1.3664E-02,0.022616227589432603
 1.3679E-02,0.01898707230167133
 1.3693E-02,0.015087727791630742
 1.3708E-02,0.01120058652945815
 1.3722E-02,0.007596738919492802
 1.3737E-02,0.004495606720464665
 1.3751E-02,0.0020381365989759095
 1.3766E-02,0.0002794817168364856
 1.3780E-02,-0.0007983041795031059
 1.3794E-02,-0.001258473770176439
 1.3809E-02,-0.0011755780813570307
 1.3823E-02,-0.0006055458519241654
 1.3838E-02,0.000431353013795839
 1.3852E-02,0.0019498513328508906
 1.3867E-02,0.00398185756315751
 1.3881E-02,0.006547133967497161
 1.3896E-02,0.009621671379467034
 1.3910E-02,0.013113833369647738
 1.3925E-02,0.016856340207424533
 1.3939E-02,0.020617833072684937
 1.3954E-02,0.024132306552948984
 1.3968E-02,0.027139647111188537
 1.3983E-02,0.029427294772017158
 1.3997E-02,0.030862586136557027
 1.4012E-02,0.03140779714430444
 1.4026E-02,0.031114602908554147
 1.4041E-02,0.03010027218577679
 1.4055E-02,0.02851281081641964
 1.4070E-02,0.026495065803886764
 1.4084E-02,0.02415772268304349
 1.4099E-02,0.021568232792281344
 1.4113E-02,0.01875785642711071
 1.4128E-02,0.015743607599002566
 1.4142E-02,0.012557479773640827
 1.4157E-02,0.00927316800055436
 1.4171E-02,0.006021186280202173
 1.4186E-02,0.002986601476901345
 1.4200E-02,0.00038860528103146436
 1.4215E-02,-0.0015536103540758754
 1.4229E-02,-0.0026602092596885035
 1.4244E-02,-0.002825193328845679
 1.4258E-02,-0.0020370619535621543
 1.4273E-02,-0.00038030939300131737
 1.4287E-02,0.0019825238659933807
 1.4302E-02,0.004843418954488707
 1.4316E-02,0.007987471159907706
 1.4331E-02,0.01122752205961795
 1.4345E-02,0.014426218078793691
 1.4360E-02,0.017500634132255027
 1.4374E-02,0.02040967406516169
 1.4389E-02,0.023129411628909115
 1.4403E-02,0.025624954685377312
 1.4418E-02,0.027828328420820888
 1.4432E-02,0.029630025821965625
 1.4447E-02,0.030887797887876572
 1.4461E-02,0.031451117486957725
 1.4476E-02,0.03119501906743074
 1.4490E-02,0.0300540520763066
 1.4504E-02,0.02804675249704163
 1.4519E-02,0.02528344608836003
 1.4533E-02,0.02195466624844416
 1.4548E-02,0.018302716673878148
 1.4562E-02,0.014583431373981784
 1.4577E-02,0.011027704537410919
 1.4591E-02,0.007812196918840001
 1.4606E-02,0.005045866001333313
 1.4620E-02,0.0027744325638844607
 1.4635E-02,0.0009998817083421174
 1.4649E-02,-0.0002919937653765752
 1.4664E-02,-0.0011050368551983334
 1.4678E-02,-0.0014156221870718967
 1.4693E-02,-0.0011704868906732644
 1.4707E-02,-0.0003004385237117843
 1.4722E-02,0.0012539193231927532
 1.4736E-02,0.003512001000861735
 1.4751E-02,0.006427699339204887
 1.4765E-02,0.009876564899742445
 1.4780E-02,0.013660441590783896
 1.4794E-02,0.017529583290135337
 1.4809E-02,0.02121748965197753
 1.4823E-02,0.02448017524705409
 1.4838E-02,0.02713032453742039
 1.4852E-02,0.029058162570219693
 1.4867E-02,0.03023451734092929
 1.4881E-02,0.03069643681288866
 1.4896E-02,0.03052045727628157
 1.4910E-02,0.02979184805881545
 1.4925E-02,0.028578969142931215
 1.4939E-02,0.026920064928205947
 1.4954E-02,0.024825925677771525
 1.4968E-02,0.022297012247791098
 1.4983E-02,0.01934925239325743
 1.4997E-02,0.016040034238869454
 1.5012E-02,0.012485708856067965
 1.5026E-02,0.008864225056245735
 1.5041E-02,0.0054006865566959775
 1.5055E-02,0.002338446553890604
 1.5070E-02,-9.753758978943384e-05
 1.5084E-02,-0.0017361286400413907
 1.5099E-02,-0.0024854893423985856
 1.5113E-02,-0.0023425135336606014
 1.5128E-02,-0.001384357649989193
 1.5142E-02,0.0002550713929094161
 1.5157E-02,0.0024169460088962888
 1.5171E-02,0.004948961008175505
 1.5186E-02,0.007728133722720741
 1.5200E-02,0.010669444627882243
 1.5215E-02,0.013719055272421538
 1.5229E-02,0.01683539888708305
 1.5243E-02,0.019965004904978947
 1.5258E-02,0.023021476317652226
 1.5272E-02,0.025875145031838034
 1.5287E-02,0.028357838109910504
 1.5301E-02,0.0302827732396954
 1.5316E-02,0.0314751193191478
 1.5330E-02,0.031805489875626015
 1.5345E-02,0.031217530688347598
 1.5359E-02,0.029742154690753433
 1.5374E-02,0.027494484244799826
 1.5388E-02,0.02465418426965319
 1.5403E-02,0.021434285826385447
 1.5417E-02,0.018046552722305785
 1.5432E-02,0.014672113898919217
 1.5446E-02,0.011444318297495782
 1.5461E-02,0.008447106891628784
 1.5475E-02,0.005727702140413466
 1.5490E-02,0.003318365603728794
 1.5504E-02,0.0012595034796942881
 1.5519E-02,-0.0003838138708336671
 1.5533E-02,-0.0015177696311618257
 1.5548E-02,-0.002030236308489658
 1.5562E-02,-0.0018134345879147365
 1.5577E-02,-0.000792784582734148
 1.5591E-02,0.0010461218018742145
 1.5606E-02,0.0036402728959863823
 1.5620E-02,0.0068471294149986435
 1.5635E-02,0.010459108361535314
 1.5649E-02,0.014231701998792477
 1.5664E-02,0.017918638867926932
 1.5678E-02,0.021305642789198467
 1.5693E-02,0.024234808167968618
 1.5707E-02,0.026614269177603185
 1.5722E-02,0.028411953153931795
 1.5736E-02,0.029636607780958453
 1.5751E-02,0.03031272267618838
 1.5765E-02,0.03045745357460045
 1.5780E-02,0.030066789541365595
 1.5794E-02,0.02911524728847962
 1.5809E-02,0.02756919481857855
 1.5823E-02,0.02540970805363635
 1.5838E-02,0.022657858229787213
 1.5852E-02,0.01939438073568542
 1.5867E-02,0.015767062250997693
 1.5881E-02,0.011982504796455165
 1.5896E-02,0.008283228104418743
 1.5910E-02,0.004915125416007183
 1.5925E-02,0.002092947920744237
 1.5939E-02,-2.7971144269742752e-05
 1.5953E-02,-0.001367250629962862
 1.5968E-02,-0.0019192001678294168
 1.5982E-02,-0.0017379241269358779
 1.5997E-02,-0.0009127654429299963
 1.6011E-02,0.00045856499773825644
 1.6026E-02,0.002291538231579082
 1.6040E-02,0.004525254878099206
 1.6055E-02,0.007119470411107128
 1.6069E-02,0.010039959378097981
 1.6084E-02,0.01323751925384246
 1.6098E-02,0.01662790409734952
 1.6113E-02,0.02007985006618445
 1.6127E-02,0.023416139912371042
 1.6142E-02,0.026428971190428693
 1.6156E-02,0.02890677900864756
 1.6171E-02,0.030666284943213155
 1.6185E-02,0.03158186969626136
 1.6200E-02,0.03160489388685911
 1.6214E-02,0.03076818788863613
 1.6229E-02,0.029174867148461164
 1.6243E-02,0.026974781586937294
 1.6258E-02,0.02433509265980422
 1.6272E-02,0.021412793425196523
 1.6287E-02,0.018336095832151372
 1.6301E-02,0.015198793414378945
 1.6316E-02,0.01206779677528048
 1.6330E-02,0.009000160161726774
 1.6345E-02,0.006063171649183539
 1.6359E-02,0.0033502361057255675
 1.6374E-02,0.000986563396891784
 1.6388E-02,-0.0008782961396240866
 1.6403E-02,-0.0020901245558271244
 1.6417E-02,-0.0025173117684527766
 1.6432E-02,-0.0020787424866573474
 1.6446E-02,-0.000764859703432025
 1.6461E-02,0.0013539130817299258
 1.6475E-02,0.004133980317639804
 1.6490E-02,0.007379250320241882
 1.6504E-02,0.010870721355962456
 1.6519E-02,0.014397772429428211
 1.6533E-02,0.017783674375713678
 1.6548E-02,0.020899608333643217
 1.6562E-02,0.02366480577114851
 1.6577E-02,0.026034366268765465
 1.6591E-02,0.027979744777172303
 1.6606E-02,0.029468850732926138
 1.6620E-02,0.03045261605579752
 1.6635E-02,0.030862801801950782
 1.6649E-02,0.030622331505743342
 1.6663E-02,0.029665568405044914
 1.6678E-02,0.027962810600410046
 1.6692E-02,0.025541772797078144
 1.6707E-02,0.02249939706232683
 1.6721E-02,0.018999830501127406
 1.6736E-02,0.015258111850416327
 1.6750E-02,0.011512962115789229
 1.6765E-02,0.007994983048288613
 1.6779E-02,0.004897722644432362
 1.6794E-02,0.002358170952757186
 1.6808E-02,0.000450585639044156
 1.6823E-02,-0.0008061162362953487
 1.6837E-02,-0.0014307965556474406
 1.6852E-02,-0.001458359832542998
 1.6866E-02,-0.0009206967993527495
 1.6881E-02,0.00016393565861986463
 1.6895E-02,0.001790068441284497
 1.6910E-02,0.0039532492511274
 1.6924E-02,0.006631283642657018
 1.6939E-02,0.009764678542796485
 1.6953E-02,0.013242947457669872
 1.6968E-02,0.01690198093794434
 1.6982E-02,0.020534705598919952
 1.6997E-02,0.02391357841607581
 1.7011E-02,0.02682012005928475
 1.7026E-02,0.02907462919458091
 1.7040E-02,0.03055903646087129
 1.7055E-02,0.03122762222864395
 1.7069E-02,0.03110354768318282
 1.7084E-02,0.030262920510655263
 1.7098E-02,0.02881136016898104
 1.7113E-02,0.02685982443042867
 1.7127E-02,0.024506313512649168
 1.7142E-02,0.02182804865910192
 1.7156E-02,0.018885431642855433
 1.7171E-02,0.01573548810226523
 1.7185E-02,0.012449616619686747
 1.7200E-02,0.009129127216280137
 1.7214E-02,0.005912631944743533
 1.7229E-02,0.002971671681412694
 1.7243E-02,0.0004943560817866634
 1.7258E-02,-0.0013397128890988057
 1.7272E-02,-0.002387358878622216
 1.7287E-02,-0.00256572692337509
 1.7301E-02,-0.001866187417690034
 1.7316E-02,-0.0003547985557486432
 1.7330E-02,0.0018406748803817246
 1.7345E-02,0.004553757963209756
 1.7359E-02,0.007606370964316994
 1.7374E-02,0.010833286968371016
 1.7388E-02,0.014098191086401014
 1.7402E-02,0.01729816598652992
 1.7417E-02,0.02035684366634484
 1.7431E-02,0.023209747818105378
 1.7446E-02,0.025787569351903756
 1.7460E-02,0.028003638341674096
 1.7475E-02,0.029750533012388995
 1.7489E-02,0.03090798141172896
 1.7504E-02,0.03136076354689233
 1.7518E-02,0.031022202627603877
 1.7533E-02,0.029856946064439942
 1.7547E-02,0.02789663407518024
 1.7562E-02,0.025243778487311755
 1.7576E-02,0.022062240531172443
 1.7591E-02,0.01855622968909943
 1.7605E-02,0.014942740721858649
 1.7620E-02,0.011423962131693229
 1.7634E-02,0.00816599170845814
 1.7649E-02,0.005288270096961043
 1.7663E-02,0.002865061676883627
 1.7678E-02,0.0009369551061488772
 1.7692E-02,-0.00047233455091707697
 1.7707E-02,-0.0013398624464702024
 1.7721E-02,-0.0016335836559935703
 1.7736E-02,-0.0013121882448881665
 1.7750E-02,-0.0003350554153516037
 1.7765E-02,0.00132043781469567
 1.7779E-02,0.0036394100391094883
 1.7794E-02,0.006553852979417889
 1.7808E-02,0.009936166283393649
 1.7823E-02,0.013604796445742084
 1.7837E-02,0.017341721598877834
 1.7852E-02,0.0209183266048237
 1.7866E-02,0.02412391592512681
 1.7881E-02,0.026790366525084198
 1.7895E-02,0.02880745206452877
 1.7910E-02,0.030125893824968965
 1.7924E-02,0.03074850352546871
 1.7939E-02,0.030712938733695152
 1.7953E-02,0.03007169676884503
 1.7968E-02,0.028875437275613286
 1.7982E-02,0.027164432568832147
 1.7997E-02,0.024970288962107456
 1.8011E-02,0.02232683980074566
 1.8026E-02,0.01928622159649109
 1.8040E-02,0.015934440911533745
 1.8055E-02,0.012400709867357116
 1.8069E-02,0.008856478488168429
 1.8084E-02,0.0055029466253760356
 1.8098E-02,0.0025490792844581633
 1.8113E-02,0.0001848565042034669
 1.8127E-02,-0.001444095303522968
 1.8141E-02,-0.0022546037224178694
 1.8156E-02,-0.0022327442379100285
 1.8170E-02,-0.0014282041314397018
 1.8185E-02,6.173257371732657e-05
 1.8199E-02,0.002113960760538023
 1.8214E-02,0.004601207068375664
 1.8228E-02,0.007408048846248344
 1.8243E-02,0.010437679728658432
 1.8257E-02,0.013608671229164399
 1.8272E-02,0.016844008289895507
 1.8286E-02,0.020057001595972027
 1.8301E-02,0.023139636988547735
 1.8315E-02,0.025958237598365512
 1.8330E-02,0.028359179611594152
 1.8344E-02,0.030184423716267422
 1.8359E-02,0.03129365120685899
 1.8373E-02,0.0315876814544184
 1.8388E-02,0.031027212278612284
 1.8402E-02,0.029641963884525648
 1.8417E-02,0.027527735966037865
 1.8431E-02,0.024832018758519186
 1.8446E-02,0.021731741959654934
 1.8460E-02,0.018408669535138842
 1.8475E-02,0.015028323903742792
 1.8489E-02,0.01172707004623495
 1.8504E-02,0.008609492185775364
 1.8518E-02,0.005755180477106729
 1.8533E-02,0.0032313725921112287
 1.8547E-02,0.0011063150528200262
 1.8562E-02,-0.0005418457227905978
 1.8576E-02,-0.001624364108269854
 1.8591E-02,-0.0020505488260699153
 1.8605E-02,-0.0017440154378655878
 1.8620E-02,-0.0006623458324127561
 1.8634E-02,0.0011853060524562487
 1.8649E-02,0.0037278615944597348
 1.8663E-02,0.006832691121413461
 1.8678E-02,0.01031746628610937
 1.8692E-02,0.013971273150638902
 1.8707E-02,0.01758036515293514
 1.8721E-02,0.020952767441292295
 1.8736E-02,0.02393634199646519
 1.8750E-02,0.02642678097735835
 1.8765E-02,0.02836479376948126
 1.8779E-02,0.029724699612035287
 1.8794E-02,0.030498895713543007
 1.8808E-02,0.03068360175694891
 1.8823E-02,0.03027063050413936
 1.8837E-02,0.029247901735986993
 1.8851E-02,0.027608599810130016
 1.8866E-02,0.025366093294904055
 1.8880E-02,0.02256979546672333
 1.8895E-02,0.019316610222158824
 1.8909E-02,0.01575363696669269
 1.8924E-02,0.01207010746067097
 1.8938E-02,0.008479440225834996
 1.8953E-02,0.005194995610507546
 1.8967E-02,0.0024048389100116466
 1.8982E-02,0.00025109789565265234
 1.8996E-02,-0.0011817247914755384
 1.9011E-02,-0.0018674958718010023
 1.9025E-02,-0.0018291143866847664
 1.9040E-02,-0.001122497694994109
 1.9054E-02,0.00018116288579520987
 1.9069E-02,0.002009797404254286
 1.9083E-02,0.0042977182136414984
 1.9098E-02,0.006984302214723136
 1.9112E-02,0.010005365998917815
 1.9127E-02,0.013280819752769502
 1.9141E-02,0.016703436338274966
 1.9156E-02,0.02013339797023066
 1.9170E-02,0.02340172644794663
 1.9185E-02,0.026323197878041348
 1.9199E-02,0.028716595128338802
 1.9214E-02,0.030427942546639806
 1.9228E-02,0.0313513349738071
 1.9243E-02,0.03144242536046857
 1.9257E-02,0.030721457998966816
 1.9272E-02,0.029265417506167134
 1.9286E-02,0.02719164719943946
 1.9301E-02,0.024637386605899956
 1.9315E-02,0.021740501816632143
 1.9330E-02,0.01862602081565657
 1.9344E-02,0.015401152769453738
 1.9359E-02,0.012158838169217694
 1.9373E-02,0.008987307719495817
 1.9388E-02,0.005981355007468039
 1.9402E-02,0.0032505492468023187
 1.9417E-02,0.000920555118260597
 1.9431E-02,-0.0008741920977899927
 1.9446E-02,-0.0020055868580407723
 1.9460E-02,-0.002371447639912782
 1.9475E-02,-0.001914803705617716
 1.9489E-02,-0.0006378734566430877
 1.9504E-02,0.001393087016742154
 1.9518E-02,0.004053649828134059
 1.9533E-02,0.007176696121590078
 1.9547E-02,0.010574012408344005
 1.9561E-02,0.014059042934500738
 1.9576E-02,0.017465718775854216
 1.9590E-02,0.02065953598010888
 1.9605E-02,0.023539325582037494
 1.9619E-02,0.026030805449013997
 1.9634E-02,0.028075276137024843
 1.9648E-02,0.02961807503360411
 1.9663E-02,0.030601282687850607
 1.9677E-02,0.03096372466322936
 1.9692E-02,0.03064895599472146
 1.9706E-02,0.02961933813915468
 1.9721E-02,0.02787226909511916
 1.9735E-02,0.025453704399169
 1.9750E-02,0.022464584719459047
 1.9764E-02,0.019057535424767527
 1.9779E-02,0.015423728549534048
 1.9793E-02,0.011772380485780207
 1.9808E-02,0.00830727121454018
 1.9822E-02,0.005205384457985785
 1.9837E-02,0.0026021012801211263
 1.9851E-02,0.0005855407423954345
 1.9866E-02,-0.0007998399182537034
 1.9880E-02,-0.0015426996422542925
 1.9895E-02,-0.0016513393494214917
 1.9909E-02,-0.0011418365788889446
 1.9924E-02,-3.1539278461330516e-05
 1.9938E-02,0.0016601849568028456
 1.9953E-02,0.003904430732360271
 1.9967E-02,0.006651181556344209
 1.9982E-02,0.00981782832181418
 1.9996E-02,0.013282151899463265
 2.0011E-02,0.016883086107612504
 2.0025E-02,0.020430526532884657
 2.0040E-02,0.023722973768988822
 2.0054E-02,0.02656959092827063
 2.0069E-02,0.028811941940232018
 2.0083E-02,0.0303406410374857
 2.0098E-02,0.031103408038117553
 2.0112E-02,0.031103239987360008
 2.0127E-02,0.030387953345261207
 2.0141E-02,0.029034502653981577
 2.0156E-02,0.027132636729567533
 2.0170E-02,0.02477229790457558
 2.0185E-02,0.022037769050677287
 2.0199E-02,0.019009348364924367
 2.0214E-02,0.015770935059172583
 2.0228E-02,0.012420033609185827
 2.0243E-02,0.009075867412236718
 2.0257E-02,0.005881764463975824
 2.0272E-02,0.0029995976936744964
 2.0286E-02,0.0005963637255877682
 2.0300E-02,-0.0011746912671655597
 2.0315E-02,-0.0021942994522450862
 2.0329E-02,-0.002394071124063119
 2.0344E-02,-0.0017660698364364224
 2.0358E-02,-0.0003628286797083078
 2.0373E-02,0.0017120706465800673
 2.0387E-02,0.004320426293408676
 2.0402E-02,0.007308787506544276
 2.0416E-02,0.010526181836828052
 2.0431E-02,0.01383633665689348
 2.0445E-02,0.017122294300677913
 2.0460E-02,0.020283615230120428
 2.0474E-02,0.02322853967568489
 2.0489E-02,0.02586491539207867
 2.0503E-02,0.02809398843067156
 2.0518E-02,0.02981021450874961
 2.0532E-02,0.03090835227468574
 2.0547E-02,0.03129679376899229
 2.0561E-02,0.030914039206440456
 2.0576E-02,0.02974403006907428
 2.0590E-02,0.02782607083498509
 2.0605E-02,0.025256302699533006
 2.0619E-02,0.02217979827273871
 2.0634E-02,0.01877472873170895
 2.0648E-02,0.01523204163810489
 2.0663E-02,0.011735125449425874
 2.0677E-02,0.00844374995698799
 2.0692E-02,0.0054852355230853925
 2.0706E-02,0.0029537144766497696
 2.0721E-02,0.0009161042505167476
 2.0735E-02,-0.0005783560687869888
 2.0750E-02,-0.0014889599539369542
 2.0764E-02,-0.0017783664312058507
 2.0779E-02,-0.0014135830579437131
 2.0793E-02,-0.0003732184869100609
 2.0808E-02,0.0013409701654922552
 2.0822E-02,0.003691745921195591
 2.0837E-02,0.006597322576463699
 2.0851E-02,0.009928976752517589
 2.0866E-02,0.0135171354099102
 2.0880E-02,0.01716555163407161
 2.0895E-02,0.020671045708970152
 2.0909E-02,0.023844793421502725
 2.0924E-02,0.026530712464637583
 2.0938E-02,0.028617259860878944
 2.0953E-02,0.03004070127228713
 2.0967E-02,0.030780157304028593
 2.0982E-02,0.030846838835206402
 2.0996E-02,0.030271258705137687
 2.1010E-02,0.029092468770954463
 2.1025E-02,0.02735246009419133
 2.1039E-02,0.025097058253384798
 2.1054E-02,0.022382478844686617
 2.1068E-02,0.01928481312481289
 2.1083E-02,0.015908641001666272
 2.1097E-02,0.012391029031880697
 2.1112E-02,0.008898348150228516
 2.1126E-02,0.005615302443565588
 2.1141E-02,0.0027277384372733408
 2.1155E-02,0.00040258775510295004
 2.1170E-02,-0.0012308137475584384
 2.1184E-02,-0.002094032567007683
 2.1199E-02,-0.0021647774634511565
 2.1213E-02,-0.0014733806770372464
 2.1228E-02,-9.197416369502594e-05
 2.1242E-02,0.0018804766078924214
 2.1257E-02,0.004333304319733007
 2.1271E-02,0.007155749156106825
 2.1286E-02,0.010242654672212179
 2.1300E-02,0.013493786736677976
 2.1315E-02,0.01680831837621303
 2.1329E-02,0.020077534057045928
 2.1344E-02,0.02317938890246237
 2.1358E-02,0.02597804270416829
 2.1373E-02,0.028330019656897933
 2.1387E-02,0.030096640504500127
 2.1402E-02,0.031160408814634964
 2.1416E-02,0.0314416760749956
 2.1431E-02,0.030911560893025474
 2.1445E-02,0.029597869189925206
 2.1460E-02,0.02758244613681643
 2.1474E-02,0.02499051425325676
 2.1489E-02,0.02197451690529909
 2.1503E-02,0.018696242698397945
 2.1518E-02,0.015311212544360353
 2.1532E-02,0.011958429868141395
 2.1547E-02,0.00875689681886544
 2.1561E-02,0.005808282298343362
 2.1576E-02,0.003203368699343515
 2.1590E-02,0.0010288981103027286
 2.1605E-02,-0.0006285400454330912
 2.1619E-02,-0.0016839088269614876
 2.1634E-02,-0.0020610074331096776
 2.1648E-02,-0.0017043004194732172
 2.1663E-02,-0.0005923725748611811
 2.1677E-02,0.0012506856756984593
 2.1692E-02,0.0037493998382228007
 2.1706E-02,0.006778747789325457
 2.1721E-02,0.010174047358748533
 2.1735E-02,0.013747226118689565
 2.1749E-02,0.017306214489532252
 2.1764E-02,0.020673467501558806
 2.1778E-02,0.023699944880325105
 2.1793E-02,0.02627217491629858
 2.1807E-02,0.0283119319301899
 2.1822E-02,0.02977003287998915
 2.1836E-02,0.030617247391619362
 2.1851E-02,0.030835899029820407
 2.1865E-02,0.030415257219012393
 2.1880E-02,0.029352428579240062
 2.1894E-02,0.027658565634372065
 2.1909E-02,0.025368374785956417
 2.1923E-02,0.022549661757073052
 2.1938E-02,0.01930936696994074
 2.1952E-02,0.015793303956765068
 2.1967E-02,0.012178407462118653
 2.1981E-02,0.008658272328155135
 2.1996E-02,0.00542456149472627
 2.2010E-02,0.0026479790813882767
 2.2025E-02,0.0004626378720855454
 2.2039E-02,-0.001043225809212585
 2.2054E-02,-0.001828868670554842
 2.2068E-02,-0.0018955976652442609
 2.2083E-02,-0.0012765755359100195
 2.2097E-02,-2.5190805216226617e-05
 2.2112E-02,0.001794635659841483
 2.2126E-02,0.004113728190717026
 2.2141E-02,0.006857612825213114
 2.2155E-02,0.009942046481411984
 2.2170E-02,0.013266517707949038
 2.2184E-02,0.016708895140667247
 2.2199E-02,0.020124221015322356
 2.2213E-02,0.0233495554286232
 2.2228E-02,0.026215075895778064
 2.2242E-02,0.028559806138476793
 2.2257E-02,0.030248910605997593
 2.2271E-02,0.03118886413782213
 2.2286E-02,0.03133718003502761
 2.2300E-02,0.03070466043408734
 2.2315E-02,0.02934996519025966
 2.2329E-02,0.027368164967635306
 2.2344E-02,0.024876326761066533
 2.2358E-02,0.0219996946602243
 2.2373E-02,0.018861546801529495
 2.2387E-02,0.015578488916112706
 2.2402E-02,0.012261179987894536
 2.2416E-02,0.0090187907246142
 2.2431E-02,0.00596435733301184
 2.2445E-02,0.0032179326838622582
 2.2460E-02,0.0009051215329947209
 2.2474E-02,-0.0008499867988691415
 2.2488E-02,-0.0019367183630157041
 2.2503E-02,-0.002272193920915508
 2.2517E-02,-0.0018148755852186124
 2.2532E-02,-0.0005739084201605703
 2.2546E-02,0.0013882530461651786
 2.2561E-02,0.003960888578212799
 2.2575E-02,0.006996853119906194
 2.2590E-02,0.010328733894515761
 2.2604E-02,0.013785890539770793
 2.2619E-02,0.01720890519771084
 2.2633E-02,0.020458847898292797
 2.2648E-02,0.02342030956255832
 2.2662E-02,0.02599893231001611
 2.2677E-02,0.028115670647671672
 2.2691E-02,0.02970082190644254
 2.2706E-02,0.03069074525540823
 2.2720E-02,0.031029187138659063
 2.2735E-02,0.03067354294214586
 2.2749E-02,0.02960467564207796
 2.2764E-02,0.02783758345862458
 2.2778E-02,0.025429652747435885
 2.2793E-02,0.02248361957533318
 2.2807E-02,0.019143591513203845
 2.2822E-02,0.015584205639892183
 2.2836E-02,0.011994733761808157
 2.2851E-02,0.008561206109583776
 2.2865E-02,0.005450065027000456
 2.2880E-02,0.0027963709904672888
 2.2894E-02,0.0006983166509132838
 2.2909E-02,-0.0007818750136505518
 2.2923E-02,-0.0016122139885214265
 2.2938E-02,-0.0017830319290072195
 2.2952E-02,-0.0012998777158487944
 2.2967E-02,-0.0001796473343219319
 2.2981E-02,0.00154887592383084
 2.2996E-02,0.0038404757227531615
 2.3010E-02,0.00662680741708291
 2.3025E-02,0.00981031000927901
 2.3039E-02,0.013261567138037809
 2.3054E-02,0.01682219299167007
 2.3068E-02,0.02031390732839429
 2.3083E-02,0.02355279611899748
 2.3097E-02,0.026366297914547407
 2.3112E-02,0.028609625046796948
 2.3126E-02,0.030178366115101274
 2.3141E-02,0.031014921321640788
 2.3155E-02,0.031107947379625727
 2.3170E-02,0.030485707798684848
 2.3184E-02,0.029205655319225997
 2.3198E-02,0.027343318378241686
 2.3213E-02,0.024983424639771473
 2.3227E-02,0.022215229309715222
 2.3242E-02,0.01913251805856116
 2.3256E-02,0.015837166892623957
 2.3271E-02,0.012443927601409483
 2.3285E-02,0.009083618450680963
 2.3300E-02,0.005902275153593267
 2.3314E-02,0.0030549473128875094
 2.3329E-02,0.000694385738967246
 2.3343E-02,-0.0010435887575070363
 2.3358E-02,-0.002055152123817374
 2.3372E-02,-0.0022807645651250746
 2.3387E-02,-0.001711987019212844
 2.3401E-02,-0.0003913714607253723
 2.3416E-02,0.0015944146325960072
 2.3430E-02,0.004126510173689407
 2.3445E-02,0.0070680238646167156
 2.3459E-02,0.010277309450131946
 2.3474E-02,0.013617736769163294
 2.3488E-02,0.016962540759602164
 2.3503E-02,0.020194869173138397
 2.3517E-02,0.023204589391720584
 2.3532E-02,0.025884344794398842
 2.3546E-02,0.028127506865440268
 2.3561E-02,0.02983000808649262
 2.3575E-02,0.030896755292436316
 2.3590E-02,0.03125178732147622
 2.3604E-02,0.030850002850648015
 2.3619E-02,0.0296875386568895
 2.3633E-02,0.02780795117640846
 2.3648E-02,0.02530223614719419
 2.3662E-02,0.02230216989472927
 2.3677E-02,0.018968065996506623
 2.3691E-02,0.015473362622379782
 2.3706E-02,0.0119891249445919
 2.3720E-02,0.00867138942487712
 2.3735E-02,0.005653354118097842
 2.3749E-02,0.0030430062280527616
 2.3764E-02,0.0009252809479224091
 2.3778E-02,-0.0006333152105519391
 2.3793E-02,-0.00158018983732662
 2.3807E-02,-0.0018745553709987985
 2.3822E-02,-0.0014890556814869125
 2.3836E-02,-0.00041509096041399433
 2.3851E-02,0.0013295675179647013
 2.3865E-02,0.003693256595508345
 2.3880E-02,0.00658567160573666
 2.3894E-02,0.009878081277215373
 2.3908E-02,0.01340956170705802
 2.3923E-02,0.016998816886455687
 2.3937E-02,0.020459725485241605
 2.3952E-02,0.023617781516462225
 2.3966E-02,0.026324354490993792
 2.3981E-02,0.028466255786184565
 2.3995E-02,0.029969309758732365
 2.4010E-02,0.030796153038427778
 2.4024E-02,0.03093989595396103
 2.4039E-02,0.030416181906468883
 2.4053E-02,0.029256327067739663
 2.4068E-02,0.027503586186348034
 2.4082E-02,0.02521336849062622
 2.4097E-02,0.022456785785275775
 2.4111E-02,0.019325678636295293
 2.4126E-02,0.015936599466155235
 2.4140E-02,0.012431330381215671
 2.4155E-02,0.008972353587100924
 2.4169E-02,0.005733035240414256
 2.4184E-02,0.0028837487644599626
 2.4198E-02,0.0005763380041129097
 2.4213E-02,-0.001070123634637455
 2.4227E-02,-0.0019795368007182205
 2.4242E-02,-0.0021231246352499994
 2.4256E-02,-0.001517484904115676
 2.4271E-02,-0.00021736046227976828
 2.4285E-02,0.001694713334075493
 2.4300E-02,0.004119194551753156
 2.4314E-02,0.006948276472165981
 2.4329E-02,0.010070988162556584
 2.4343E-02,0.0133743451417185
 2.4358E-02,0.016741564938336465
 2.4372E-02,0.02004933946885868
 2.4387E-02,0.02316650468216676
 2.4401E-02,0.025956065186759678
 2.4416E-02,0.028281524649612616
 2.4430E-02,0.030017129248370827
 2.4445E-02,0.031060338851927608
 2.4459E-02,0.031343976141987334
 2.4474E-02,0.030845325867211143
 2.4488E-02,0.029590028215497353
 2.4503E-02,0.027649780133073
 2.4517E-02,0.02513430222422697
 2.4532E-02,0.022179344280378564
 2.4546E-02,0.01893332611633113
 2.4561E-02,0.015545322668394212
 2.4575E-02,0.012156488759326185
 2.4590E-02,0.008895870761674241
 2.4604E-02,0.005880208057843371
 2.4619E-02,0.0032161736559932915
 2.4633E-02,0.0010028659527461328
 2.4647E-02,-0.0006675842477472779
 2.4662E-02,-0.0017127108827858452
 2.4676E-02,-0.0020659664499398586
 2.4691E-02,-0.001685507988411255
 2.4705E-02,-0.0005634737378470249
 2.4720E-02,0.0012667517254690548
 2.4734E-02,0.003727549887303944
 2.4749E-02,0.006699744074388253
 2.4763E-02,0.010031031827529215
 2.4778E-02,0.013548909029017661
 2.4792E-02,0.01707576570770386
 2.4807E-02,0.02044336942587348
 2.4821E-02,0.023504206970580643
 2.4836E-02,0.026138057518749695
 2.4850E-02,0.028253467728684676
 2.4865E-02,0.029785126710843306
 2.4879E-02,0.030689123621487627
 2.4894E-02,0.030938438835977845
 2.4908E-02,0.03052067578087285
 2.4923E-02,0.029439094946177753
 2.4937E-02,0.027716748433617884
 2.4952E-02,0.02540230785000686
 2.4966E-02,0.022575388130381673
 2.4981E-02,0.019349031758926
 2.4995E-02,0.015867579548913453
 2.5010E-02,0.012299261201770273
 2.5024E-02,0.008824180528368728
 2.5039E-02,0.00561957027007824
 2.5053E-02,0.0028449166916964352
 2.5068E-02,0.0006296080955358906
 2.5082E-02,-0.0009348631844325857
 2.5097E-02,-0.0017972393719514253
 2.5111E-02,-0.0019437805895848811
 2.5126E-02,-0.0013920365987863193
 2.5140E-02,-0.00018331597187846754
 2.5155E-02,0.001623914931316717
 2.5169E-02,0.003958077594088921
 2.5184E-02,0.006735395805917914
 2.5198E-02,0.009858286442767615
 2.5213E-02,0.013212805342802982
 2.5227E-02,0.01666720205022441
 2.5242E-02,0.020073472827159596
 2.5256E-02,0.02327303679064906
 2.5271E-02,0.026106506958995922
 2.5285E-02,0.02842631214093082
 2.5300E-02,0.030109995568825744
 2.5314E-02,0.031071644140043094
 2.5329E-02,0.03126920458191888
 2.5343E-02,0.030706344860291418
 2.5357E-02,0.02942877393229389
 2.5372E-02,0.027516192356142468
 2.5386E-02,0.025071961777645396
 2.5401E-02,0.022212905156227005
 2.5415E-02,0.019061305685362413
 2.5430E-02,0.0157402761560535
 2.5444E-02,0.012372493022302092
 2.5459E-02,0.009081177193046783
 2.5473E-02,0.005991478604241384
 2.5488E-02,0.0032302901446304966
 2.5502E-02,0.0009230120105925823
 2.5517E-02,-0.0008132364510351827
 2.5531E-02,-0.0018792867179244941
 2.5546E-02,-0.0022047686824750203
 2.5560E-02,-0.0017578356538013437
 2.5575E-02,-0.0005514827824111899
 2.5589E-02,0.0013551914916382624
 2.5604E-02,0.0038613447009935176
 2.5618E-02,0.006833682406456316
 2.5633E-02,0.010118912027018088
 2.5647E-02,0.013556961451408252
 2.5662E-02,0.016992561245616704
 2.5676E-02,0.02028340123219624
 2.5691E-02,0.023304124270804343
 2.5705E-02,0.025946613448117672
 2.5720E-02,0.02811802568934
 2.5734E-02,0.02973854412445454
 2.5749E-02,0.03074072026020064
 2.5763E-02,0.03107159138756581
 2.5778E-02,0.030697694295180766
 2.5792E-02,0.02961196917303133
 2.5807E-02,0.027840692672449395
 2.5821E-02,0.02544825368811142
 2.5836E-02,0.022537894163285242
 2.5850E-02,0.019247401560050788
 2.5865E-02,0.015739920930289416
 2.5879E-02,0.012191223857127696
 2.5894E-02,0.008775605363665888
 2.5908E-02,0.005652852611976639
 2.5923E-02,0.0029583755143418647
 2.5937E-02,0.0007977191195922017
 2.5952E-02,-0.0007544589661446783
 2.5966E-02,-0.00165194807850895
 2.5981E-02,-0.0018728207419391146
 2.5995E-02,-0.0014154829933420263
 2.6010E-02,-0.0002964945957896468
 2.6024E-02,0.0014491212291868017
 2.6039E-02,0.003765398626080235
 2.6053E-02,0.006572036748563203
 2.6068E-02,0.009761906343869841
 2.6082E-02,0.013201273894124687
 2.6096E-02,0.01673400542416987
 2.6111E-02,0.02019003907237342
 2.6125E-02,0.02339729298475549
 2.6140E-02,0.026195216907891426
 2.6154E-02,0.028447674844992908
 2.6169E-02,0.03005291593208083
 2.6183E-02,0.030949039879274134
 2.6198E-02,0.03111441630736349
 2.6212E-02,0.03056368309804927
 2.6227E-02,0.029340904502197136
 2.6241E-02,0.027511953820015762
 2.6256E-02,0.02515807373762966
 2.6270E-02,0.02237190782871328
 2.6285E-02,0.019256293972178075
 2.6299E-02,0.01592506513790909
 2.6314E-02,0.012504324155947339
 2.6328E-02,0.00913237523513748
 2.6343E-02,0.005956789554623679
 2.6357E-02,0.0031278712354779158
 2.6372E-02,0.0007888478455510568
 2.6386E-02,-0.0009358650975562035
 2.6401E-02,-0.0019522745540858388
 2.6415E-02,-0.002206065945093415
 2.6430E-02,-0.0016876744040935736
 2.6444E-02,-0.00043221342219328844
 2.6459E-02,0.0014855830049323175
 2.6473E-02,0.003960188429083526
 2.6488E-02,0.006865938346963998
 2.6502E-02,0.010067359233216677
 2.6517E-02,0.013427376839579692
 2.6531E-02,0.01681241834982417
 2.6546E-02,0.02009445093229393
 2.6560E-02,0.023150949854573753
 2.6575E-02,0.025864390680938102
 2.6589E-02,0.0281229410134608
 2.6604E-02,0.02982356675464121
 2.6618E-02,0.030877901841730327
 2.6633E-02,0.031220213364298654
 2.6647E-02,0.030815926421352283
 2.6662E-02,0.02966871485120792
 2.6676E-02,0.027824258638481328
 2.6691E-02,0.025369401228451084
 2.6705E-02,0.02242644009496455
 2.6720E-02,0.01914337604714708
 2.6734E-02,0.015681829933764983
 2.6749E-02,0.012204770344320217
 2.6763E-02,0.008866072823842275
 2.6778E-02,0.005803298633209839
 2.6792E-02,0.0031341290871430946
 2.6807E-02,0.0009558944647131522
 2.6821E-02,-0.0006531253784155941
 2.6835E-02,-0.0016322707474854135
 2.6850E-02,-0.001938382455159168
 2.6864E-02,-0.0015477809626959504
 2.6879E-02,-0.0004602280762041513
 2.6893E-02,0.0012961333429134232
 2.6908E-02,0.003660474991123747
 2.6922E-02,0.006537372000372634
 2.6937E-02,0.00979866886274358
 2.6951E-02,0.01328970436721125
 2.6966E-02,0.0168394604770149
 2.6980E-02,0.02027324386714536
 2.6995E-02,0.02342587714543881
 2.7009E-02,0.026153246990331523
 2.7024E-02,0.02834046828991941
 2.7038E-02,0.02990576547123258
 2.7053E-02,0.030800211758268914
 2.7067E-02,0.031004415427617976
 2.7082E-02,0.0305238375600894
 2.7096E-02,0.02938450926975203
 2.7111E-02,0.027630477360740584
 2.7125E-02,0.025323486142484652
 2.7140E-02,0.022544449425590748
 2.7154E-02,0.019395466615214435
 2.7169E-02,0.016000729834100398
 2.7183E-02,0.012504779232037622
 2.7198E-02,0.009067164789248176
 2.7212E-02,0.0058534971276233685
 2.7227E-02,0.0030238571124931875
 2.7241E-02,0.0007203073611868442
 2.7256E-02,-0.0009444073774725135
 2.7270E-02,-0.0018950645446828194
 2.7285E-02,-0.0020978215707461645
 2.7299E-02,-0.0015594279364763018
 2.7314E-02,-0.00032248585425616186
 2.7328E-02,0.0015417731983769526
 2.7343E-02,0.003941375015805144
 2.7357E-02,0.006770477742571422
 2.7372E-02,0.00991415095461859
 2.7386E-02,0.013250828622843179
 2.7401E-02,0.016653073488814278
 2.7415E-02,0.01998791821364071
 2.7430E-02,0.023118253149930403
 2.7444E-02,0.025906450089252957
 2.7459E-02,0.028220724368481945
 2.7473E-02,0.029943841575610124
 2.7488E-02,0.03098293035938521
 2.7502E-02,0.03127861902757294
 2.7517E-02,0.030811636941566998
 2.7531E-02,0.0296054460518642
 2.7545E-02,0.027724283741916284
 2.7560E-02,0.025266983482086697
 2.7574E-02,0.02235782445496168
 2.7589E-02,0.019136205295425056
 2.7603E-02,0.015746999561506173
 2.7618E-02,0.01233302898510749
 2.7632E-02,0.009030319081766365
 2.7647E-02,0.005965910262443733
 2.7661E-02,0.0032572447043943665
 2.7676E-02,0.0010117482192000577
 2.7690E-02,-0.0006747141402455841
 2.7705E-02,-0.0017213349255379544
 2.7719E-02,-0.0020678587979153025
 2.7734E-02,-0.0016812837217861035
 2.7748E-02,-0.0005623327803122918
 2.7763E-02,0.0012500005787474755
 2.7777E-02,0.003677322060403089
 2.7792E-02,0.006604974051283522
 2.7806E-02,0.009889396069824074
 2.7821E-02,0.013368738290735836
 2.7835E-02,0.016875054219437153
 2.7850E-02,0.0202461046215724
 2.7864E-02,0.023334999584238087
 2.7879E-02,0.026016533519479
 2.7893E-02,0.028189953129554166
 2.7908E-02,0.02977879317645729
 2.7922E-02,0.030729069996680243
 2.7937E-02,0.03100735859193545
 2.7951E-02,0.030600038033195262
 2.7966E-02,0.029514352465944985
 2.7980E-02,0.02778109669653528
 2.7995E-02,0.025457949639281083
 2.8009E-02,0.022631983569034213
 2.8024E-02,0.019419825230140974
 2.8038E-02,0.015964360621678608
 2.8053E-02,0.012427647568649912
 2.8067E-02,0.008980615385122747
 2.8082E-02,0.005790935186428281
 2.8096E-02,0.003010916476366543
 2.8111E-02,0.0007672988652599466
 2.8125E-02,-0.000845636337814618
 2.8140E-02,-0.0017689849944093287
 2.8154E-02,-0.001978412280214691
 2.8169E-02,-0.0014806304428875792
 2.8183E-02,-0.0003086200651320234
 2.8198E-02,0.0014829333234441854
 2.8212E-02,0.0038209192891740388
 2.8227E-02,0.00661542285080249
 2.8241E-02,0.00976007907301934
 2.8255E-02,0.013132175060179954
 2.8270E-02,0.016593795190783488
 2.8284E-02,0.01999516258188113
 2.8299E-02,0.023180794742674822
 2.8313E-02,0.025998311439458466
 2.8328E-02,0.028308928516621708
 2.8342E-02,0.02999807465717148
 2.8357E-02,0.030984355662464488
 2.8371E-02,0.03122533290242355
 2.8386E-02,0.030719220815263647
 2.8400E-02,0.029502471418271205
 2.8415E-02,0.027644066264640357
 2.8429E-02,0.02523794656380576
 2.8444E-02,0.022395219531181943
 2.8458E-02,0.019237539368948023
 2.8473E-02,0.01589245849047909
 2.8487E-02,0.012490764549326003
 2.8502E-02,0.009165094396581345
 2.8516E-02,0.006048659711166365
 2.8531E-02,0.003272862333973134
 2.8545E-02,0.0009629346933048969
 2.8560E-02,-0.0007685932185171628
 2.8574E-02,-0.0018300178810219695
 2.8589E-02,-0.0021589256079387717
 2.8603E-02,-0.0017293816486302887
 2.8618E-02,-0.0005562874209058264
 2.8632E-02,0.0013041822256357966
 2.8647E-02,0.0037583841796614953
 2.8661E-02,0.00668271358681477
 2.8676E-02,0.009933534561944733
 2.8690E-02,0.013357840976361923
 2.8705E-02,0.01680296095672496
 2.8719E-02,0.02012404129696357
 2.8734E-02,0.02318876178908418
 2.8748E-02,0.02587953094669934
 2.8763E-02,0.028094077002662636
 2.8777E-02,0.029745685847984673
 2.8792E-02,0.030764259580740173
 2.8806E-02,0.03109890527286012
 2.8821E-02,0.030722055748006113
 2.8835E-02,0.029634386541300437
 2.8850E-02,0.027869249423827774
 2.8864E-02,0.025495161248320592
 2.8879E-02,0.02261513130792766
 2.8893E-02,0.019362221673550607
 2.8908E-02,0.01589154805814313
 2.8922E-02,0.01236972096297786
 2.8937E-02,0.008963282324353103
 2.8951E-02,0.005827864045111136
 2.8966E-02,0.003099542974829693
 2.8980E-02,0.0008892707937377892
 2.8994E-02,-0.0007195118419443365
 2.9009E-02,-0.001670695591661363
 2.9023E-02,-0.0019338663651765542
 2.9038E-02,-0.0015024499757003815
 2.9052E-02,-0.00039261930363201436
 2.9067E-02,0.0013566046630059325
 2.9081E-02,0.0036823014789020836
 2.9096E-02,0.0064964877634794554
 2.9110E-02,0.00968601269178923
 2.9125E-02,0.013114647875913536
 2.9139E-02,0.016628100825934956
 2.9154E-02,0.02006200881885842
 2.9168E-02,0.02325221420111587
 2.9183E-02,0.026045993436800037
 2.9197E-02,0.028312589805787318
 2.9212E-02,0.02995147994095106
 2.9226E-02,0.030897272008808027
 2.9241E-02,0.03112086392760435
 2.9255E-02,0.03062728477324297
 2.9270E-02,0.029451284996032553
 2.9284E-02,0.02765205961395115
 2.9299E-02,0.02530840577910871
 2.9313E-02,0.022515170635606884
 2.9328E-02,0.019381179518099347
 2.9342E-02,0.01602815204046495
 2.9357E-02,0.012589620139833394
 2.9371E-02,0.009208705875018274
 2.9386E-02,0.006033846462574887
 2.9400E-02,0.0032121060045330226
 2.9415E-02,0.000880430935771977
 2.9429E-02,-0.0008441147970239455
 2.9444E-02,-0.0018736520405281186
 2.9458E-02,-0.002156758013830393
 2.9473E-02,-0.0016824446818295667
 2.9487E-02,-0.0004802019411130349
 2.9502E-02,0.001383761700872816
 2.9516E-02,0.0038132201278017475
 2.9531E-02,0.006690216369006754
 2.9545E-02,0.009883439385084769
 2.9560E-02,0.013255435841022838
 2.9574E-02,0.016667944295869257
 2.9589E-02,0.01998532266348023
 2.9603E-02,0.023076665877851708
 2.9618E-02,0.025817599401496936
 2.9632E-02,0.02809277494734442
 2.9647E-02,0.029799778255368614
 2.9661E-02,0.03085458014827632
 2.9676E-02,0.031197994155026894
 2.9690E-02,0.030802047574005356
 2.9704E-02,0.02967489872325139
 2.9719E-02,0.027863032085147288
 2.9733E-02,0.025449918956045748
 2.9748E-02,0.02255102520613034
 2.9762E-02,0.019305792647360067
 2.9777E-02,0.015867815065190537
 2.9791E-02,0.01239471686445336
 2.9806E-02,0.009039152432501158
 2.9820E-02,0.005941914914748365
 2.9835E-02,0.003227504744713344
 2.9849E-02,0.001001846010199196
 2.9864E-02,-0.0006486612637305032
 2.9878E-02,-0.001657767519485528
 2.9893E-02,-0.001980551570029917
 2.9907E-02,-0.0015955889008981289
 2.9922E-02,-0.0005079589757111043
 2.9936E-02,0.0012476264679239194
 2.9951E-02,0.0036046615747610602
 2.9965E-02,0.006464792394315303
 2.9980E-02,0.009700720919381874
 2.9994E-02,0.013162348427654152
 3.0009E-02,0.0166857402023086
 3.0023E-02,0.020103851140098022
 3.0038E-02,0.023257541103374343
 3.0052E-02,0.026005344480142367
 3.0067E-02,0.028230760526249638
 3.0081E-02,0.02984641860323713
 3.0096E-02,0.030795184702640737
 3.0110E-02,0.031048917485118108
 3.0125E-02,0.03060597959768167
 3.0139E-02,0.02948866080351216
 3.0154E-02,0.02774137183619454
 3.0168E-02,0.025429921076041133
 3.0183E-02,0.022641560783790766
 3.0197E-02,0.01948497778204554
 3.0212E-02,0.01608916273028215
 3.0226E-02,0.01260020013423149
 3.0241E-02,0.009175453753411982
 3.0255E-02,0.005975260795892108
 3.0270E-02,0.0031529154843490705
 3.0284E-02,0.0008442322307360257
 3.0299E-02,-0.0008418110756068182
 3.0313E-02,-0.001829997167832007
 3.0328E-02,-0.00208247586568682
 3.0342E-02,-0.001598830781612221
 3.0357E-02,-0.00041306841986297007
 3.0371E-02,0.001411478772366415
 3.0386E-02,0.003788100233099213
 3.0400E-02,0.006612363937072348
 3.0415E-02,0.009766727664429375
 3.0429E-02,0.013123910704681285
 3.0443E-02,0.016549395299334732
 3.0458E-02,0.01990382655639345
 3.0472E-02,0.023046195932246487
 3.0487E-02,0.025838490169995253
 3.0501E-02,0.028152021756115538
 3.0516E-02,0.029875063337445038
 3.0530E-02,0.030920861773248043
 3.0545E-02,0.031234771997735278
 3.0559E-02,0.030799233014171982
 3.0574E-02,0.029635624900247175
 3.0588E-02,0.027802618077230938
 3.0603E-02,0.025391302484927054
 3.0617E-02,0.02251798347768983
 3.0632E-02,0.01931589490705938
 3.0646E-02,0.015927117905047392
 3.0661E-02,0.01249570934599401
 3.0675E-02,0.009162530450665542
 3.0690E-02,0.006061679177878602
 3.0704E-02,0.003317942037631108
 3.0719E-02,0.0010444310187554596
 3.0733E-02,-0.0006603730573806579
 3.0748E-02,-0.0017166104756882801
 3.0762E-02,-0.0020679875922551528
 3.0777E-02,-0.0016870576141691982
 3.0791E-02,-0.0005798175019233441
 3.0806E-02,0.001211533749037523
 3.0820E-02,0.0036086480694024004
 3.0835E-02,0.006500401826928584
 3.0849E-02,0.009749469008498289
 3.0864E-02,0.013201338177001606
 3.0878E-02,0.016694543430309985
 3.0893E-02,0.0200706913279845
 3.0907E-02,0.02318301125369005
 3.0922E-02,0.025902593439176978
 3.0936E-02,0.028122084561068884
 3.0951E-02,0.02975721701559983
 3.0965E-02,0.03074698767920405
 3.0980E-02,0.031053457327913533
 3.0994E-02,0.030661978154426603
 3.1009E-02,0.02958223229311671
 3.1023E-02,0.0278499132387398
 3.1038E-02,0.025528375594408684
 3.1052E-02,0.0227092746353622
 3.1067E-02,0.019511214511241964
 3.1081E-02,0.016075733550645416
 3.1096E-02,0.012560497410896643
 3.1110E-02,0.009130198820537434
 3.1125E-02,0.0059462048517695786
 3.1139E-02,0.003156301863412054
 3.1154E-02,0.0008858826821705364
 3.1168E-02,-0.0007683946547198282
 3.1182E-02,-0.0017419835591806218
 3.1197E-02,-0.002002979432023755
 3.1211E-02,-0.0015504475145237267
 3.1226E-02,-0.00041149655096387296
 3.1240E-02,0.0013619372375068006
 3.1255E-02,0.0036958918082243926
 3.1269E-02,0.006496509798253607
 3.1284E-02,0.009651734433735314
 3.1298E-02,0.013033194709520112
 3.1313E-02,0.016499064434896932
 3.1327E-02,0.01989855925128885
 3.1342E-02,0.023078361242985866
 3.1356E-02,0.025890734497443675
 3.1371E-02,0.028202565885812065
 3.1385E-02,0.029904187107380065
 3.1400E-02,0.03091672093571274
 3.1414E-02,0.031196887869662664
 3.1429E-02,0.030738664276535554
 3.1443E-02,0.029571780770331395
 3.1458E-02,0.027757630808579355
 3.1472E-02,0.02538357060385569
 3.1487E-02,0.022556728439730098
 3.1501E-02,0.019398279582202964
 3.1516E-02,0.016038742742683208
 3.1530E-02,0.012614342624916206
 3.1545E-02,0.009264016522010988
 3.1559E-02,0.00612636080944769
 3.1574E-02,0.003335798797218797
 3.1588E-02,0.001017508687022208
 3.1603E-02,-0.0007188962433741478
 3.1617E-02,-0.00178642637435634
 3.1632E-02,-0.002127576348300168
 3.1646E-02,-0.0017198391699800922
 3.1661E-02,-0.0005788002404226351
 3.1675E-02,0.0012419099209666255
 3.1690E-02,0.0036539796949792485
 3.1704E-02,0.006540669903021013
 3.1719E-02,0.00976502278450595
 3.1733E-02,0.013178808779573802
 3.1748E-02,0.016631001166621143
 3.1762E-02,0.019974857041093856
 3.1777E-02,0.02307316594924634
 3.1791E-02,0.02580176606665473
 3.1806E-02,0.028051869887491993
 3.1820E-02,0.02973196417121585
 3.1835E-02,0.03076999415616143
 3.1849E-02,0.031116232989625525
 3.1864E-02,0.030746771980611595
 3.1878E-02,0.029667090202327506
 3.1892E-02,0.027914822191603485
 3.1907E-02,0.02556075001631452
 3.1921E-02,0.02270723953441594
 3.1936E-02,0.01948377626007164
 3.1950E-02,0.01603981994114112
 3.1965E-02,0.012535737934531525
 3.1979E-02,0.009132951538055135
 3.1994E-02,0.005984539868370498
 3.2008E-02,0.003227369818895044
 3.2023E-02,0.0009764138769944395
 3.2037E-02,-0.000678602983704228
 3.2052E-02,-0.0016745765737705466
 3.2066E-02,-0.0019750961282012807
 3.2081E-02,-0.0015699839146549961
 3.2095E-02,-0.000474905737988412
 3.2110E-02,0.0012686978423692749
 3.2124E-02,0.003593538978246876
 3.2139E-02,0.006406816341618203
 3.2153E-02,0.00959169204196691
 3.2168E-02,0.013010591535704412
 3.2182E-02,0.016510707440872185
 3.2197E-02,0.019931621508066728
 3.2211E-02,0.023114449582943564
 3.2226E-02,0.02591150321802408
 3.2240E-02,0.02819526597594777
 3.2255E-02,0.02986556221442786
 3.2269E-02,0.03085413542117175
 3.2284E-02,0.031126363862138157
 3.2298E-02,0.03068038743371219
 3.2313E-02,0.02954435601482234
 3.2327E-02,0.027772723671039574
 3.2342E-02,0.025442456972750542
 3.2356E-02,0.022649729767767128
 3.2371E-02,0.019507239833402818
 3.2385E-02,0.016141842842571252
 3.2400E-02,0.012691892557812692
 3.2414E-02,0.009303598732997593
 3.2429E-02,0.006125893318340532
 3.2443E-02,0.003303683280251051
 3.2458E-02,0.000969855704767761
 3.2472E-02,-0.0007631506203665049
 3.2487E-02,-0.0018111120081864894
 3.2501E-02,-0.002123999862367094
 3.2516E-02,-0.001689284872062056
 3.2530E-02,-0.000532122942588642
 3.2545E-02,0.0012874743106940474
 3.2559E-02,0.0036798742562539196
 3.2574E-02,0.006532508456480063
 3.2588E-02,0.009716952572374047
 3.2602E-02,0.013095501449162536
 3.2617E-02,0.016526698277228476
 3.2631E-02,0.019869727810144622
 3.2646E-02,0.022987994427264014
 3.2660E-02,0.025752457212294504
 3.2675E-02,0.028045314671528217
 3.2689E-02,0.029764417927725426
 3.2704E-02,0.03082840931231976
 3.2718E-02,0.031182150000146874
 3.2733E-02,0.030801649465208553
 3.2747E-02,0.02969755296213523
 3.2762E-02,0.027916338063665353
 3.2776E-02,0.025538702748971073
 3.2791E-02,0.022675112887338093
 3.2805E-02,0.019458989258231328
 3.2820E-02,0.016038419016118837
 3.2834E-02,0.012567470266471752
 3.2849E-02,0.009198127676115055
 3.2863E-02,0.006073579449382376
 3.2878E-02,0.003323160896025095
 3.2892E-02,0.0010588214635026895
 3.2907E-02,-0.0006273462042286947
 3.2921E-02,-0.0016651072624508563
 3.2936E-02,-0.0020081126791405023
 3.2950E-02,-0.0016361685259876071
 3.2965E-02,-0.0005575831306719253
 3.2979E-02,0.0011889237173346758
 3.2994E-02,0.0035334787077567977
 3.3008E-02,0.006376208691576129
 3.3023E-02,0.009590789231017145
 3.3037E-02,0.013030478994204689
 3.3052E-02,0.01653624637800909
 3.3066E-02,0.0199461604750094
 3.3081E-02,0.023104951022993803
 3.3095E-02,0.0258726147407503
 3.3110E-02,0.028131167531885767
 3.3124E-02,0.029789054516390665
 3.3139E-02,0.03078322159700388
 3.3153E-02,0.031079291030093284
 3.3168E-02,0.030670553522078856
 3.3182E-02,0.029576524697768402
 3.3197E-02,0.027841616929864886
 3.3211E-02,0.0255341184359873
 3.3226E-02,0.02274526680302473
 3.3240E-02,0.01958788255226826
 3.3255E-02,0.016193893512238842
 3.3269E-02,0.012710180751250338
 3.3284E-02,0.009292490740808151
 3.3298E-02,0.006097602780243364
 3.3313E-02,0.003274393756749866
 3.3327E-02,0.0009547788679372979
 3.3341E-02,-0.0007543664809514189
 3.3356E-02,-0.0017773181236348805
 3.3370E-02,-0.002072998729653492
 3.3385E-02,-0.0016356746727124877
 3.3399E-02,-0.0004931487575136945
 3.3414E-02,0.0012968867094343822
 3.3428E-02,0.0036514964873337556
 3.3443E-02,0.0064673596156006735
 3.3457E-02,0.00962529569964209
 3.3472E-02,0.012994279143264835
 3.3486E-02,0.016435120821131074
 3.3501E-02,0.019804246924832156
 3.3515E-02,0.022958067662211833
 3.3530E-02,0.025758282892134547
 3.3544E-02,0.02807815848223441
 3.3559E-02,0.02980941787952799
 3.3573E-02,0.030869044615037405
 3.3588E-02,0.03120509102602904
 3.3602E-02,0.030800603923300064
 3.3617E-02,0.029675016332354903
 3.3631E-02,0.027882759640829726
 3.3646E-02,0.025509318851272892
 3.3660E-02,0.02266536377645474
 3.3675E-02,0.019479836674651328
 3.3689E-02,0.016092904558447144
 3.3704E-02,0.01264949728335494
 3.3718E-02,0.009293815443971034
 3.3733E-02,0.006164810002357645
 3.3747E-02,0.0033923225079477834
 3.3762E-02,0.0010934211380180673
 3.3776E-02,-0.0006314850355803577
 3.3791E-02,-0.0017029417969826747
 3.3805E-02,-0.002067004781464994
 3.3820E-02,-0.0016995595136084433
 3.3834E-02,-0.0006096724692033787
 3.3849E-02,0.0011588166917944974
 3.3863E-02,0.003528093294154974
 3.3878E-02,0.006389844290858204
 3.3892E-02,0.009611253392142258
 3.3907E-02,0.013042913164183238
 3.3921E-02,0.016527729313305175
 3.3936E-02,0.019909769287481133
 3.3950E-02,0.023042113727573588
 3.3965E-02,0.02579307315055356
 3.3979E-02,0.02805054843795012
 3.3994E-02,0.029724727471910215
 3.4008E-02,0.03074960944108531
 3.4023E-02,0.031083955273131784
 3.4037E-02,0.030712156432662906
 3.4051E-02,0.02964523669661147
 3.4066E-02,0.027921844555273242
 3.4080E-02,0.025608772971642754
 3.4095E-02,0.022800363231169643
 3.4109E-02,0.019616174180605416
 3.4124E-02,0.016196531154651528
 3.4138E-02,0.012695953362933911
 3.4153E-02,0.009274893286350092
 3.4167E-02,0.006090590515969192
 3.4182E-02,0.003288047245254024
 3.4196E-02,0.0009921202668366417
 3.4211E-02,-0.0006984992218538721
 3.4225E-02,-0.001715019528673608
 3.4240E-02,-0.002020020235857301
 3.4254E-02,-0.0016070493848254913
 3.4269E-02,-0.0004989491899601176
 3.4283E-02,0.0012544636728070797
 3.4298E-02,0.0035788966204225413
 3.4312E-02,0.006378072674006369
 3.4327E-02,0.009536336814376349
 3.4341E-02,0.012921733689316664
 3.4356E-02,0.016389996872860628
 3.4370E-02,0.01978978964355195
 3.4385E-02,0.022969274722989968
 3.4399E-02,0.025783736349291125
 3.4414E-02,0.02810363273214197
 3.4428E-02,0.029822221750264628
 3.4443E-02,0.03086185095905037
 3.4457E-02,0.031178157968920615
 3.4472E-02,0.03076175496892506
 3.4486E-02,0.029637389126941416
 3.4501E-02,0.02786097120731143
 3.4515E-02,0.025515146111110956
 3.4530E-02,0.02270417413017237
 3.4544E-02,0.01954878720588968
 3.4559E-02,0.016181423853423686
 3.4573E-02,0.012741916377893323
 3.4588E-02,0.009373408752153
 3.4602E-02,0.006218114258906844
 3.4617E-02,0.003412530804673138
 3.4631E-02,0.001081917135243899
 3.4646E-02,-0.0006658591489250197
 3.4660E-02,-0.0017466517615123017
 3.4675E-02,-0.0021058251706262115
 3.4689E-02,-0.0017226695967862942
 3.4704E-02,-0.0006126899576385624
 3.4718E-02,0.001172713894737838
 3.4733E-02,0.0035492628089643288
 3.4747E-02,0.0064051695555191164
 3.4762E-02,0.009608169637876165
 3.4776E-02,0.013013316962572576
 3.4790E-02,0.016470651794109677
 3.4805E-02,0.019832042152127305
 3.4819E-02,0.022956825014425527
 3.4834E-02,0.025716235988031935
 3.4848E-02,0.027996913124453588
 3.4863E-02,0.02970391077185545
 3.4877E-02,0.030763625334545422
 3.4892E-02,0.03112683391445018
 3.4906E-02,0.030771746176797312
 3.4921E-02,0.029706666785947296
 3.4935E-02,0.02797165954658321
 3.4950E-02,0.02563856677352146
 3.4964E-02,0.022808891676173712
 3.4979E-02,0.019609365416420485
 3.4993E-02,0.016185415417560207
 3.5008E-02,0.012693125278826503
 3.5022E-02,0.00929053275151556
 3.5037E-02,0.006129186974075515
 3.5051E-02,0.0033467659410761725
 3.5066E-02,0.0010612790620087046
 3.5080E-02,-0.0006329729222657426
 3.5095E-02,-0.0016678408839647895
 3.5109E-02,-0.00200255926567577
 3.5124E-02,-0.0016242199187873382
 3.5138E-02,-0.000547843021643309
 3.5153E-02,0.0011838191802530647
 3.5167E-02,0.0035008738930898254
 3.5182E-02,0.0063076210296955275
 3.5196E-02,0.009485071221320486
 3.5211E-02,0.01289502523070845
 3.5225E-02,0.01638586861297017
 3.5240E-02,0.01979990929103663
 3.5254E-02,0.02298174159318595
 3.5269E-02,0.025786852504348732
 3.5283E-02,0.028089570877539147
 3.5298E-02,0.02978953463086293
 3.5312E-02,0.030816099819119935
 3.5327E-02,0.031130476333110536
 3.5341E-02,0.030725754629056225
 3.5356E-02,0.029625288864435127
 3.5370E-02,0.02788005025367864
 3.5385E-02,0.025565531134747903
 3.5399E-02,0.02277858854474759
 3.5414E-02,0.019634334614593414
 3.5428E-02,0.01626290304216548
 3.5443E-02,0.01280573669904164
 3.5457E-02,0.00941101232357865
 3.5472E-02,0.006227958796327605
 3.5486E-02,0.0034000996458000317
 3.5500E-02,0.001057782231884311
 3.5515E-02,-0.0006893485698233066
 3.5529E-02,-0.0017591010568767172
 3.5544E-02,-0.0021018829437288787
 3.5558E-02,-0.001703599268357402
 3.5573E-02,-0.0005859845769232033
 3.5587E-02,0.0011955576069210352
 3.5602E-02,0.003556174164866601
 3.5616E-02,0.006387159777977528
 3.5631E-02,0.009562171508116132
 3.5645E-02,0.012943394914521534
 3.5660E-02,0.016387227923627574
 3.5674E-02,0.01974934313174968
 3.5689E-02,0.02288925729389216
 3.5703E-02,0.025674699612836385
 3.5718E-02,0.02798608175491672
 3.5732E-02,0.029721231706578363
 3.5747E-02,0.030800306099790453
 3.5761E-02,0.03117051992157209
 3.5776E-02,0.030810117285432183
 3.5790E-02,0.02973092517065338
 3.5805E-02,0.02797891940201706
 3.5819E-02,0.02563247617071509
 3.5834E-02,0.022798325687777378
 3.5848E-02,0.019605581175912264
 3.5863E-02,0.01619849652588975
 3.5877E-02,0.012728741440557568
 3.5892E-02,0.009347946262494331
 3.5906E-02,0.0062010799343478066
 3.5921E-02,0.003420944315266207
 3.5935E-02,0.0011237793920389851
 3.5950E-02,-0.0005942419188276241
 3.5964E-02,-0.001659937059677806
 3.5979E-02,-0.0020257032929771384
 3.5993E-02,-0.0016718432570292496
 3.6008E-02,-0.0006084626060943602
 3.6022E-02,0.0011234341459500925
 3.6037E-02,0.0034521353172605705
 3.6051E-02,0.006277154009834739
 3.6066E-02,0.009473169129141364
 3.6080E-02,0.012895946773729032
 3.6095E-02,0.016389873418599783
 3.6109E-02,0.019796436163269423
 3.6124E-02,0.022962810296452918
 3.6138E-02,0.02574970753725575
 3.6153E-02,0.02803780240091505
 3.6167E-02,0.029732346360711495
 3.6182E-02,0.030765922716835706
 3.6196E-02,0.031099599413243098
 3.6211E-02,0.03072292518869916
 3.6225E-02,0.029653243801018497
 3.6239E-02,0.02793467572149236
 3.6254E-02,0.02563688588859611
 3.6268E-02,0.022853499448411294
 3.6283E-02,0.019699831331261256
 3.6297E-02,0.01630952787394207
 3.6312E-02,0.012829808959909721
 3.6326E-02,0.009415229923116178
 3.6341E-02,0.006220194662593878
 3.6355E-02,0.0033907613438226396
 3.6370E-02,0.0010565051952081857
 3.6384E-02,-0.0006767225350421122
 3.6399E-02,-0.0017323967558853532
 3.6413E-02,-0.0020667839008836567
 3.6428E-02,-0.0016701052740727086
 3.6442E-02,-0.0005655724480652146
 3.6457E-02,0.001193265676337409
 3.6471E-02,0.003526290705498391
 3.6486E-02,0.006331142664131647
 3.6500E-02,0.009487703180084905
 3.6515E-02,0.012862554370125342
 3.6529E-02,0.016313459216462486
 3.6544E-02,0.01969406210111352
 3.6558E-02,0.022859039074278352
 3.6573E-02,0.025669824258415564
 3.6587E-02,0.02800083048167085
 3.6602E-02,0.029745830756563243
 3.6616E-02,0.030823949852396216
 3.6631E-02,0.031184602140314162
 3.6645E-02,0.030810745523550134
 3.6660E-02,0.029720003365524945
 3.6674E-02,0.027963496903417148
 3.6689E-02,0.025622559046895033
 3.6703E-02,0.02280378555257827
 3.6718E-02,0.019633052825981406
 3.6732E-02,0.01624915651629087
 3.6747E-02,0.01279760692848053
 3.6761E-02,0.009424900748296532
 3.6776E-02,0.006273343952563374
 3.6790E-02,0.0034763031697782115
 3.6805E-02,0.0011536703626028682
 3.6819E-02,-0.0005926366138453447
 3.6834E-02,-0.0016831623570817847
 3.6848E-02,-0.0020651985231984176
 3.6863E-02,-0.001716460599903017
 3.6877E-02,-0.0006476182790982868
 3.6892E-02,0.0010968655031781624
 3.6906E-02,0.0034399934081608676
 3.6921E-02,0.00627573689932837
 3.6935E-02,0.00947460575819415
 3.6949E-02,0.012890793362907375
 3.6964E-02,0.01637018222552453
 3.6978E-02,0.019758410969613234
 3.6993E-02,0.022908279999897377
 3.7007E-02,0.025685984693091437
 3.7022E-02,0.02797595272943256
 3.7036E-02,0.02968434773395213
 3.7051E-02,0.030741509030551156
 3.7065E-02,0.031103675534823114
 3.7080E-02,0.03075427792679069
 3.7094E-02,0.029704906812517556
 3.7109E-02,0.02799583858409957
 3.7123E-02,0.02569580291052777
 3.7138E-02,0.02290057588346458
 3.7152E-02,0.01973002177346651
 3.7167E-02,0.016323384336103083
 3.7181E-02,0.012832904965499319
 3.7196E-02,0.00941614988797496
 3.7210E-02,0.006227683018725564
 3.7225E-02,0.003410859188710757
 3.7239E-02,0.0010904995277750628
 3.7254E-02,-0.0006329476929290297
 3.7268E-02,-0.0016874184654241705
 3.7283E-02,-0.00203137008118983
 3.7297E-02,-0.0016542539752052
 3.7312E-02,-0.0005756932492614639
 3.7326E-02,0.0011562349775381595
 3.7341E-02,0.003467300831887383
 3.7355E-02,0.006259862257260863
 3.7370E-02,0.009416084068458163
 3.7384E-02,0.012801808851884398
 3.7399E-02,0.016271288269263637
 3.7413E-02,0.019672900133048756
 3.7428E-02,0.022855791925977524
 3.7442E-02,0.025677154071085475
 3.7457E-02,0.028009603455416157
 3.7471E-02,0.029748015962724854
 3.7486E-02,0.03081513249536194
 3.7500E-02,0.031165388590928437
 3.7515E-02,0.030786657416514488
 3.7529E-02,0.02969989233318615
 3.7544E-02,0.02795693564739541
 3.7558E-02,0.025636957159540463
 3.7573E-02,0.022842056672734916
 3.7587E-02,0.01969250211367005
 3.7602E-02,0.01632191035706172
 3.7616E-02,0.012872470181454484
 3.7631E-02,0.009490125229741863
 3.7645E-02,0.006319538540304816
 3.7660E-02,0.003498681121485951
 3.7674E-02,0.001153020963981126
 3.7688E-02,-0.0006105030643049362
 3.7703E-02,-0.001709318093725857
 3.7717E-02,-0.0020902967449152356
 3.7732E-02,-0.001733457903665161
 3.7746E-02,-0.0006537508007501459
 3.7761E-02,0.0010994057128303316
 3.7775E-02,0.0034448639937324347
 3.7790E-02,0.006274493898621791
 3.7804E-02,0.009459403715240395
 3.7819E-02,0.012856959819709825
 3.7833E-02,0.016317923871578058
 3.7848E-02,0.01969315337485054
 3.7862E-02,0.022839529123958337
 3.7877E-02,0.0256250171809094
 3.7891E-02,0.027932974597721604
 3.7906E-02,0.02966591271929142
 3.7920E-02,0.03074891517783937
 3.7935E-02,0.031132782092281836
 3.7949E-02,0.030796783121557078
 3.7964E-02,0.029750715228519263
 3.7978E-02,0.028035842119385028
 3.7993E-02,0.025724288173454048
 3.8007E-02,0.022916584150919093
 3.8022E-02,0.019737291659815092
 3.8036E-02,0.016328914173725083
 3.8051E-02,0.01284456498886681
 3.8065E-02,0.009440042054324511
 3.8080E-02,0.006266013865891587
 3.8094E-02,0.0034609412357038153
 3.8109E-02,0.001145173678468202
 3.8123E-02,-0.0005835799466475547
 3.8138E-02,-0.0016534344020944377
 3.8152E-02,-0.002020351104042609
 3.8167E-02,-0.001669243033131201
 3.8181E-02,-0.0006143529050926303
 3.8196E-02,0.0011010312574377358
 3.8210E-02,0.003405611609442083
 3.8225E-02,0.006202074735302498
 3.8239E-02,0.00937028947539769
 3.8254E-02,0.012771883528070769
 3.8268E-02,0.01625620505576937
 3.8283E-02,0.019667445100943787
 3.8297E-02,0.022852463212206853
 3.8312E-02,0.02566868520192223
 3.8326E-02,0.027991377940737014
 3.8341E-02,0.029719673246062395
 3.8355E-02,0.03078089826218957
 3.8370E-02,0.031133028600426285
 3.8384E-02,0.030765348775974505
 3.8399E-02,0.029697616563927148
 3.8413E-02,0.027978135364069776
 3.8427E-02,0.025681123880609762
 3.8442E-02,0.02290365320897825
 3.8456E-02,0.01976224533300618
 3.8471E-02,0.016389057016165495
 3.8485E-02,0.012927468767699117
 3.8500E-02,0.009526898825702875
 3.8514E-02,0.006336773710807719
 3.8529E-02,0.003499782727431634
 3.8543E-02,0.001144770633392907
 3.8558E-02,-0.0006201835355304421
 3.8572E-02,-0.0017138498482343143
 3.8587E-02,-0.0020864621547758326
 3.8601E-02,-0.0017223805052525283
 3.8616E-02,-0.0006405615823707352
 3.8630E-02,0.0011071167263996826
 3.8645E-02,0.0034393668547695764
 3.8659E-02,0.006250345294861707
 3.8674E-02,0.009415285642499589
 3.8688E-02,0.012796399150961403
 3.8703E-02,0.016248675934116507
 3.8717E-02,0.019625408851789695
 3.8732E-02,0.02278343556937766
 3.8746E-02,0.02558820016091112
 3.8761E-02,0.02791874375688655
 3.8775E-02,0.029672644521338862
 3.8790E-02,0.03077077148731759
 3.8804E-02,0.031161546756279582
 3.8819E-02,0.030824284709058448
 3.8833E-02,0.029771142524062953
 3.8848E-02,0.028047295530712037
 3.8862E-02,0.025729133697840505
 3.8877E-02,0.022920522221391144
 3.8891E-02,0.01974742167162671
 3.8906E-02,0.016351361524444163
 3.8920E-02,0.012882360194144567
 3.8935E-02,0.009491867331903239
 3.8949E-02,0.006326184187851377
 3.8964E-02,0.0035206359868165285
 3.8978E-02,0.0011945815942975778
 3.8993E-02,-0.0005527964628172187
 3.9007E-02,-0.0016460379173382582
 3.9022E-02,-0.002036369878437541
 3.9036E-02,-0.0017040683351099925
 3.9051E-02,-0.0006600563589361384
 3.9065E-02,0.0010535358456883245
 3.9080E-02,0.003364169812523247
 3.9094E-02,0.0061713254520091455
 3.9109E-02,0.009350673635452533
 3.9123E-02,0.012759891406656634
 3.9137E-02,0.01624577404598507
 3.9152E-02,0.019652093463365994
 3.9166E-02,0.02282753686560005
 3.9181E-02,0.025633063246568347
 3.9195E-02,0.027948137531757306
 3.9210E-02,0.029675511898006032
 3.9224E-02,0.030744467079172805
 3.9239E-02,0.031112641886389812
 3.9253E-02,0.030766714846028373
 3.9268E-02,0.029722230164656707
 3.9282E-02,0.02802278546006954
 3.9297E-02,0.025738655433904842
 3.9311E-02,0.022964768303393467
 3.9326E-02,0.01981783834736422
 3.9340E-02,0.016432432753144436
 3.9355E-02,0.012955831791761501
 3.9369E-02,0.00954171401286412
 3.9384E-02,0.006342920619033616
 3.9398E-02,0.0035037675979722707
 3.9413E-02,0.0011525231794201618
 3.9427E-02,-0.0006052892975626526
 3.9442E-02,-0.0016921806819186523
 3.9456E-02,-0.002062176031782801
 3.9471E-02,-0.0017023259194918314
 3.9485E-02,-0.000632336589596694
 3.9500E-02,0.0010973961214557704
 3.9514E-02,0.0034089556502014465
 3.9529E-02,0.006200877000535509
 3.9543E-02,0.009352605674229174
 3.9558E-02,0.012729260087144093
 3.9572E-02,0.016186649520284594
 3.9587E-02,0.0195765890282399
 3.9601E-02,0.022752564644178467
 3.9616E-02,0.02557572995172224
 3.9630E-02,0.027921078883647706
 3.9645E-02,0.029683480960823024
 3.9659E-02,0.03078313490296341
 3.9674E-02,0.031169939846373892
 3.9688E-02,0.030826326449268776
 3.9703E-02,0.029768231939764266
 3.9717E-02,0.028044115241278367
 3.9732E-02,0.025732142641922563
 3.9746E-02,0.022935876930530008
 3.9761E-02,0.019778928605898426
 3.9775E-02,0.016399053540971528
 3.9790E-02,0.012942112037741324
 3.9804E-02,0.009556169966979467
 3.9819E-02,0.006385870339768103
 3.9833E-02,0.0035670822054627354
 3.9848E-02,0.001221780221772171
 3.9862E-02,-0.0005468629344533016
 3.9876E-02,-0.001659089915416715
 3.9891E-02,-0.0020626614512557814
 3.9905E-02,-0.0017361087448785081
 3.9920E-02,-0.0006907302149814977
 3.9934E-02,0.0010290484115680987
 3.9949E-02,0.0033472092385717087
 3.9963E-02,0.00615962904338748
 3.9978E-02,0.009339333424033473
 3.9992E-02,0.012743107264611427
 4.0007E-02,0.01621888957631409
 4.0021E-02,0.019613321390016012
 4.0036E-02,0.022778868298323037
 4.0050E-02,0.025580086821382315
 4.0065E-02,0.027898804580377495
 4.0079E-02,0.029638184409028684
 4.0094E-02,0.030725790610145295
 4.0108E-02,0.031115837071568966
 4.0123E-02,0.030790763964327696
 4.0137E-02,0.029762182920563957
 4.0152E-02,0.028071092892126344
 4.0166E-02,0.025787152753852818
 4.0181E-02,0.023006748433250266
 4.0195E-02,0.019849638288325748
 4.0210E-02,0.016454099148809093
 4.0224E-02,0.012970697824211178
 4.0239E-02,0.009555030567877478
 4.0253E-02,0.006359951949335135
 4.0268E-02,0.0035279102790659847
 4.0282E-02,0.0011839961809221498
 4.0297E-02,-0.0005698015097025213
 4.0311E-02,-0.0016588228818266754
 4.0326E-02,-0.0020383478652655006
 4.0340E-02,-0.0016946781210171245
 4.0355E-02,-0.0006448997803235592
 4.0369E-02,0.0010644237725242923
 4.0384E-02,0.003359418866170252
 4.0398E-02,0.0061418081138489376
 4.0413E-02,0.009292536715864393
 4.0427E-02,0.012676166772152157
 4.0442E-02,0.01614609265111592
 4.0456E-02,0.01955056094677436
 4.0471E-02,0.022739347781962266
 4.0485E-02,0.025570787790583117
 4.0500E-02,0.027918707868303187
 4.0514E-02,0.029678737924488795
 4.0529E-02,0.030773479291189124
 4.0543E-02,0.03115611490107828
 4.0558E-02,0.030812224186703412
 4.0572E-02,0.02975977992709781
 4.0586E-02,0.02804750480103409
 4.0601E-02,0.025751907642719285
 4.0615E-02,0.022973375910375887
 4.0630E-02,0.019831668848876705
 4.0644E-02,0.016461057280942444
 4.0659E-02,0.013005230781113276
 4.0673E-02,0.009611986840053918
 4.0688E-02,0.006427667410586153
 4.0702E-02,0.0035913349814832686
 4.0717E-02,0.001228777763256782
 4.0731E-02,-0.0005534263349757931
 4.0746E-02,-0.001673417234339351
 4.0760E-02,-0.0020786673915717687
 4.0775E-02,-0.0017492253136321238
 4.0789E-02,-0.0006991912203222581
 4.0804E-02,0.001023803694355592
 4.0818E-02,0.0033411201925884616
 4.0833E-02,0.0061474107020268575
 4.0847E-02,0.009316279608719127
 4.0862E-02,0.012706776580375743
 4.0876E-02,0.016170182546874457
 4.0891E-02,0.01955662805993714
 4.0905E-02,0.0227212281159088
 4.0920E-02,0.025529582432221837
 4.0934E-02,0.02786262895803704
 4.0949E-02,0.029620914490795566
 4.0963E-02,0.030728343401842453
 4.0978E-02,0.031135392172026162
 4.0992E-02,0.030821664337426558
 4.1007E-02,0.029797551150568508
 4.1021E-02,0.02810470136512001
 4.1036E-02,0.025815019588882843
 4.1050E-02,0.023028014852490623
 4.1065E-02,0.019866492615593548
 4.1079E-02,0.016470787158566536
 4.1094E-02,0.012991920054971271
 4.1108E-02,0.009584200407288078
 4.1123E-02,0.006397825416028253
 4.1137E-02,0.003571990180013546
 4.1152E-02,0.0012288915908159172
 4.1166E-02,-0.0005311512469344294
 4.1181E-02,-0.0016333953698969182
 4.1195E-02,-0.002031241426275018
 4.1210E-02,-0.0017077704162787384
 4.1224E-02,-0.0006763330309124459
 4.1239E-02,0.0010197892730301327
 4.1253E-02,0.0033087101925752555
 4.1268E-02,0.006092363944844128
 4.1282E-02,0.00925014152861127
 4.1296E-02,0.012643779616682524
 4.1311E-02,0.016123412687737794
 4.1325E-02,0.01953453370815878
 4.1340E-02,0.022725449281590322
 4.1354E-02,0.0255547035945348
 4.1369E-02,0.027897913519261127
 4.1383E-02,0.029653517248379006
 4.1398E-02,0.03074707965073882
 4.1412E-02,0.031133987040055107
 4.1427E-02,0.030800557858340488
 4.1441E-02,0.02976374960582705
 4.1456E-02,0.02806972441050745
 4.1470E-02,0.02579153546893414
 4.1485E-02,0.02302612767088227
 4.1499E-02,0.019890741030545132
 4.1514E-02,0.01651870752441286
 4.1528E-02,0.01305457974723578
 4.1543E-02,0.00964854770765725
 4.1557E-02,0.006450190291988198
 4.1572E-02,0.0036017498595451694
 4.1586E-02,0.0012312745880812925
 4.1601E-02,-0.0005539003240457635
 4.1615E-02,-0.0016728027357726014
 4.1630E-02,-0.002075105841197449
 4.1644E-02,-0.0017436635720228402
 4.1659E-02,-0.0006951069482577616
 4.1673E-02,0.0010214754468576704
 4.1688E-02,0.0033275504789851565
 4.1702E-02,0.0061194808699615594
 4.1717E-02,0.009273763040176278
 4.1731E-02,0.012652751893880517
 4.1746E-02,0.016110547295846177
 4.1760E-02,0.019498834713194645
 4.1775E-02,0.022672583226836598
 4.1789E-02,0.025495573345757874
 4.1804E-02,0.02784573498598724
 4.1818E-02,0.02962022307279861
 4.1833E-02,0.030740064965726982
 4.1847E-02,0.031154114697282388
 4.1862E-02,0.03084198198416911
 4.1876E-02,0.029815599552529812
 4.1891E-02,0.02811916400459321
 4.1905E-02,0.025827325425233284
 4.1920E-02,0.023041681933502145
 4.1934E-02,0.019885818301247294
 4.1949E-02,0.016499272577536937
 4.1963E-02,0.013030891625964092
 4.1978E-02,0.009632034150369497
 4.1992E-02,0.006450007613959105
 4.2007E-02,0.0036220103917342463
 4.2021E-02,0.0012697286515428495
 4.2035E-02,-0.0005053565528218232
 4.2050E-02,-0.001625939470735142
 4.2064E-02,-0.002042111139264465
 4.2079E-02,-0.0017337496997394323
 4.2093E-02,-0.0007119256319070024
 4.2108E-02,0.0009808843235464817
 4.2122E-02,0.0032719839666469127
 4.2137E-02,0.00606119186859037
 4.2151E-02,0.009225143128983176
 4.2166E-02,0.012623009352457863
 4.2180E-02,0.016103310538326
 4.2195E-02,0.01951134818057248
 4.2209E-02,0.022696711439401922
 4.2224E-02,0.025520316703004815
 4.2238E-02,0.02786053311669729
 4.2253E-02,0.029618099735233067
 4.2267E-02,0.0307197160061638
 4.2282E-02,0.031120343955341724
 4.2296E-02,0.03080436261244588
 4.2311E-02,0.029785744812516862
 4.2325E-02,0.028107387384494295
 4.2340E-02,0.02583964215289395
 4.2354E-02,0.02307800434852445
 4.2369E-02,0.019939855885637108
 4.2383E-02,0.01656016250725478
 4.2398E-02,0.013086096387769775
 4.2412E-02,0.00967068795376861
 4.2427E-02,0.006465772319937401
 4.2441E-02,0.003614646522588513
 4.2456E-02,0.0012449543938443395
 4.2470E-02,-0.0005376610390779315
 4.2485E-02,-0.001654660768819376
 4.2499E-02,-0.002058128348391419
 4.2514E-02,-0.0017325438515674195
 4.2528E-02,-0.0006948387524636365
 4.2543E-02,0.001007089949617576
 4.2557E-02,0.003297134643558731
 4.2572E-02,0.00607470511709449
 4.2586E-02,0.009219169619268462
 4.2601E-02,0.012594820547228507
 4.2615E-02,0.0160562514160897
 4.2630E-02,0.019454079725269666
 4.2644E-02,0.022640951127784102
 4.2659E-02,0.02547771033159671
 4.2673E-02,0.02783953733707845
 4.2688E-02,0.029621751396120184
 4.2702E-02,0.030744912422345595
 4.2717E-02,0.031158829156521364
 4.2731E-02,0.03084513087208719
 4.2745E-02,0.029818172441493367
 4.2760E-02,0.028124200983265464
 4.2774E-02,0.025838883453364908
 4.2789E-02,0.023063442450731535
 4.2803E-02,0.019919742865145675
 4.2818E-02,0.016544700199993094
 4.2832E-02,0.013084346224454348
 4.2847E-02,0.009687809492186415
 4.2861E-02,0.006501377829636423
 4.2876E-02,0.0036627386646870554
 4.2890E-02,0.0012954641156085007
 4.2905E-02,-0.0004961709538244454
 4.2919E-02,-0.0016318875539363064
 4.2934E-02,-0.002059388350866247
 4.2948E-02,-0.0017573363416647277
 4.2963E-02,-0.0007370116034159857
 4.2977E-02,0.0009576255714685879
 4.2992E-02,0.0032516268879466776
 4.3000E-02,0.004775706307416887
