67,0.0
67,2.4911054822826535e-05
67,2.4911054822826535e-05
67,2.4911040975708086e-05
67,2.4908011420557635e-05
67,2.488952144058477e-05
67,2.4852959348741864e-05
67,2.479803671901261e-05
67,2.4720835742217812e-05
67,2.4634579150336926e-05
67,2.4587783688780425e-05
67,2.4643645849419614e-05
67,2.484324036031748e-05
67,2.5198205877172178e-05
67,2.5713762788044543e-05
67,2.640509949966885e-05
67,2.729083733595403e-05
67,2.837550677880647e-05
67,2.963642624503709e-05
67,3.1024073625891326e-05
67,3.246119560094636e-05
67,3.3841273222443304e-05
67,3.505423413726938e-05
67,3.6015374364033615e-05
67,3.6661097590276355e-05
67,3.6946798368384486e-05
67,3.686621051748104e-05
67,3.644801447196619e-05
67,3.573062867303654e-05
67,3.4763537255905094e-05
67,3.3626878591159074e-05
67,3.2419526957711945e-05
67,3.12127309591323e-05
67,3.0017159717982564e-05
67,2.880069850428324e-05
67,2.754293085667856e-05
67,2.6275503711429282e-05
67,2.508596790113208e-05
67,2.410391905589505e-05
67,2.3467622544615164e-05
67,2.3266312426007327e-05
67,2.35037871301824e-05
67,2.4115391703804963e-05
67,2.500268615717772e-05
67,2.6052156971201195e-05
67,2.715095593634527e-05
67,2.8211200755632487e-05
67,2.9189239973388682e-05
67,3.008990695255405e-05
67,3.0960505977164045e-05
67,3.187775252712143e-05
67,3.2920317757828123e-05
67,3.412501534029764e-05
67,3.545141865688397e-05
67,3.6783134107830035e-05
67,3.7955699982899916e-05
67,3.878726009086323e-05
67,3.911406169741157e-05
67,3.883115397039585e-05
67,3.791854052432665e-05
67,3.6444166614135885e-05
67,3.4549773095644465e-05
67,3.242075020940965e-05
67,3.024238617115186e-05
67,2.815420932898589e-05
67,2.6221366413402158e-05
67,2.4442992903398644e-05
67,2.2792020883355857e-05
67,2.1249653912021075e-05
67,1.9815041804106413e-05
67,1.8507739615926685e-05
67,1.737493954421712e-05
67,1.6495451804129564e-05
67,1.5976418842456297e-05
67,1.593797132279887e-05
67,1.647269679617775e-05
67,1.758597258469529e-05
67,1.915534842770722e-05
67,2.0948969843311912e-05
67,2.2704740918384278e-05
67,2.4220635324939845e-05
67,2.5394714276901763e-05
67,2.6203903195592132e-05
67,2.6663739168090887e-05
67,2.680657032151618e-05
67,2.668022226634962e-05
67,2.6351588018009358e-05
67,2.5900934240993892e-05
67,2.540131522052092e-05
67,2.4892571284821785e-05
67,2.4371440832145636e-05
67,2.38113116680311e-05
67,2.319742656169661e-05
67,2.254584177282171e-05
67,2.1892630811360473e-05
67,2.127116757262833e-05
67,2.0701333593174623e-05
67,2.0198371286929372e-05
67,1.9793334149759384e-05
67,1.954529789869765e-05
67,1.952164720620391e-05
67,1.974211239057597e-05
67,2.012266614574267e-05
67,2.0479842868387652e-05
67,2.062202467877603e-05
67,2.047451142430625e-05
67,2.013981210178402e-05
67,1.9843599002898528e-05
67,1.981533256404661e-05
67,2.0197762086959917e-05
67,2.103298291230182e-05
67,2.2296727721457297e-05
67,2.3925152522828686e-05
67,2.580979310851958e-05
67,2.778031200791478e-05
67,2.961027377825934e-05
67,3.106268791798524e-05
67,3.195825289715017e-05
67,3.222691339748078e-05
67,3.191135374258932e-05
67,3.1124017703069725e-05
67,2.9989873708317694e-05
67,2.8611108571589772e-05
67,2.7067490474344628e-05
67,2.5438428838849718e-05
67,2.381924696023539e-05
67,2.2310565213454495e-05
67,2.0981867448151027e-05
67,1.9835236367090237e-05
67,1.8805341981616115e-05
67,1.7813926134386958e-05
67,1.685103862264324e-05
67,1.6016997475916975e-05
67,1.5483323476578762e-05
67,1.540562894061925e-05
67,1.5859944911596215e-05
67,1.6835250570797263e-05
67,1.8256961218615204e-05
67,2.0005850406685483e-05
67,2.1930423876385823e-05
67,2.3874640196141036e-05
67,2.5724149506300162e-05
67,2.743945049272855e-05
67,2.9043520867203643e-05
67,3.057007074311814e-05
67,3.201246039062417e-05
67,3.330740131523435e-05
67,3.4353390525948e-05
67,3.504040561132628e-05
67,3.527396624183489e-05
67,3.499309857240035e-05
67,3.4184547507099794e-05
67,3.288936298071682e-05
67,3.119563809018572e-05
67,2.9215695797185e-05
67,2.7057335786257407e-05
67,2.4808641322062686e-05
67,2.254821614739403e-05
67,2.0370140540659554e-05
67,1.8399516965498748e-05
67,1.678278670211486e-05
67,1.565462445010926e-05
67,1.5093522392061128e-05
67,1.5081156749801202e-05
67,1.5487251728768282e-05
67,1.610645357289593e-05
67,1.675137259570023e-05
67,1.7354935237615708e-05
67,1.8005802703473184e-05
67,1.8881750764648682e-05
67,2.0128580385464438e-05
67,2.177089003773138e-05
67,2.3700225082024535e-05
67,2.572034227538117e-05
67,2.7604783094894118e-05
67,2.914185062263591e-05
67,3.016790103891864e-05
67,3.059656771603672e-05
67,3.0441172607074676e-05
67,2.9815438417827983e-05
67,2.889974266896339e-05
67,2.7879958742385244e-05
67,2.6887784179781764e-05
67,2.5973838862242494e-05
67,2.5122927230096263e-05
67,2.4294166824959386e-05
67,2.3459234104451824e-05
67,2.262011076569953e-05
67,2.1800524506849714e-05
67,2.1018019513047046e-05
67,2.025794880858402e-05
67,1.947874964829516e-05
67,1.8660699814128373e-05
67,1.7866389108069795e-05
67,1.7253180846804954e-05
67,1.7011560782077577e-05
67,1.7271904756543016e-05
67,1.804939744440954e-05
67,1.9257942673487998e-05
67,2.0769347616056356e-05
67,2.247390785719717e-05
67,2.43123307501553e-05
67,2.6270584518734973e-05
67,2.834574147380461e-05
67,3.050317197820493e-05
67,3.264897505052076e-05
67,3.46296078525452e-05
67,3.625342826189671e-05
67,3.732360922470052e-05
67,3.7676961276598635e-05
67,3.722422261041251e-05
67,3.598166526338244e-05
67,3.408049194357733e-05
67,3.174544867637195e-05
67,2.9245051089578276e-05
67,2.682648040656141e-05
67,2.4655691838520538e-05
67,2.2788026474773467e-05
67,2.1189442668311878e-05
67,1.9802838852075175e-05
67,1.861937646565425e-05
67,1.7705444066038502e-05
67,1.716777925065349e-05
67,1.708476061035091e-05
67,1.7451210393929617e-05
67,1.8169081933577068e-05
67,1.908903422520082e-05
67,2.0084512030023903e-05
67,2.112041651344222e-05
67,2.22709613970708e-05
67,2.3666590352581714e-05
67,2.5401620596422992e-05
67,2.7465226762140548e-05
67,2.9735081511967825e-05
67,3.2022248516863744e-05
67,3.412872069183087e-05
67,3.588936711967456e-05
67,3.71935018394784e-05
67,3.7993535126869276e-05
67,3.830508657481751e-05
67,3.819512534740727e-05
67,3.775449745184611e-05
67,3.706064686039122e-05
67,3.614685780197476e-05
67,3.499657203137524e-05
67,3.3570710411897344e-05
67,3.185554555412665e-05
67,2.9901524397740577e-05
67,2.7824234146249424e-05
67,2.576067514833894e-05
67,2.380530893482046e-05
67,2.197040149827206e-05
67,2.020637443896181e-05
67,1.847885288910902e-05
67,1.685227708133582e-05
67,1.551427769103971e-05
67,1.4714192039339839e-05
67,1.4655380845592241e-05
67,1.541278206157794e-05
67,1.691831861908173e-05
67,1.9004186418498137e-05
67,2.1465703772999898e-05
67,2.4110520338966343e-05
67,2.67799930312236e-05
67,2.9345389010520033e-05
67,3.169212644199638e-05
67,3.370757709299036e-05
67,3.528010626759206e-05
67,3.6305359282481376e-05
67,3.669312043463835e-05
67,3.6376415329917335e-05
67,3.533008757527865e-05
67,3.3598320034768454e-05
67,3.131618939892864e-05
67,2.8704097237522913e-05
67,2.6023983334373307e-05
67,2.3508624501587127e-05
67,2.1296454816780674e-05
67,1.940878951433008e-05
67,1.7786107640399017e-05
67,1.6363134213664934e-05
67,1.5134851983414434e-05
67,1.4172572407327794e-05
67,1.3586075619841547e-05
67,1.3461448639125596e-05
67,1.3810895170524632e-05
67,1.4558021324320065e-05
67,1.5567439186763e-05
67,1.6711825252780835e-05
67,1.794535079967374e-05
67,1.9332840795683457e-05
67,2.100110731524693e-05
67,2.30363678802306e-05
67,2.5398806235750043e-05
67,2.791028800399154e-05
67,3.030999086673708e-05
67,3.233015727801622e-05
67,3.3753375614002616e-05
67,3.444580420358152e-05
67,3.4376039209933156e-05
67,3.3619622870731804e-05
67,3.233797342491228e-05
67,3.072764163101917e-05
67,2.8956169609873965e-05
67,2.7114487884112452e-05
67,2.5210355515562777e-05
67,2.3206399317457753e-05
67,2.108286494808593e-05
67,1.8892204441697144e-05
67,1.677540434291262e-05
67,1.4925803574146122e-05
67,1.3510691929592355e-05
67,1.258853540458479e-05
67,1.2075539809475572e-05
67,1.1797640791626796e-05
67,1.1607827392292103e-05
67,1.1491010584933707e-05
67,1.15787274826098e-05
67,1.2066517359324461e-05
67,1.3102509319061829e-05
67,1.4723462960592146e-05
67,1.6859287750054682e-05
67,1.9374912223944797e-05
67,2.211098086138476e-05
67,2.4907086707963896e-05
67,2.761074773398417e-05
67,3.0080789645224737e-05
67,3.219160236550982e-05
67,3.3840203524616446e-05
67,3.495273297431583e-05
67,3.5485554241092924e-05
67,3.542193206548677e-05
67,3.477197875560074e-05
67,3.358174310305898e-05
67,3.194682242072384e-05
67,3.0015438260896283e-05
67,2.7964896997418886e-05
67,2.5948744840915318e-05
67,2.403607735282567e-05
67,2.2183804580391353e-05
67,2.0275536558041424e-05
67,1.821869694211341e-05
67,1.604077793506784e-05
67,1.3916668907602252e-05
67,1.2110403561625524e-05
67,1.087885019339386e-05
67,1.0399385409411081e-05
67,1.0746372116050159e-05
67,1.1902910935770922e-05
67,1.3787384126925323e-05
67,1.6283368978586346e-05
67,1.9262164047680177e-05
67,2.2585031400001795e-05
67,2.6085978270454846e-05
67,2.955744482873023e-05
67,3.2761947257598275e-05
67,3.546771986054962e-05
67,3.748497654442149e-05
67,3.868514533721727e-05
67,3.900745486226261e-05
67,3.846755097722106e-05
67,3.716979141487452e-05
67,3.530495552125737e-05
67,3.311395796012379e-05
67,3.082164610510492e-05
67,2.857245268877515e-05
67,2.6406683196677163e-05
67,2.4294767880800444e-05
67,2.221012787072392e-05
67,2.0195357262477688e-05
67,1.8381019835353763e-05
67,1.6946500697699214e-05
67,1.6044215148819304e-05
67,1.572477752883909e-05
67,1.5901534390827985e-05
67,1.638133157324361e-05
67,1.695917012212759e-05
67,1.7530345964383433e-05
67,1.8147622746740894e-05
67,1.8981246656709963e-05
67,2.021233375639205e-05
67,2.1937446699109096e-05
67,2.413886902878023e-05
67,2.6712464167617053e-05
67,2.9508040377401773e-05
67,3.235032483575905e-05
67,3.504327371559033e-05
67,3.737869139616941e-05
67,3.9161646947072784e-05
67,4.0245223358929386e-05
67,4.055525070763276e-05
67,4.009097848656113e-05
67,3.890529099791315e-05
67,3.708262719594667e-05
67,3.473078755061245e-05
67,3.198685989508837e-05
67,2.9022687863160512e-05
67,2.6032511565036518e-05
67,2.3195020220500015e-05
67,2.0620315927852854e-05
67,1.8312216438494325e-05
67,1.6182280013878822e-05
67,1.4126829345067839e-05
67,1.2128776962755477e-05
67,1.0314433450896132e-05
67,8.921941850935044e-06
67,8.205318360825639e-06
67,8.34097228277067e-06
67,9.385210038009352e-06
67,1.1282761095896882e-05
67,1.3898589941512045e-05
67,1.7049914262136208e-05
67,2.052989705635048e-05
67,2.4122375886781266e-05
67,2.7611052109955755e-05
67,3.079010694873277e-05
67,3.3480476301849407e-05
67,3.554655508842261e-05
67,3.690353376046684e-05
67,3.751305544472437e-05
67,3.737594242883427e-05
67,3.6532676803472304e-05
67,3.507227002567215e-05
67,3.313663528416071e-05
67,3.090383970690924e-05
67,2.8546621849019842e-05
67,2.6184422340044856e-05
67,2.3860060110126487e-05
67,2.1562549124880557e-05
67,1.928714922467427e-05
67,1.709312665616021e-05
67,1.5116349759811688e-05
67,1.3524698764115932e-05
67,1.2444071929496777e-05
67,1.1899944973060968e-05
67,1.1807491896946795e-05
67,1.2018263169304781e-05
67,1.240632170506267e-05
67,1.2953336386418557e-05
67,1.377974338972854e-05
67,1.5090017933867454e-05
67,1.7055983340412253e-05
67,1.970964126839463e-05
67,2.29082746796161e-05
67,2.6377396554082396e-05
67,2.978819237530803e-05
67,3.282469534030434e-05
67,3.522711649056137e-05
67,3.6821514766123735e-05
67,3.7543119273583424e-05
67,3.744428909348849e-05
67,3.667202864125804e-05
67,3.541385533774426e-05
67,3.383390653113814e-05
67,3.203295321468456e-05
67,3.00534321424091e-05
67,2.7920973820061015e-05
67,2.569011649735769e-05
67,2.3461220621272307e-05
67,2.1355642202767034e-05
67,1.946295648116712e-05
67,1.7794663590689935e-05
67,1.6282650921579726e-05
67,1.48383452731273e-05
67,1.3444580652978407e-05
67,1.2217662546165605e-05
67,1.1389362211161496e-05
67,1.1216105241046523e-05
67,1.1874719186189452e-05
67,1.3404620670038679e-05
67,1.5714230431520083e-05
67,1.862897244232117e-05
67,2.1945851577770476e-05
67,2.546949348422579e-05
67,2.9021913547615667e-05
67,3.243466925695321e-05
67,3.5540789150901474e-05
67,3.81787464133503e-05
67,4.0205758354454576e-05
67,4.15085181737228e-05
67,4.200598129682486e-05
67,4.1651587805192275e-05
67,4.044458494441898e-05
67,3.84485593157894e-05
67,3.580192882721066e-05
67,3.2703404802742686e-05
67,2.9368707305897954e-05
67,2.5975307795708576e-05
67,2.262632837690787e-05
67,1.9360463810644335e-05
67,1.6207384306626018e-05
67,1.3251663426009367e-05
67,1.0654812819724677e-05
67,8.61402832328005e-06
67,7.285405469242189e-06
67,6.724137630215492e-06
67,6.877085884625548e-06
67,7.626986546749567e-06
67,8.861742149513533e-06
67,1.053332773292064e-05
67,1.2673152672603606e-05
67,1.5347957569657323e-05
67,1.8575764467021272e-05
67,2.2253129957589905e-05
67,2.6139819793903465e-05
67,2.990532846319059e-05
67,3.320332923372583e-05
67,3.573736702539448e-05
67,3.7304413249740506e-05
67,3.782126703586001e-05
67,3.733714215613708e-05
67,3.602462850525023e-05
67,3.413906467922592e-05
67,3.195011687101454e-05
67,2.9669480014949775e-05
67,2.740837301824533e-05
67,2.5186901723973812e-05
67,2.2988138180649737e-05
67,2.0821761117629482e-05
67,1.875619095051412e-05
67,1.6899131357273046e-05
67,1.533970563913633e-05
67,1.4090531172908342e-05
67,1.3071738010364986e-05
67,1.2157778119765104e-05
67,1.1268961720865216e-05
67,1.0453688981164018e-05
67,9.903547211052107e-06
67,9.884224589915447e-06
67,1.062292516604224e-05
67,1.221919486193028e-05
67,1.4621265286850983e-05
67,1.766174568440509e-05
67,2.1115509576281884e-05
67,2.4744761365437756e-05
67,2.8319008813295143e-05
67,3.161971048550172e-05
67,3.444676488985366e-05
67,3.663511950669738e-05
67,3.807416211713163e-05
67,3.871521024933915e-05
67,3.856141462070851e-05
67,3.7650814748795374e-05
67,3.60490650525687e-05
67,3.3856758495400436e-05
67,3.1219097376738184e-05
67,2.8319255183139116e-05
67,2.5346684968297134e-05
67,2.2450904081286394e-05
67,1.9707432423131017e-05
67,1.7123268329548866e-05
67,1.4687704787508162e-05
67,1.2439314591495958e-05
67,1.0500187409267309e-05
67,9.048997331464566e-06
67,8.252275513170258e-06
67,8.203641220905875e-06
67,8.90727355890624e-06
67,1.0304521662064965e-05
67,1.2317487857688056e-05
67,1.4882088695031153e-05
67,1.7953076788653645e-05
67,2.1476606054848246e-05
67,2.534452052278676e-05
67,2.9361685707216613e-05
67,3.325421567603063e-05
67,3.6718614544044745e-05
67,3.948436300280952e-05
67,4.136045276517073e-05
67,4.225586049135717e-05
67,4.218121872358965e-05
67,4.123968392127101e-05
67,3.960589544350821e-05
67,3.7488467270788805e-05
67,3.508029577291566e-05
67,3.251411282481474e-05
67,2.9845269773335164e-05
67,2.7073844849071317e-05
67,2.419757340357107e-05
67,2.1266886647331967e-05
67,1.840793557656164e-05
67,1.5796286477286035e-05
67,1.3594080995536737e-05
67,1.1887057983557668e-05
67,1.0660065231537424e-05
67,9.82981991408238e-06
67,9.321687719414878e-06
67,9.147757188624215e-06
67,9.434461189018818e-06
67,1.0373564918544314e-05
67,1.2121102189001465e-05
67,1.4706390759064369e-05
67,1.8003353485877515e-05
67,2.176827012895344e-05
67,2.5706420029902695e-05
67,2.9526865507443992e-05
67,3.2970951904621476e-05
67,3.5824891083953994e-05
67,3.793105837105167e-05
67,3.92010279835772e-05
67,3.962155956339084e-05
67,3.924398457900362e-05
67,3.815825027014547e-05
67,3.646579650700807e-05
67,3.426796499377994e-05
67,3.1674661613915125e-05
67,2.8820706859606162e-05
67,2.586878793178683e-05
67,2.2985288107593512e-05
67,2.0295039123006495e-05
67,1.7841759694355242e-05
67,1.5587128265653736e-05
67,1.346201706287705e-05
67,1.1445355958276111e-05
67,9.618687230486262e-06
67,8.157037766211924e-06
67,7.263841894974684e-06
67,7.09713427295236e-06
67,7.73148191001068e-06
67,9.16498684280718e-06
67,1.1349478580905694e-05
67,1.421507168075676e-05
67,1.7671446441370465e-05
67,2.1585550882993198e-05
67,2.575285192450176e-05
67,2.9888923068428225e-05
67,3.365932446131837e-05
67,3.674038928550163e-05
67,3.88822952644961e-05
67,3.994744697487586e-05
67,3.991732193602394e-05
67,3.8878623669838785e-05
67,3.700111277581478e-05
67,3.450967820832452e-05
67,3.1646617880778655e-05
67,2.8625356359733817e-05
67,2.558920209737712e-05
67,2.2596000406213236e-05
67,1.9642714087869584e-05
67,1.6723221757451922e-05
67,1.3888927041265157e-05
67,1.1273712880952922e-05
67,9.063996892146199e-06
67,7.430280086595189e-06
67,6.461674680510385e-06
67,6.1417173370104605e-06
67,6.3781749959881455e-06
67,7.070089794177895e-06
67,8.175606878878069e-06
67,9.740490367974758e-06
67,1.186499525653278e-05
67,1.46236961854472e-05
67,1.7986428864940295e-05
67,2.178849353484765e-05
67,2.5761796135850546e-05
67,2.9598945683687002e-05
67,3.301300308912392e-05
67,3.577532315466568e-05
67,3.773546622913798e-05
67,3.88312279311445e-05
67,3.908808291032343e-05
67,3.86017181166244e-05
67,3.750325006994464e-05
67,3.591909804650734e-05
67,3.394473702476692e-05
67,3.164584697371565e-05
67,2.908386187980321e-05
67,2.6346604554917434e-05
67,2.3560073729771872e-05
67,2.08680004034333e-05
67,1.8385944226615357e-05
67,1.6156114716517314e-05
67,1.4136001397039881e-05
67,1.2239372829547794e-05
67,1.0415206333881388e-05
67,8.719286668975085e-06
67,7.331402313731702e-06
67,6.505002000725356e-06
67,6.480000685059448e-06
67,7.407689743632991e-06
67,9.319361220854675e-06
67,1.2137719678806138e-05
67,1.5707960284285335e-05
67,1.982373786159152e-05
67,2.4237543908484643e-05
67,2.8663706858712692e-05
67,3.279201523140414e-05
67,3.632256273143427e-05
67,3.901307478216527e-05
67,4.0716134656321156e-05
67,4.1388947350449936e-05
67,4.107734524757068e-05
67,3.9890115381997535e-05
67,3.797774568887762e-05
67,3.551703330235423e-05
67,3.2693692492413774e-05
67,2.967712877143494e-05
67,2.6592220371862823e-05
67,2.3503617603156417e-05
67,2.042938394157524e-05
67,1.738669847859543e-05
67,1.4447452480640759e-05
67,1.1765588737022466e-05
67,9.551020730071447e-06
67,8.00194693828625e-06
67,7.23733003060638e-06
67,7.26903806762013e-06
67,8.024644408278615e-06
67,9.40251120684412e-06
67,1.1326954939361015e-05
67,1.3773112977358217e-05
67,1.6745843562374456e-05
67,2.0223023013656708e-05
67,2.4098527699155615e-05
67,2.816216454117918e-05
67,3.2127263068538246e-05
67,3.568528218245677e-05
67,3.855830767619105e-05
67,4.0535436815328e-05
67,4.1495732197542514e-05
67,4.1422292562486435e-05
67,4.0403218565650095e-05
67,3.861075575815249e-05
67,3.625780179436609e-05
67,3.354558837499848e-05
67,3.062522068985785e-05
67,2.7590855890782894e-05
67,2.4505242528819873e-05
67,2.1438869215966416e-05
67,1.849465515811461e-05
67,1.5798482122819258e-05
67,1.3458340145356406e-05
67,1.1518037423347818e-05
67,9.940003613156976e-06
67,8.637860007001569e-06
67,7.548681670353961e-06
67,6.70523795860512e-06
67,6.261374193594035e-06
67,6.448579698664081e-06
67,7.484374773212963e-06
67,9.482353966190924e-06
67,1.2407819812404425e-05
67,1.608950746634751e-05
67,2.0265379822435097e-05
67,2.4631465430938082e-05
67,2.8876896374238835e-05
67,3.27079905953885e-05
67,3.587230880498877e-05
67,3.818645800280515e-05
67,3.955863142312502e-05
67,3.999188349449574e-05
67,3.956303058264418e-05
67,3.838792068915373e-05
67,3.6592295869849547e-05
67,3.4300674123095934e-05
67,3.1639849479021366e-05
67,2.874231765673724e-05
67,2.573669781138127e-05
67,2.2725269273744893e-05
67,1.97638690252772e-05
67,1.6864972384640205e-05
67,1.4032832704972738e-05
67,1.1314318473643426e-05
67,8.830321522795511e-06
67,6.761115158670748e-06
67,5.292247096550221e-06
67,4.5565866366870665e-06
67,4.607356485575915e-06
67,5.430985395980777e-06
67,6.982735327921311e-06
67,9.218870008763134e-06
67,1.210473386033394e-05
67,1.5591828434004858e-05
67,1.9575628800984387e-05
67,2.386178062790772e-05
67,2.8167338439156908e-05
67,3.2161960727967795e-05
67,3.552869933380501e-05
67,3.801691714194005e-05
67,3.947304917327223e-05
67,3.985132138253896e-05
67,3.921121260587682e-05
67,3.770270195751904e-05
67,3.553604887976525e-05
67,3.2937752072685466e-05
67,3.0104675784301743e-05
67,2.7174324045691712e-05
67,2.4224673712087475e-05
67,2.130285030713966e-05
67,1.846518722643371e-05
67,1.58025022836056e-05
67,1.3432184445877653e-05
67,1.1460493608870702e-05
67,9.940090044338628e-06
67,8.853750434044683e-06
67,8.1408769157863e-06
67,7.757250880001988e-06
67,7.73520064515129e-06
67,8.204655948302526e-06
67,9.353171741988747e-06
67,1.1339212441018388e-05
67,1.4204788943508892e-05
67,1.7834918645581255e-05
67,2.1979408054614113e-05
67,2.6314041960229087e-05
67,3.0504141035520723e-05
67,3.424839609120663e-05
67,3.730390435591935e-05
67,3.9502956342544804e-05
67,4.076550470697023e-05
67,4.110087893025181e-05
67,4.0590954242405426e-05
67,3.935684125856798e-05
67,3.752341419276934e-05
67,3.5199055236331276e-05
67,3.2478039189236007e-05
67,2.9457465934632666e-05
67,2.6251244978515033e-05
67,2.2986564225367074e-05
67,1.9781406200558476e-05
67,1.6717387793685865e-05
67,1.3830315614740948e-05
67,1.1132749300239266e-05
67,8.65980114113464e-06
67,6.507644985856603e-06
67,4.834612886030668e-06
67,3.820823558118844e-06
67,3.6122236918615227e-06
67,4.282720828479801e-06
67,5.830298195564248e-06
67,8.198376218369326e-06
67,1.1300492176188114e-05
67,1.502883003253433e-05
67,1.92406345085391e-05
67,2.3734129067323124e-05
67,2.8237124513041243e-05
67,3.242687054458632e-05
67,3.59796748501013e-05
67,3.8628948511106155e-05
67,4.0207001872429745e-05
67,4.0659532579435134e-05
67,4.0037843029224984e-05
67,3.8479418187098606e-05
67,3.618264524837367e-05
67,3.337552575492041e-05
67,3.027872446357214e-05
67,2.706970551512702e-05
67,2.3860909426213825e-05
67,2.0704441529297645e-05
67,1.7625099227593405e-05
67,1.4665902561555737e-05
67,1.1917910010716702e-05
67,9.512806646829247e-06
67,7.581955884297306e-06
67,6.210157032976502e-06
67,5.4159436025781064e-06
67,5.17118774675553e-06
67,5.447033377214069e-06
67,6.257235706707947e-06
67,7.670041043585622e-06
67,9.775089296271407e-06
67,1.2617775311235824e-05
67,1.6136676517750856e-05
67,2.014118669477631e-05
67,2.4341224832094212e-05
67,2.8408637100285312e-05
67,3.203739505317574e-05
67,3.498269752263156e-05
67,3.7079681240132e-05
67,3.825128330001965e-05
67,3.850923163181156e-05
67,3.7943677595086546e-05
67,3.6696972939133e-05
67,3.4926419704324955e-05
67,3.2770717223487916e-05
67,3.0335529379802378e-05
67,2.770282565836603e-05
67,2.4953536051964563e-05
67,2.218445241390101e-05
67,1.9504479853937955e-05
67,1.700992414800817e-05
67,1.4754626227342549e-05
67,1.2738069545719404e-05
67,1.0926687807674761e-05
67,9.302945779346766e-06
67,7.915823377725213e-06
67,6.900860750955205e-06
67,6.454303605508404e-06
67,6.773489754656978e-06
67,7.994324685734238e-06
67,1.01541096736783e-05
67,1.3188720044144868e-05
67,1.6952504242863362e-05
67,2.1240844854437345e-05
67,2.5802872898772135e-05
67,3.0347939769267182e-05
67,3.456041154977318e-05
67,3.8133325321800256e-05
67,4.081533087235255e-05
67,4.2451322553839626e-05
67,4.299814646601547e-05
67,4.2511879978816154e-05
67,4.1118769021777304e-05
67,3.898555002290884e-05
67,3.629682025892048e-05
67,3.323738099378996e-05
67,2.9974597922033088e-05
67,2.664043914324031e-05
67,2.3319936747192156e-05
67,2.00560956443476e-05
67,1.687580458012919e-05
67,1.3827299901749573e-05
67,1.1006820409446293e-05
67,8.554414589850477e-06
67,6.619393492713404e-06
67,5.31857869141798e-06
67,4.714865641867519e-06
67,4.826668188663428e-06
67,5.656417218573412e-06
67,7.214883162979686e-06
67,9.521510485152831e-06
67,1.2574775013186448e-05
67,1.6305364595154676e-05
67,2.0539949650457532e-05
67,2.500186718375364e-05
67,2.9353721193333895e-05
67,3.326124031974877e-05
67,3.644898691252766e-05
67,3.87309963740483e-05
67,4.001793954374374e-05
67,4.031082613849901e-05
67,3.968760549059629e-05
67,3.8282665738762814e-05
67,3.625874560795438e-05
67,3.3776254416924685e-05
67,3.0970237281294565e-05
67,2.7944585455864824e-05
67,2.478554370592813e-05
67,2.1585537197817436e-05
67,1.846033074816891e-05
67,1.55442774929819e-05
67,1.2961620684393837e-05
67,1.078947078061992e-05
67,9.037744607041825e-06
67,7.664397611838182e-06
67,6.623359422635757e-06
67,5.920509390172829e-06
67,5.644357226970892e-06
67,5.949927474892443e-06
67,7.000984282248016e-06
67,8.90028485490152e-06
67,1.1642744090718204e-05
67,1.5108823997380604e-05
67,1.9089678708542418e-05
67,2.3321728158477327e-05
67,2.7514408169921918e-05
67,3.1371159851388645e-05
67,3.4613785047405374e-05
67,3.70159010360464e-05
67,3.843799538433661e-05
67,3.884758095949255e-05
67,3.831228881157325e-05
67,3.696874376695237e-05
67,3.498347838649322e-05
67,3.252327382428291e-05
67,2.9741644287754948e-05
67,2.6775675139179734e-05
67,2.3742770187857034e-05
67,2.0732294342289597e-05
67,1.7797408055212513e-05
67,1.4958894130544833e-05
67,1.2228399893943745e-05
67,9.64379587403116e-06
67,7.2954873291459505e-06
67,5.323957265740349e-06
67,3.887884164886285e-06
67,3.1231967018708013e-06
67,3.117577129859494e-06
67,3.910044554106083e-06
67,5.506275177958425e-06
67,7.89169751265534e-06
67,1.102840761810421e-05
67,1.483344359557633e-05
67,1.9149724486458607e-05
67,2.3730505760494006e-05
67,2.8255174378444694e-05
67,3.237707897371832e-05
67,3.5784642201907614e-05
67,3.8250871762953235e-05
67,3.965690844366295e-05
67,3.999100717709117e-05
67,3.9332423679321195e-05
67,3.782770575191686e-05
67,3.566200687465374e-05
67,3.302731932718742e-05
67,3.0093212685778333e-05
67,2.6988833047410774e-05
67,2.380327880131889e-05
67,2.0604342342613853e-05
67,1.746566046195687e-05
67,1.448531043421148e-05
67,1.1781619305698366e-05
67,9.465940359813304e-06
67,7.609149238640727e-06
67,6.225657510062219e-06
67,5.289431115438358e-06
67,4.776622637820613e-06
67,4.711556418552961e-06
67,5.18729157421293e-06
67,6.342727988222329e-06
67,8.301636404558267e-06
67,1.1102750382116627e-05
67,1.4657269596664067e-05
67,1.8753277845550923e-05
67,2.3098082688459227e-05
67,2.7372099577748826e-05
67,3.12725959979165e-05
67,3.4542438766253326e-05
67,3.699028740880219e-05
67,3.8506892479833784e-05
67,3.9073708073984845e-05
67,3.875599242987893e-05
67,3.7678057755257825e-05
67,3.5988891882256113e-05
67,3.383268925693715e-05
67,3.133517430798867e-05
67,2.860573608136327e-05
67,2.5745639037019487e-05
67,2.2850661554712554e-05
67,2.0003249590438976e-05
67,1.7260061968469016e-05
67,1.4648193328182665e-05
67,1.218072600852905e-05
67,9.889028134846185e-06
67,7.854193515680762e-06
67,6.21618418739582e-06
67,5.15168923992789e-06
67,4.831185230123137e-06
67,5.376762166794655e-06
67,6.838038449442233e-06
67,9.189880136881734e-06
67,1.2343212476311312e-05
67,1.615573917375082e-05
67,2.043445344356332e-05
67,2.49332853120785e-05
67,2.935886966836451e-05
67,3.339615935096322e-05
67,3.675247473999479e-05
67,3.920400132557843e-05
67,4.062541202623894e-05
67,4.0993613803313723e-05
67,4.037094606553106e-05
67,3.8880188819362185e-05
67,3.668079951025762e-05
67,3.394883887507191e-05
67,3.085900145515092e-05
67,2.756816467604693e-05
67,2.420360114841005e-05
67,2.0861581461156515e-05
67,1.7619780025187218e-05
67,1.4558471980442853e-05
67,1.1776121987655238e-05
67,9.384681340917503e-06
67,7.483432188482765e-06
67,6.128487114019921e-06
67,5.3218250711133224e-06
67,5.031860446207931e-06
67,5.23592878838434e-06
67,5.959296921233489e-06
67,7.2846131968921515e-06
67,9.319795068844053e-06
67,1.2134753758183756e-05
67,1.5696923880369018e-05
67,1.9839056880572427e-05
67,2.4275195282750705e-05
67,2.8654086163376554e-05
67,3.2623632583376166e-05
67,3.5884117485520794e-05
67,3.822247167076462e-05
67,3.9529904310931206e-05
67,3.980536526201124e-05
67,3.9143417008238746e-05
67,3.770531311985714e-05
67,3.5678480437005174e-05
67,3.3237122156790116e-05
67,3.051832895106536e-05
67,2.7621116863974202e-05
67,2.4623746122581902e-05
67,2.1604881187361355e-05
67,1.8653054979976073e-05
67,1.585785909428191e-05
67,1.329017115931341e-05
67,1.0988280411396821e-05
67,8.964464389989602e-06
67,7.232802934865588e-06
67,5.843043186520295e-06
67,4.898754230174673e-06
67,4.545809344944658e-06
67,4.934084580065424e-06
67,6.169957139894014e-06
67,8.28077400028675e-06
67,1.1203640742135427e-05
67,1.4796162550666763e-05
67,1.8856348674020527e-05
67,2.3139827457233188e-05
67,2.7372889936247794e-05
67,3.126961833930382e-05
67,3.456089613802753e-05
67,3.7032393284842403e-05
67,3.8557425396499924e-05
67,3.910944527044752e-05
67,3.8749423258245704e-05
67,3.759682388978403e-05
67,3.579877094307186e-05
67,3.350751218321945e-05
67,3.0867396723117154e-05
67,2.8006947260686898e-05
67,2.5032278478659132e-05
67,2.202285006415346e-05
67,1.903459032290293e-05
67,1.611422029252595e-05
67,1.332096001035608e-05
67,1.0743028827744354e-05
67,8.49591791428711e-06
67,6.701132608283142e-06
67,5.459314846366686e-06
67,4.83632935299949e-06
67,4.8703529581443546e-06
67,5.591582492578033e-06
67,7.03676544553254e-06
67,9.243372104223586e-06
67,1.2219781059119026e-05
67,1.590268483350084e-05
67,2.0124086371441902e-05
67,2.4609605376392015e-05
67,2.901463211432283e-05
67,3.298451367295066e-05
67,3.62145553818946e-05
67,3.849123457065214e-05
67,3.970960255418972e-05
67,3.9871367222650554e-05
67,3.90693658650645e-05
67,3.746166316422659e-05
67,3.5238326699538066e-05
67,3.258705732411771e-05
67,2.966664552610197e-05
67,2.659605588555217e-05
67,2.3461338908324735e-05
67,2.0334778926733456e-05
67,1.729435730940377e-05
67,1.443090037869064e-05
67,1.1837510533132509e-05
67,9.58813283099968e-06
67,7.721293144760554e-06
67,6.243597406494614e-06
67,5.155230471671902e-06
67,4.484290410655592e-06
67,4.3084888388421785e-06
67,4.747337136739663e-06
67,5.92374186642477e-06
67,7.912069627994347e-06
67,1.069817193520197e-05
67,1.4168823023257919e-05
67,1.8129259010473546e-05
67,2.2332980195712024e-05
67,2.6508430658882766e-05
67,3.0379130572356558e-05
67,3.368413322113988e-05
67,3.62048750678439e-05
67,3.779480042760901e-05
67,3.8399679005226756e-05
67,3.8057599495135315e-05
67,3.687783526288469e-05
67,3.500896073995808e-05
67,3.261023692737526e-05
67,2.9834694720070787e-05
67,2.6823025393068752e-05
67,2.370141543748594e-05
67,2.0577259161242166e-05
67,1.7532751780460652e-05
67,1.4622693728805497e-05
67,1.1883569283425936e-05
67,9.3537784344707e-06
67,7.094796174617107e-06
67,5.199637671754019e-06
67,3.783039339481626e-06
67,2.9606422156797367e-06
67,2.8303356595927635e-06
67,3.463296165718969e-06
67,4.9019080764715285e-06
67,7.156013442738733e-06
67,1.0190907131231685e-05
67,1.3907619801593222e-05
67,1.812450511381754e-05
67,2.2574432134174287e-05
67,2.6928740808463364e-05
67,3.084653921877326e-05
67,3.4033388093289335e-05
67,3.628785737668613e-05
67,3.752175533338679e-05
67,3.7753434484224073e-05
67,3.708349185297709e-05
67,3.566390210302685e-05
67,3.366795345195695e-05
67,3.1264573515429935e-05
67,2.8599336532458813e-05
67,2.578469849938292e-05
67,2.290169812726763e-05
67,2.00129483028138e-05
67,1.7181876927042385e-05
67,1.4488035880096111e-05
67,1.202784417216396e-05
67,9.89790956338537e-06
67,8.17062190195158e-06
67,6.879384474661269e-06
67,6.026332334890356e-06
67,5.6109359087440026e-06
67,5.6633108937691475e-06
67,6.260619364857898e-06
67,7.511973199501658e-06
67,9.513731287766086e-06
67,1.2294639733836675e-05
67,1.577768307297465e-05
67,1.977629046690716e-05
67,2.4022726692328215e-05
67,2.821142867283437e-05
67,3.2040023430624043e-05
67,3.5241507510098085e-05
67,3.7609975975902016e-05
67,3.9021925218510324e-05
67,3.94489355697265e-05
67,3.895419260681458e-05
67,3.766984785519169e-05
67,3.576179524709369e-05
67,3.339540970562722e-05
67,3.0714550284751005e-05
67,2.7837630720668884e-05
67,2.486494069834524e-05
67,2.188683065632472e-05
67,1.8985073573151385e-05
67,1.6227362550724945e-05
67,1.3662198046763614e-05
67,1.1322866414711107e-05
67,9.242975786717702e-06
67,7.4764040924881105e-06
67,6.109360936088504e-06
67,5.256050997586204e-06
67,5.038976254406836e-06
67,5.562699983205178e-06
67,6.89113543586291e-06
67,9.033998292566577e-06
67,1.1941805204212261e-05
67,1.5504591969859293e-05
67,1.955034519384562e-05
67,2.3845146532570894e-05
67,2.810335673129792e-05
67,3.201563977915739e-05
67,3.529312727521463e-05
67,3.771422663563825e-05
67,3.915637995987391e-05
67,3.9602170182164555e-05
67,3.912184521133207e-05
67,3.784337089387404e-05
67,3.592193855721145e-05
67,3.3515889228617024e-05
67,3.07705960044497e-05
67,2.7809226948655897e-05
67,2.4729580661776762e-05
67,2.160764716372615e-05
67,1.8508644044935574e-05
67,1.5502943723452112e-05
67,1.2678929007165881e-05
67,1.014311907942479e-05
67,8.004650383900656e-06
67,6.353053127150984e-06
67,5.244960453056247e-06
67,4.709860380020361e-06
67,4.771003143363889e-06
67,5.465894890431772e-06
67,6.849402595110316e-06
67,8.971671865290446e-06
67,1.1837641921108339e-05
67,1.536730670842192e-05
67,1.9378170842649956e-05
67,2.3600500186159992e-05
67,2.7718654529576976e-05
67,3.14206429861854e-05
67,3.4439900049635374e-05
67,3.6583120430719974e-05
67,3.7745641186649584e-05
67,3.79164761725777e-05
67,3.7171995273354604e-05
67,3.5656439334075296e-05
67,3.355136804387011e-05
67,3.10418916859598e-05
67,2.829024778216415e-05
67,2.5424318465581098e-05
67,2.2541426695685227e-05
67,1.9720310271064582e-05
67,1.70309232511977e-05
67,1.4534971758710135e-05
67,1.2278333399486113e-05
67,1.0284338636145267e-05
67,8.558216266418761e-06
67,7.105989109847008e-06
67,5.9603264426058525e-06
67,5.198924773886176e-06
67,4.942718429830344e-06
67,5.33067671004554e-06
67,6.479728898685076e-06
67,8.44581907119079e-06
67,1.1200684067904215e-05
67,1.4629438455333548e-05
67,1.85432769910797e-05
67,2.2697782454916404e-05
67,2.681245229159092e-05
67,3.059452418918497e-05
67,3.377129091056385e-05
67,3.612792258714369e-05
67,3.7539085511352096e-05
67,3.7981100872497354e-05
67,3.7519552375004946e-05
67,3.627924215021687e-05
67,3.441041751699364e-05
67,3.206323217205456e-05
67,2.937466000861148e-05
67,2.646485630503929e-05
67,2.3437406217240417e-05
67,2.0380110917237364e-05
67,1.7367046408990324e-05
67,1.4464616879345691e-05
67,1.17417195741179e-05
67,9.278786882807428e-06
67,7.168262689208945e-06
67,5.504153918733468e-06
67,4.367260831641419e-06
67,3.81684539376247e-06
67,3.89412710827439e-06
67,4.632679740444647e-06
67,6.064340366416053e-06
67,8.211088275979096e-06
67,1.1061529491567653e-05
67,1.4540519909912138e-05
67,1.848731930730305e-05
67,2.2656901675620227e-05
67,2.674909221684442e-05
67,3.045634532133945e-05
67,3.3512707829847585e-05
67,3.57289129087252e-05
67,3.700781341216363e-05
67,3.734259586172065e-05
67,3.680309810945181e-05
67,3.551461573712359e-05
67,3.363258724214883e-05
67,3.1317185826706485e-05
67,2.8712883426899866e-05
67,2.59375709082072e-05
67,2.3083176779516273e-05
67,2.0225541654261503e-05
67,1.743701443359178e-05
67,1.4793372362443348e-05
67,1.2369874728651523e-05
67,1.022916339566815e-05
67,8.411248734684804e-06
67,6.936495318803253e-06
67,5.824494717927615e-06
67,5.119988919171618e-06
67,4.909551047225556e-06
67,5.314796472444859e-06
67,6.459172704526717e-06
67,8.420103605777231e-06
67,1.1187514860984756e-05
67,1.464672885355833e-05
67,1.8589986948673748e-05
67,2.2746758980743934e-05
67,2.6818798635375066e-05
67,3.0512200558621155e-05
67,3.356680421158999e-05
67,3.578478242958188e-05
67,3.705497060752902e-05
67,3.7364284632008985e-05
67,3.678902091743989e-05
67,3.5467205187785875e-05
67,3.3562436598735784e-05
67,3.12329741137028e-05
67,2.86151151637119e-05
67,2.582112286587417e-05
67,2.2945079383709094e-05
67,2.0068773905255982e-05
67,1.726373091389912e-05
67,1.4591204288676224e-05
67,1.2104822370127118e-05
67,9.858078070349963e-06
67,7.913243883483997e-06
67,6.345223692966447e-06
67,5.236914173248919e-06
67,4.669073595788793e-06
67,4.711042391481654e-06
67,5.4159184629983515e-06
67,6.818253481871392e-06
67,8.929173980555945e-06
67,1.1725010296415849e-05
67,1.5129913582908069e-05
67,1.8998692949031204e-05
67,2.3110501992467394e-05
67,2.7183092440987096e-05
67,3.090925276286678e-05
67,3.400575635387271e-05
67,3.6258418716358614e-05
67,3.75492865988787e-05
67,3.786099415257483e-05
67,3.7262288938677336e-05
67,3.588293368289567e-05
67,3.388564414416706e-05
67,3.144029907076812e-05
67,2.8703668631499986e-05
67,2.5806800797151463e-05
67,2.285142635801522e-05
67,1.9915480622621744e-05
67,1.7065259875540277e-05
67,1.436820039664077e-05
67,1.1898610642883401e-05
67,9.732252271046217e-06
67,7.933795986148595e-06
67,6.547797328173513e-06
67,5.602558188116637e-06
67,5.1269462852479884e-06
67,5.1696007937490205e-06
67,5.805601430451767e-06
67,7.120710766123379e-06
67,9.17524219087824e-06
67,1.1962134182815223e-05
67,1.5379242575489128e-05
67,1.9229601672504244e-05
67,2.3248866076698478e-05
67,2.7146662806269343e-05
67,3.064655268362082e-05
67,3.351648203585687e-05
67,3.558954053898518e-05
67,3.677698378975952e-05
67,3.70726205195218e-05
67,3.6545330016918446e-05
67,3.5318699273649005e-05
67,3.354250347773592e-05
67,3.13653142418801e-05
67,2.8916996335504286e-05
67,2.6304369719529698e-05
67,2.3616536626160668e-05
67,2.0932435839809835e-05
67,1.8324095528224192e-05
67,1.5853934508480716e-05
67,1.35701209476405e-05
67,1.1506525269585885e-05
67,9.691141355224298e-06
67,8.160749980740685e-06
67,6.974567670995806e-06
67,6.219161531321444e-06
67,6.000809855255672e-06
67,6.4268655758477305e-06
67,7.5817304515771236e-06
67,9.504273020390833e-06
67,1.217160026722444e-05
67,1.5490400707898865e-05
67,1.929483690745858e-05
67,2.335153267670456e-05
67,2.7375572181558066e-05
67,3.106133350769829e-05
67,3.412571921451546e-05
67,3.635268342483412e-05
67,3.762409448182314e-05
67,3.792676979531137e-05
67,3.733598040221174e-05
67,3.5984877028614825e-05
67,3.403210509893166e-05
67,3.163650478633018e-05
67,2.894196705262355e-05
67,2.6070977943773334e-05
67,2.3123857142656042e-05
67,2.018178528282769e-05
67,1.7313328951896713e-05
67,1.4583775498573882e-05
67,1.2063772920103127e-05
67,9.831736581278816e-06
67,7.967203210992726e-06
67,6.5392173625972625e-06
67,5.598880270912938e-06
67,5.182750443082094e-06
67,5.324979895269743e-06
67,6.067962212614249e-06
67,7.4601507664476e-06
67,9.536305461636418e-06
67,1.2285766468374609e-05
67,1.5622812895210767e-05
67,1.9374660621351322e-05
67,2.3295234997524864e-05
67,2.7100464376857942e-05
67,3.0511691524071116e-05
67,3.329346002327222e-05
67,3.5278445247658414e-05
67,3.637908139760715e-05
67,3.658804948109406e-05
67,3.596906077195092e-05
67,3.463885392410304e-05
67,3.27430600226903e-05
67,3.043140829430701e-05
67,2.7838931547768435e-05
67,2.507783782466995e-05
67,2.2240266322413715e-05
67,1.9407390766002183e-05
67,1.6657656124085005e-05
67,1.4068139939538467e-05
67,1.1708157570443559e-05
67,9.630505668973665e-06
67,7.86868891609359e-06
67,6.445372907401408e-06
67,5.3898396583852e-06
67,4.755325600385992e-06
67,4.625213656125105e-06
67,5.1013916358289795e-06
67,6.276577155847575e-06
67,8.20058421358375e-06
67,1.0853453761090267e-05
67,1.4134064545374366e-05
67,1.7864687272980423e-05
67,2.180653709183097e-05
67,2.5682158118640545e-05
67,2.9204215284119064e-05
67,3.21108721038052e-05
67,3.4203263508044e-05
67,3.537476963115912e-05
67,3.56210770528587e-05
67,3.5026664790248566e-05
67,3.373352068766277e-05
67,3.190485505132585e-05
67,2.9696253640496625e-05
67,2.7240415807233815e-05
67,2.464415938755778e-05
67,2.1992113155167984e-05
67,1.9351891070596248e-05
67,1.677888896117351e-05
67,1.432178949272087e-05
67,1.2029682549591007e-05
67,9.958803325931094e-06
67,8.174897329416413e-06
67,6.749347790644107e-06
67,5.752116311513381e-06
67,5.247139233922357e-06
67,5.292838133964858e-06
67,5.944370289573125e-06
67,7.250743437293308e-06
67,9.241872763503476e-06
67,1.1906497379165768e-05
67,1.5168183509846212e-05
67,1.8870439779459296e-05
67,2.2780861124820832e-05
67,2.6617378399690623e-05
67,3.0090052383141175e-05
67,3.294525935414686e-05
67,3.499953904528154e-05
67,3.615644051243361e-05
67,3.640655068505004e-05
67,3.581480793371487e-05
67,3.4499988175490826e-05
67,3.261083164534202e-05
67,3.0303030139388958e-05
67,2.772102160776169e-05
67,2.4987519958822393e-05
67,2.2201810292004243e-05
67,1.9445376645182278e-05
67,1.6790822424150046e-05
67,1.4308418167979575e-05
67,1.206584549634589e-05
67,1.0121457020847148e-05
67,8.517038961778772e-06
67,7.277999315323457e-06
67,6.424631495473149e-06
67,5.989997646157089e-06
67,6.033519649783636e-06
67,6.639101320258123e-06
67,7.893406068641262e-06
67,9.850546068146463e-06
67,1.2497764251450225e-05
67,1.57369728433122e-05
67,1.938865439400844e-05
67,2.321379937213409e-05
67,2.6944140676987046e-05
67,3.0313201270866404e-05
67,3.308570790253081e-05
67,3.508462205307406e-05
67,3.621231930474981e-05
67,3.64594921917255e-05
67,3.589677362270488e-05
67,3.4650370274498686e-05
67,3.287011008476459e-05
67,3.070122557875915e-05
67,2.8268054622369678e-05
67,2.5671055912740413e-05
67,2.299246900144847e-05
67,2.0303746970930848e-05
67,1.7669978002144218e-05
67,1.5150852732995227e-05
67,1.28010946153616e-05
67,1.0673265928450312e-05
67,8.822916359582818e-06
67,7.313188770371274e-06
67,6.215928101560887e-06
67,5.608600835886506e-06
67,5.5681541256419746e-06
67,6.1627432821594366e-06
67,7.441197921113147e-06
67,9.419995412725471e-06
67,1.2068627344000308e-05
67,1.5295919047449006e-05
67,1.894179595287951e-05
67,2.278044647751536e-05
67,2.653967106062595e-05
67,2.9935883051409742e-05
67,3.2716751289423844e-05
67,3.469876555282231e-05
67,3.5788598829168005e-05
67,3.59840125817578e-05
67,3.535777712207484e-05
67,3.403259281944739e-05
67,3.215518215821902e-05
67,2.9875083258392915e-05
67,2.7330397535173455e-05
67,2.4640346375259808e-05
67,2.190356601462353e-05
67,1.920116201325614e-05
67,1.6603265155130085e-05
67,1.4176260067112523e-05
67,1.1986313059545437e-05
67,1.009614381383381e-05
67,8.556964840964149e-06
67,7.40262212811103e-06
67,6.653090538347106e-06
67,6.328212859417198e-06
67,6.46412795202327e-06
67,7.120460090901864e-06
67,8.369399768686374e-06
67,1.0266899313895528e-05
67,1.2816419387093362e-05
67,1.594105214237909e-05
67,1.9476702255368993e-05
67,2.318900384299929e-05
67,2.6806507347488664e-05
67,3.0058760270392854e-05
67,3.271073359704549e-05
67,3.4589782126141044e-05
67,3.560343016124261e-05
67,3.574561521684762e-05
67,3.5088834626251046e-05
67,3.376249406056372e-05
67,3.1922820072074176e-05
67,2.9723503946713698e-05
67,2.729582133033407e-05
67,2.4742296857943187e-05
67,2.2141802340598413e-05
67,1.9559653613167242e-05
67,1.7055784871693325e-05
67,1.4687290533984859e-05
67,1.2506445682785845e-05
67,1.0558680782732067e-05
67,8.884730217096825e-06
67,7.527697248667209e-06
67,6.541727115079523e-06
67,5.996977013184546e-06
67,5.976432909512943e-06
67,6.563145343335267e-06
67,7.820391928147483e-06
67,9.770448794575552e-06
67,1.2378181950960355e-05
67,1.5543127084109895e-05
67,1.9100425744514892e-05
67,2.282997797113464e-05
67,2.64745081875693e-05
67,2.9767570653557717e-05
67,3.2469127344714896e-05
67,3.440078345193923e-05
67,3.546979264926119e-05
67,3.5673882238275086e-05
67,3.508656876731758e-05
67,3.383020598286424e-05
67,3.204719825888454e-05
67,2.9877717082385667e-05
67,2.7447233201137972e-05
67,2.4862510830572182e-05
67,2.2212568565652184e-05
67,1.9571745815826516e-05
67,1.7003901986888683e-05
67,1.4567656353378696e-05
67,1.2321452757603955e-05
67,1.0325761514759852e-05
67,8.64069818236651e-06
67,7.321076610719265e-06
67,6.4139882058059334e-06
67,5.962557933891179e-06
67,6.013825222616496e-06
67,6.6233485068667215e-06
67,7.848739918959543e-06
67,9.72957926686789e-06
67,1.225894589355846e-05
67,1.5357864810130123e-05
67,1.8864849568752758e-05
67,2.2547327704891458e-05
67,2.6132592168248363e-05
67,2.934835668819067e-05
67,3.196116112480892e-05
67,3.380440093051456e-05
67,3.479282417625067e-05
67,3.492370030833189e-05
67,3.4266220577762036e-05
67,3.2941645855553516e-05
67,3.1098305733944244e-05
67,2.8887078696847385e-05
67,2.6442994893961403e-05
67,2.387652543045132e-05
67,2.127472389801609e-05
67,1.8708984319995017e-05
67,1.6243995910780036e-05
67,1.3942609459884107e-05
67,1.1864311515248733e-05
67,1.0059662576561337e-05
67,8.566430477137978e-06
67,7.412530583312249e-06
67,6.626285880862587e-06
67,6.24886429801002e-06
67,6.340678114745221e-06
67,6.975142347838639e-06
67,8.219046875744562e-06
67,1.0105909419919947e-05
67,1.2612662091862393e-05
67,1.564807564533159e-05
67,1.905508921888302e-05
67,2.2623848556151838e-05
67,2.611148204664256e-05
67,2.9267049950658785e-05
67,3.186114195368495e-05
67,3.371686222225096e-05
67,3.4734729357427166e-05
67,3.4902896198952315e-05
67,3.428840666369403e-05
67,3.3012854338417965e-05
67,3.1221968478754615e-05
67,2.9059644655873087e-05
67,2.6652792953688e-05
67,2.4107247367267134e-05
67,2.151053407335981e-05
67,1.8936450795422824e-05
67,1.6448612832957814e-05
67,1.4103036139719896e-05
67,1.1951020793405119e-05
67,1.0042507869059133e-05
67,8.428557379665544e-06
67,7.161874936281695e-06
67,6.296255905915406e-06
67,5.886794376301593e-06
67,5.990833692471596e-06
67,6.666440964828504e-06
67,7.964126905538473e-06
67,9.910206668471619e-06
67,1.248496966892847e-05
67,1.5602872685775475e-05
67,1.9103391032685327e-05
67,2.275910835503662e-05
67,2.6302180348794936e-05
67,2.9463343152839056e-05
67,3.201265032242883e-05
67,3.3790853104835025e-05
67,3.47245367884841e-05
67,3.482401618809129e-05
67,3.416767558388464e-05
67,3.287867476272451e-05
67,3.110011382251584e-05
67,2.897369411359003e-05
67,2.662516623776226e-05
67,2.4157816325620456e-05
67,2.1653387902496905e-05
67,1.917838122415569e-05
67,1.679244761413948e-05
67,1.4554790569821845e-05
67,1.252519269437812e-05
67,1.0759384909573812e-05
67,9.302708169591929e-06
67,8.188155154002917e-06
67,7.4425288321934825e-06
67,7.098590080532497e-06
67,7.205538070889937e-06
67,7.828884241976784e-06
67,9.03513052453356e-06
67,1.086466855732577e-05
67,1.3303424326113933e-05
67,1.6265306397531984e-05
67,1.9592248972025923e-05
67,2.30704298220828e-05
67,2.6455981255191884e-05
67,2.950374462331295e-05
67,3.1995630711433866e-05
67,3.376655895790365e-05
67,3.4724453090482906e-05
67,3.4858986614396745e-05
67,3.423506041944709e-05
67,3.297194828382169e-05
67,3.121482439014294e-05
67,2.9108148118212343e-05
67,2.6778404950764538e-05
67,2.432849603591325e-05
67,2.1840884168812734e-05
67,1.938406105817491e-05
67,1.7017694686952707e-05
67,1.4794789884414025e-05
67,1.276218547735738e-05
67,1.0961835543414727e-05
67,9.4342180060058e-06
67,8.223200890935213e-06
67,7.380409357987296e-06
67,6.966986315896614e-06
67,7.050971577818997e-06
67,7.699078801047653e-06
67,8.962937187902267e-06
67,1.086191078188731e-05
67,1.3366301466577718e-05
67,1.6385136334142218e-05
67,1.9762250764864977e-05
67,2.328373852659767e-05
67,2.669845458662657e-05
67,2.9749927348844544e-05
67,3.22133082648038e-05
67,3.392763297097083e-05
67,3.4814374778171505e-05
67,3.487812496542804e-05
67,3.4191599814546744e-05
67,3.287178259756306e-05
67,3.105512759535946e-05
67,2.887778282512538e-05
67,2.646339426168238e-05
67,2.3918020448620123e-05
67,2.1330182668385356e-05
67,1.8774144383107114e-05
67,1.6315023981234477e-05
67,1.4014058589077852e-05
67,1.1931512180253557e-05
67,1.012519358660031e-05
67,8.64543586278136e-06
67,7.530927116708803e-06
67,6.8104281083700144e-06
67,6.5114925845156496e-06
67,6.671202259025028e-06
67,7.340281376993147e-06
67,8.57383221355664e-06
67,1.040863740982749e-05
67,1.2834738900742181e-05
67,1.5773274352277468e-05
67,1.9070606036850507e-05
67,2.2511694585096496e-05
67,2.5847965802565457e-05
67,2.883111111106532e-05
67,3.124522136102953e-05
67,3.293258390939849e-05
67,3.3810349626403346e-05
67,3.3875715706431074e-05
67,3.3198085760239645e-05
67,3.189932584302624e-05
67,3.0127051451927366e-05
67,2.802850970394339e-05
67,2.5732126363792016e-05
67,2.3340242650617596e-05
67,2.0931869457365307e-05
67,1.8570728716223682e-05
67,1.631290131551382e-05
67,1.4210265813026285e-05
67,1.2309513869304844e-05
67,1.0649809606422362e-05
67,9.263117421841193e-06
67,8.17930433584475e-06
67,7.434631977929991e-06
67,7.0792604044226526e-06
67,7.17844841404935e-06
67,7.803888967360893e-06
67,9.015663860517008e-06
67,1.0839850917933075e-05
67,1.3249144067073444e-05
67,1.6152410779505433e-05
67,1.9395369923917673e-05
67,2.277168854578727e-05
67,2.6043171499498015e-05
67,2.8967646346471905e-05
67,3.133132815359001e-05
67,3.297915069491246e-05
67,3.3834666052380284e-05
67,3.390327138999181e-05
67,3.3258393147213e-05
67,3.2016616309723694e-05
67,3.0310972762891573e-05
67,2.8270307654390115e-05
67,2.600826103186454e-05
67,2.3620770917985943e-05
67,2.1188461241335606e-05
67,1.878047599112534e-05
67,1.6458130109536115e-05
67,1.4278183756270384e-05
67,1.2295452950667826e-05
67,1.0563680247844492e-05
67,9.133988606156989e-06
67,8.052316469611633e-06
67,7.358947949948566e-06
67,7.092067341377935e-06
67,7.2932798138032384e-06
67,8.009463737428097e-06
67,9.28549463263947e-06
67,1.1146701152939614e-05
67,1.3575788760391201e-05
67,1.6493066058365e-05
67,1.9748964977291177e-05
67,2.3133797621636535e-05
67,2.640328051153778e-05
67,2.931283477403944e-05
67,3.165165459111108e-05
67,3.326915299908448e-05
67,3.408967575622236e-05
67,3.41143614226411e-05
67,3.341118061018963e-05
67,3.2095982287401514e-05
67,3.0309039585674213e-05
67,2.819252926539703e-05
67,2.5873801856596422e-05
67,2.345717728388327e-05
67,2.1024191826415457e-05
67,1.863971770855871e-05
67,1.6359834281654683e-05
67,1.4237274613291308e-05
67,1.2322129081938042e-05
67,1.0658812459635053e-05
67,9.283232340813075e-06
67,8.22441103119468e-06
67,7.511846928262616e-06
67,7.1853099387310715e-06
67,7.300454971008987e-06
67,7.923986235066384e-06
67,9.11656113022724e-06
67,1.0908095872576242e-05
67,1.327472873176973e-05
67,1.6126266666748502e-05
67,1.9307932232663253e-05
67,2.2614592934049835e-05
67,2.581314697252623e-05
67,2.8669429547828692e-05
67,3.097694657824015e-05
67,3.258372241281861e-05
67,3.34115162331801e-05
67,3.3461524539195164e-05
67,3.2804168114237666e-05
67,3.1556342081109384e-05
67,2.9854175661984195e-05
67,2.783010104524342e-05
67,2.5599698370083944e-05
67,2.3258661618311542e-05
67,2.088625123881888e-05
67,1.8550483808918933e-05
67,1.631186391106154e-05
67,1.422503093277716e-05
67,1.2339379820091499e-05
67,1.0699761259091241e-05
67,9.347583211267481e-06
67,8.322306241869478e-06
67,7.663593794634286e-06
67,7.4140927666927045e-06
67,7.621274672074228e-06
67,8.335146057329887e-06
67,9.598983466102887e-06
67,1.143311137324002e-05
67,1.3815496080110129e-05
67,1.666545178523938e-05
67,1.983702813938864e-05
67,2.312663607308656e-05
67,2.6295508756136528e-05
67,2.910270946631071e-05
67,3.134055305081186e-05
67,3.286338777113888e-05
67,3.360309090310518e-05
67,3.3569056535749704e-05
67,3.2834903762941266e-05
67,3.151709686804678e-05
67,2.975161110991981e-05
67,2.767390157136556e-05
67,2.540535676800268e-05
67,2.3047052629446684e-05
67,2.0679831752738336e-05
67,1.8368782535490357e-05
67,1.6169663777762174e-05
67,1.4134394271993677e-05
67,1.231301294866385e-05
67,1.0751442288977982e-05
67,9.487509120640258e-06
67,8.549724086897924e-06
67,7.962058296325938e-06
67,7.753515265908147e-06
67,7.966527415274876e-06
67,8.65664986119353e-06
67,9.879326529013007e-06
67,1.1666208865191144e-05
67,1.3999754452172766e-05
67,1.6796657841786253e-05
67,1.990685027889776e-05
67,2.3128063910460572e-05
67,2.62307907346693e-05
67,2.8987309013589398e-05
67,3.119999011036788e-05
67,3.2725417261311063e-05
67,3.349071994844294e-05
67,3.349832588314854e-05
67,3.281709349645687e-05
67,3.1561803588216163e-05
67,2.9867249510600553e-05
67,2.7864962862779907e-05
67,2.5668731344040357e-05
67,2.3370659862086408e-05
67,2.1045117307196477e-05
67,1.8755614253663896e-05
67,1.6560126564488183e-05
67,1.4512821014390467e-05
67,1.266294679288566e-05
67,1.105331706158772e-05
67,9.720692574374393e-06
67,8.69898087601595e-06
67,8.024425178054985e-06
67,7.740472920495352e-06
67,7.899105780950573e-06
67,8.555688746270657e-06
67,9.756440463357718e-06
67,1.1520858689997574e-05
67,1.382398356880329e-05
67,1.658379343859893e-05
67,1.9657681684442315e-05
67,2.2850206132718804e-05
67,2.5932535695373838e-05
67,2.867152365774754e-05
67,3.086300251515768e-05
67,3.2361254978514794e-05
67,3.309674109470388e-05
67,3.307770969990832e-05
67,3.237677661101377e-05
67,3.110823125629438e-05
67,2.940368452531198e-05
67,2.739236556459066e-05
67,2.518914195522719e-05
67,2.2890023857241838e-05
67,2.0572991484781733e-05
67,1.8301799735652213e-05
67,1.6131070868388887e-05
67,1.4111269141033625e-05
67,1.229187611076101e-05
67,1.0721392257046993e-05
67,9.444622051510738e-06
67,8.500097835445098e-06
67,7.92105076312998e-06
67,7.740680128223162e-06
67,7.998136044873038e-06
67,8.739040051482346e-06
67,1.0005932108887969e-05
67,1.1819188929345569e-05
67,1.4154689019696896e-05
67,1.6927402399885605e-05
67,1.998840946040054e-05
67,2.313757835645701e-05
67,2.6148361526094168e-05
67,2.8797953892198014e-05
67,3.089617250572197e-05
67,3.230828661441102e-05
67,3.296873889589962e-05
67,3.288383264820096e-05
67,3.2122902960415486e-05
67,3.079990981477177e-05
67,2.9050153181256506e-05
67,2.7008327165462524e-05
67,2.479326184978519e-05
67,2.2501772618548834e-05
67,2.0210533214886458e-05
67,1.7982352943150134e-05
67,1.587250104206105e-05
67,1.3931859220555588e-05
67,1.220616976751358e-05
67,1.073334697753525e-05
67,9.542277661205966e-06
67,8.655819840272526e-06
67,8.098074282345772e-06
67,7.90277115898145e-06
67,8.117530259089073e-06
67,8.79928000837242e-06
67,9.999610593704631e-06
67,1.1743767787042751e-05
67,1.4010413326965027e-05
67,1.671903048588563e-05
67,1.972860632632245e-05
67,2.2847730887638884e-05
67,2.5854434331966944e-05
67,2.8523330912662328e-05
67,3.065627391674992e-05
67,3.211052992187081e-05
67,3.281727058741992e-05
67,3.2784953608839256e-05
67,3.208696676889483e-05
67,3.08384548005302e-05
67,2.9170545132449947e-05
67,2.7209654313858683e-05
67,2.5065933016250683e-05
67,2.283049198678354e-05
67,2.057812515552488e-05
67,1.837180645544637e-05
67,1.6266653679100564e-05
67,1.4312723195542583e-05
67,1.2556703040313396e-05
67,1.104246709136038e-05
67,9.810621464372052e-06
67,8.898088302000652e-06
67,8.339386904810547e-06
67,8.170120538489542e-06
67,8.430428920046164e-06
67,9.16405416011147e-06
67,1.040947003039428e-05
67,1.2183290908231937e-05
67,1.4460666315206912e-05
67,1.7159976669932625e-05
67,2.01385806672453e-05
67,2.320294264072342e-05
67,2.613168661867342e-05
67,2.8706020183908126e-05
67,3.074014052311132e-05
67,3.2104954054052506e-05
67,3.274080528415536e-05
67,3.265777453840814e-05
67,3.192479181666931e-05
67,3.0651029941106054e-05
67,2.8964457639535224e-05
67,2.6992589761735902e-05
67,2.4849174138892937e-05
67,2.2628299897226607e-05
67,2.0405148137804058e-05
67,1.8241015886492707e-05
67,1.6189466104991613e-05
67,1.4300530883523711e-05
67,1.2621129709794078e-05
67,1.1192274560419067e-05
67,1.0046122567382125e-05
67,9.206674503581702e-06
67,8.695839025090863e-06
67,8.54256015780318e-06
67,8.789228044966645e-06
67,9.489208547588233e-06
67,1.0692923162015038e-05
67,1.2425823502557055e-05
67,1.4666309080656756e-05
67,1.733211502011927e-05
67,2.0279898938416133e-05
67,2.3317668660180364e-05
67,2.6226541925603374e-05
67,2.8787773971869756e-05
67,3.081123581380318e-05
67,3.216092422813306e-05
67,3.277210315866713e-05
67,3.265524513868516e-05
67,3.1885228141004864e-05
67,3.0579202876121284e-05
67,2.887051364019219e-05
67,2.6886734272252297e-05
67,2.473701034415136e-05
67,2.2509310264683836e-05
67,2.027440122939585e-05
67,1.809200590869868e-05
67,1.601566930886729e-05
67,1.409508283491968e-05
67,1.2376426811488684e-05
67,1.0901942655709558e-05
67,9.709752230305975e-06
67,8.834631601094818e-06
67,8.31013550054449e-06
67,8.17159154312922e-06
67,8.457932928038958e-06
67,9.209281920798968e-06
67,1.0458112914204015e-05
67,1.2214727350666022e-05
67,1.4450926939998361e-05
67,1.7087332364156095e-05
67,1.998928128599824e-05
67,2.2974246235369656e-05
67,2.583085098932558e-05
67,2.8346315052254402e-05
67,3.0336380146675168e-05
67,3.167062190997349e-05
67,3.2287212379555665e-05
67,3.219432679843462e-05
67,3.145925696792895e-05
67,3.018945272697354e-05
67,2.8511157975580576e-05
67,2.655079623611291e-05
67,2.4422300308613363e-05
67,2.222118500410442e-05
67,2.002433901596353e-05
67,1.7893647379694075e-05
67,1.5881284171553075e-05
67,1.4034392085534223e-05
67,1.2397163289505635e-05
67,1.1009734497485818e-05
67,9.90562157609971e-06
67,9.111065373829039e-06
67,8.648845819133451e-06
67,8.545717314386461e-06
67,8.838744977514305e-06
67,9.574413273216528e-06
67,1.0796977491854535e-05
67,1.2528036034871738e-05
67,1.4744534620107912e-05
67,1.736413756146627e-05
67,2.0244083564766548e-05
67,2.3194244640863596e-05
67,2.6000492762300234e-05
67,2.84526975655763e-05
67,3.037217476680095e-05
67,3.163433139520799e-05
67,3.2182711473638235e-05
67,3.203138010805838e-05
67,3.1254747790366036e-05
67,2.996746687920996e-05
67,2.8300317335311284e-05
67,2.6379070574624093e-05
67,2.43114364073724e-05
67,2.2183426708299646e-05
67,2.006283724523888e-05
67,1.8005662684186034e-05
67,1.6061541211424954e-05
67,1.4276148492592515e-05
67,1.269072766902723e-05
67,1.1340615995518386e-05
67,1.0255081833280093e-05
67,9.459965305219703e-06
67,8.982897324508255e-06
67,8.858845317624279e-06
67,9.132275249484426e-06
67,9.852449335757753e-06
67,1.1060868364673034e-05
67,1.2773618422978608e-05
67,1.4964132371600602e-05
67,1.755199251995693e-05
67,2.0401342807995014e-05
67,2.3330001123866962e-05
67,2.612846546118918e-05
67,2.8586286698043426e-05
67,3.052120895543543e-05
67,3.1804683377438624e-05
67,3.237731722086049e-05
67,3.225038337461915e-05
67,3.1493923375293665e-05
67,3.0216200083169993e-05
67,2.8541322677913506e-05
67,2.6591053030371872e-05
67,2.4473906224744817e-05
67,2.228137441249664e-05
67,2.0089007555884856e-05
67,1.795975858688327e-05
67,1.594779733988351e-05
67,1.4101749550172373e-05
67,1.2466530612397772e-05
67,1.1083230303498276e-05
67,9.98760112963214e-06
67,9.209165913479259e-06
67,8.773194642958337e-06
67,8.705742960451101e-06
67,9.038625052532428e-06
67,9.809252514476435e-06
67,1.1051708460979853e-05
67,1.2779798668560382e-05
67,1.496755191113808e-05
67,1.753492066732837e-05
67,2.034501574436791e-05
67,2.321501336749154e-05
67,2.593821985145311e-05
67,2.8311809099002817e-05
67,3.0164132849135008e-05
67,3.1376456081724334e-05
67,3.1895441818259e-05
67,3.173438468459154e-05
67,3.0963330556526414e-05
67,2.9690793452423348e-05
67,2.8042005791662414e-05
67,2.6139379630315107e-05
67,2.408956738418121e-05
67,2.197877163152771e-05
67,1.9875055366007974e-05
67,1.783446016590129e-05
67,1.59071978779169e-05
67,1.4141007522579323e-05
67,1.2580688284079552e-05
67,1.126517299510024e-05
67,1.022516516554525e-05
67,9.484254339622642e-06
67,9.064319320783745e-06
67,8.992871922662246e-06
67,9.307561890427221e-06
67,1.0053094769129147e-05
67,1.1268879620803097e-05
67,1.2970419835184538e-05
67,1.5130963263618017e-05
67,1.7670066812748895e-05
67,2.0452841302179543e-05
67,2.330011064757076e-05
67,2.600753416905216e-05
67,2.8370833201172727e-05
67,3.0213349705375752e-05
67,3.1410766663713375e-05
67,3.190705821465181e-05
67,3.1717164019668745e-05
67,3.0915751864164594e-05
67,2.961611683164235e-05
67,2.7946318236220863e-05
67,2.602952613036425e-05
67,2.3972581464253808e-05
67,2.1862836943675604e-05
67,1.977050996702851e-05
67,1.7753086108774005e-05
67,1.585935699878579e-05
67,1.4132177757578276e-05
67,1.260994416649493e-05
67,1.1327069993354127e-05
67,1.0314017007647047e-05
67,9.597943796095379e-06
67,9.20508206030002e-06
67,9.164639880095635e-06
67,9.511751397220793e-06
67,1.0285602193933976e-05
67,1.1520078133690657e-05
67,1.322786310717002e-05
67,1.5382698904522936e-05
67,1.7906293466037855e-05
67,2.0665352249653836e-05
67,2.3481138235828886e-05
67,2.615020815573576e-05
67,2.8471829671894154e-05
67,3.0275931129772726e-05
67,3.1445526634971995e-05
67,3.1929122009395756e-05
67,3.174112748082226e-05
67,3.095119490866808e-05
67,2.9665984074633137e-05
67,2.800842557743472e-05
67,2.609954371159818e-05
67,2.4046334200200093e-05
67,2.19367911902528e-05
67,1.98409920470779e-05
67,1.7815847333329225e-05
67,1.5910720656765445e-05
67,1.4171402125579606e-05
67,1.2640935530341101e-05
67,1.1357613949362124e-05
67,1.0352426606999108e-05
67,9.649031694772471e-06
67,9.26793790234633e-06
67,9.233403779043326e-06
67,9.578515701082271e-06
67,1.0343253022132012e-05
67,1.1563109447100457e-05
67,1.3250776383244881e-05
67,1.537754863445241e-05
67,1.7861839911247107e-05
67,2.0569227225615964e-05
67,2.3324050799297734e-05
67,2.5929494234582383e-05
67,2.819213132548163e-05
67,2.9947026367082027e-05
67,3.107931864615126e-05
67,3.153792421037614e-05
67,3.133779651344026e-05
67,3.054991767103717e-05
67,2.9282072200693627e-05
67,2.7656497126080638e-05
67,2.5790967852775804e-05
67,2.378756324883763e-05
67,2.172968196363211e-05
67,1.968482455236444e-05
67,1.7709473249370077e-05
67,1.5853101766200178e-05
67,1.4160027419814108e-05
67,1.266942193579043e-05
67,1.1414717170129218e-05
67,1.042382800882164e-05
67,9.721237401651676e-06
67,9.332050145850883e-06
67,9.286593015526422e-06
67,9.622573539791105e-06
67,1.0381471954048414e-05
67,1.1597683157477466e-05
67,1.328232871707004e-05
67,1.5406618507746336e-05
67,1.7890460901642938e-05
67,2.060061248750305e-05
67,2.336011254503483e-05
67,2.5968031593161216e-05
67,2.8226054058252754e-05
67,2.996642587463817e-05
67,3.1074965290686e-05
67,3.150379347598343e-05
67,3.127120208950387e-05
67,3.0449771597514864e-05
67,2.9147076575924896e-05
67,2.7484827808731566e-05
67,2.5581651871530308e-05
67,2.3542419362714733e-05
67,2.145433034904036e-05
67,1.938806884432689e-05
67,1.7401716330764486e-05
67,1.5545325274358166e-05
67,1.3864418040958139e-05
67,1.2401129268974398e-05
67,1.1192758063474156e-05
67,1.0269210099527402e-05
67,9.652132671211355e-06
67,9.357994226165825e-06
67,9.404589280121486e-06
67,9.817052805375843e-06
67,1.0628014204066457e-05
67,1.1868548330594877e-05
67,1.355125088133511e-05
67,1.5651326691031903e-05
67,1.80932746171718e-05
67,2.07487174952913e-05
67,2.3446672749794273e-05
67,2.599363704852715e-05
67,2.8198867276462415e-05
67,2.9899985465595923e-05
67,3.098441471523472e-05
67,3.1402642633487984e-05
67,3.117039833166732e-05
67,3.035914816700534e-05
67,2.9077558162956084e-05
67,2.7449360825100143e-05
67,2.559387107467706e-05
67,2.3613706938377062e-05
67,2.1591011177694682e-05
67,1.959031031095678e-05
67,1.766440820494159e-05
67,1.5859757726772174e-05
67,1.4219146778942242e-05
67,1.27814848029405e-05
67,1.15801690158866e-05
67,1.0642289867068215e-05
67,9.990466864753274e-06
67,9.647483046528084e-06
67,9.641685758160655e-06
67,1.000943266166505e-05
67,1.0790982575136731e-05
67,1.2018738754212217e-05
67,1.3700579852583373e-05
67,1.5803849466959848e-05
67,1.8245693176325695e-05
67,2.0893152893459413e-05
67,2.357354440497983e-05
67,2.6093509798698006e-05
67,2.826371116367838e-05
67,2.9924823920337043e-05
67,3.096941800486129e-05
67,3.135445299900762e-05
67,3.110125062270319e-05
67,3.0283541364775275e-05
67,2.9007905438073715e-05
67,2.739285585247882e-05
67,2.5552128539935754e-05
67,2.3585057613677872e-05
67,2.1573796340290065e-05
67,1.95851113396306e-05
67,1.7674111261905444e-05
67,1.5888025553230106e-05
67,1.4269012721188701e-05
67,1.2855453556186337e-05
67,1.1681627501119044e-05
67,1.0776562780152253e-05
67,1.0163828869546842e-05
67,9.86393503049338e-06
67,9.89910376197436e-06
67,1.029744033779241e-05
67,1.1092105321639464e-05
67,1.2312605980551713e-05
67,1.3969220122480847e-05
67,1.603553742388836e-05
67,1.8435822798612242e-05
67,2.1042563479183722e-05
67,2.368610197394504e-05
67,2.6174482666062453e-05
67,2.8319033471987475e-05
67,2.9960242620967236e-05
67,3.0988805396799446e-05
67,3.135782710055656e-05
67,3.108395103831792e-05
67,3.023762727708389e-05
67,2.8925438903940473e-05
67,2.726943732285677e-05
67,2.5388846871497247e-05
67,2.3388012590063964e-05
67,2.1351834364629714e-05
67,1.9347403328731246e-05
67,1.742904370638933e-05
67,1.5643664472312482e-05
67,1.4034021303139806e-05
67,1.2638934896032184e-05
67,1.1491349230078077e-05
67,1.061659067347429e-05
67,1.0033357198805641e-05
67,9.7583630624707e-06
67,9.812784292908213e-06
67,1.0226291048027969e-05
67,1.1034290247115311e-05
67,1.2266729235609677e-05
67,1.3931172027650645e-05
67,1.5996208575470284e-05
67,1.8381504599328775e-05
67,2.095810639373968e-05
67,2.355908319990814e-05
67,2.5998195422586717e-05
67,2.809329932740726e-05
67,2.9690673271050485e-05
67,3.0685782275261816e-05
67,3.1035800368089455e-05
67,3.076057452301635e-05
67,2.9931874494447642e-05
67,2.8654532323196543e-05
67,2.7045530472247915e-05
67,2.521696429979282e-05
67,2.3266293088501105e-05
67,2.1273915610011943e-05
67,1.930560129160997e-05
67,1.741660217019782e-05
67,1.565510147127152e-05
67,1.4064030942741897e-05
67,1.2681357778507747e-05
67,1.1539521785210455e-05
67,1.066506272002842e-05
67,1.0079659278352552e-05
67,9.803324091354083e-06
67,9.858952154140857e-06
67,1.027540903225764e-05
67,1.1085489879615978e-05
67,1.2316643881833693e-05
67,1.3975838518445006e-05
67,1.6033276343388497e-05
67,1.84109398890779e-05
67,2.098068233080494e-05
67,2.357372262455771e-05
67,2.6000206032432924e-05
67,2.8074867150174247e-05
67,2.964328196453399e-05
67,3.060296425279064e-05
67,3.0914734807702616e-05
67,3.0602207233702464e-05
67,2.974033616746938e-05
67,2.8436812350267566e-05
67,2.6811660402779992e-05
67,2.4980116991591017e-05
67,2.304194688414942e-05
67,2.1077777744807564e-05
67,1.9150947545358882e-05
67,1.731235634709922e-05
67,1.5605747584157218e-05
67,1.4071310213258997e-05
67,1.2746419136437444e-05
67,1.1663826592812062e-05
67,1.0849289630917005e-05
67,1.032139057749031e-05
67,1.0095193009014247e-05
67,1.0188556396167063e-05
67,1.0627059752521197e-05
67,1.144271966601041e-05
67,1.2664085104698343e-05
67,1.4299762966581315e-05
67,1.6321288146665035e-05
67,1.865212010538435e-05
67,2.116712082369571e-05
67,2.370299674612579e-05
67,2.6077148396373753e-05
67,2.81110667643175e-05
67,2.9654176954920773e-05
67,3.060393391883458e-05
67,3.0918059959576974e-05
67,3.061591619954802e-05
67,2.9768611477493165e-05
67,2.8480860076368512e-05
67,2.6870173919456136e-05
67,2.5049300366921453e-05
67,2.311573690992728e-05
67,2.1148890555062807e-05
67,1.9212697734594465e-05
67,1.7360377811200612e-05
67,1.563849103871385e-05
67,1.4088878390353983e-05
67,1.2748544385407974e-05
67,1.1648600241738443e-05
67,1.0813836299487531e-05
67,1.0264258628769482e-05
67,1.0018892794258759e-05
67,1.0100437081403692e-05
67,1.0537709460429377e-05
67,1.1362585899941731e-05
67,1.2600073577562925e-05
67,1.425353021377111e-05
67,1.6289804051374885e-05
67,1.8629610344545782e-05
67,2.1146824636562663e-05
67,2.36778249892062e-05
67,2.6039648722854656e-05
67,2.805382295997466e-05
67,2.9571243046058335e-05
67,3.0492714443766553e-05
67,3.0780363711668646e-05
67,3.0457357077570254e-05
67,2.9596690229594298e-05
67,2.83029470358558e-05
67,2.669254639491943e-05
67,2.4877498593322007e-05
67,2.295551209462773e-05
67,2.1006641452551227e-05
67,1.9094770989037286e-05
67,1.7271599220098316e-05
67,1.5581065923659386e-05
67,1.4062683989699828e-05
67,1.2752800685645464e-05
67,1.1683724007847078e-05
67,1.0881971105248076e-05
67,1.0367863265628328e-05
67,1.0158172613369775e-05
67,1.0271234679034896e-05
67,1.0731179894943142e-05
67,1.15668578261237e-05
67,1.2802906516160039e-05
67,1.4444458147359491e-05
67,1.6460753657496686e-05
67,1.8774186724920418e-05
67,2.125944741817455e-05
67,2.375382060558461e-05
67,2.6076330073022834e-05
67,2.805153579191632e-05
67,2.953331382280712e-05
67,3.0424188283670876e-05
67,3.0686449517102825e-05
67,3.0342692400091267e-05
67,2.946580144743963e-05
67,2.816130472669842e-05
67,2.6547206951204117e-05
67,2.4736739828340932e-05
67,2.2827719389219185e-05
67,2.0899318295213206e-05
67,1.901447015306932e-05
67,1.7224812466693664e-05
67,1.5575192196005753e-05
67,1.4105868840190748e-05
67,1.2852113140683713e-05
67,1.184241193126523e-05
67,1.1097409800384554e-05
67,1.0631533036259044e-05
67,1.0457756297062552e-05
67,1.05936530255323e-05
67,1.1064946504769372e-05
67,1.190273168920284e-05
67,1.3132995126794495e-05
67,1.4760922403188328e-05
67,1.6755418962419876e-05
67,1.9039525962757765e-05
67,2.149020887907263e-05
67,2.3948049126131198e-05
67,2.6235132050967697e-05
67,2.8178062047236927e-05
67,2.9631996803641702e-05
67,3.0500792813841916e-05
67,3.074851131151312e-05
67,3.0399377916315898e-05
67,2.9526603306114537e-05
67,2.823392830733729e-05
67,2.6635705853681343e-05
67,2.4840880463406928e-05
67,2.2943791437644245e-05
67,2.102172308685319e-05
67,1.9137024921468592e-05
67,1.734108954922638e-05
67,1.567813137429101e-05
67,1.418767349671745e-05
67,1.290537909662892e-05
67,1.1862466252039096e-05
67,1.108468446633899e-05
67,1.0592426645200744e-05
67,1.0403185941706605e-05
67,1.0535812868236477e-05
67,1.1013753597205702e-05
67,1.1863490825990921e-05
67,1.310601072966355e-05
67,1.4742657921000832e-05
67,1.674007281605291e-05
67,1.9020056769971737e-05
67,2.145873258410866e-05
67,2.389631691230834e-05
67,2.615571780635841e-05
67,2.8066036180102644e-05
67,2.9486120361679396e-05
67,3.0323396263783672e-05
67,3.054413185743037e-05
67,3.0173115684041818e-05
67,2.9283278233253122e-05
67,2.797841826820737e-05
67,2.6373923664543976e-05
67,2.45804062625723e-05
67,2.26934883098051e-05
67,2.0790452738812988e-05
67,1.8932271682565206e-05
67,1.7168383098651166e-05
67,1.5541518263967653e-05
67,1.409056820143874e-05
67,1.2850693507165893e-05
67,1.1851434971145198e-05
67,1.1114926373994408e-05
67,1.0656584956718564e-05
67,1.0489291178768411e-05
67,1.0629474858130601e-05
67,1.1101189103184159e-05
67,1.1933954319133822e-05
67,1.3152634472013304e-05
67,1.4761715072806784e-05
67,1.672960662259991e-05
67,1.8979019199586927e-05
67,2.1387085377304433e-05
67,2.3795561038820665e-05
67,2.6028933693056968e-05
67,2.7917066298703503e-05
67,2.931842902636291e-05
67,3.0139514521236852e-05
67,3.034611209337905e-05
67,2.996355639349138e-05
67,2.906600624202259e-05
67,2.7758211509873175e-05
67,2.6155435915274017e-05
67,2.436707757871746e-05
67,2.2487237058411926e-05
67,2.0592365612944856e-05
67,1.874375809865998e-05
67,1.699188637272075e-05
67,1.538020173281479e-05
67,1.3947244875107464e-05
67,1.2726988557217842e-05
67,1.1748097162423354e-05
67,1.103329339857259e-05
67,1.0600164109567634e-05
67,1.0464098844342435e-05
67,1.0642457112521806e-05
67,1.1157237655505035e-05
67,1.2032948554726127e-05
67,1.3288028193619138e-05
67,1.4921390307639595e-05
67,1.6898501852635776e-05
67,1.9142189758586476e-05
67,2.153195190996797e-05
67,2.3912985197209577e-05
67,2.611359774737863e-05
67,2.7967715478380665e-05
67,2.9337960671953375e-05
67,3.0134403794599625e-05
67,3.0324833402139363e-05
67,2.993437245362214e-05
67,2.9035099378486006e-05
67,2.7729063156764945e-05
67,2.6129636590870783e-05
67,2.434590262687257e-05
67,2.247293735354669e-05
67,2.0588426168997932e-05
67,1.87541401667076e-05
67,1.7019964644593768e-05
67,1.5428238119064162e-05
67,1.4016680346314e-05
67,1.2819015378168459e-05
67,1.1863617921763614e-05
67,1.1171859385617208e-05
67,1.0758444753363167e-05
67,1.0635050111950562e-05
67,1.0816096315844341e-05
67,1.1322970233519417e-05
67,1.2182393430585798e-05
67,1.3416892757054352e-05
67,1.5029419750909411e-05
67,1.6987634314491864e-05
67,1.9214106914678946e-05
67,2.1586477118837646e-05
67,2.394805351969984e-05
67,2.612641998690971e-05
67,2.7956172992670185e-05
67,2.9301538337359353e-05
67,3.0074640048147194e-05
67,3.0245633485450527e-05
67,2.984232283730817e-05
67,2.893946725448446e-05
67,2.764100418163423e-05
67,2.6060491051072093e-05
67,2.4305075963880204e-05
67,2.246625995129274e-05
67,2.0617747498856896e-05
67,1.881827126405152e-05
67,1.71163153773431e-05
67,1.5554112498862474e-05
67,1.4169520383085735e-05
67,1.2995747494197672e-05
67,1.2059998603020534e-05
67,1.138270803303659e-05
67,1.0978870654580423e-05
67,1.086186673847218e-05
67,1.1048310028515789e-05
67,1.1560764473529975e-05
67,1.2425023007592575e-05
67,1.3660699923697935e-05
67,1.526725133164361e-05
67,1.7210161693889302e-05
67,1.941238066359674e-05
67,2.175430750208986e-05
67,2.408305904381795e-05
67,2.622958519310551e-05
67,2.8030647694902687e-05
67,2.9351529717900035e-05
67,3.010470074337796e-05
67,3.026008951969419e-05
67,2.9844537907910425e-05
67,2.893105368098579e-05
67,2.7621480227728252e-05
67,2.6027824617258368e-05
67,2.4257048974711797e-05
67,2.2402016890664065e-05
67,2.0538687968747856e-05
67,1.8727795952262137e-05
67,1.701865898864289e-05
67,1.5453128423823563e-05
67,1.4068330984151656e-05
67,1.2897515770705268e-05
67,1.1969159332377473e-05
67,1.1305549782301723e-05
67,1.0922766442030464e-05
67,1.0833390915356117e-05
67,1.1051229129298288e-05
67,1.1594945840053802e-05
67,1.2486703020491177e-05
67,1.3743728621890458e-05
67,1.536440849267049e-05
67,1.7313769690260076e-05
67,1.9514153693914556e-05
67,2.1845124033204418e-05
67,2.41534687097585e-05
67,2.6271225401244964e-05
67,2.8037918122093352e-05
67,2.932259638705258e-05
67,3.0041381154941027e-05
67,3.016693475093594e-05
67,2.9727824711056013e-05
67,2.8798174844704884e-05
67,2.7480670208314886e-05
67,2.58877940778596e-05
67,2.412620623873527e-05
67,2.2287398531077868e-05
67,2.0445125084987983e-05
67,1.8657861804363662e-05
67,1.697349512640029e-05
67,1.5433597538264568e-05
67,1.4075594924841854e-05
67,1.2932455539943375e-05
67,1.203089665693936e-05
67,1.139006363241946e-05
67,1.1022622632615517e-05
67,1.0938893286610583e-05
67,1.115240928327872e-05
67,1.168335958971943e-05
67,1.2556232358067533e-05
67,1.3790286528778899e-05
67,1.5385145901196502e-05
67,1.7306620709630667e-05
67,1.947813816268004e-05
67,2.1781066679378213e-05
67,2.40643457159869e-05
67,2.6161630550038485e-05
67,2.791289258747995e-05
67,2.9186592586906372e-05
67,2.9897978870909905e-05
67,3.0019284327180274e-05
67,2.9579250697571104e-05
67,2.8652369309771152e-05
67,2.734136888523909e-05
67,2.5758315543445583e-05
67,2.400934117524217e-05
67,2.218580730179861e-05
67,2.03619159090752e-05
67,1.8596760700804295e-05
67,1.6938217357968534e-05
67,1.5426611188086996e-05
67,1.4097033407672237e-05
67,1.2980008172767311e-05
67,1.21009302702272e-05
67,1.1479385160949178e-05
67,1.1129823403533351e-05
67,1.1064469325153264e-05
67,1.1297610974825263e-05
67,1.1848446858439634e-05
67,1.2739069154574356e-05
67,1.3985908771406538e-05
67,1.5586304244081357e-05
67,1.7504756080251796e-05
67,1.9664186906719567e-05
67,2.194594739686165e-05
67,2.419950507882488e-05
67,2.626007030079165e-05
67,2.7970582482198178e-05
67,2.9203591394845023e-05
67,2.9878516246363974e-05
67,2.9970601940455826e-05
67,2.9509722908811936e-05
67,2.856976613679509e-05
67,2.725187958494391e-05
67,2.566637944580637e-05
67,2.3917886809517772e-05
67,2.2096458892724265e-05
67,2.027503871366628e-05
67,1.8511594852142004e-05
67,1.685346597498363e-05
67,1.5341554950144114e-05
67,1.4012717363772011e-05
67,1.289972857999392e-05
67,1.2029503250050967e-05
67,1.1421409697003363e-05
67,1.1087823300023776e-05
67,1.103789192476215e-05
67,1.1283116781584117e-05
67,1.184115632926724e-05
67,1.2733951454001895e-05
67,1.3978567339872448e-05
67,1.557295087490481e-05
67,1.7481796491945746e-05
67,1.9628097656456268e-05
67,2.1893784766600372e-05
67,2.412973732408292e-05
67,2.6173061143696417e-05
67,2.7868313706864493e-05
67,2.9088839156490725e-05
67,2.9754107168442943e-05
67,2.9839230792751518e-05
67,2.9374291120819556e-05
67,2.8433773095981066e-05
67,2.711940408074062e-05
67,2.5541570315384377e-05
67,2.3804294660741097e-05
67,2.1996666048301216e-05
67,2.019080486504817e-05
67,1.8444312980039622e-05
67,1.6804434659570378e-05
67,1.5311675687999333e-05
67,1.4001711965286047e-05
67,1.2905490866527022e-05
67,1.2048279369336926e-05
67,1.1448982797399016e-05
67,1.1121119540339818e-05
67,1.1076023775000356e-05
67,1.1327159776493485e-05
67,1.1892716822132289e-05
67,1.279331078561417e-05
67,1.4043431406445199e-05
67,1.5638451667411302e-05
67,1.7541623716824947e-05
67,1.9675999326299446e-05
67,2.1924623389431122e-05
67,2.4139822376679698e-05
67,2.616009419365507e-05
67,2.7831438854163223e-05
67,2.902892700770536e-05
67,2.967394830419275e-05
67,2.974323751511223e-05
67,2.926766618822566e-05
67,2.83215556577318e-05
67,2.70059376503539e-05
67,2.5430642838583165e-05
67,2.369972212251988e-05
67,2.1902792883628245e-05
67,2.0112487884901136e-05
67,1.8386372826707755e-05
67,1.677100109939066e-05
67,1.5305975000653398e-05
67,1.4026497912425775e-05
67,1.2963730947170707e-05
67,1.2143367782383003e-05
67,1.1584003645423935e-05
67,1.1297376573346579e-05
67,1.1291645668908758e-05
67,1.1576627259139712e-05
67,1.2167633945537589e-05
67,1.3084035209407701e-05
67,1.4340730108577747e-05
67,1.593441460723571e-05
67,1.782960676012577e-05
67,1.9950028977788766e-05
67,2.217899725241026e-05
67,2.436934802966509e-05
67,2.6360798217200984e-05
67,2.8001195329019362e-05
67,2.916759864629227e-05
67,2.9783094433672683e-05
67,2.9825759870084203e-05
67,2.932767316587715e-05
67,2.8364370003623238e-05
67,2.7037918592011435e-05
67,2.5458577841847257e-05
67,2.372988501326667e-05
67,2.1940076851757315e-05
67,2.0160048453375735e-05
67,1.844591083878139e-05
67,1.6843372091290005e-05
67,1.5391553102090443e-05
67,1.4124898991518598e-05
67,1.3073050330852364e-05
67,1.2259603705672281e-05
67,1.1701366381590358e-05
67,1.140963752898925e-05
67,1.1366400044785556e-05
