67,0.0
67,4.792956870974411e-05
67,4.792956870974411e-05
67,4.791341189601171e-05
67,4.778357382540491e-05
67,4.7749808905732835e-05
67,4.858847936286038e-05
67,5.074973866222392e-05
67,5.457550755545148e-05
67,6.006574157208408e-05
67,6.680984800953056e-05
67,7.438162893176648e-05
67,8.256026143513258e-05
67,9.115586109732035e-05
67,9.977622902847434e-05
67,0.00010794158663647768
67,0.00011546447163371843
67,0.00012231236889816407
67,0.00012802087512972613
67,0.00013182896741726922
67,0.0001333550290420005
67,0.00013254643436142794
67,0.00012919877480885544
67,0.00012320999874340722
67,0.00011514399553287882
67,0.0001058709750981426
67,9.571972799772566e-05
67,8.453354261903964e-05
67,7.254689293926182e-05
67,6.075340985107822e-05
67,5.018075176106769e-05
67,4.106762640530336e-05
67,3.308616322039832e-05
67,2.612384748399972e-05
67,2.03927383227917e-05
67,1.5870399857317903e-05
67,1.2102031550888594e-05
67,8.808827737234197e-06
67,6.59658988705787e-06
67,6.787486793843025e-06
67,1.0276949573990695e-05
67,1.6724246567392932e-05
67,2.5333081904350025e-05
67,3.5798057754123104e-05
67,4.7547242719291345e-05
67,5.913521650440983e-05
67,6.949818560947204e-05
67,7.860703042656365e-05
67,8.62541215125625e-05
67,9.145345488120445e-05
67,9.328135897318183e-05
67,9.140735633393895e-05
67,8.584462252690562e-05
67,7.689449267368107e-05
67,6.550165756856147e-05
67,5.313512657367332e-05
67,4.090631916040038e-05
67,2.917609957151931e-05
67,1.8129413841290266e-05
67,8.047853516008688e-06
67,-9.144436660858119e-07
67,-8.604987532646961e-06
67,-1.472051271503528e-05
67,-1.9204111145365258e-05
67,-2.2624168568311388e-05
67,-2.572012352497141e-05
67,-2.8529727678732498e-05
67,-3.0180213524390723e-05
67,-2.946706783858938e-05
67,-2.54618174868896e-05
67,-1.7553110124472915e-05
67,-5.1970059667888e-06
67,1.1697095684990613e-05
67,3.185395556027451e-05
67,5.279855243021758e-05
67,7.242208177857445e-05
67,9.000709833209859e-05
67,0.0001057292119089422
67,0.0001196921076603914
67,0.00013138526277766815
67,0.00013968584342990867
67,0.0001433626396662145
67,0.00014182310613165502
67,0.00013565119488773383
67,0.00012645997094057793
67,0.0001160709707283006
67,0.00010570792044098367
67,9.568600052487889e-05
67,8.566466038817178e-05
67,7.52901792761641e-05
67,6.457396547544535e-05
67,5.36352631263518e-05
67,4.230330710136382e-05
67,3.0162664446021607e-05
67,1.7073320286863733e-05
67,3.604928507304871e-06
67,-9.255967367147058e-06
67,-2.076596255628748e-05
67,-3.0318095267698146e-05
67,-3.6656138881570126e-05
67,-3.797937094346529e-05
67,-3.3301668652034734e-05
67,-2.3272785065898073e-05
67,-9.571248495321104e-06
67,5.860187891410821e-06
67,2.1170590479752756e-05
67,3.515667378788562e-05
67,4.761974254894885e-05
67,5.8887913404011986e-05
67,6.897449911247923e-05
67,7.704811606235344e-05
67,8.168824952498154e-05
67,8.197984357649346e-05
67,7.849598050429783e-05
67,7.315005022901764e-05
67,6.801445249418656e-05
67,6.41387066891447e-05
67,6.133975537619405e-05
67,5.87839322923498e-05
67,5.5469879691338484e-05
67,5.0516047892870275e-05
67,4.353442711571501e-05
67,3.4717092832882427e-05
67,2.445234628767973e-05
67,1.3022534122013081e-05
67,7.758239595951538e-07
67,-1.148825985120977e-05
67,-2.244385148243203e-05
67,-3.0645018157802724e-05
67,-3.5008703477432185e-05
67,-3.489876015621615e-05
67,-2.9940145293476362e-05
67,-2.018492144181471e-05
67,-6.6210771231407745e-06
67,8.894576241726917e-06
67,2.452890788687536e-05
67,3.9258932224008155e-05
67,5.292221532107283e-05
67,6.572208628387878e-05
67,7.760155803621263e-05
67,8.79102043254775e-05
67,9.564603130610034e-05
67,0.0001001777406380836
67,0.00010192288632822954
67,0.00010234315386615957
67,0.00010314191190380611
67,0.00010523776903500081
67,0.00010822188303814619
67,0.00011063864059118405
67,0.00011088054563787091
67,0.0001080107103056759
67,0.0001019518318087326
67,9.313734818507035e-05
67,8.20970363507858e-05
67,6.933036354882425e-05
67,5.546125272681325e-05
67,4.135623083375524e-05
67,2.804627022202293e-05
67,1.6639583225754734e-05
67,8.274374733045227e-06
67,3.871125007996863e-06
67,3.7136277833103457e-06
67,7.315122782080312e-06
67,1.3715790767643166e-05
67,2.1801701727038554e-05
67,3.0476496752752354e-05
67,3.8863711014009256e-05
67,4.643288998710799e-05
67,5.288237477380308e-05
67,5.7935780846550105e-05
67,6.126713598628534e-05
67,6.263557887979502e-05
67,6.215740256044824e-05
67,6.051277078153176e-05
67,5.886435802925639e-05
67,5.838246054393995e-05
67,5.959386501998239e-05
67,6.20277959144511e-05
67,6.443051107301387e-05
67,6.537325526648049e-05
67,6.38699914621093e-05
67,5.970337076405696e-05
67,5.334591390274359e-05
67,4.559611887195746e-05
67,3.718513615093672e-05
67,2.8583792866859526e-05
67,2.013974479227954e-05
67,1.2431175766792019e-05
67,6.4509820137510874e-06
67,3.34357890707361e-06
67,3.885275734033948e-06
67,8.153877037129957e-06
67,1.5574920090301797e-05
67,2.5195039263379147e-05
67,3.599740318473491e-05
67,4.711368451216801e-05
67,5.783638577443553e-05
67,6.752769721982242e-05
67,7.559859520960336e-05
67,8.159615090073022e-05
67,8.533502653294021e-05
67,8.700142133640458e-05
67,8.71655102651235e-05
67,8.664936751010415e-05
67,8.626993259627796e-05
67,8.656831636461094e-05
67,8.762519223035766e-05
67,8.900710701391349e-05
67,8.988185245840664e-05
67,8.931359896018695e-05
67,8.664150500053337e-05
67,8.174666422149675e-05
67,7.505138193583624e-05
67,6.726844059202634e-05
67,5.9084603097196456e-05
67,5.098558460325e-05
67,4.3309668972935114e-05
67,3.646941303834007e-05
67,3.116304044681047e-05
67,2.8338727127083678e-05
67,2.8816888656900562e-05
67,3.282384788780979e-05
67,3.98503085344602e-05
67,4.8908013835279934e-05
67,5.8857826036275584e-05
67,6.858922890253137e-05
67,7.712370950384915e-05
67,8.36990698408998e-05
67,8.780107631468898e-05
67,8.917899281910855e-05
67,8.790398032990737e-05
67,8.441898319834883e-05
67,7.946800008939601e-05
67,7.388415534708116e-05
67,6.834593338127449e-05
67,6.322517073296408e-05
67,5.8557609677729636e-05
67,5.4099715024803335e-05
67,4.944476160198367e-05
67,4.4182241545434456e-05
67,3.805734840986984e-05
67,3.106238873021643e-05
67,2.341595648314392e-05
67,1.5458275159620478e-05
67,7.548200152163181e-06
67,4.343785684138279e-08
67,-6.6120987042460175e-06
67,-1.177001253286138e-05
67,-1.4576260532768552e-05
67,-1.4162954487282617e-05
67,-9.937205516713605e-06
67,-1.8090814530584712e-06
67,9.711593962263297e-06
67,2.3570367970805623e-05
67,3.840276011637279e-05
67,5.288109245022436e-05
67,6.599003386978555e-05
67,7.710817201209742e-05
67,8.593682177805636e-05
67,9.239045904030874e-05
67,9.652738585591126e-05
67,9.853562295663859e-05
67,9.873943909272158e-05
67,9.757600935177009e-05
67,9.551053670614926e-05
67,9.289865633453508e-05
67,8.986131944960788e-05
67,8.626167248221368e-05
67,8.181635233057439e-05
67,7.627414554306668e-05
67,6.954094833202409e-05
67,6.168314351585523e-05
67,5.285856777310909e-05
67,4.328057998297107e-05
67,3.32696061082528e-05
67,2.334801617403538e-05
67,1.427444814623485e-05
67,6.957975185937494e-06
67,2.300965642373685e-06
67,1.0503499204718907e-06
67,3.6610125383695233e-06
67,1.0147809890337553e-05
67,1.998424481521797e-05
67,3.214027879604545e-05
67,4.527444213020711e-05
67,5.8027969213481985e-05
67,6.933425583421037e-05
67,7.860617837958568e-05
67,8.569130067828379e-05
67,9.064304845521642e-05
67,9.349326035896867e-05
67,9.419726166330214e-05
67,9.277432407128355e-05
67,8.94897352498614e-05
67,8.487565741224993e-05
67,7.953092789197198e-05
67,7.384128817108666e-05
67,6.783409495590394e-05
67,6.126309646796137e-05
67,5.382812379389685e-05
67,4.535826381144734e-05
67,3.586340419991604e-05
67,2.548055200490661e-05
67,1.4417740140667524e-05
67,2.983709151599981e-06
67,-8.310315001427806e-06
67,-1.8686006449748176e-05
67,-2.716833292934066e-05
67,-3.277962413688063e-05
67,-3.4749246435200956e-05
67,-3.264608445328531e-05
67,-2.6443725844116637e-05
67,-1.657514356219666e-05
67,-3.945497912728721e-06
67,1.021266330440574e-05
67,2.4661200443733212e-05
67,3.848669430912655e-05
67,5.123104218791944e-05
67,6.276052750664466e-05
67,7.299192332670424e-05
67,8.168548009962697e-05
67,8.846494736098531e-05
67,9.305269247588978e-05
67,9.552738545068478e-05
67,9.636859320098362e-05
67,9.621102039901524e-05
67,9.547582362847357e-05
67,9.414882772168127e-05
67,9.184498661291663e-05
67,8.807604939228012e-05
67,8.251683009156697e-05
67,7.511865564922858e-05
67,6.607216158720041e-05
67,5.573163157367418e-05
67,4.459562941863106e-05
67,3.3331624901661324e-05
67,2.275649722255636e-05
67,1.3732170973864144e-05
67,7.043802992029648e-06
67,3.3369490746194696e-06
67,3.080461835425762e-06
67,6.46522654673304e-06
67,1.32493281374319e-05
67,2.268724948670794e-05
67,3.3660010329404087e-05
67,4.497482675035368e-05
67,5.56776511035283e-05
67,6.521008669117424e-05
67,7.333833538368994e-05
67,7.992990933317465e-05
67,8.476305114914219e-05
67,8.753691525532651e-05
67,8.80908137332919e-05
67,8.664453204696469e-05
67,8.382064570550135e-05
67,8.037969110212393e-05
67,7.684378878471434e-05
67,7.327323063811993e-05
67,6.932342034292663e-05
67,6.449661993124195e-05
67,5.840270934408418e-05
67,5.089607641819739e-05
67,4.207334605295329e-05
67,3.220531871016577e-05
67,2.1687496741855336e-05
67,1.103482669920873e-05
67,8.876374191465283e-07
67,-8.005577963205666e-06
67,-1.4835883437930808e-05
67,-1.8818090656677666e-05
67,-1.9326980502673168e-05
67,-1.607260851398791e-05
67,-9.242792389591876e-06
67,4.847659565803317e-07
67,1.2103025763958806e-05
67,2.454144285869522e-05
67,3.690077763285802e-05
67,4.855332591197794e-05
67,5.9094129554799045e-05
67,6.821081221423359e-05
67,7.559145929146371e-05
67,8.096934528222777e-05
67,8.42869719805294e-05
67,8.583445809266053e-05
67,8.620794115789052e-05
67,8.606926288954397e-05
67,8.584772579565832e-05
67,8.556333902765876e-05
67,8.485696488568139e-05
67,8.318770358956817e-05
67,8.008272546916572e-05
67,7.531913907482283e-05
67,6.897403239867151e-05
67,6.136336577243814e-05
67,5.2944680370340084e-05
67,4.4250769868588684e-05
67,3.587664948720021e-05
67,2.850086905765303e-05
67,2.2893192484194778e-05
67,1.9846915305660298e-05
67,2.0006187622485353e-05
67,2.3642783631200472e-05
67,3.050469097831741e-05
67,3.983424238466575e-05
67,5.055078057640474e-05
67,6.15045152210011e-05
67,7.169452306292045e-05
67,8.038238833141797e-05
67,8.708758881671463e-05
67,9.151384819470608e-05
67,9.349767330158823e-05
67,9.303994380420314e-05
67,9.039016340060076e-05
67,8.608539124897079e-05
67,8.086489584135083e-05
67,7.546666213489278e-05
67,7.039370638496299e-05
67,6.576467515910509e-05
67,6.132489716136359e-05
67,5.661078705307561e-05
67,5.117588355574714e-05
67,4.475911679938017e-05
67,3.733072128382825e-05
67,2.9043325875562455e-05
67,2.0168176883291265e-05
67,1.1079967087935302e-05
67,2.3011068593608228e-06
67,-5.43722792342571e-06
67,-1.1199085484667572e-05
67,-1.398857190588115e-05
67,-1.3029625611742471e-05
67,-8.059306922723478e-06
67,5.317658614206538e-07
67,1.1799806938537186e-05
67,2.4534858069258597e-05
67,3.757949848127164e-05
67,5.002774780628398e-05
67,6.124739873840105e-05
67,7.078452988411867e-05
67,7.827037433718216e-05
67,8.342557602202177e-05
67,8.61654033736239e-05
67,8.671712933927086e-05
67,8.563695295469456e-05
67,8.367310038833887e-05
67,8.151900592135335e-05
67,7.957296386044002e-05
67,7.782405823662718e-05
67,7.591536863581207e-05
67,7.333728753750102e-05
67,6.964109948851471e-05
67,6.45776001247952e-05
67,5.813759402697607e-05
67,5.053289032042826e-05
67,4.216315127866291e-05
67,3.3587208982468966e-05
67,2.550136561240174e-05
67,1.8723219280770218e-05
67,1.4157168615634012e-05
67,1.2686077661870992e-05
67,1.495477385023355e-05
67,2.110801864148781e-05
67,3.0634915660952434e-05
67,4.244581360649304e-05
67,5.5169183942330416e-05
67,6.751888078434539e-05
67,7.854901135422618e-05
67,8.769476182991914e-05
67,9.463478908331144e-05
67,9.912177047819766e-05
67,0.00010093723353700691
67,0.00010001661977319094
67,9.663546004240405e-05
67,9.147318388707237e-05
67,8.544813168048722e-05
67,7.938959331666053e-05
67,7.373913658242055e-05
67,6.845309253525507e-05
67,6.313637154842926e-05
67,5.729368261660695e-05
67,5.054100940201879e-05
67,4.2689695300933085e-05
67,3.372806447781645e-05
67,2.3790831806937952e-05
67,1.3178581864812758e-05
67,2.407661433786754e-06
67,-7.773249373806805e-06
67,-1.64324410362168e-05
67,-2.2559555457673762e-05
67,-2.5219931813681666e-05
67,-2.3767399727963835e-05
67,-1.8074371940327316e-05
67,-8.658515370250867e-06
67,3.4117424223450014e-06
67,1.6826388479495495e-05
67,3.040269296963622e-05
67,4.33163104345366e-05
67,5.509458042766285e-05
67,6.543115034103275e-05
67,7.399425928076756e-05
67,8.039856425856825e-05
67,8.438370937443468e-05
67,8.606484223896995e-05
67,8.602819622927551e-05
67,8.513710240886497e-05
67,8.413656119511846e-05
67,8.330994753592625e-05
67,8.240200508022124e-05
67,8.08222300043185e-05
67,7.796310114294112e-05
67,7.343900928304505e-05
67,6.715779765314215e-05
67,5.927054228959796e-05
67,5.010683576921118e-05
67,4.01610590479725e-05
67,3.0106071273845603e-05
67,2.077163327153267e-05
67,1.3067641960034287e-05
67,7.882489361063485e-06
67,5.9730962532453e-06
67,7.825829562361418e-06
67,1.3491676306564196e-05
67,2.2475189450139954e-05
67,3.378363050833029e-05
67,4.616154898337232e-05
67,5.840944991589744e-05
67,6.96260104498604e-05
67,7.926473412438822e-05
67,8.701422552953033e-05
67,9.26257633674224e-05
67,9.585057645800522e-05
67,9.656219524782456e-05
67,9.496745608317389e-05
67,9.169543626508666e-05
67,8.762081957549677e-05
67,8.349157479681411e-05
67,7.960170251819016e-05
67,7.572050371556064e-05
67,7.12972938539232e-05
67,6.578067764319984e-05
67,5.885440499556823e-05
67,5.049092132746754e-05
67,4.086467951791463e-05
67,3.0249444265183216e-05
67,1.89970244951537e-05
67,7.5951253807216395e-06
67,-3.2729603833998442e-06
67,-1.27359901685044e-05
67,-1.9827782612981702e-05
67,-2.365226747947105e-05
67,-2.3592209162352667e-05
67,-1.950177992595377e-05
67,-1.1792581259243181e-05
67,-1.3458486260766318e-06
67,1.072796223286784e-05
67,2.33681087001371e-05
67,3.574831610692454e-05
67,4.730311064580125e-05
67,5.763037145485744e-05
67,6.637648213695562e-05
67,7.321852352566701e-05
67,7.798114733330357e-05
67,8.079980963375018e-05
67,8.216885375382109e-05
67,8.277485157378453e-05
67,8.318060046937562e-05
67,8.355369391161216e-05
67,8.360900772965096e-05
67,8.278391163553831e-05
67,8.052054174861715e-05
67,7.649183891489717e-05
67,7.067859501117765e-05
67,6.331487465732829e-05
67,5.478951682014126e-05
67,4.558331697906662e-05
67,3.6262103543379416e-05
67,2.7496402621901804e-05
67,2.0066369173062868e-05
67,1.4815947539908487e-05
67,1.2531379586124156e-05
67,1.3754672712306223e-05
67,1.8597516883018647e-05
67,2.6647991676501554e-05
67,3.702940762724759e-05
67,4.8598218397970306e-05
67,6.020198431066301e-05
67,7.089410293297611e-05
67,8.002816082376416e-05
67,8.721981741823711e-05
67,9.224331252202995e-05
67,9.497129508483436e-05
67,9.54191428342539e-05
67,9.384393745821806e-05
67,9.077529112908031e-05
67,8.689344683893792e-05
67,8.279005610811534e-05
67,7.874608645392881e-05
67,7.465857121740895e-05
67,7.015242148387066e-05
67,6.480083728873845e-05
67,5.8322584196710946e-05
67,5.0658279575864814e-05
67,4.1924340358504544e-05
67,3.232846295933659e-05
67,2.213859340913315e-05
67,1.1731931964227062e-05
67,1.6765306947853161e-06
67,-7.230705003243506e-06
67,-1.4027693997664749e-05
67,-1.7765818691028677e-05
67,-1.7758166159181383e-05
67,-1.380130690309261e-05
67,-6.26773877401655e-06
67,3.981562931530087e-06
67,1.583012895503916e-05
67,2.8181023089353007e-05
67,4.0156559826340246e-05
67,5.115473339905284e-05
67,6.077924241545711e-05
67,6.873297212974728e-05
67,7.477830266669892e-05
67,7.880356179158212e-05
67,8.093574544300421e-05
67,8.158430615807941e-05
67,8.13368313379673e-05
67,8.073221237290598e-05
67,8.003328091286469e-05
67,7.913317103833785e-05
67,7.764607497115008e-05
67,7.511703655228701e-05
67,7.122304927584644e-05
67,6.586948877264587e-05
67,5.917662105591384e-05
67,5.142221567094823e-05
67,4.300716504702573e-05
67,3.445989750003189e-05
67,2.645025230012434e-05
67,1.9775963870133047e-05
67,1.529815105867165e-05
67,1.3814091166781808e-05
67,1.5874704455110406e-05
67,2.1593556970731344e-05
67,3.0532201023027494e-05
67,4.1741595207917816e-05
67,5.3974847967927844e-05
67,6.599350459917866e-05
67,7.68296682796416e-05
67,8.588785417305785e-05
67,9.286847924395422e-05
67,9.760827250801086e-05
67,9.99809517279128e-05
67,9.994093322575153e-05
67,9.766292291968237e-05
67,9.363360367517422e-05
67,8.857211268436177e-05
67,8.318531563494849e-05
67,7.789932863763579e-05
67,7.273560363348845e-05
67,6.739647314772115e-05
67,6.148149358068068e-05
67,5.468661878976541e-05
67,4.688485402565744e-05
67,3.809755419137532e-05
67,2.844592033655637e-05
67,1.8161517257410923e-05
67,7.654102767730383e-06
67,-2.4314132666204057e-06
67,-1.1230877438141217e-05
67,-1.776174551284179e-05
67,-2.1091525209956243e-05
67,-2.0552229231722545e-05
67,-1.5954525433214628e-05
67,-7.708649598987504e-06
67,3.242748145633822e-06
67,1.5686397894299667e-05
67,2.847540944621439e-05
67,4.076704413979882e-05
67,5.205474014299706e-05
67,6.202520449133321e-05
67,7.038039158141832e-05
67,7.677784782463897e-05
67,8.095009271645392e-05
67,8.291648401028842e-05
67,8.310368867246861e-05
67,8.22343751887491e-05
67,8.10147289295729e-05
67,7.981381556862564e-05
67,7.853747043772444e-05
67,7.675158112647422e-05
67,7.394151669728027e-05
67,6.97390606464542e-05
67,6.401964027443736e-05
67,5.688689562362053e-05
67,4.862575194183432e-05
67,3.968339832629596e-05
67,3.067026593976629e-05
67,2.2338530046859697e-05
67,1.552351886492739e-05
67,1.1066712755917967e-05
67,9.721163154005155e-06
67,1.2009540874627485e-05
67,1.8038226175131777e-05
67,2.7355349635341565e-05
67,3.897505298714014e-05
67,5.1610076325278036e-05
67,6.401485342863451e-05
67,7.526111043103169e-05
67,8.481228788053723e-05
67,9.239508725758377e-05
67,9.779877876053329e-05
67,0.00010078074142071369
67,0.00010117155134700535
67,9.909737038478825e-05
67,9.511074495344292e-05
67,9.00682895189856e-05
67,8.479242862865396e-05
67,7.973256748725569e-05
67,7.484025028389065e-05
67,6.970732134030692e-05
67,6.384105327401183e-05
67,5.68955895899244e-05
67,4.875426973247251e-05
67,3.948429993542508e-05
67,2.9267941655730004e-05
67,1.839657323795207e-05
67,7.324233172232022e-06
67,-3.2881944347068787e-06
67,-1.2590638478756564e-05
67,-1.9627119403685e-05
67,-2.3477866440655617e-05
67,-2.3460827545052774e-05
67,-1.9354047481505257e-05
67,-1.1531691006055613e-05
67,-9.028931391972834e-07
67,1.1351414033867916e-05
67,2.4111581294873442e-05
67,3.654476996548657e-05
67,4.812655240586964e-05
67,5.849797829515676e-05
67,6.729904584278177e-05
67,7.413141280357367e-05
67,7.870544437642708e-05
67,8.106771333801983e-05
67,8.170708748763554e-05
67,8.140236616530916e-05
67,8.086958474253747e-05
67,8.042891555584638e-05
67,7.98968815346248e-05
67,7.87428936876221e-05
67,7.638127221322058e-05
67,7.242090690739729e-05
67,6.676774971840466e-05
67,5.959264490178908e-05
67,5.125104517762001e-05
67,4.222978697022709e-05
67,3.3131843861181404e-05
67,2.466781957799744e-05
67,1.7632089177047074e-05
67,1.2855781974059764e-05
67,1.1113939691730477e-05
67,1.2962414046987506e-05
67,1.8536161140717645e-05
67,2.7412721330948932e-05
67,3.864749042910609e-05
67,5.099768474173761e-05
67,6.323648583367256e-05
67,7.440669523586904e-05
67,8.390562945964449e-05
67,9.139656014569238e-05
67,9.66505655124654e-05
67,9.946927173327818e-05
67,9.976931349228037e-05
67,9.775675260421314e-05
67,9.401330343216714e-05
67,8.93634994884317e-05
67,8.456360868273105e-05
67,8.000034718844141e-05
67,7.558400049058502e-05
67,7.088179468602554e-05
67,6.538511516805922e-05
67,5.8743954612730874e-05
67,5.0856325819638775e-05
67,4.1818146518927645e-05
67,3.1832378634649055e-05
67,2.1177443161210447e-05
67,1.0256178247443591e-05
67,-3.3057686374574844e-07
67,-9.757576416984163e-06
67,-1.704011367695734e-05
67,-2.1202353919266098e-05
67,-2.152173721937419e-05
67,-1.776646224829978e-05
67,-1.0309349619321841e-05
67,-4.109073209100963e-08
67,1.1888170221892873e-05
67,2.4371701604631056e-05
67,3.6550070909824366e-05
67,4.7844878833642556e-05
67,5.7856585700704404e-05
67,6.623896028565644e-05
67,7.267084591633307e-05
67,7.696618868345267e-05
67,7.923882810917627e-05
67,7.996706728341165e-05
67,7.985534943017815e-05
67,7.953782092107977e-05
67,7.92944762925675e-05
67,7.894992432860453e-05
67,7.800211094992603e-05
67,7.588555820809517e-05
67,7.221251520832634e-05
67,6.688321490835286e-05
67,6.0061976415241093e-05
67,5.209544503215068e-05
67,4.3451727285540265e-05
67,3.470525070656315e-05
67,2.6544097485583688e-05
67,1.9765151924923e-05
67,1.5226377618659377e-05
67,1.3729214131769059e-05
67,1.5830066535732428e-05
67,2.163732598685714e-05
67,3.069509940680141e-05
67,4.203599865689128e-05
67,5.440465331832687e-05
67,6.656196895964395e-05
67,7.75358080901687e-05
67,8.671489773802484e-05
67,9.377497126452515e-05
67,9.853038682687374e-05
67,0.00010085007266804797
67,0.00010071439041119252
67,9.835562655902126e-05
67,9.433127883534048e-05
67,8.941334703146984e-05
67,8.431760890400849e-05
67,7.94288080250215e-05
67,7.469064264062128e-05
67,6.971680945831241e-05
67,6.403543563107957e-05
67,5.7310283927302024e-05
67,4.942772053890148e-05
67,4.045362386682247e-05
67,3.055623736354006e-05
67,1.998984806424442e-05
67,9.154177410095665e-06
67,-1.3322306731408975e-06
67,-1.0618210453299208e-05
67,-1.7703042683010795e-05
67,-2.1615531001063543e-05
67,-2.1655185597505577e-05
67,-1.7619263308347404e-05
67,-9.909851317833092e-06
67,5.543255660238996e-07
67,1.25999162213669e-05
67,2.5111514833901365e-05
67,3.72439029880902e-05
67,4.845248874058544e-05
67,5.83762965099828e-05
67,6.669563758109934e-05
67,7.309372495078128e-05
67,7.736680227882275e-05
67,7.959930279853991e-05
67,8.024395760896571e-05
67,7.999441984601544e-05
67,7.948882676001338e-05
67,7.901931510088855e-05
67,7.842701936302498e-05
67,7.723156323141518e-05
67,7.48918315695993e-05
67,7.10371211478095e-05
67,6.556752129540416e-05
67,5.863205717488043e-05
67,5.05634265271695e-05
67,4.1836991669540346e-05
67,3.3061414256445215e-05
67,2.496824733047431e-05
67,1.8376473387042407e-05
67,1.4127024855978738e-05
67,1.2976482988133718e-05
67,1.5436767288914814e-05
67,2.158952943041723e-05
67,3.096440401260464e-05
67,4.2578276129793216e-05
67,5.5157935841328504e-05
67,6.745815252103744e-05
67,7.85244197277646e-05
67,8.778210346523395e-05
67,9.49414320309975e-05
67,9.98251956081523e-05
67,0.00010227492578157373
67,0.00010222181516573787
67,9.985779894574091e-05
67,9.573274116602813e-05
67,9.064123895184921e-05
67,8.532783179216095e-05
67,8.019152987504906e-05
67,7.517627921016305e-05
67,6.989657808947504e-05
67,6.389118348918934e-05
67,5.683973969145652e-05
67,4.863932685203709e-05
67,3.935738984634424e-05
67,2.916148392104341e-05
67,1.8314296593517342e-05
67,7.236314783897321e-06
67,-3.432786961310213e-06
67,-1.2838986789327654e-05
67,-2.000320526750081e-05
67,-2.398549299679248e-05
67,-2.41034527260533e-05
67,-2.0149552708313026e-05
67,-1.2506980652764307e-05
67,-2.0752897758738044e-06
67,9.986672457328108e-06
67,2.257692180283806e-05
67,3.4865121553423386e-05
67,4.631859558105259e-05
67,5.657553100514973e-05
67,6.529397318463508e-05
67,7.211443691420632e-05
67,7.678517396461886e-05
67,7.935907917178188e-05
67,8.028528048101014e-05
67,8.027288403329879e-05
67,7.997403236490167e-05
67,7.968005007329905e-05
67,7.921911447740648e-05
67,7.809727773499125e-05
67,7.576828824189744e-05
67,7.186724730397283e-05
67,6.630923945209406e-05
67,5.9264061994008966e-05
67,5.108666875877079e-05
67,4.22709079375482e-05
67,3.343412376524348e-05
67,2.5302078092535194e-05
67,1.8674473479809587e-05
67,1.4368356277434574e-05
67,1.3124586068375745e-05
67,1.545637899404432e-05
67,2.14637677755528e-05
67,3.070438034239467e-05
67,4.2222446042200133e-05
67,5.476250933262976e-05
67,6.708231586804322e-05
67,7.821609807522616e-05
67,8.757022079140293e-05
67,9.483668077286768e-05
67,9.982602491865293e-05
67,0.00010237404454491219
67,0.00010241064590501528
67,0.00010012818274033925
67,9.607613193977381e-05
67,9.104708051264013e-05
67,8.578373015820198e-05
67,8.0685776851155e-05
67,7.569980441854859e-05
67,7.044162307578484e-05
67,6.444854863950976e-05
67,5.739913599223107e-05
67,4.919381976721403e-05
67,3.9906940414992305e-05
67,2.970905531432555e-05
67,1.8853219923777178e-05
67,7.735867012365668e-06
67,-3.03226761533054e-06
67,-1.2615022225784105e-05
67,-2.0029485387450747e-05
67,-2.4312771648985076e-05
67,-2.4751955836174733e-05
67,-2.1110606278491216e-05
67,-1.3746231395132156e-05
67,-3.5349816235541365e-06
67,8.381775732035617e-06
67,2.090600572352256e-05
67,3.3194081633682786e-05
67,4.468895719142037e-05
67,5.500685906513521e-05
67,6.379822254225965e-05
67,7.071227915176706e-05
67,7.551221487390021e-05
67,7.825684704847462e-05
67,7.938447789858474e-05
67,7.958390300365621e-05
67,7.949339490240703e-05
67,7.9406271600783e-05
67,7.9163003575617e-05
67,7.827839681002661e-05
67,7.620294743797877e-05
67,7.255968506240004e-05
67,6.725225283367118e-05
67,6.044557071825538e-05
67,5.249358454510232e-05
67,4.3885066743888496e-05
67,3.522407536924856e-05
67,2.7220728645983648e-05
67,2.06683706170886e-05
67,1.639286869734247e-05
67,1.5153004058995792e-05
67,1.7477308317937897e-05
67,2.347233807072085e-05
67,3.269581068733331e-05
67,4.418965377011986e-05
67,5.6693134905525316e-05
67,6.895265981328569e-05
67,7.998592870562343e-05
67,8.91847160664558e-05
67,9.623783355136178e-05
67,0.00010096936598321925
67,0.00010324159163013958
67,0.00010301126676214184
67,0.00010048435282867591
67,9.620723560028743e-05
67,9.09633876220152e-05
67,8.54959313214354e-05
67,8.022055910149011e-05
67,7.510705452364515e-05
67,6.978744838747914e-05
67,6.380004279800346e-05
67,5.681065859529628e-05
67,4.870001272447701e-05
67,3.952152780260851e-05
67,2.9426015149427617e-05
67,1.8648838219489886e-05
67,7.573519822083878e-06
67,-3.1923827224150757e-06
67,-1.280310772259101e-05
67,-2.0256699404782825e-05
67,-2.4570823516049424e-05
67,-2.5021684248097716e-05
67,-2.1374006674447645e-05
67,-1.3995480830506686e-05
67,-3.775056320605723e-06
67,8.136626234143851e-06
67,2.0639302392932502e-05
67,3.289380669273428e-05
67,4.4350446936741747e-05
67,5.463140279596088e-05
67,6.338992632886215e-05
67,7.027560115619279e-05
67,7.505049223280955e-05
67,7.777176347507878e-05
67,7.887763114372909e-05
67,7.906105273854626e-05
67,7.896900464024364e-05
67,7.89044946455762e-05
67,7.871385290090729e-05
67,7.791141129423446e-05
67,7.594122329106775e-05
67,7.241554377926392e-05
67,6.722532932688328e-05
67,6.052490734697087e-05
67,5.26648313342381e-05
67,4.414102313095356e-05
67,3.557355177257868e-05
67,2.76902497870373e-05
67,2.129517523492798e-05
67,1.7213547379601446e-05
67,1.6194398453089443e-05
67,1.875235662362766e-05
67,2.4978053442698333e-05
67,3.4410212047098173e-05
67,4.606926425808969e-05
67,5.867606349386024e-05
67,7.096939117058352e-05
67,8.197321051676165e-05
67,9.109430993988371e-05
67,9.803517603559336e-05
67,0.00010262437528631782
67,0.00010471933398595429
67,0.00010427051785312325
67,0.000101486606656521
67,9.693027333113305e-05
67,9.140884168410398e-05
67,8.568464257411668e-05
67,8.017976137775414e-05
67,7.485960920844643e-05
67,6.93495606856996e-05
67,6.318504568085459e-05
67,5.6032019228363715e-05
67,4.776989993765547e-05
67,3.844735120142921e-05
67,2.8210204796021764e-05
67,1.7294399018075553e-05
67,6.091907634898403e-06
67,-4.777899678737043e-06
67,-1.4461798651942517e-05
67,-2.1958204079930363e-05
67,-2.6289679523260413e-05
67,-2.6737039107763514e-05
67,-2.3068809882246173e-05
67,-1.5658061434561195e-05
67,-5.399939689189358e-06
67,6.553523031877979e-06
67,1.911030922104963e-05
67,3.144680094836491e-05
67,4.302674775465439e-05
67,5.347351507157759e-05
67,6.24255886631162e-05
67,6.950811364761253e-05
67,7.446265758802076e-05
67,7.73419055812318e-05
67,7.85962877559239e-05
67,7.893518847824176e-05
67,7.901051215053936e-05
67,7.911283340362543e-05
67,7.906632613575823e-05
67,7.836642437371286e-05
67,7.644953656246487e-05
67,7.293140297793323e-05
67,6.771335285117664e-05
67,6.096362665731087e-05
67,5.304929029520255e-05
67,4.448458051116249e-05
67,3.590601400201742e-05
67,2.8049799324327497e-05
67,2.1716202420951024e-05
67,1.7716805357865125e-05
67,1.6784645059409944e-05
67,1.942291167943109e-05
67,2.5717486905101363e-05
67,3.520703199776975e-05
67,4.691363998166698e-05
67,5.9559479682403e-05
67,7.188311386984124e-05
67,8.290637485893055e-05
67,9.203259825737966e-05
67,9.896045571934494e-05
67,0.00010351521459162176
67,0.00010555318439338576
67,0.00010502856414888165
67,0.00010215963786833871
67,9.752085269110555e-05
67,9.192632377567528e-05
67,8.613532658885179e-05
67,8.055883049861836e-05
67,7.514989797300144e-05
67,6.952698062496399e-05
67,6.322697441529465e-05
67,5.59246606652579e-05
67,4.751169850348858e-05
67,3.804698130743771e-05
67,2.767983122664577e-05
67,1.6641317885722352e-05
67,5.312814557658335e-06
67,-5.696889824220925e-06
67,-1.55394442239348e-05
67,-2.3210365154205555e-05
67,-2.7724041174410318e-05
67,-2.8351814850229057e-05
67,-2.4852841228331923e-05
67,-1.7589234166953918e-05
67,-7.442394633479094e-06
67,4.449537022759272e-06
67,1.700296245356002e-05
67,2.939318625972386e-05
67,4.107469477260018e-05
67,5.165939325442717e-05
67,6.077861836607488e-05
67,6.80573452953629e-05
67,7.324084431115999e-05
67,7.638244859305525e-05
67,7.792461535419964e-05
67,7.856046026679406e-05
67,7.892318481159459e-05
67,7.928864160092772e-05
67,7.947271347982191e-05
67,7.896763481811709e-05
67,7.721000230948808e-05
67,7.381915679686228e-05
67,6.870408294265497e-05
67,6.204366360422229e-05
67,5.4214929262230336e-05
67,4.5736895306654725e-05
67,3.724383241525708e-05
67,2.9465563839124597e-05
67,2.3197015052069036e-05
67,1.924791006746024e-05
67,1.8350943578910185e-05
67,2.1008070221802805e-05
67,2.7304255737370538e-05
67,3.67806103189582e-05
67,4.846449982000011e-05
67,6.108061724144718e-05
67,7.336192201737702e-05
67,8.431756431559741e-05
67,9.3339100896964e-05
67,0.00010012366456191632
67,0.00010450914771125544
67,0.00010637382778961391
67,0.00010569179505026
67,0.00010268825995272069
67,9.792927232079556e-05
67,9.221358700683961e-05
67,8.629065265834695e-05
67,8.057393817169563e-05
67,7.502844026091992e-05
67,6.92859760760806e-05
67,6.28922072841808e-05
67,5.5524747976208185e-05
67,4.707327043958741e-05
67,3.759031599902316e-05
67,2.72138004929299e-05
67,1.6158872544025527e-05
67,4.790760357238394e-06
67,-6.291071968836148e-06
67,-1.6236086911783412e-05
67,-2.402821628588503e-05
67,-2.86682135723011e-05
67,-2.9417896994100765e-05
67,-2.603154023362102e-05
67,-1.8867621005909e-05
67,-8.802627966911247e-06
67,3.0308413608272657e-06
67,1.5553214155032597e-05
67,2.7941225843982054e-05
67,3.964910247030174e-05
67,5.0288947712276145e-05
67,5.9494269212790085e-05
67,6.689278434611701e-05
67,7.222854483972762e-05
67,7.554570787651409e-05
67,7.72709447903698e-05
67,7.80821090304687e-05
67,7.860516542691481e-05
67,7.911859197706985e-05
67,7.944623616351904e-05
67,7.908714425235523e-05
67,7.747961682950288e-05
67,7.423958825601076e-05
67,6.927041785191995e-05
67,6.274696580822867e-05
67,5.504653830592989e-05
67,4.6692946397979956e-05
67,3.832757831371037e-05
67,3.068620864293074e-05
67,2.456526510754546e-05
67,2.0770091620814426e-05
67,2.0024657219512434e-05
67,2.2821495791354498e-05
67,2.9238347052632306e-05
67,3.881107045235441e-05
67,5.0561213939491014e-05
67,6.320559490985702e-05
67,7.546921366375942e-05
67,8.635735241194414e-05
67,9.52645846069784e-05
67,0.0001018970345838093
67,0.00010610347511833126
67,0.00010777016404095174
67,0.00010687373902420357
67,0.00010363802267660219
67,9.862831021866398e-05
67,9.264751595047384e-05
67,8.645511239989486e-05
67,8.047795178308312e-05
67,7.469416717218412e-05
67,6.874578013213826e-05
67,6.218412494794179e-05
67,5.4686877457513845e-05
67,4.613778048652113e-05
67,3.657859623447194e-05
67,2.6134714594509953e-05
67,1.5011248281983573e-05
67,3.569028916422419e-06
67,-7.591320972069909e-06
67,-1.761549601194445e-05
67,-2.548377832268555e-05
67,-3.0193591931958026e-05
67,-3.100277317428266e-05
67,-2.7661611123283595e-05
67,-2.05266611705294e-05
67,-1.0474778275046289e-05
67,1.361992703409478e-06
67,1.390925868850312e-05
67,2.6353325632550848e-05
67,3.8157282692548875e-05
67,4.893498256299777e-05
67,5.831138954006679e-05
67,6.589762632351264e-05
67,7.141979477059385e-05
67,7.491028085481418e-05
67,7.679385164305387e-05
67,7.775371227685985e-05
67,7.842189642229004e-05
67,7.907860473999685e-05
67,7.954474539233951e-05
67,7.931461928731536e-05
67,7.782237764562524e-05
67,7.468101512407175e-05
67,6.979253989745461e-05
67,6.333373200284046e-05
67,5.568926417210404e-05
67,4.7395753245532716e-05
67,3.9108658071585227e-05
67,3.157212720418778e-05
67,2.558035639234183e-05
67,2.1927323269659158e-05
67,2.1323420675664804e-05
67,2.4251905810958157e-05
67,3.0786638518588426e-05
67,4.046129419469983e-05
67,5.229315139709522e-05
67,6.49923789236787e-05
67,7.727769147041695e-05
67,8.815133688581708e-05
67,9.700873256501245e-05
67,0.00010355863138166272
67,0.00010765112294170277
67,0.00010917140955760078
67,0.00010809539767755559
67,0.00010465090344331726
67,9.941359385455304e-05
67,9.319989023190627e-05
67,8.678047714100222e-05
67,8.058809913388825e-05
67,7.460249002222052e-05
67,6.846589531874075e-05
67,6.173046158435721e-05
67,5.407527039910986e-05
67,4.538466599695543e-05
67,3.569851387891839e-05
67,2.5137070139103354e-05
67,1.3898077152227032e-05
67,2.335061674475396e-06
67,-8.956215484000638e-06
67,-1.9122204525912754e-05
67,-2.7139105501795226e-05
67,-3.199602813281336e-05
67,-3.294053443391378e-05
67,-2.9713664098750128e-05
67,-2.2665312445162232e-05
67,-1.2667240678244567e-05
67,-8.458676002436482e-07
67,1.173090475323517e-05
67,2.425428936797821e-05
67,3.61873227405224e-05
67,4.713724128632981e-05
67,5.671732489371836e-05
67,6.452590715461417e-05
67,7.027948183225475e-05
67,7.400608645329866e-05
67,7.613005900905593e-05
67,7.733450641951792e-05
67,7.824852897751708e-05
67,7.914572097214062e-05
67,7.983805535209674e-05
67,7.981080978739942e-05
67,7.849124336954296e-05
67,7.548949034258547e-05
67,7.071000899077058e-05
67,6.433739300852933e-05
67,5.676772734792377e-05
67,4.854912441405638e-05
67,4.034466549880942e-05
67,3.290002251495119e-05
67,2.7005624113594508e-05
67,2.3449273157701535e-05
67,2.293549857995411e-05
67,2.5943334719525807e-05
67,3.254431785432864e-05
67,4.2271219412049445e-05
67,5.4140267746664785e-05
67,6.685807910679832e-05
67,7.913605602812388e-05
67,8.996714554256662e-05
67,9.873980091508949e-05
67,0.00010516212589095656
67,0.00010909083998919661
67,0.00011042267602162454
67,0.00010914587058689794
67,0.00010549770909874237
67,0.00010005899545599653
67,9.364818668834303e-05
67,8.703752261272942e-05
67,8.066251567724163e-05
67,7.450647435031475e-05
67,6.821460791547877e-05
67,6.134078954985725e-05
67,5.356495576911928e-05
67,4.477130515026812e-05
67,3.4996914141967156e-05
67,2.4354549674863075e-05
67,1.3029821264731504e-05
67,1.3632345627647028e-06
67,-1.005727243564659e-05
67,-2.0376342709933338e-05
67,-2.8559445592061996e-05
67,-3.358148479545841e-05
67,-3.467831251904417e-05
67,-3.1584038113758075e-05
67,-2.4644436259562096e-05
67,-1.4726689097381959e-05
67,-2.9509151978836137e-06
67,9.621355947166656e-06
67,2.218488240359737e-05
67,3.4201753762357144e-05
67,4.5274710069067415e-05
67,5.501173798356579e-05
67,6.300719768268244e-05
67,6.897450436395814e-05
67,7.293724830073663e-05
67,7.531255017172461e-05
67,7.677467501108625e-05
67,7.794473740503962e-05
67,7.909050127440373e-05
67,8.001950934789839e-05
67,8.02126133701369e-05
67,7.909238077655518e-05
67,7.626527552733321e-05
67,7.163513175394429e-05
67,6.539043793432808e-05
67,5.793542039791544e-05
67,4.982820061916939e-05
67,4.174033607561688e-05
67,3.442186187924023e-05
67,2.8662680973207976e-05
67,2.524581474105343e-05
67,2.486811840618813e-05
67,2.7999989850730605e-05
67,3.470549508682821e-05
67,4.451214808456071e-05
67,5.6432024271686716e-05
67,6.916641069706777e-05
67,8.14194108320256e-05
67,9.217694842573478e-05
67,0.00010082467052850087
67,0.00010707479068681992
67,0.0001107945218608901
67,0.00011189394247455835
67,0.00011037300563088501
67,0.00010647620769224975
67,0.00010078730356087336
67,9.412623093402204e-05
67,8.726826381276565e-05
67,8.065459710775218e-05
67,7.427573773877537e-05
67,6.778360096040381e-05
67,6.07367160227141e-05
67,5.2816722801957275e-05
67,4.390582991715222e-05
67,3.40347858646883e-05
67,2.3305990909130565e-05
67,1.1892905801483428e-05
67,1.261086399692014e-07
67,-1.1410392331816412e-05
67,-2.1858019649017825e-05
67,-3.017401975740696e-05
67,-3.532389346258986e-05
67,-3.653604400527345e-05
67,-3.354016753365782e-05
67,-2.6679646443466936e-05
67,-1.6819002215767652e-05
67,-5.0733236399719086e-06
67,7.503473678238002e-06
67,2.011394475700274e-05
67,3.222446056742138e-05
67,4.3436153019841124e-05
67,5.335004328648519e-05
67,6.155082335805972e-05
67,6.774232190046741e-05
67,7.194021144020595e-05
67,7.455559918797859e-05
67,7.625795698943657e-05
67,7.766384726566582e-05
67,7.903617742974331e-05
67,8.017762198119267e-05
67,8.056488306241488e-05
67,7.961752802437103e-05
67,7.694031428324779e-05
67,7.243736094884683e-05
67,6.630103018163566e-05
67,5.894430975487469e-05
67,5.093799437591231e-05
67,4.2966211581346154e-05
67,3.578610103005862e-05
67,3.018577722760945e-05
67,2.6938456611348943e-05
67,2.672775949448964e-05
67,3.0012540842650796e-05
67,3.6849464753047284e-05
67,4.676167698262505e-05
67,5.8756991426241604e-05
67,7.153056628590623e-05
67,8.377922122011274e-05
67,9.448334897666008e-05
67,0.00010302768631334371
67,0.00010912879873996485
67,0.00011266154865877473
67,0.00011354408573923739
67,0.0001117832316931116
67,0.0001076293915776976
67,0.00010167219037212147
67,9.473768031815747e-05
67,8.760713085349109e-05
67,8.072745048806908e-05
67,7.409491871460745e-05
67,6.736749290702023e-05
67,6.01093917630327e-05
67,5.200609686638667e-05
67,4.2939978882661015e-05
67,3.293696954342121e-05
67,2.2089971383921716e-05
67,1.0560766793365468e-05
67,-1.3300103451495374e-06
67,-1.3003236254055277e-05
67,-2.3599065119201517e-05
67,-3.206850327868492e-05
67,-3.736818453710869e-05
67,-3.871744962429551e-05
67,-3.583850980299791e-05
67,-2.906920451038801e-05
67,-1.926910232609294e-05
67,-7.547000233117378e-06
67,5.051136308867213e-06
67,1.7735083971007087e-05
67,2.9974012655226776e-05
67,4.136514150756949e-05
67,5.1499612655205006e-05
67,5.994948066821726e-05
67,6.640685467704337e-05
67,7.087882036862397e-05
67,7.377096717168628e-05
67,7.574857744679578e-05
67,7.742348507144486e-05
67,7.905269521227345e-05
67,8.043255968271953e-05
67,8.10342709845391e-05
67,8.027358835780006e-05
67,7.77537795790696e-05
67,7.33806982864105e-05
67,6.735279787296513e-05
67,6.009371841396723e-05
67,5.21873985050797e-05
67,4.432929675938407e-05
67,3.7281573137528225e-05
67,3.182910621447106e-05
67,2.873547030764957e-05
67,2.8672637101212558e-05
67,3.209008971622384e-05
67,3.903931707908821e-05
67,4.904133210447379e-05
67,6.110167066269965e-05
67,7.391019889028486e-05
67,8.615525485519847e-05
67,9.680867225164867e-05
67,0.00010525094626529866
67,0.00011120121138354345
67,0.00011454263649745689
67,0.00011520391676512538
67,0.00011320130505734958
67,0.0001087920655385388
67,0.00010257061588735834
67,9.536723650552145e-05
67,8.796823521531269e-05
67,8.082681164167217e-05
67,7.394613442423273e-05
67,6.699048068761048e-05
67,5.952890448681831e-05
67,5.124963262503585e-05
67,4.203474440232879e-05
67,3.190537176727923e-05
67,2.094429402314455e-05
67,9.29944533650973e-06
67,-2.7217081298878386e-06
67,-1.4547299265740756e-05
67,-2.5315894626650102e-05
67,-3.396918546914628e-05
67,-3.9450917631296676e-05
67,-4.096836793599659e-05
67,-3.823475945080608e-05
67,-3.158152681603952e-05
67,-2.1862333454529554e-05
67,-1.0178933659093835e-05
67,2.4304330361564652e-06
67,1.518140252074429e-05
67,2.7544297520385775e-05
67,3.91118213832044e-05
67,4.946647013729175e-05
67,5.817018146057537e-05
67,6.490536926114708e-05
67,6.967035825858739e-05
67,7.286282080848514e-05
67,7.51410624774823e-05
67,7.711103720631455e-05
67,7.902467287512198e-05
67,8.067335656623395e-05
67,8.152300800133187e-05
67,8.098424381292072e-05
67,7.865671293069014e-05
67,7.444615257022929e-05
67,6.855607570070559e-05
67,6.142038315342928e-05
67,5.3635928823707885e-05
67,4.590929872381162e-05
67,3.900789023466497e-05
67,3.37143591179579e-05
67,3.078411714815274e-05
67,3.087849128303418e-05
67,3.443740924563029e-05
67,4.150595836753341e-05
67,5.160148152608138e-05
67,6.372596097571315e-05
67,7.656304397073723e-05
67,8.879191965676239e-05
67,9.93755445234187e-05
67,0.00010769047152330878
67,0.0001134595628983085
67,0.00011657627391435511
67,0.00011698212265339639
67,0.00011470451571070811
67,0.00011000819279097612
67,0.00010349218490412895
67,9.599099006581809e-05
67,8.829684671686201e-05
67,8.087089823045456e-05
67,7.372482009936906e-05
67,6.653003490025523e-05
67,5.8860158618814856e-05
67,5.040490405271353e-05
67,4.1044182630639495e-05
67,3.079233470389342e-05
67,1.9720429284256774e-05
67,7.961768884582712e-06
67,-4.189195158402066e-06
67,-1.6166991326267745e-05
67,-2.7107536015796293e-05
67,-3.594243944481875e-05
67,-4.160234272262971e-05
67,-4.328284573224345e-05
67,-4.0689170103033035e-05
67,-3.414777744807422e-05
67,-2.4507780677305093e-05
67,-1.2864375768299597e-05
67,-2.471785179778113e-07
67,1.256726006362863e-05
67,2.5052333739249862e-05
67,3.679701067642457e-05
67,4.7374442868302805e-05
67,5.633487123035533e-05
67,6.334965973705892e-05
67,6.840815261175024e-05
67,7.190112943520691e-05
67,7.448141602155678e-05
67,7.675001593701426e-05
67,7.89536727695189e-05
67,8.087804559016805e-05
67,8.198304952425348e-05
67,8.167373987731474e-05
67,7.954582173753515e-05
67,7.550448820972318e-05
67,6.975807187441045e-05
67,6.275132717762268e-05
67,5.509579567088348e-05
67,4.7511597161786836e-05
67,4.077310071047841e-05
67,3.566069233839538e-05
67,3.291983474913803e-05
67,3.3198784514592445e-05
67,3.6925916735518534e-05
67,4.413850777738628e-05
67,5.43489186235593e-05
67,6.655413976377111e-05
67,7.943049049515998e-05
67,9.16478638676192e-05
67,0.00010216121243201092
67,0.00011034433374969562
67,0.00011592434835322221
67,0.00011880439885183942
67,0.00011893760074285004
67,0.0001163619182482754
67,0.00011135064277493363
67,0.00010450998419557692
67,9.668128736606811e-05
67,8.866393427364334e-05
67,8.092654911547681e-05
67,7.348821566872081e-05
67,6.602702413152844e-05
67,5.812172415863007e-05
67,4.946464038637809e-05
67,3.9934427857635024e-05
67,2.9538952917315145e-05
67,1.833749481559001e-05
67,6.44868862176083e-06
67,-5.845861223171331e-06
67,-1.7986997889794343e-05
67,-2.9108319025972716e-05
67,-3.813195404481146e-05
67,-4.39757879744695e-05
67,-4.5823548020416114e-05
67,-4.337197849774265e-05
67,-3.694225168938997e-05
67,-2.7378806368538874e-05
67,-1.5769963919100505e-05
67,-3.1359581699167627e-06
67,9.755376113459746e-06
67,2.2380875088650007e-05
67,3.432506494650466e-05
67,4.5149999247087016e-05
67,5.439214950365297e-05
67,6.171049073979399e-05
67,6.708538144879917e-05
67,7.09016060667134e-05
67,7.380711596914884e-05
67,7.639732246881433e-05
67,7.891197813105014e-05
67,8.112899633436733e-05
67,8.250105021929033e-05
67,8.242757544752182e-05
67,8.05012544715967e-05
67,7.662819639431178e-05
67,7.102317515055915e-05
67,6.414334073603518e-05
67,5.6616181507098774e-05
67,4.9176085294849e-05
67,4.260442027984809e-05
67,3.767868929563002e-05
67,3.513348164834243e-05
67,3.56031403662457e-05
67,3.9503990990739486e-05
67,4.686544513839421e-05
67,5.719519496639028e-05
67,6.948563072615901e-05
67,8.240577493672504e-05
67,9.461558869376755e-05
67,0.00010506086685952614
67,0.0001131115671834128
67,0.0001184986515414471
67,0.0001211353965192712
67,0.00012098757356580131
67,0.00011810488582048742
67,0.00011276998315436825
67,0.00010559638388039135
67,9.743178359313303e-05
67,8.908196457741532e-05
67,8.102247116535219e-05
67,7.327961648613307e-05
67,6.55383361716902e-05
67,5.7383003517065094e-05
67,4.8509341019406486e-05
67,3.879565189023649e-05
67,2.8243894420966897e-05
67,1.6901266444621676e-05
67,4.870451055018676e-06
67,-7.581535708116136e-06
67,-1.9903066032776614e-05
67,-3.1225364545643137e-05
67,-4.045984890176333e-05
67,-4.651002770344178e-05
67,-4.8546451013249695e-05
67,-4.625643828044267e-05
67,-3.99548761007554e-05
67,-3.0480301114394974e-05
67,-1.891305086599649e-05
67,-6.263526147839897e-06
67,6.708777732296661e-06
67,1.948333373336728e-05
67,3.163965959052008e-05
67,4.272880373795279e-05
67,5.227402417794194e-05
67,5.9922167230857065e-05
67,6.564381578298016e-05
67,6.981586239893008e-05
67,7.307916166916208e-05
67,7.602195447496111e-05
67,7.887641607260036e-05
67,8.141270138763433e-05
67,8.307619743437541e-05
67,8.3260446611536e-05
67,8.15548577141924e-05
67,7.786655169076611e-05
67,7.241723871718202e-05
67,6.567708882656701e-05
67,5.828993807914482e-05
67,5.100451158332363e-05
67,4.460913523948645e-05
67,3.9878515003239585e-05
67,3.753648504865024e-05
67,3.820330416948283e-05
67,4.228271959864463e-05
67,4.979576343419046e-05
67,6.024535079508661e-05
67,7.261945930515816e-05
67,8.55797493987511e-05
67,9.777556269707113e-05
67,0.00010814250526665707
67,0.00011604609196948024
67,0.00012122163114709365
67,0.00012359419903568256
67,0.00012314433012558903
67,0.00011993491853899548
67,0.00011425806341802854
67,0.00010673358639312063
67,9.821449414839788e-05
67,8.951288985433974e-05
67,8.111228685800781e-05
67,7.304776910388313e-05
67,6.501235199259175e-05
67,5.659654566900122e-05
67,4.7499289052723604e-05
67,3.759785660764972e-05
67,2.6887266046050582e-05
67,1.5401317637433243e-05
67,3.225313270308156e-06
67,-9.389476704493582e-06
67,-2.1899395305691123e-05
67,-3.3432870550607704e-05
67,-4.288963111254412e-05
67,-4.915781248587706e-05
67,-5.1394127013398676e-05
67,-4.927615066699668e-05
67,-4.311229457105638e-05
67,-3.3734906139695856e-05
67,-2.221582245344278e-05
67,-9.55486926487764e-06
67,3.4975940098085014e-06
67,1.6424256406702627e-05
67,2.8799798132707538e-05
67,4.0164012824690715e-05
67,5.002634600569615e-05
67,5.8020622289368144e-05
67,6.410656870802417e-05
67,6.865217606523531e-05
67,7.229058045312399e-05
67,7.560276397802265e-05
67,7.881362958891175e-05
67,8.168596331128812e-05
67,8.365804826836167e-05
67,8.411733719776184e-05
67,8.264940450627143e-05
67,7.916171420700155e-05
67,7.388257179894314e-05
67,6.729552316262456e-05
67,6.006180931376934e-05
67,5.294578835289504e-05
67,4.674357122541353e-05
67,4.2226924882754013e-05
67,4.0107876106873525e-05
67,4.09911894597592e-05
67,4.526684712626104e-05
67,5.294671826570008e-05
67,6.352833739670987e-05
67,7.599457773706106e-05
67,8.899896612150692e-05
67,0.00010117965122814133
67,0.00011146194574151548
67,0.00011920729617817952
67,0.0001241559490566038
67,0.00012624526063054634
67,0.00012547076336131188
67,0.00012190871353317379
67,0.000115861111641695
67,0.00010795500017624386
67,9.904992799092993e-05
67,8.99655353061039e-05
67,8.119430566423113e-05
67,7.278090916647701e-05
67,6.442714894386382e-05
67,5.573020294383255e-05
67,4.639238333581001e-05
67,3.6289573645632567e-05
67,2.540902474501247e-05
67,1.3770116030617662e-05
67,1.4398929025803593e-06
67,-1.1346637411055286e-05
67,-2.4053983657016986e-05
67,-3.580779050076538e-05
67,-4.549593925210476e-05
67,-5.199074391673788e-05
67,-5.443436677765329e-05
67,-5.249397545046312e-05
67,-4.647120914553834e-05
67,-3.719222893854748e-05
67,-2.5720224553898714e-05
67,-1.304379972559988e-05
67,9.678909149694321e-08
67,1.318809445821779e-05
67,2.5799674272190875e-05
67,3.745873827076092e-05
67,4.765905947891669e-05
67,5.601989448126712e-05
67,6.248951260230735e-05
67,6.742732943604624e-05
67,7.145939612342086e-05
67,7.515966942051308e-05
67,7.874536040626452e-05
67,8.197109267346334e-05
67,8.426732003440909e-05
67,8.501498707564497e-05
67,8.3795721035274e-05
67,8.051748753789752e-05
67,7.54156988280895e-05
67,6.898825353319303e-05
67,6.191514485782274e-05
67,5.4977641213544174e-05
67,4.898025425107001e-05
67,4.4691462340089976e-05
67,4.28104275744476e-05
67,4.392526755021651e-05
67,4.841141834271672e-05
67,5.6271192978254914e-05
67,6.699643442791184e-05
67,7.956439677276555e-05
67,9.261970608213174e-05
67,0.00010478847601764528
67,0.00011498507588855668
67,0.00012256661778579998
67,0.00012727839688509538
67,0.00012907036787484228
67,0.00012795346421121982
67,0.00012401785895791654
67,0.00011757629921826175
67,0.00010926414452667905
67,9.994855286897614e-05
67,9.045743888831488e-05
67,8.12925892364556e-05
67,7.250835260214547e-05
67,6.381540145150412e-05
67,5.4817788856798786e-05
67,4.522151029637198e-05
67,3.4901286796846095e-05
67,2.3836480502316416e-05
67,1.2031403321189265e-05
67,-4.6622663082616133e-07
67,-1.3438766448746239e-05
67,-2.6359527374825663e-05
67,-3.835122493349788e-05
67,-4.828900431546071e-05
67,-5.5028088803879075e-05
67,-5.7694894352593184e-05
67,-5.5945330785658766e-05
67,-5.0073731709210095e-05
67,-4.08996195094227e-05
67,-2.9476978272162036e-05
67,-1.678257581176602e-05
67,-3.5461514684247012e-06
67,9.722672477583386e-06
67,2.2587784775057485e-05
67,3.456293460354056e-05
67,4.512530489733427e-05
67,5.387883968452513e-05
67,6.075981021769954e-05
67,6.611860822714361e-05
67,7.057370383945212e-05
67,7.469139843718471e-05
67,7.8680421452796e-05
67,8.228631691922526e-05
67,8.493078059448096e-05
67,8.598751272128141e-05
67,8.503387678009796e-05
67,8.197858732954171e-05
67,7.706495934053348e-05
67,7.080639242343466e-05
67,6.390280314899893e-05
67,5.715323585628579e-05
67,5.137098623331967e-05
67,4.732116000043131e-05
67,4.568961473863212e-05
67,4.7047147536635834e-05
67,5.175389907493972e-05
67,5.980201198261482e-05
67,7.067728414089029e-05
67,8.335112842446129e-05
67,9.645886112024471e-05
67,0.00010861378184499112
67,0.00011871838179746068
67,0.00012612486276516443
67,0.0001305837856696613
67,0.0001320587476143021
67,0.000130577565418647
67,0.00012624568580664637
67,0.00011938743142838069
67,0.0001106467570933443
67,0.00010089846693023694
67,9.097890247498565e-05
67,8.139954391108014e-05
67,7.222490644983566e-05
67,6.317492319937708e-05
67,5.3860755470796357e-05
67,4.3992195124657177e-05
67,3.344275888068005e-05
67,2.2183544435148888e-05
67,1.0202908982040631e-05
67,-2.472075871622088e-06
67,-1.5642432134115994e-05
67,-2.8790940512280165e-05
67,-4.103706619232603e-05
67,-5.124209658660401e-05
67,-5.82428285596061e-05
67,-6.114891767052608e-05
67,-5.9604456602487686e-05
67,-5.389611939264082e-05
67,-4.4836305744950186e-05
67,-3.346904302537519e-05
67,-2.0758396645725173e-05
67,-7.4229320178263375e-06
67,6.031736204968126e-06
67,1.9163520638306094e-05
67,3.1472134237446326e-05
67,4.2417562939385906e-05
67,5.1587847951110646e-05
67,5.8906578440760597e-05
67,6.471428009015856e-05
67,6.962093814969172e-05
67,7.418439425627603e-05
67,7.86042583206608e-05
67,8.261646869871051e-05
67,8.563347110958487e-05
67,8.702125640582219e-05
67,8.635257658092275e-05
67,8.353683668229816e-05
67,7.882566607963174e-05
67,7.27488949591826e-05
67,6.602760600657589e-05
67,5.947975612293906e-05
67,5.392803013090248e-05
67,5.0134023863549115e-05
67,4.876949308109362e-05
67,5.038675436592196e-05
67,5.532948998989573e-05
67,6.357877213936778e-05
67,7.461377021723573e-05
67,8.739961958964613e-05
67,0.00010056180279763631
67,0.00011270013365009979
67,0.00012270462060741687
67,0.0001299223616158682
67,0.0001341096153715327
67,0.00013524460757365013
67,0.00013337327189838523
67,0.0001286174601132791
67,0.00012131389034797628
67,0.00011211562136233917
67,0.00010190546062443007
67,9.15285830462379e-05
67,8.150674328859407e-05
67,7.191536972234695e-05
67,6.248444073193755e-05
67,5.283286506526631e-05
67,4.267454752976596e-05
67,3.1881659785236715e-05
67,2.0416373929561383e-05
67,8.249980988029062e-06
67,-4.612396975919538e-06
67,-1.7991544368926358e-05
67,-3.138024611884559e-05
67,-4.389455804966714e-05
67,-5.438119990536795e-05
67,-6.165759198310114e-05
67,-6.481575768951136e-05
67,-6.348737209123954e-05
67,-5.795109742721291e-05
67,-4.901187493370522e-05
67,-3.770318480915937e-05
67,-2.4975493211303725e-05
67,-1.1535279240099958e-05
67,2.116312291683449e-06
67,1.553093148810355e-05
67,2.8193303252351676e-05
67,3.9544981191457455e-05
67,4.915699484703272e-05
67,5.693947360396172e-05
67,6.322257454080532e-05
67,6.860736945283808e-05
67,7.364272222541107e-05
67,7.851850927694822e-05
67,8.296047641734049e-05
67,8.63713802249155e-05
67,8.810923465832842e-05
67,8.774205952192774e-05
67,8.518003224270183e-05
67,8.068355602062963e-05
67,7.479987332248484e-05
67,6.827261908330297e-05
67,6.193999501805672e-05
67,5.6634767798895006e-05
67,5.31147427970709e-05
67,5.203647185166345e-05
67,5.393238647904466e-05
67,5.912852463114421e-05
67,6.759413209731726e-05
67,7.880127604654477e-05
67,9.170831166268525e-05
67,0.00010493015592585621
67,0.00011705225607570935
67,0.0001269514286667118
67,0.00013396946401583227
67,0.00013786872071832785
67,0.00013864287361206397
67,0.0001363569121008951
67,0.0001311499582392769
67,0.00012337189691216414
67,0.00011368561521637334
67,0.00010298261582532826
67,9.211755883497177e-05
67,8.162310828762999e-05
67,7.158626889103189e-05
67,6.174775952981325e-05
67,5.1734883532025865e-05
67,4.126609996317586e-05
67,3.0212271673387218e-05
67,1.852611315628065e-05
67,6.160750944674455e-06
67,-6.902041759919679e-06
67,-2.050404353048413e-05
67,-3.414866483355188e-05
67,-4.6948377629633406e-05
67,-5.77344980798121e-05
67,-6.530390941491246e-05
67,-6.872987865108972e-05
67,-6.763081238059827e-05
67,-6.227680337742597e-05
67,-5.346487615212567e-05
67,-4.2217357766430216e-05
67,-2.9470306057454178e-05
67,-1.5917349658702996e-05
67,-2.0548430593783313e-06
67,1.1662220860564544e-05
67,2.470256329791998e-05
67,3.64879842729718e-05
67,4.6571252029073594e-05
67,5.484808600766356e-05
67,6.16376329652533e-05
67,6.753156759894887e-05
67,7.30692691956102e-05
67,7.843025726582238e-05
67,8.332937998464442e-05
67,8.715903313498312e-05
67,8.926873972895446e-05
67,8.922154084917742e-05
67,8.692852405196414e-05
67,8.265950265754746e-05
67,7.698027599382027e-05
67,7.065846405020546e-05
67,6.45537899503783e-05
67,5.9509751462722495e-05
67,5.628015562136781e-05
67,5.5505427080155954e-05
67,5.769688655863907e-05
67,6.31618413261045e-05
67,7.18570052494943e-05
67,8.324695151030336e-05
67,9.628287432185223e-05
67,0.00010956846020816452
67,0.00012167382484448736
67,0.0001314616686029604
67,0.00013826806748302845
67,0.00014186184965425281
67,0.0001422531443854313
67,0.00013952722772154986
67,0.00013384156618550288
67,0.00012555998146914244
67,0.0001153557436312163
67,0.00010412957558513413
67,9.274624739234852e-05
67,8.17500559331933e-05
67,7.124030259374372e-05
67,6.096905445371614e-05
67,5.0572451306691857e-05
67,3.977374999816362e-05
67,2.844244779042202e-05
67,1.652126511259432e-05
67,3.944045489357296e-06
67,-9.332305878598466e-06
67,-2.3171980034892092e-05
67,-3.70897476439207e-05
67,-5.0194243382611e-05
67,-6.130029791248832e-05
67,-6.918283574683972e-05
67,-7.289509860471753e-05
67,-7.204134033970177e-05
67,-6.688249708813193e-05
67,-5.8207113354576356e-05
67,-4.702560115567158e-05
67,-3.425868227394981e-05
67,-2.058635006430517e-05
67,-6.499903671194037e-06
67,7.53859866811862e-06
67,2.098091394271579e-05
67,3.322791472005648e-05
67,4.381299134136058e-05
67,5.2616502457715e-05
67,5.994579246555414e-05
67,6.638246141917922e-05
67,7.24557834946774e-05
67,7.833428952172373e-05
67,8.3721242134897e-05
67,8.799795566064092e-05
67,9.050480834356752e-05
67,9.079943442087373e-05
67,8.879382650319974e-05
67,8.476779627384505e-05
67,7.930689151235415e-05
67,7.3204241269816e-05
67,6.734243963607392e-05
67,6.257639171528985e-05
67,5.9655690105374834e-05
67,5.9203681084910376e-05
67,6.170929420108706e-05
67,6.745992109484474e-05
67,7.639890200818664e-05
67,8.798279163637712e-05
67,0.00010115515985668594
67,0.00011450778092373829
67,0.0001265945017775717
67,0.0001362630203210147
67,0.00014284331987324663
67,0.00014611110101702912
67,0.00014609402910434354
67,0.00014289904240113503
67,0.00013670321954462123
67,0.00012788527367665648
67,0.00011712953407032453
67,0.00010534651584756603
67,9.341173504682894e-05
67,8.18818771345406e-05
67,7.086934374411877e-05
67,6.0138269931232096e-05
67,4.933415340534192e-05
67,3.8185284875822524e-05
67,2.6559638658766545e-05
67,1.4389258160164135e-05
67,1.5874589992391789e-06
67,-1.1915308215424632e-05
67,-2.6007083758126117e-05
67,-4.021474226737868e-05
67,-5.364285225306036e-05
67,-6.50887045889163e-05
67,-7.330385151143549e-05
67,-7.73202400801355e-05
67,-7.67271212486942e-05
67,-7.177577564053593e-05
67,-6.324579989853532e-05
67,-5.213494657545135e-05
67,-3.93475709949142e-05
67,-2.5549075369560723e-05
67,-1.1225313830855378e-05
67,3.154156592987225e-06
67,1.702302867408588e-05
67,2.9759906662706187e-05
67,4.0877612571338986e-05
67,5.024025979855652e-05
67,5.814274011009298e-05
67,6.51559980299947e-05
67,7.179856240419561e-05
67,7.822724519248113e-05
67,8.413295938022796e-05
67,8.888522737310323e-05
67,9.181470323559501e-05
67,9.247325454676407e-05
67,9.077379366012671e-05
67,8.70067181904198e-05
67,8.177856342076291e-05
67,7.590962359176828e-05
67,7.030688298605438e-05
67,6.583742984056265e-05
67,6.324637908711472e-05
67,6.313887652555394e-05
67,6.59799831378554e-05
67,7.20358453909202e-05
67,8.123549270632426e-05
67,9.302683703432342e-05
67,0.0001063452269169036
67,0.0001197697040419241
67,0.0001318368229735741
67,0.00014137838647491276
67,0.00014771795409003003
67,0.00015063854123502474
67,0.00015018642074585449
67,0.0001464915301645443
67,0.00013975183372239507
67,0.0001303619972571799
67,0.00011901826793616641
67,0.00010664168943355087
67,9.411922660484987e-05
67,8.20206861122866e-05
67,7.047234123348183e-05
67,5.9251151169631126e-05
67,4.801261142034201e-05
67,3.6490429241463355e-05
67,2.4550999055084538e-05
67,1.2115015404108766e-05
67,-9.260449226577086e-07
67,-1.4669860767182835e-05
67,-2.902981509461322e-05
67,-4.3545639821241985e-05
67,-5.7317589025577927e-05
67,-6.912432998941014e-05
67,-7.769258874752767e-05
67,-8.2031690947805e-05
67,-8.17149724595494e-05
67,-7.698351824197439e-05
67,-6.860749818170191e-05
67,-5.7571262348604126e-05
67,-4.4761755976379465e-05
67,-3.082879950786796e-05
67,-1.625238067780521e-05
67,-1.5100013651868103e-06
67,1.281278235125817e-05
67,2.607082154859789e-05
67,3.77550261010421e-05
67,4.771227111466759e-05
67,5.622429864551538e-05
67,6.385079678892689e-05
67,7.109886239773024e-05
67,7.811276075161901e-05
67,8.457016613319813e-05
67,8.98280002197548e-05
67,9.320658632149543e-05
67,9.425171914890029e-05
67,9.287735535019954e-05
67,8.938519497923127e-05
67,8.440411957967633e-05
67,7.878334530173865e-05
67,7.345584774488245e-05
67,6.93017321319837e-05
67,6.706139061007606e-05
67,6.732061188986378e-05
67,7.051903459313328e-05
67,7.690015200543035e-05
67,8.63777108798136e-05
67,9.839037438047505e-05
67,0.00011186470252366343
67,0.00012536616701052354
67,0.00013741291926632284
67,0.0001468198577108874
67,0.00015290371755902906
67,0.00015545530100410652
67,0.00015454067144841894
67,0.00015031422337122234
67,0.00014299613913573638
67,0.00013299807775861512
67,0.00012102900123977591
67,0.00010802117399268802
67,9.487371609743082e-05
67,8.217032311644292e-05
67,7.005194124033774e-05
67,5.8309117099353306e-05
67,4.6607983371096144e-05
67,3.4688066643266335e-05
67,2.2414165350829843e-05
67,9.694975791901102e-06
67,-3.601218735725704e-06
67,-1.7602021069945002e-05
67,-3.2247792526901396e-05
67,-4.709195374415493e-05
67,-6.123015999820033e-05
67,-7.342124786828369e-05
67,-8.236552526038751e-05
67,-8.704826497668844e-05
67,-8.702589215314331e-05
67,-8.252865419987852e-05
67,-7.431668313134052e-05
67,-6.336005174075756e-05
67,-5.0527165726017544e-05
67,-3.645125521394879e-05
67,-2.160605191823729e-05
67,-6.4774879451797235e-06
67,8.328429398048515e-06
67,2.214130345791373e-05
67,3.442873950530495e-05
67,4.5019258092608216e-05
67,5.41805758022377e-05
67,6.246035701707303e-05
67,7.035348307386368e-05
67,7.799081478128944e-05
67,8.503588555624461e-05
67,9.083216493887408e-05
67,9.468896451571461e-05
67,9.614563054705677e-05
67,9.511726749424331e-05
67,9.19176398469067e-05
67,8.719942687892146e-05
67,8.184261893177845e-05
67,7.680784241627159e-05
67,7.298906396801094e-05
67,7.11216827183573e-05
67,7.177092499981715e-05
67,7.534938671503047e-05
67,8.207642883685598e-05
67,9.184949572693805e-05
67,0.0001040973927872341
67,0.0001177373511523955
67,0.00013132044608882117
67,0.00014334527642394178
67,0.0001526087516520764
67,0.00015842032502168816
67,0.00016057907546284834
67,0.00015917214925799956
67,0.0001543800170574031
67,0.00014644655219482342
67,0.0001358015076425676
67,0.0001231673410226159
67,0.00010948819692974141
67,9.567607527766038e-05
67,8.232941955811453e-05
67,6.960477974797338e-05
67,5.7307162208915095e-05
67,4.5114024360008695e-05
67,3.2771095670439156e-05
67,2.014149408042806e-05
67,7.121169957033441e-06
67,-6.446260684953242e-06
67,-2.072025117176611e-05
67,-3.566990065351838e-05
67,-5.086323134990499e-05
67,-6.539102511988252e-05
67,-7.799101741229688e-05
67,-8.733540113590229e-05
67,-9.238386354536054e-05
67,-9.267485683317841e-05
67,-8.842711570318667e-05
67,-8.03900932691393e-05
67,-6.951865178617816e-05
67,-5.6661438679577024e-05
67,-4.243399765915404e-05
67,-2.7303375546221256e-05
67,-1.1764451364236583e-05
67,3.555032025491348e-06
67,1.7957845382637064e-05
67,3.088682810412438e-05
67,4.215098440846316e-05
67,5.200309341825286e-05
67,6.097799312101858e-05
67,6.955753586428832e-05
67,7.785830766622207e-05
67,8.552880617401372e-05
67,9.189820864503629e-05
67,9.62641243100653e-05
67,9.81590333234158e-05
67,9.749923729207826e-05
67,9.46113055010928e-05
67,9.017321451327023e-05
67,8.509769286825327e-05
67,8.037479840166188e-05
67,7.691326417350023e-05
67,7.544319070034346e-05
67,7.650792829672842e-05
67,8.049128549922018e-05
67,8.758691377199141e-05
67,9.767486481824283e-05
67,0.0001101734056232528
67,0.0001239898070192523
67,0.0001376598196274674
67,0.00014966125600921558
67,0.00015877191129876184
67,0.00016429350645616488
67,0.0001660339269264096
67,0.00016410274489678473
67,0.0001587081802527055
67,0.00015011933845568795
67,0.0001387852654928618
67,0.00012544281732982732
67,0.0001110487999217732
67,9.65289190485644e-05
67,8.249730755813435e-05
67,6.912712832477103e-05
67,5.623879968589406e-05
67,4.352185981543396e-05
67,3.0728657265209985e-05
67,1.7720521715873776e-05
67,4.379828117242152e-06
67,-9.476067861261246e-06
67,-2.404051553191387e-05
67,-3.931319454873997e-05
67,-5.487767300776512e-05
67,-6.981956778124985e-05
67,-8.285418522293455e-05
67,-9.26238186697735e-05
67,-9.806094291534596e-05
67,-9.868490966427631e-05
67,-9.470225041581131e-05
67,-8.685111476324624e-05
67,-7.607022174349699e-05
67,-6.318719188848926e-05
67,-4.879870186757558e-05
67,-3.3364622740879305e-05
67,-1.7389314805410522e-05
67,-1.523652624512302e-06
67,1.3506552170623773e-05
67,2.7117766208648772e-05
67,3.90982452589516e-05
67,4.968492563210237e-05
67,5.93990500820938e-05
67,6.870863150149379e-05
67,7.771505883198775e-05
67,8.60508112091321e-05
67,9.30298489109809e-05
67,9.793733563171056e-05
67,0.00010029845490895848
67,0.00010003077805376664
67,9.7474478906941e-05
67,9.333443238638834e-05
67,8.855820724192988e-05
67,8.416721378632584e-05
67,8.108594575510658e-05
67,8.003889931713133e-05
67,8.154615261126978e-05
67,8.596086385210249e-05
67,9.34492945880568e-05
67,0.00010387294323410414
67,0.00011663880587101569
67,0.00013064349868608145
67,0.0001444064305431543
67,0.0001563832937555369
67,0.000165331568001145
67,0.0001705447726018657
67,0.00017184016907388817
67,0.00016935117014393224
67,0.0001633154890242165
67,0.00015402906554129678
67,0.00014196150261367853
67,0.00012786504028963278
67,0.00011271002030209828
67,9.743675854860313e-05
67,8.267606201995271e-05
67,6.861872716453188e-05
67,5.51015387592804e-05
67,4.1826886888830885e-05
67,2.855418709775483e-05
67,1.5142899852368156e-05
67,1.4609834549213029e-06
67,-1.2702131067136365e-05
67,-2.757585058852757e-05
67,-4.319238929890583e-05
67,-5.915185639574343e-05
67,-7.453437664292029e-05
67,-8.80313968876362e-05
67,-9.825340246092943e-05
67,-0.00010410392261742705
67,-0.00010508200606695417
67,-0.00010138123536473502
67,-9.372777424676894e-05
67,-8.304319165095975e-05
67,-7.013272925880226e-05
67,-5.557295126966501e-05
67,-3.981604544221323e-05
67,-2.3376429723825826e-05
67,-6.9295936358419715e-06
67,8.768213532201112e-06
67,2.3105377304692782e-05
67,3.584808646811791e-05
67,4.7216458081431026e-05
67,5.7717307707405796e-05
67,6.78039300383679e-05
67,7.756150826770555e-05
67,8.660541545668909e-05
67,9.42333634145469e-05
67,9.971724403633425e-05
67,0.00010257447821221327
67,0.00010272400588571637
67,0.00010052049483027243
67,9.669745384439423e-05
67,9.223953787098954e-05
67,8.820154327192963e-05
67,8.552477055848295e-05
67,8.492779042766365e-05
67,8.690594198782186e-05
67,9.177976799390563e-05
67,9.968635676546241e-05
67,0.00011046741949005322
67,0.00012351791678182953
67,0.00013772310662273014
67,0.00015158501364346814
67,0.0001635358092600915
67,0.0001723113670348361
67,0.00017719647548458423
67,0.00017801835929519763
67,0.0001749357887211541
67,0.00016821786446185872
67,0.00015818910440087354
67,0.00014534102368535926
67,0.00013044226826704102
67,0.00011447759797178694
67,9.840285783089539e-05
67,8.28665528508642e-05
67,6.80781891656686e-05
67,5.389192527556656e-05
67,4.002381253072358e-05
67,2.6240802485717803e-05
67,1.2400404624961225e-05
67,-1.6447194733499562e-06
67,-1.6134821156855138e-05
67,-3.1337667396533005e-05
67,-4.7320106767165104e-05
67,-6.369987409848585e-05
67,-7.955126594535921e-05
67,-9.354034023802229e-05
67,-0.00010424372963528073
67,-0.00011053416810730214
67,-0.0001118891231716017
67,-0.00010848842855657801
67,-0.00010104551313751366
67,-9.046369494103219e-05
67,-7.752438106852192e-05
67,-6.278270211646138e-05
67,-4.668263986697779e-05
67,-2.9749293819887026e-05
67,-1.268433245330046e-05
67,3.723623212300225e-06
67,1.8833103975337787e-05
67,3.238684678986072e-05
67,4.458708898143668e-05
67,5.592528714840087e-05
67,6.683904260620935e-05
67,7.73962497636727e-05
67,8.719403647118445e-05
67,9.551279513779106e-05
67,0.00010161028344647607
67,0.00010499566408086446
67,0.00010558933934251079
67,0.00010376140229384855
67,0.00010027583001462678
67,9.615674312692694e-05
67,9.249447624825565e-05
67,9.024823665399095e-05
67,9.013031810912149e-05
67,9.26097573597926e-05
67,9.797239202500961e-05
67,0.00010632423732916948
67,0.00011748589649564336
67,0.0001308394737404486
67,0.0001452581182228197
67,0.00015922536457195193
67,0.00017114837873871894
67,0.00017974005819334886
67,0.0001842758977792089
67,0.00018459371084121324
67,0.00018087924693866475
67,0.00017343502766186523
67,0.0001626160260285614
67,0.0001489371243830183
67,0.00013318445677722347
67,0.0001163581217408885
67,9.94304571993203e-05
67,8.306876106156079e-05
67,6.750242185499304e-05
67,5.2604081953098794e-05
67,3.810434561753432e-05
67,2.3778208757138175e-05
67,9.481130303299275e-06
67,-4.950484999108906e-06
67,-1.9788461826913813e-05
67,-3.534138697188705e-05
67,-5.1712978021057955e-05
67,-6.853974797145638e-05
67,-8.488981171336846e-05
67,-9.940222146802673e-05
67,-0.00011061759284678444
67,-0.00011737590372806117
67,-0.00011913168662844168
67,-0.00011605018671180513
67,-0.00010883132000393652
67,-9.835900003474193e-05
67,-8.538925629019397e-05
67,-7.045437163440442e-05
67,-5.398954902201545e-05
67,-3.6531219658589975e-05
67,-1.8808892998706262e-05
67,-1.6456295183700379e-06
67,1.428534710976713e-05
67,2.870184313604878e-05
67,4.178709257920375e-05
67,5.401621322370295e-05
67,6.581008860072761e-05
67,7.7218184541139e-05
67,8.781818915039438e-05
67,9.687205846980409e-05
67,0.00010362251905213248
67,0.00010756995814862529
67,0.00010863633486992937
67,0.00010720814256891188
67,0.00010408176300027174
67,0.00010032331111251804
67,9.706096092588358e-05
67,9.527301370676472e-05
67,9.566511951608575e-05
67,9.867834093299073e-05
67,0.00010456157149102412
67,0.00011338772159267877
67,0.00012495487784610916
67,0.000138631408339684
67,0.00015327753897845969
67,0.0001673571175376461
67,0.00017925071316874904
67,0.00018764679441486763
67,0.00019181097947862253
67,0.00019159234878901726
67,0.0001872053525438181
67,0.00017898807271742547
67,0.00016732790428850358
67,0.00015276462759082897
67,0.00013610302295288422
67,0.00011835953190660417
67,0.00010052403593348774
67,8.328380345009706e-05
67,6.688935392638745e-05
67,5.123299253176176e-05
67,3.606082761912356e-05
67,2.115644761171403e-05
67,6.373161423984834e-06
67,-8.469903039077284e-06
67,-2.3678156823157036e-05
67,-3.960362070804288e-05
67,-5.638924898895517e-05
67,-7.369154703791292e-05
67,-9.057206663532642e-05
67,-0.00010564113876155803
67,-0.00011740106773555064
67,-0.00012465699225432532
67,-0.00012683906497694557
67,-0.00012409704421691058
67,-0.0001171165068637461
67,-0.00010676074270728515
67,-9.375876899636435e-05
67,-7.861851463268136e-05
67,-6.176578527994743e-05
67,-4.374902908021116e-05
67,-2.532737071202414e-05
67,-7.360530755038773e-06
67,9.444463561931333e-06
67,2.4778895216768525e-05
67,3.880580043237868e-05
67,5.198293298347137e-05
67,6.471338730898007e-05
67,7.702699399391543e-05
67,8.848071929945506e-05
67,9.831687609458937e-05
67,0.00010576219257171584
67,0.00011030772754054406
67,0.00011187710393307599
67,0.00011087426269715409
67,0.00010813005976990586
67,0.00010475530162615455
67,0.00010191845526048852
67,0.00010061818327579977
67,0.00010155310508495142
67,0.00010513453244929131
67,0.00011157203393501278
67,0.00012090325586406513
67,0.00013290227596889973
67,0.00014692280082989314
67,0.00016181127758747627
67,0.0001760106017200402
67,0.00018787305390401536
67,0.00019606112300830342
67,0.00019982992270360712
67,0.000199040515249399
67,0.0001939378776349639
67,0.00018489792375101088
67,0.0001723425577116899
67,0.00015683808117057676
67,0.00013920915093918495
67,0.00012048962232742136
67,0.00010168804103129047
67,8.351289745654782e-05
67,6.623716126398656e-05
67,4.977403949184675e-05
67,3.388614134938823e-05
67,1.836622306791142e-05
67,3.0653410546848585e-06
67,-1.2215727234811786e-05
67,-2.7818109297185316e-05
67,-4.414003779386898e-05
67,-6.13662293301598e-05
67,-7.917448409183622e-05
67,-9.661939088168758e-05
67,-0.00011228073096517961
67,-0.0001246200467809028
67,-0.0001324054115167793
67,-0.00013504105208900262
67,-0.00013266027402517006
67,-0.00012593342302333704
67,-0.00011570185538881708
67,-0.00010266583134589164
67,-8.730732834367325e-05
67,-7.004210812472218e-05
67,-5.143137361267652e-05
67,-3.226575276115364e-05
67,-1.3443980225394407e-05
67,4.290945295347351e-06
67,2.060209565500769e-05
67,3.563103504546623e-05
67,4.981705198839692e-05
67,6.35443020735332e-05
67,7.682169253024326e-05
67,8.918410237933081e-05
67,9.985291289054754e-05
67,0.00010803781554599087
67,0.00011321994322447073
67,0.00011532469182926711
67,0.00011477456539964997
67,0.00011243709886257376
67,0.00010947065870102507
67,0.00010708660833932462
67,0.00010630531112399418
67,0.0001078179404329234
67,0.00011200417202015934
67,0.00011903172623899931
67,0.00012890069548374713
67,0.00014135956248589944
67,0.00015574638769821138
67,0.00017089293349788431
67,0.00018521980374500835
67,0.00019704919459153787
67,0.0002050159609737236
67,0.0002083640335598779
67,0.0002069672090316633
67,0.00020110293619044744
67,0.00019118739175763417
67,0.00017767922897832892
67,0.00016117301202474827
67,0.00014251458380385899
67,0.0001227563424794896
67,0.00010292668011174464
67,8.37566383818484e-05
67,6.554304652619614e-05
67,4.8221338852710354e-05
67,3.157168822355215e-05
67,1.539662724630606e-05
67,-4.55155556481238e-07
67,-1.6202381003847014e-05
67,-3.222416330952573e-05
67,-4.8967906882978876e-05
67,-6.666278421036835e-05
67,-8.50092829643418e-05
67,-0.00010305460669638789
67,-0.00011934603925337675
67,-0.00013230174867289224
67,-0.00014065037059605724
67,-0.00014376856379959824
67,-0.00014177216016447472
67,-0.00013531533161247045
67,-0.00012521611110133564
67,-0.00011214414538145269
67,-9.655375801275891e-05
67,-7.884997648020421e-05
67,-5.960754175859415e-05
67,-3.965059047713121e-05
67,-1.991936934694922e-05
67,-1.195145845673298e-06
67,1.6155152987785574e-05
67,3.22502663624666e-05
67,4.7509844132309464e-05
67,6.229787688768372e-05
67,7.660097777360998e-05
67,8.993049072746122e-05
67,0.00010148550242592092
67,0.00011045756872167761
67,0.00011631726087899585
67,0.00011899185804280234
67,0.00011892360532360507
67,0.00011701905535020864
67,0.00011448718462205366
67,0.00011258502623987569
67,0.00011235607536333315
67,0.00011448362233985637
67,0.00011931370216861087
67,0.00012696949895165942
67,0.00013741110865324617
67,0.00015035972428163613
67,0.00016513670373599165
67,0.00018055814962112125
67,0.00019502094013246598
67,0.00020681527293625688
67,0.0002145466127289762
67,0.00021744699195820188
67,0.00021540374607177185
67,0.00020872886512236696
67,0.00019788137305998282
67,0.00018335905417492948
67,0.00016578658929841517
67,0.00014603240640768822
67,0.0001251686550910914
67,0.00010424483598366258
67,8.401595745161528e-05
67,6.480420771109161e-05
67,4.656866087333722e-05
67,2.9108189909804706e-05
67,1.2235756768722825e-05
67,-4.2024386751136985e-06
67,-2.0445838444647697e-05
67,-3.691396134149277e-05
67,-5.410653217772817e-05
67,-7.230004033071721e-05
67,-9.121913680929509e-05
67,-0.0001099031885973503
67,-0.00012686491313130684
67,-0.00014047633065079345
67,-0.00014942412079790515
67,-0.00015305562994394957
67,-0.00015146813423422707
67,-0.00014529863600662614
67,-0.000135340372840382
67,-0.0001222304050840449
67,-0.00010639358655165491
67,-8.822346655652924e-05
67,-6.830915042415554e-05
67,-4.751041782632928e-05
67,-2.681169373088689e-05
67,-7.034969740647694e-06
67,1.1420920381905071e-05
67,2.8650454118759142e-05
67,4.505240153010945e-05
67,6.096928903093194e-05
67,7.636397633161531e-05
67,9.07227260454196e-05
67,0.00010322087515744643
67,0.0001130306745646065
67,0.00011961146154412214
67,0.0001228925205349604
67,0.00012333709381361134
67,0.00012189324155499666
67,0.0001198237990236767
67,0.00011843442653807301
67,0.00011879328135090693
67,0.0001215753097351312
67,0.00012709077105758926
67,0.0001354154477818239
67,0.00014646683597615724
67,0.00015993703314800246
67,0.0001751295706052013
67,0.00019084385588313845
67,0.00020545151700301892
67,0.00021720871657174783
67,0.0002246896596645254
67,0.00022711371941203947
67,0.0002243826260988685
67,0.00021684511061985837
67,0.00020500578806806455
67,0.0001894041009390186
67,0.00017069681539449465
67,0.00014977643350785354
67,0.00012773614473005502
67,0.00010564790266860038
67,8.42921856875384e-05
67,6.401813066605832e-05
67,4.480994912395063e-05
67,2.648642148367175e-05
67,8.871636820534599e-06
67,-8.190815175757179e-06
67,-2.4962390872753475e-05
67,-4.190558040233977e-05
67,-5.9575776896528044e-05
67,-7.829983210462315e-05
67,-9.78281337687821e-05
67,-0.00011719173495732235
67,-0.00013486658717828354
67,-0.00014917561269736805
67,-0.00015876085449602272
67,-0.00016293848682163696
67,-0.000161786072225988
67,-0.00015592237680806586
67,-0.00014611427145742157
67,-0.00013296412872436706
67,-0.0001168654016644542
67,-9.81993721138518e-05
67,-7.757039061767627e-05
67,-5.587615114789381e-05
67,-3.414809334463344e-05
67,-1.3251546262577452e-05
67,6.380716386557585e-06
67,2.4817376912075948e-05
67,4.243500042470588e-05
67,5.955326289203917e-05
67,7.610971512227551e-05
67,9.156389066935528e-05
67,0.00010506582555863035
67,0.0001157672191254837
67,0.0001231154583953643
67,0.00012704196418685624
67,0.00012803231553435546
67,0.00012707873217689876
67,0.00012550136492885247
67,0.00012465764571114115
67,0.0001256420192046717
67,0.00012912059640461966
67,0.00013536559135183632
67,0.00014440233870455905
67,0.00015610296607967858
67,0.0001701285567680676
67,0.00018576362443031312
67,0.00020178978635565343
67,0.00021655180435491855
67,0.0002282696407624809
67,0.0002354842479638148
67,0.00023740152253246208
67,0.00023393849472349377
67,0.00022548297702693347
67,0.00021258810147711614
67,0.00019583766477925053
67,0.00017592261507189667
67,0.00015376110838487178
67,0.00013046873749444525
67,0.00010714133400671304
67,8.458644569569157e-05
67,6.318185306697549e-05
67,4.293850196161124e-05
67,2.369636593968558e-05
67,5.291403083442137e-06
67,-1.2435537225003184e-05
67,-2.9769301621832158e-05
67,-4.721808249821432e-05
67,-6.539650624077067e-05
67,-8.468503371448115e-05
67,-0.0001048614707014207
67,-0.00012494805274522073
67,-0.00014338162458928566
67,-0.00015843286728886268
67,-0.0001686963302719881
67,-0.00017345503393018124
67,-0.00017276559333713194
67,-0.00016722740161145583
67,-0.00015757928952411167
67,-0.00014438670548579674
67,-0.0001280096476939472
67,-0.00010881629204788213
67,-8.742717117975475e-05
67,-6.478030686583342e-05
67,-4.195716640883916e-05
67,-1.9869192358918635e-05
67,1.0147391661607412e-06
67,2.073587990676741e-05
67,3.964717460210793e-05
67,4.988010695880856e-05
