  0.000,0.0
  1.000,0.015889717445677028
  0.000,0.015889717445677028
 2.2600E-05,0.016824672395020914
 4.5200E-05,0.019344282196870496
 6.7800E-05,0.023807216567938355
 9.0400E-05,0.029143973970876758
 1.1300E-04,0.033173350144347774
 1.3560E-04,0.034859115008755825
 1.5820E-04,0.03408067100122734
 1.8080E-04,0.0314379883823691
 2.0340E-04,0.02873207286883288
 2.2600E-04,0.027419902273150557
 2.4860E-04,0.027156112327424067
 2.7120E-04,0.027000400177936458
 2.9380E-04,0.025779154488666692
 3.1640E-04,0.02223854914450372
 3.3900E-04,0.01670221991358966
 3.6160E-04,0.010842303834006473
 3.8420E-04,0.006083451385592616
 4.0680E-04,0.0034050155314855344
 4.2940E-04,0.0029322567407740825
 4.5200E-04,0.003301866184385727
 4.7460E-04,0.003013258444204599
 4.9720E-04,0.001645154938056078
 5.1980E-04,-0.0004590315875082165
 5.4240E-04,-0.0020945728493042735
 5.6500E-04,-0.0016602279592200387
 5.8760E-04,0.0013303142843842405
 6.1020E-04,0.006081629021698405
 6.3280E-04,0.011269466953068418
 6.5540E-04,0.015419811593187987
 6.7800E-04,0.017775423395822585
 7.0060E-04,0.018984637726939105
 7.2320E-04,0.020334641664351248
 7.4580E-04,0.02279645487159794
 7.6840E-04,0.026631081523430643
 7.9100E-04,0.030991422063381218
 8.1360E-04,0.034262052297068385
 8.3620E-04,0.0352604012569399
 8.5880E-04,0.03386466975814345
 8.8140E-04,0.030883955475582293
 9.0400E-04,0.027753934353577432
 9.2660E-04,0.025666504931679997
 9.4920E-04,0.02466166892558923
 9.7180E-04,0.023837770980571882
 9.9440E-04,0.02203083524322027
 1.0170E-03,0.018410306041928108
 1.0396E-03,0.01320706437643554
 1.0622E-03,0.007717120020086335
 1.0848E-03,0.0034001963540225616
 1.1074E-03,0.0011455316001719737
 1.1300E-03,0.0008882350050446569
 1.1526E-03,0.001580758689900774
 1.1752E-03,0.0019409751241865488
 1.1978E-03,0.0013727213796701
 1.2204E-03,0.00023985339023817657
 1.2430E-03,-0.00036316810110595496
 1.2656E-03,0.0007780191163282922
 1.2882E-03,0.004139021964677046
 1.3108E-03,0.009090928886915178
 1.3334E-03,0.01431595087919235
 1.3560E-03,0.018509988619156426
 1.3786E-03,0.02105894477969982
 1.4012E-03,0.02240298199468712
 1.4238E-03,0.023651171384121525
 1.4464E-03,0.0257476502893422
 1.4690E-03,0.028876983993848495
 1.4916E-03,0.03229043620266374
 1.5142E-03,0.0346661070386111
 1.5368E-03,0.03494764275784639
 1.5594E-03,0.032992726778674965
 1.5820E-03,0.029597907867245053
 1.6046E-03,0.026048741503582357
 1.6272E-03,0.02337708688842368
 1.6498E-03,0.021726417367288857
 1.6724E-03,0.020356556893481773
 1.6950E-03,0.018213930332464004
 1.7176E-03,0.014629161010482837
 1.7402E-03,0.009823525421848797
 1.7628E-03,0.0048806653980526735
 1.7854E-03,0.00112067700166884
 1.8080E-03,-0.000643135302810148
 1.8306E-03,-0.0005073642523404853
 1.8532E-03,0.0006192971790021089
 1.8758E-03,0.0016105907386098678
 1.8984E-03,0.0018647196661806052
 1.9210E-03,0.001658978558538622
 1.9436E-03,0.0019387075343047296
 1.9662E-03,0.0037141153859831157
 1.9888E-03,0.0073785588614729905
 2.0114E-03,0.012388090868094729
 2.0340E-03,0.017546105186501102
 2.0566E-03,0.021665440401877647
 2.0792E-03,0.024198661321149204
 2.1018E-03,0.025498729358717227
 2.1244E-03,0.02651503649791754
 2.1470E-03,0.028107736920045565
 2.1696E-03,0.030459704383268574
 2.1922E-03,0.03292480172624067
 2.2148E-03,0.034384721958706246
 2.2374E-03,0.033933752630660265
 2.2600E-03,0.03144808889789916
 2.2826E-03,0.02766230927163398
 2.3052E-03,0.02374383327652376
 2.3278E-03,0.020626364333873548
 2.3504E-03,0.018490217275752126
 2.3730E-03,0.016732823995193505
 2.3956E-03,0.014440968361642692
 2.4182E-03,0.011039959669307627
 2.4408E-03,0.0067304323764609195
 2.4634E-03,0.0024483100967056916
 2.4860E-03,-0.0006479985739753914
 2.5086E-03,-0.0018342272131893183
 2.5312E-03,-0.0012051350761107795
 2.5538E-03,0.0004254396070003481
 2.5764E-03,0.0020459687052424525
 2.5990E-03,0.003078726501117208
 2.6216E-03,0.0037151631796609763
 2.6442E-03,0.004750055697094084
 2.6668E-03,0.007037341882364765
 2.6894E-03,0.010897855694457129
 2.7120E-03,0.01584375478715075
 2.7346E-03,0.02080485304014768
 2.7572E-03,0.02471007367650623
 2.7798E-03,0.027059467321477352
 2.8024E-03,0.028147829280168436
 2.8250E-03,0.02880270130728688
 2.8476E-03,0.02979871914654564
 2.8702E-03,0.03132691041736581
 2.8928E-03,0.032848409766866905
 2.9154E-03,0.033413897379301984
 2.9380E-03,0.03225551730927128
 2.9606E-03,0.029282823028280197
 2.9832E-03,0.025167025952463756
 3.0058E-03,0.02096859109513675
 3.0284E-03,0.017544398135293158
 3.0510E-03,0.015094369870588376
 3.0736E-03,0.01312607344404296
 3.0962E-03,0.010854994621254024
 3.1188E-03,0.0077794019617922865
 3.1414E-03,0.004070053390111912
 3.1640E-03,0.0005359828447674417
 3.1866E-03,-0.0018159710824336732
 3.2092E-03,-0.0023546244442466686
 3.2318E-03,-0.0011739647497131978
 3.2544E-03,0.000989525240308359
 3.2770E-03,0.0032151244256922664
 3.2996E-03,0.004950245780916102
 3.3222E-03,0.006313677801648344
 3.3448E-03,0.007963615262315833
 3.3674E-03,0.010621169965424561
 3.3900E-03,0.014548427049820737
 3.4126E-03,0.019305010257818823
 3.4352E-03,0.023938220972171458
 3.4578E-03,0.027490165819998837
 3.4804E-03,0.029507338575995502
 3.5030E-03,0.0302420596267686
 3.5256E-03,0.03042632481990805
 3.5482E-03,0.030762297048855605
 3.5708E-03,0.03145156420435024
 3.5934E-03,0.032057078351431595
 3.6160E-03,0.03177941830431519
 3.6386E-03,0.02997362184346494
 3.6612E-03,0.026584289561190497
 3.6838E-03,0.022226273563988194
 3.7064E-03,0.017862291360162527
 3.7290E-03,0.014280045028418734
 3.7516E-03,0.01169012938941791
 3.7742E-03,0.009688104926554338
 3.7968E-03,0.007597837451698421
 3.8194E-03,0.004975679326925058
 3.8420E-03,0.001958251223164681
 3.8646E-03,-0.0007619319111593476
 3.8872E-03,-0.0023175547628731417
 3.9098E-03,-0.0021683126632632585
 3.9324E-03,-0.0004134908591185635
 3.9550E-03,0.002274557129575972
 3.9776E-03,0.0050512573596299196
 4.0002E-03,0.007386843228650451
 4.0228E-03,0.009339675297988355
 4.0454E-03,0.011449752186264556
 4.0680E-03,0.014324490981035184
 4.0906E-03,0.018178916748911977
 4.1132E-03,0.02261790166226279
 4.1358E-03,0.02679772673680515
 4.1584E-03,0.02986884376782974
 4.1810E-03,0.03142673072666343
 4.2036E-03,0.03169432000966836
 4.2262E-03,0.0313276640728009
 4.2488E-03,0.030970183398789677
 4.2714E-03,0.030835824157530372
 4.2940E-03,0.030580509228580598
 4.3166E-03,0.029538717702778706
 4.3392E-03,0.02717461755032782
 4.3618E-03,0.023464924456560253
 4.3844E-03,0.01897402885263026
 4.4070E-03,0.01457485275554541
 4.4296E-03,0.010989230329099075
 4.4522E-03,0.008430343789463631
 4.4748E-03,0.006562947235877093
 4.4974E-03,0.004799120507280266
 4.5200E-03,0.002739999842496614
 4.5426E-03,0.0004856858492744468
 4.5652E-03,-0.0013795926351893232
 4.5878E-03,-0.002117016232839011
 4.6104E-03,-0.0012727254252704965
 4.6330E-03,0.0010440480259233317
 4.6556E-03,0.004214356800324882
 4.6782E-03,0.007459599976582774
 4.7008E-03,0.010271857025002305
 4.7234E-03,0.012660332826721375
 4.7460E-03,0.015065310102872749
 4.7686E-03,0.017998587743087928
 4.7912E-03,0.021638738064381054
 4.8138E-03,0.0256356699023839
 4.8364E-03,0.029247893422350388
 4.8590E-03,0.0317291645188369
 4.8816E-03,0.03272637302625291
 4.9042E-03,0.032444269367199075
 4.9268E-03,0.031478647974515134
 4.9494E-03,0.0304257262660626
 4.9720E-03,0.029512817458900092
 4.9946E-03,0.02847918547753544
 5.0172E-03,0.026777849817215312
 5.0398E-03,0.02396883816950871
 5.0624E-03,0.020056213675389425
 5.0850E-03,0.015557562389260773
 5.1076E-03,0.011262208918292091
 5.1302E-03,0.007827657072578499
 5.1528E-03,0.005461730822441649
 5.1754E-03,0.0038818395803700903
 5.1980E-03,0.0025700408832975805
 5.2206E-03,0.0011603400557993403
 5.2432E-03,-0.00028506523119563353
 5.2658E-03,-0.0012824717847497937
 5.2884E-03,-0.0012110797447438659
 5.3110E-03,0.00030215513489692796
 5.3336E-03,0.0031355156927458574
 5.3562E-03,0.006715389305408901
 5.3788E-03,0.010322020276673673
 5.4014E-03,0.013469897248791406
 5.4240E-03,0.01612995827884011
 5.4466E-03,0.018660369540908002
 5.4692E-03,0.021494375055000015
 5.4918E-03,0.02478411484552917
 5.5144E-03,0.028225108416245363
 5.5370E-03,0.031172508185256836
 5.5596E-03,0.032978507351577674
 5.5822E-03,0.03334296370454164
 5.6048E-03,0.03246155298538271
 5.6274E-03,0.030882432512858497
 5.6500E-03,0.029163673264466377
 5.6726E-03,0.027545796787066524
 5.6952E-03,0.02584148426801556
 5.7178E-03,0.023607246032618427
 5.7404E-03,0.020485842147379463
 5.7630E-03,0.016502866426524692
 5.7856E-03,0.012130873733201018
 5.8082E-03,0.008080061128922521
 5.8308E-03,0.0049441649597942935
 5.8534E-03,0.002918152924307507
 5.8760E-03,0.0017574763009874322
 5.8986E-03,0.0009982297079574815
 5.9212E-03,0.00029708495863029036
 5.9438E-03,-0.00032219075956878914
 5.9664E-03,-0.00046862761077082074
 5.9890E-03,0.0003709713286579319
 6.0116E-03,0.0024953646583413735
 6.0342E-03,0.00576983536389877
 6.0568E-03,0.009660611665624173
 6.0794E-03,0.013502045730624135
 6.1020E-03,0.0168328634825929
 6.1246E-03,0.0195963507953749
 6.1472E-03,0.022084978211720917
 6.1698E-03,0.024669286709358407
 6.1924E-03,0.027484375703685934
 6.2150E-03,0.030272192787798063
 6.2376E-03,0.0324795684044921
 6.2602E-03,0.03355230770880245
 6.2828E-03,0.03324371115064253
 6.3054E-03,0.031747303442916694
 6.3280E-03,0.029573464675361087
 6.3506E-03,0.02724879515123889
 6.3732E-03,0.025025583286587626
 6.3958E-03,0.02277978968865037
 6.4184E-03,0.0201566769548683
 6.4410E-03,0.016868714402484986
 6.4636E-03,0.012956517849492534
 6.4862E-03,0.00884797823377876
 6.5088E-03,0.005177261460970684
 6.5314E-03,0.0024743550745821947
 6.5540E-03,0.0009146219221454195
 6.5766E-03,0.0002788860537741324
 6.5992E-03,0.00014370934801964658
 6.6218E-03,0.00018011968981463425
 6.6444E-03,0.0003739194677381417
 6.6670E-03,0.0010313969102520883
 6.6896E-03,0.0025687354838074515
 6.7122E-03,0.005217786242334884
 6.7348E-03,0.008832097481250018
 6.7574E-03,0.01291451288417997
 6.7800E-03,0.01685072241133826
 6.8026E-03,0.020206443030500214
 6.8252E-03,0.022907513630042457
 6.8478E-03,0.025195822459843722
 6.8704E-03,0.027393675375807912
 6.8930E-03,0.02962767910154329
 6.9156E-03,0.031686903874134933
 6.9382E-03,0.03310511304556422
 6.9608E-03,0.03341668455351285
 6.9834E-03,0.03242765216592581
 7.0060E-03,0.030334186513224146
 7.0286E-03,0.02761617583697716
 7.0512E-03,0.024773214423904195
 7.0738E-03,0.02206670828019584
 7.0964E-03,0.019425572190763803
 7.1190E-03,0.016569441037315582
 7.1416E-03,0.01326770349743563
 7.1642E-03,0.009569088076243234
 7.1868E-03,0.0058562217697200256
 7.2094E-03,0.0026894066461312345
 7.2320E-03,0.000534723765491101
 7.2546E-03,-0.00045782015698891823
 7.2772E-03,-0.0004926640586342699
 7.2998E-03,3.604876055107698e-05
 7.3224E-03,0.0008073594291828618
 7.3450E-03,0.0017706831429289411
 7.3676E-03,0.0031560772700672483
 7.3902E-03,0.005293567094918291
 7.4128E-03,0.00835624221039627
 7.4354E-03,0.0121886819999314
 7.4580E-03,0.01632900372444985
 7.4806E-03,0.020213027362642504
 7.5032E-03,0.02343680187505622
 7.5258E-03,0.02591832308087767
 7.5484E-03,0.027862586407261962
 7.5710E-03,0.029556584810857923
 7.5936E-03,0.0311259174463187
 7.6162E-03,0.03240705606660079
 7.6388E-03,0.0330158378945783
 7.6614E-03,0.032569749349297294
 7.6840E-03,0.030925629355603203
 7.7066E-03,0.028285058690347375
 7.7292E-03,0.025102355374473292
 7.7518E-03,0.021852579683698043
 7.7744E-03,0.018802522496786184
 7.7970E-03,0.01592362941358868
 7.8196E-03,0.012995990271320892
 7.8422E-03,0.009833523355313269
 7.8648E-03,0.00648607201367811
 7.8874E-03,0.003289853436213606
 7.9100E-03,0.0007329658716166828
 7.9326E-03,-0.0007824030481366903
 7.9552E-03,-0.0011361466143197715
 7.9778E-03,-0.0005265058820675234
 8.0004E-03,0.0006728901533448869
 8.0230E-03,0.0021447296480648506
 8.0456E-03,0.003804776743111232
 8.0682E-03,0.00581576554215201
 8.0908E-03,0.0084326842271409
 8.1134E-03,0.01177863129000397
 8.1360E-03,0.015693176624279836
 8.1586E-03,0.019749847111697725
 8.1812E-03,0.023434536102905308
 8.2038E-03,0.026377226323151932
 8.2264E-03,0.028496869559403466
 8.2490E-03,0.029973707504359005
 8.2716E-03,0.0310706679767215
 8.2942E-03,0.031918576677146454
 8.3168E-03,0.03240092255397436
 8.3394E-03,0.03221040048001977
 8.3620E-03,0.0310415634680656
 8.3846E-03,0.02879891022241144
 8.4072E-03,0.025690317019537664
 8.4298E-03,0.0221473276812941
 8.4524E-03,0.018621191895368885
 8.4750E-03,0.01537946241244426
 8.4976E-03,0.012425730512121414
 8.5202E-03,0.009587226316339036
 8.5428E-03,0.006710617550580336
 8.5654E-03,0.0038400850624675377
 8.5880E-03,0.0012641371530938655
 8.6106E-03,-0.0005997825676483015
 8.6332E-03,-0.0014128910277080595
 8.6558E-03,-0.001088153430476526
 8.6784E-03,0.00017597194479622674
 8.7010E-03,0.0020199273650201976
 8.7236E-03,0.0041275994609026295
 8.7462E-03,0.006384968289608138
 8.7688E-03,0.00889678808626573
 8.7914E-03,0.011854320839641374
 8.8140E-03,0.01533987440633522
 8.8366E-03,0.019192833734619243
 8.8592E-03,0.023023339022756016
 8.8818E-03,0.026368050142564377
 8.9044E-03,0.028894433027423366
 8.9270E-03,0.03053019319869633
 8.9496E-03,0.03144129252764659
 8.9722E-03,0.03187606331585234
 8.9948E-03,0.031975396117384654
 9.0174E-03,0.03166856431447746
 9.0400E-03,0.030719373593845387
 9.0626E-03,0.028892737975675736
 9.0852E-03,0.02613650770486236
 9.1078E-03,0.022664052360903835
 9.1304E-03,0.018885084388584626
 9.1530E-03,0.015226296635045631
 9.1756E-03,0.011950722663074011
 9.1982E-03,0.0090839340821355
 9.2208E-03,0.006487763341424552
 9.2434E-03,0.004030680310102288
 9.2660E-03,0.0017449485382475777
 9.2886E-03,-0.0001297256052902381
 9.3112E-03,-0.0012447671709240886
 9.3338E-03,-0.001323578714477856
 9.3564E-03,-0.0003138860834404958
 9.3790E-03,0.0015813185719490625
 9.4016E-03,0.004012334892075361
 9.4242E-03,0.006663594053189255
 9.4468E-03,0.009396190389591974
 9.4694E-03,0.012266586418600121
 9.4920E-03,0.015413682689976026
 9.5146E-03,0.01888839477270258
 9.5372E-03,0.022535273302533798
 9.5598E-03,0.02600294292634906
 9.5824E-03,0.028879892229828407
 9.6050E-03,0.030874276826887728
 9.6276E-03,0.03192917581959276
 9.6502E-03,0.03220498663803643
 9.6728E-03,0.03194306677459868
 9.6954E-03,0.03129771885734671
 9.7180E-03,0.03024179815808634
 9.7406E-03,0.028603840515462192
 9.7632E-03,0.02621173025488637
 9.7858E-03,0.023051303080072284
 9.8084E-03,0.01933916042191488
 9.8310E-03,0.015462574924710603
 9.8536E-03,0.011821774529862883
 9.8762E-03,0.00866959851993157
 9.8988E-03,0.006043866211433222
 9.9214E-03,0.0038294465874317636
 9.9440E-03,0.0019067224064871259
 9.9666E-03,0.00029058763895462047
 9.9892E-03,-0.0008286255904776329
 1.0012E-02,-0.0011688997969076266
 1.0034E-02,-0.0005136834571080799
 1.0057E-02,0.001154381042795611
 1.0080E-02,0.0036254656966758104
 1.0102E-02,0.006557577460839055
 1.0125E-02,0.009636650230899602
 1.0147E-02,0.012704660838999553
 1.0170E-02,0.015779663787073645
 1.0193E-02,0.01895943614266698
 1.0215E-02,0.022272842194952864
 1.0238E-02,0.025575137718086356
 1.0260E-02,0.02855559161468392
 1.0283E-02,0.03085560243468905
 1.0306E-02,0.03222661975778657
 1.0328E-02,0.032632390642842554
 1.0351E-02,0.032234641905913866
 1.0373E-02,0.03127349652817093
 1.0396E-02,0.02991848314375681
 1.0419E-02,0.02818280977138054
 1.0441E-02,0.025952692756241826
 1.0464E-02,0.023110950930953354
 1.0486E-02,0.01967513406959407
 1.0509E-02,0.015861616480584702
 1.0532E-02,0.012033397905878799
 1.0554E-02,0.008561501093456377
 1.0577E-02,0.0056827874585051955
 1.0599E-02,0.0034382551692998878
 1.0622E-02,0.0017254183778293711
 1.0645E-02,0.00042795423606734333
 1.0667E-02,-0.00046101821482756784
 1.0690E-02,-0.000800334118899996
 1.0712E-02,-0.0003714772797566432
 1.0735E-02,0.00098523780360087
 1.0758E-02,0.0032536121858915135
 1.0780E-02,0.006216551321687187
 1.0803E-02,0.009539463662034666
 1.0825E-02,0.01291212163683228
 1.0848E-02,0.016163811167468938
 1.0871E-02,0.019284065352007468
 1.0893E-02,0.02234043910906169
 1.0916E-02,0.02534876549534678
 1.0938E-02,0.028180410287105405
 1.0961E-02,0.030567387473259287
 1.0984E-02,0.03220479506190002
 1.1006E-02,0.03288915869040616
 1.1029E-02,0.032608751378367294
 1.1051E-02,0.03153167598567296
 1.1074E-02,0.029900693641289368
 1.1097E-02,0.027900852310845048
 1.1119E-02,0.0255814635486446
 1.1142E-02,0.02287873484448226
 1.1164E-02,0.01972183523619339
 1.1187E-02,0.01615304701493397
 1.1210E-02,0.01238415075823838
 1.1232E-02,0.0087511600236802
 1.1255E-02,0.005592662190771591
 1.1277E-02,0.003123943847794336
 1.1300E-02,0.0013810116749823683
 1.1323E-02,0.00026500181763913734
 1.1345E-02,-0.00034427628271232883
 1.1368E-02,-0.00047864068060053314
 1.1390E-02,-4.491490922014759e-05
 1.1413E-02,0.0011158614078640668
 1.1436E-02,0.0031107721783933014
 1.1458E-02,0.005892853607518166
 1.1481E-02,0.0092389853908038
 1.1503E-02,0.012823249010717866
 1.1526E-02,0.016342693264765326
 1.1549E-02,0.0196207505437095
 1.1571E-02,0.022628101393999255
 1.1594E-02,0.025412419371576428
 1.1616E-02,0.0279849466569694
 1.1639E-02,0.030238130467669856
 1.1662E-02,0.031948463506616
 1.1684E-02,0.03286497628770341
 1.1707E-02,0.03283005607808824
 1.1729E-02,0.03185885534986717
 1.1752E-02,0.03012906940241829
 1.1775E-02,0.02788816250252017
 1.1797E-02,0.025335542078390366
 1.1820E-02,0.022551420709915497
 1.1842E-02,0.019513756481629434
 1.1865E-02,0.016189082875675494
 1.1888E-02,0.01263695437046499
 1.1910E-02,0.00905959474108346
 1.1933E-02,0.005762791934967458
 1.1955E-02,0.003049322182467837
 1.1978E-02,0.0011077782323281888
 1.2001E-02,-3.7873274814026036e-05
 1.2023E-02,-0.0004903592609584144
 1.2046E-02,-0.00037929881992721334
 1.2068E-02,0.00023677136089278575
 1.2091E-02,0.0014053099103022609
 1.2114E-02,0.0032306219048666637
 1.2136E-02,0.0057725083521600416
 1.2159E-02,0.008957316569806402
 1.2181E-02,0.012558563533878917
 1.2204E-02,0.016261548679930998
 1.2227E-02,0.01977483306548781
 1.2249E-02,0.022922974619742274
 1.2272E-02,0.025667018713488574
 1.2294E-02,0.02804431365327555
 1.2317E-02,0.030069129269190597
 1.2340E-02,0.031659267087387616
 1.2362E-02,0.032636803105456275
 1.2385E-02,0.032804164067602185
 1.2407E-02,0.03204926440446873
 1.2430E-02,0.030414964195255755
 1.2453E-02,0.028089999969010435
 1.2475E-02,0.02532690449963442
 1.2498E-02,0.022336951671369072
 1.2520E-02,0.01922522146316333
 1.2543E-02,0.016002771938842184
 1.2566E-02,0.012664303778737205
 1.2588E-02,0.00927896427085588
 1.2611E-02,0.0060341847119846324
 1.2633E-02,0.0032021153295195386
 1.2656E-02,0.0010465337708413323
 1.2679E-02,-0.00027502888709992354
 1.2701E-02,-0.0007563761996659076
 1.2724E-02,-0.0005099133523907321
 1.2746E-02,0.000321444948474462
 1.2769E-02,0.0016521134094746761
 1.2792E-02,0.0034872387272498195
 1.2814E-02,0.005882314513738513
 1.2837E-02,0.008856131737979549
 1.2859E-02,0.012313506079762532
 1.2882E-02,0.01602838887314819
 1.2905E-02,0.01970078707347069
 1.2927E-02,0.023055489358244474
 1.2950E-02,0.02592502361225425
 1.2972E-02,0.028269332977581677
 1.2995E-02,0.030123999917740393
 1.3018E-02,0.0315129031070692
 1.3040E-02,0.032382548865646676
 1.3063E-02,0.03260086222051476
 1.3085E-02,0.03202220384476819
 1.3108E-02,0.03057849164429852
 1.3131E-02,0.02833962521083504
 1.3153E-02,0.025505172941106494
 1.3176E-02,0.022331556745818052
 1.3198E-02,0.019038259634012466
 1.3221E-02,0.01574853558759553
 1.3244E-02,0.012497667811227417
 1.3266E-02,0.009299339570912005
 1.3289E-02,0.00622467117703271
 1.3311E-02,0.0034411193510708216
 1.3334E-02,0.0011839528947480112
 1.3357E-02,-0.0003247379858909657
 1.3379E-02,-0.0009618598187347692
 1.3402E-02,-0.0007432423191841331
 1.3424E-02,0.00020496716578236116
 1.3447E-02,0.0017244165021099971
 1.3470E-02,0.0037035938782565437
 1.3492E-02,0.006109843809811454
 1.3515E-02,0.008956551576698606
 1.3537E-02,0.012228563840981055
 1.3560E-02,0.015815155750391323
 1.3583E-02,0.019495329382718078
 1.3605E-02,0.022987893200357455
 1.3628E-02,0.02603873859003369
 1.3650E-02,0.028494802712955482
 1.3673E-02,0.03032255497861514
 1.3696E-02,0.03156318531586409
 1.3718E-02,0.03225554470123185
 1.3741E-02,0.03237709611726295
 1.3763E-02,0.031840887050736566
 1.3786E-02,0.030550726081508422
 1.3809E-02,0.02847980856781238
 1.3831E-02,0.025722988881186258
 1.3854E-02,0.022488955085189163
 1.3876E-02,0.019035492822173504
 1.3899E-02,0.015585684788719323
 1.3922E-02,0.012273818793755465
 1.3944E-02,0.009150525488586142
 1.3967E-02,0.006239546665012986
 1.3989E-02,0.003606701801906174
 1.4012E-02,0.0013946609785455326
 1.4035E-02,-0.0002009479745208242
 1.4057E-02,-0.0010016396844226446
 1.4080E-02,-0.0009209475687702455
 1.4102E-02,5.937420167468873e-07
 1.4125E-02,0.0016208042959406726
 1.4148E-02,0.0037654438613679685
 1.4170E-02,0.0062995785806099595
 1.4193E-02,0.009158262744723138
 1.4215E-02,0.01232018845992687
 1.4238E-02,0.015743905925273853
 1.4261E-02,0.019309695965264297
 1.4283E-02,0.022806719321518017
 1.4306E-02,0.025976945756322135
 1.4328E-02,0.02859209569448357
 1.4351E-02,0.030519296780777475
 1.4374E-02,0.03173807208017549
 1.4396E-02,0.03230124840101625
 1.4419E-02,0.032266656486987656
 1.4441E-02,0.03164374549655657
 1.4464E-02,0.030388872244249562
 1.4487E-02,0.028451745923883425
 1.4509E-02,0.025842953717005773
 1.4532E-02,0.02267893205740732
 1.4554E-02,0.019174471876815202
 1.4577E-02,0.015585088898588633
 1.4600E-02,0.01213215279074022
 1.4622E-02,0.00895364403728385
 1.4645E-02,0.006106906520026233
 1.4667E-02,0.003617336920725158
 1.4690E-02,0.0015388072985484278
 1.4713E-02,-1.4947448974853136e-05
 1.4735E-02,-0.0008899387473175584
 1.4758E-02,-0.0009522092269920327
 1.4780E-02,-0.00015278438628024216
 1.4803E-02,0.0014420362184794817
 1.4826E-02,0.003673480994247775
 1.4848E-02,0.006352562001896534
 1.4871E-02,0.009324674804919447
 1.4893E-02,0.012498934634896784
 1.4916E-02,0.015827269052585677
 1.4939E-02,0.01924991524695885
 1.4961E-02,0.022644964999484606
 1.4984E-02,0.025817009690012407
 1.5006E-02,0.028535481124179873
 1.5029E-02,0.03060222003760839
 1.5052E-02,0.031909441939495006
 1.5074E-02,0.03245498531986812
 1.5097E-02,0.032307880557596286
 1.5119E-02,0.031547499027697254
 1.5142E-02,0.030215015280491288
 1.5165E-02,0.028307161835630736
 1.5187E-02,0.025814961844686332
 1.5210E-02,0.022781445578808568
 1.5232E-02,0.019340145300574922
 1.5255E-02,0.01570787005936054
 1.5278E-02,0.012133394430276325
 1.5300E-02,0.008830636244288132
 1.5323E-02,0.005933994790306366
 1.5345E-02,0.0034993955900039547
 1.5368E-02,0.0015462655030342104
 1.5391E-02,0.0001107724152615004
 1.5413E-02,-0.0007255118919978562
 1.5436E-02,-0.0008512491750335158
 1.5458E-02,-0.00017677719048224687
 1.5481E-02,0.001309917276129011
 1.5504E-02,0.003517303710969277
 1.5526E-02,0.006271084382247039
 1.5549E-02,0.00937009300786139
 1.5571E-02,0.012644860292136193
 1.5594E-02,0.01598554030126953
 1.5617E-02,0.019325502308356834
 1.5639E-02,0.022594721859275937
 1.5662E-02,0.02567586651756634
 1.5684E-02,0.028394079407369686
 1.5707E-02,0.03055019561759891
 1.5730E-02,0.031979777640294804
 1.5752E-02,0.03260395234140884
 1.5775E-02,0.03244274476618139
 1.5797E-02,0.03158441887682535
 1.5820E-02,0.030130961861878015
 1.5843E-02,0.02815371192031297
 1.5865E-02,0.025685748758056584
 1.5888E-02,0.022753862228293252
 1.5910E-02,0.01942766029538444
 1.5933E-02,0.015852386776410734
 1.5956E-02,0.01224198519528186
 1.5978E-02,0.008833476040654886
 1.6001E-02,0.005827456160013926
 1.6023E-02,0.0033478158293656483
 1.6046E-02,0.0014416916093940983
 1.6069E-02,0.00011593753440020485
 1.6091E-02,-0.000615619810295013
 1.6114E-02,-0.0007056711044520626
 1.6136E-02,-8.53880104396235e-05
 1.6159E-02,0.0012920787264127484
 1.6182E-02,0.0034037098579191537
 1.6204E-02,0.006134780387679758
 1.6227E-02,0.009297988563438664
 1.6249E-02,0.012683771890704963
 1.6272E-02,0.016113417484501392
 1.6295E-02,0.019465474698393943
 1.6317E-02,0.022662980009139543
 1.6340E-02,0.02563349194423164
 1.6362E-02,0.028270687901068625
 1.6385E-02,0.030424941403966593
 1.6408E-02,0.03193180557044084
 1.6430E-02,0.03266326083878877
 1.6453E-02,0.03257194751196728
 1.6475E-02,0.03170247797913421
 1.6498E-02,0.030163818285005466
 1.6521E-02,0.028080175452955842
 1.6543E-02,0.025550234883733907
 1.6566E-02,0.02263838258479537
 1.6588E-02,0.01940079862429787
 1.6611E-02,0.015927077602296124
 1.6634E-02,0.012368142710058398
 1.6656E-02,0.008929683283510336
 1.6679E-02,0.0058317227913403415
 1.6701E-02,0.0032558404900005808
 1.6724E-02,0.0013091118097558275
 1.6747E-02,2.351783848705217e-05
 1.6769E-02,-0.0006120288665768527
 1.6792E-02,-0.0006093766038936524
 1.6814E-02,4.3698930723235895e-05
 1.6837E-02,0.0013749031895325943
 1.6860E-02,0.0033910245250634904
 1.6882E-02,0.0060372702559164
 1.6905E-02,0.009179105638064494
 1.6927E-02,0.012619982394820444
 1.6950E-02,0.016146677417440452
 1.6973E-02,0.019577399807981767
 1.6995E-02,0.022786559925264217
 1.7018E-02,0.025694839608746183
 1.7040E-02,0.028234749721735487
 1.7063E-02,0.0303168108341382
 1.7086E-02,0.03182060404675899
 1.7108E-02,0.03261886286336835
 1.7131E-02,0.032621607013359755
 1.7153E-02,0.03181427142152853
 1.7176E-02,0.030266956096605662
 1.7199E-02,0.028109262795852238
 1.7221E-02,0.02548581940200296
 1.7244E-02,0.02251868819080413
 1.7266E-02,0.019297643328495987
 1.7289E-02,0.01590122757084865
 1.7312E-02,0.012431934196151843
 1.7334E-02,0.009039962659899363
 1.7357E-02,0.005917163906434649
 1.7379E-02,0.0032614079894367483
 1.7402E-02,0.0012300295908843884
 1.7425E-02,-9.21357431756648e-05
 1.7447E-02,-0.000693411563966051
 1.7470E-02,-0.0006067920850867638
 1.7492E-02,0.00012829642320639372
 1.7515E-02,0.0014895281972900456
 1.7538E-02,0.003466141567658343
 1.7560E-02,0.006028834540281899
 1.7583E-02,0.009095496865364823
 1.7605E-02,0.012516307949280204
 1.7628E-02,0.016090202216862293
 1.7651E-02,0.01960569567522984
 1.7673E-02,0.022884339692057973
 1.7696E-02,0.02580370440828463
 1.7718E-02,0.02828958635275895
 1.7741E-02,0.030286091960969427
 1.7764E-02,0.031725577631183985
 1.7786E-02,0.03251988901906957
 1.7809E-02,0.032580371452573524
 1.7831E-02,0.031855511743610426
 1.7854E-02,0.03036345209772683
 1.7877E-02,0.028199201542428817
 1.7899E-02,0.025511474754679003
 1.7922E-02,0.022462238420363073
 1.7944E-02,0.01919195885889391
 1.7967E-02,0.01580918491333595
 1.7990E-02,0.012407361375246683
 1.8012E-02,0.009094553651218038
 1.8035E-02,0.006013757797398941
 1.8057E-02,0.0033375207524881318
 1.8080E-02,0.0012367980546880895
 1.8103E-02,-0.00015980018532989605
 1.8125E-02,-0.0007939952663123377
 1.8148E-02,-0.0006781773800868262
 1.8170E-02,0.00013030452341681914
 1.8193E-02,0.001564035561019137
 1.8216E-02,0.0035680416569740542
 1.8238E-02,0.006096968162504379
 1.8261E-02,0.00909049271766484
 1.8283E-02,0.012444649524773654
 1.8306E-02,0.015999742335156837
 1.8329E-02,0.0195555961705922
 1.8351E-02,0.022908224571113772
 1.8374E-02,0.02588890209571553
 1.8396E-02,0.02838522045391475
 1.8419E-02,0.03033480655035453
 1.8442E-02,0.0316990562055547
 1.8464E-02,0.032436111670953914
 1.8487E-02,0.03249204792093033
 1.8509E-02,0.031817096379853964
 1.8532E-02,0.030397380893436226
 1.8555E-02,0.02828230135172144
 1.8577E-02,0.02558979207061492
 1.8600E-02,0.02248482999757854
 1.8622E-02,0.019142523427760627
 1.8645E-02,0.015715963711549007
 1.8668E-02,0.012325387089732921
 1.8690E-02,0.00907149573297034
 1.8713E-02,0.00606064010462926
 1.8735E-02,0.0034223573048585733
 1.8758E-02,0.0013048495390085985
 1.8781E-02,-0.00015192062023723142
 1.8803E-02,-0.0008515570921623971
 1.8826E-02,-0.0007653646036096037
 1.8848E-02,6.794004809887867e-05
 1.8871E-02,0.001565773166980465
 1.8894E-02,0.003633805829821615
 1.8916E-02,0.006187622450926931
 1.8939E-02,0.009152249779583718
 1.8961E-02,0.01244233639280708
 1.8984E-02,0.015938292473501613
 1.9007E-02,0.01947655907042551
 1.9029E-02,0.022863629701496184
 1.9052E-02,0.025908824624470007
 1.9074E-02,0.028459197462441063
 1.9097E-02,0.030418533940297393
 1.9120E-02,0.031742035287566014
 1.9142E-02,0.03241294368850225
 1.9165E-02,0.03241793735060397
 1.9187E-02,0.03173807273696056
 1.9210E-02,0.030361513800972902
 1.9233E-02,0.028309925343947964
 1.9255E-02,0.02566121330882056
 1.9278E-02,0.022552972646498914
 1.9300E-02,0.01916243933138399
 1.9323E-02,0.015672761688350356
 1.9346E-02,0.012243305225552916
 1.9368E-02,0.008998685098690225
 1.9391E-02,0.0060393024441856855
 1.9413E-02,0.003462831563190151
 1.9436E-02,0.0013796134234847334
 1.9459E-02,-9.082542464539361e-05
 1.9481E-02,-0.000842659020996142
 1.9504E-02,-0.0008140076394636739
 1.9526E-02,-7.3696753765287e-06
 1.9549E-02,0.0015115050820825693
 1.9572E-02,0.0036354689752580434
 1.9594E-02,0.006245762459417376
 1.9617E-02,0.009232912028158194
 1.9639E-02,0.012498223075003246
 1.9662E-02,0.0159380021548246
 1.9685E-02,0.019423767235484755
 1.9707E-02,0.022794412143821906
 1.9730E-02,0.025868936117959405
 1.9752E-02,0.02847552826236041
 1.9775E-02,0.030482485995909997
 1.9798E-02,0.03181504737931558
 1.9820E-02,0.032450577227564545
 1.9843E-02,0.03239743963324439
 1.9865E-02,0.031672291550927135
 1.9888E-02,0.03029064519410474
 1.9911E-02,0.02827640209509828
 1.9933E-02,0.025683453560216386
 1.9956E-02,0.022614270149906412
 1.9978E-02,0.019221733019760268
 2.0001E-02,0.015690398214283325
 2.0024E-02,0.01220569500083188
 2.0046E-02,0.008926604267882547
 2.0069E-02,0.005974863987637148
 2.0091E-02,0.003443381830467834
 2.0114E-02,0.001414802318557824
 2.0137E-02,-2.4674339606708343e-05
 2.0159E-02,-0.0007875686168162039
 2.0182E-02,-0.0008041960300590696
 2.0204E-02,-4.816987709337507e-05
 2.0227E-02,0.0014466852817366246
 2.0250E-02,0.0035884176146434793
 2.0272E-02,0.006247452027377056
 2.0295E-02,0.009284349484144047
 2.0317E-02,0.012569952614085568
 2.0340E-02,0.015988440590401665
 2.0363E-02,0.019424901212007694
 2.0385E-02,0.02274890468616174
 2.0408E-02,0.025808112423999614
 2.0430E-02,0.028439625774471854
 2.0453E-02,0.03049554110800287
 2.0476E-02,0.03187003639836963
 2.0498E-02,0.0325139573293519
 2.0521E-02,0.03243012603366519
 2.0543E-02,0.03165392624850665
 2.0566E-02,0.03023207525782047
 2.0589E-02,0.02821272872366517
 2.0611E-02,0.025652132638538376
 2.0634E-02,0.022631973359493258
 2.0656E-02,0.019274315414870707
 2.0679E-02,0.0157420549961161
 2.0702E-02,0.01222144554767832
 2.0724E-02,0.008894055550884808
 2.0747E-02,0.005911798252010063
 2.0769E-02,0.003386613615619872
 2.0792E-02,0.001397365496487439
 2.0815E-02,6.1858094246819255e-06
 2.0837E-02,-0.0007287779136101769
 2.0860E-02,-0.0007543033128332697
 2.0882E-02,-3.756858125959425e-05
 2.0905E-02,0.0014127413762379639
 2.0928E-02,0.0035328135785511745
 2.0950E-02,0.006206778263318162
 2.0973E-02,0.00928608641866835
 2.0995E-02,0.012615440696421884
 2.1018E-02,0.016052131493237653
 2.1041E-02,0.01947024577894118
 2.1063E-02,0.022750933002229873
 2.1086E-02,0.02576868061316586
 2.1108E-02,0.028385938208666688
 2.1131E-02,0.030462986189350404
 2.1154E-02,0.03188009687260723
 2.1176E-02,0.03256093810960105
 2.1199E-02,0.03248486931915957
 2.1221E-02,0.03168207495309738
 2.1244E-02,0.03021543400533295
 2.1267E-02,0.02816044587250656
 2.1289E-02,0.02559485848668166
 2.1312E-02,0.02260276870492885
 2.1334E-02,0.019288260649480846
 2.1357E-02,0.015787196649373732
 2.1380E-02,0.012266568422721499
 2.1402E-02,0.008908299556782323
 2.1425E-02,0.005883866517422223
 2.1447E-02,0.0033316994589655904
 2.1470E-02,0.001347633839363749
 2.1493E-02,-9.160206934149314e-06
 2.1515E-02,-0.0007014449031517883
 2.1538E-02,-0.000701811486800299
 2.1560E-02,7.799004934722184e-06
 2.1583E-02,0.001423986097844947
 2.1606E-02,0.003504814981736404
 2.1628E-02,0.0061592158194516515
 2.1651E-02,0.009250990288657647
 2.1673E-02,0.012617181644605046
 2.1696E-02,0.016092282579462186
 2.1719E-02,0.019526654471467158
 2.1741E-02,0.022791486308894188
 2.1764E-02,0.025771142117595562
 2.1786E-02,0.02835152837984842
 2.1809E-02,0.03041533654964298
 2.1832E-02,0.03185033593517555
 2.1854E-02,0.03256826631860896
 2.1877E-02,0.03252471194083003
 2.1899E-02,0.03172910495190045
 2.1922E-02,0.03023946669941463
 2.1945E-02,0.02814523461068065
 2.1967E-02,0.025548108703179827
 2.1990E-02,0.022551240892562625
 2.2012E-02,0.019261132980360134
 2.2035E-02,0.015798099292336963
 2.2058E-02,0.01230541842925086
 2.2080E-02,0.00894788557321472
 2.2103E-02,0.005896959299425202
 2.2125E-02,0.0033080033867526346
 2.2148E-02,0.001300103970007246
 2.2171E-02,-5.243908608367192e-05
 2.2193E-02,-0.0007146724557648231
 2.2216E-02,-0.0006773481012930571
 2.2238E-02,5.4878780640682154e-05
 2.2261E-02,0.0014653773258898272
 2.2284E-02,0.003516533727197958
 2.2306E-02,0.00613631735669752
 2.2329E-02,0.009210385847118762
 2.2351E-02,0.012586903391755663
 2.2374E-02,0.016093935655175265
 2.2397E-02,0.019561966143408722
 2.2419E-02,0.022841257203051874
 2.2442E-02,0.02580717000351748
 2.2464E-02,0.028354031393630328
 2.2487E-02,0.03038504131727508
 2.2510E-02,0.03180777740844757
 2.2532E-02,0.0325408319078085
 2.2555E-02,0.03252956414763259
 2.2577E-02,0.031762612451349266
 2.2600E-02,0.0302796476707738
 2.2623E-02,0.02816558407525529
 2.2645E-02,0.025534131969785906
 2.2668E-02,0.02250941676973141
 2.2690E-02,0.01921482083858119
 2.2713E-02,0.015773045738140416
 2.2736E-02,0.012313931245198268
 2.2758E-02,0.008981473831195014
 2.2781E-02,0.0059319011234749384
 2.2803E-02,0.0033202666537997826
 2.2826E-02,0.001280305530174517
 2.2849E-02,-9.327846124261054e-05
 2.2871E-02,-0.0007520478650462985
 2.2894E-02,-0.0006884813917120934
 2.2916E-02,7.699717430473827e-05
 2.2939E-02,0.0015077734936430104
 2.2962E-02,0.003554385327203133
 2.2984E-02,0.006148319295608667
 2.3007E-02,0.009191801886101735
 2.3029E-02,0.012552257800795047
 2.3052E-02,0.016067758540053222
 2.3075E-02,0.01956340641481427
 2.3097E-02,0.02287213643621716
 2.3120E-02,0.025850859019288217
 2.3142E-02,0.028385776709941975
 2.3165E-02,0.030387264347716325
 2.3188E-02,0.031780827539932166
 2.3210E-02,0.03250256097466146
 2.3233E-02,0.03250407469069298
 2.3255E-02,0.031765248243692215
 2.3278E-02,0.030307569921900836
 2.3301E-02,0.028199730300016625
 2.3323E-02,0.025551239524946305
 2.3346E-02,0.022496562249975496
 2.3368E-02,0.01917743905557841
 2.3391E-02,0.01573152043213681
 2.3414E-02,0.012290974317098476
 2.3436E-02,0.00898818635265694
 2.3459E-02,0.005961142730836371
 2.3481E-02,0.003351353689264031
 2.3504E-02,0.0012920193788338555
 2.3527E-02,-0.00010949074315199465
 2.3549E-02,-0.0007868359303430966
 2.3572E-02,-0.0007204803624565191
 2.3594E-02,6.788234282627389e-05
 2.3617E-02,0.001527950521470098
 2.3640E-02,0.003592684568129032
 2.3662E-02,0.006182968738551178
 2.3685E-02,0.009203878732752812
 2.3707E-02,0.01253725906002779
 2.3730E-02,0.016038153743408633
 2.3753E-02,0.019540660911115403
 2.3775E-02,0.02287322089764466
 2.3798E-02,0.025877644430018724
 2.3820E-02,0.028423872551492264
 2.3843E-02,0.030414959242203523
 2.3866E-02,0.031782519566149255
 2.3888E-02,0.03247831729798112
 2.3911E-02,0.03246942242372731
 2.3933E-02,0.031741405699254314
 2.3956E-02,0.03030825804649771
 2.3979E-02,0.028222773684121988
 2.4001E-02,0.02558012105315212
 2.4024E-02,0.022510873245824466
 2.4046E-02,0.019165661832884602
 2.4069E-02,0.015698199806382887
 2.4092E-02,0.012253888833029481
 2.4114E-02,0.008967362356211359
 2.4137E-02,0.005966579269411312
 2.4159E-02,0.0033770519927745256
 2.4182E-02,0.0013199386344294062
 2.4205E-02,-9.809434763161312e-05
 2.4227E-02,-0.0007997606630091574
 2.4250E-02,-0.0007498168917431991
 2.4272E-02,4.0746061417969376e-05
 2.4295E-02,0.0015207289773565252
 2.4318E-02,0.003611215523319355
 2.4340E-02,0.006217632958808018
 2.4363E-02,0.009235577846906113
 2.4385E-02,0.012549190807638666
 2.4408E-02,0.016026066464136242
 2.4431E-02,0.019515258627487653
 2.4453E-02,0.022853289582443204
 2.4476E-02,0.025878225935574053
 2.4498E-02,0.028446854317961266
 2.4521E-02,0.030447902087667105
 2.4544E-02,0.03180639589788839
 2.4566E-02,0.032479297234097995
 2.4589E-02,0.032447367479337304
 2.4611E-02,0.031709828435215956
 2.4634E-02,0.030285843812663756
 2.4657E-02,0.028221794986812227
 2.4679E-02,0.02559895481165435
 2.4702E-02,0.022535218976776343
 2.4724E-02,0.019177619908581807
 2.4747E-02,0.015687506875054137
 2.4770E-02,0.012224329468110418
 2.4792E-02,0.008934432476835761
 2.4815E-02,0.005947926962693906
 2.4837E-02,0.0033816692019668832
 2.4860E-02,0.001342787827143929
 2.4883E-02,-7.275694873569395e-05
 2.4905E-02,-0.0007885025229823863
 2.4928E-02,-0.0007597503386325473
 2.4950E-02,1.6289166968193563e-05
 2.4973E-02,0.001497949071913922
 2.4996E-02,0.0036057169374807112
 2.5018E-02,0.006234718311324296
 2.5041E-02,0.009266961498554094
 2.5063E-02,0.01257812003437411
 2.5086E-02,0.016037628484885293
 2.5109E-02,0.019505465573818454
 2.5131E-02,0.022831331470020193
 2.5154E-02,0.02586054868087529
 2.5176E-02,0.028446794302920183
 2.5199E-02,0.030467339555932737
 2.5222E-02,0.03183459358110823
 2.5244E-02,0.03249959513387247
 2.5267E-02,0.032447522706430844
 2.5289E-02,0.03168955767458674
 2.5312E-02,0.030256913014468242
 2.5335E-02,0.028200663989532606
 2.5357E-02,0.0255966023290142
 2.5380E-02,0.022550478350163456
 2.5402E-02,0.019198118065142003
 2.5425E-02,0.015697546949240818
 2.5448E-02,0.012214764405511714
 2.5470E-02,0.008908395944917545
 2.5493E-02,0.005918913325620117
 2.5515E-02,0.0033652189954603384
 2.5538E-02,0.0013469722593225388
 2.5561E-02,-5.216922802267119e-05
 2.5583E-02,-0.0007652600687973251
 2.5606E-02,-0.0007485066651779915
 2.5628E-02,9.045651818723839e-06
 2.5651E-02,0.0014778197077082525
 2.5674E-02,0.0035867916122024595
 2.5696E-02,0.006230733187420686
 2.5719E-02,0.00928272103536547
 2.5741E-02,0.012606487480183814
 2.5764E-02,0.01606391131996314
 2.5787E-02,0.019516436446214872
 2.5809E-02,0.022823273991789496
 2.5832E-02,0.025841357206084426
 2.5854E-02,0.0284308730779073
 2.5877E-02,0.030466518986466896
 2.5900E-02,0.03185073008332964
 2.5922E-02,0.032523436337157076
 2.5945E-02,0.03246449672446842
 2.5967E-02,0.031688841023666835
 2.5990E-02,0.030238124982833015
 2.6013E-02,0.028174054947749765
 2.6035E-02,0.02557667526640098
 2.6058E-02,0.022547054861209177
 2.6080E-02,0.019210404757501107
 2.6103E-02,0.01571484356478363
 2.6126E-02,0.012223304975830957
 2.6148E-02,0.008900024247014937
 2.6171E-02,0.0058962043653308545
 2.6193E-02,0.0033399107712122973
 2.6216E-02,0.0013327365879346226
 2.6239E-02,-4.810289085905423e-05
 2.6261E-02,-0.0007464495164541204
 2.6284E-02,-0.0007269679832876271
 2.6306E-02,2.0342771470969914e-05
 2.6329E-02,0.0014729552755291982
 2.6352E-02,0.0035704526711946485
 2.6374E-02,0.0062151649841450125
 2.6397E-02,0.009280008374274123
 2.6419E-02,0.012620975066981243
 2.6442E-02,0.016089454266667455
 2.6465E-02,0.019540154034718666
 2.6487E-02,0.022833443911166103
 2.6510E-02,0.025834538127493315
 2.6532E-02,0.02841385285060096
 2.6555E-02,0.030451922148226694
 2.6578E-02,0.0318490587042075
 2.6600E-02,0.03253651148003564
 2.6623E-02,0.032484361553031624
 2.6645E-02,0.03170276424914016
 2.6668E-02,0.030236550506724018
 2.6691E-02,0.028156540750825573
 2.6713E-02,0.025552154960497675
 2.6736E-02,0.022528309000050414
 2.6758E-02,0.019206218272297428
 2.6781E-02,0.01572472403556672
 2.6804E-02,0.012238000837802788
 2.6826E-02,0.008907459329240176
 2.6849E-02,0.0058890996678524635
 2.6871E-02,0.0033203606743488433
 2.6894E-02,0.0013109369757317618
 2.6917E-02,-6.01377616287872e-05
 2.6939E-02,-0.0007422592535016168
 2.6962E-02,-0.0007095495173686493
 2.6984E-02,4.047774169018152e-05
 2.7007E-02,0.0014843195687690935
 2.7030E-02,0.0035676454096195145
 2.7052E-02,0.006202092498797941
 2.7075E-02,0.009267306313628397
 2.7097E-02,0.012619271247966647
 2.7120E-02,0.01610267273542052
 2.7143E-02,0.019563008469004457
 2.7165E-02,0.022854649123372102
 2.7188E-02,0.025843717113158998
 2.7210E-02,0.028407839325876684
 2.7233E-02,0.030436560869606645
 2.7256E-02,0.03183542400446243
 2.7278E-02,0.03253393470558265
 2.7301E-02,0.03249462042355043
 2.7323E-02,0.03171903169337811
 2.7346E-02,0.03024771620000822
 2.7369E-02,0.028154177886753944
 2.7391E-02,0.02553578674986393
 2.7414E-02,0.02250572306331325
 2.7436E-02,0.019188676979561947
 2.7459E-02,0.015720081597788194
 2.7482E-02,0.012246002889112538
 2.7504E-02,0.008920105829147117
 2.7527E-02,0.005895790743742092
 2.7549E-02,0.003314592158120661
 2.7572E-02,0.0012943889535025985
 2.7595E-02,-7.862387442231569e-05
 2.7617E-02,-0.0007521395734438174
 2.7640E-02,-0.0007050653562611678
 2.7662E-02,5.67953230322573e-05
 2.7685E-02,0.0015032659060203323
 2.7708E-02,0.0035790401867244314
 2.7730E-02,0.006201010429702123
 2.7753E-02,0.009256990180184377
 2.7775E-02,0.012608954953252784
 2.7798E-02,0.016101701368393367
 2.7821E-02,0.019574924486673508
 2.7843E-02,0.022874911662328367
 2.7866E-02,0.02586244801339516
 2.7888E-02,0.028415865117363423
 2.7911E-02,0.030430987119050224
 2.7934E-02,0.03182129304534819
 2.7956E-02,0.032520971209832036
 2.7979E-02,0.03249112426067367
 2.8001E-02,0.03172673149690991
 2.8024E-02,0.030260769011133323
 2.8047E-02,0.028162899060001103
 2.8069E-02,0.02553275319098591
 2.8092E-02,0.022490441799753947
 2.8114E-02,0.019167936073965972
 2.8137E-02,0.015703803046452264
 2.8160E-02,0.01224120327855046
 2.8182E-02,0.008926714154936875
 2.8205E-02,0.00590688527280642
 2.8227E-02,0.0033208606547777252
 2.8250E-02,0.0012900103121929155
 2.8273E-02,-9.232707581839162e-05
 2.8295E-02,-0.0007675155612962692
 2.8318E-02,-0.0007128741590807844
 2.8340E-02,6.167354623512922e-05
 2.8363E-02,0.0015186866533931425
 2.8386E-02,0.0035969356369039353
 2.8408E-02,0.006212354252669303
 2.8431E-02,0.009257294455806257
 2.8453E-02,0.012600901733200862
 2.8476E-02,0.016093306606633856
 2.8499E-02,0.0195744066661653
 2.8521E-02,0.022885470015720614
 2.8544E-02,0.025880191069482004
 2.8566E-02,0.02843215713553768
 2.8589E-02,0.03043773195134381
 2.8612E-02,0.031815862066328436
 2.8634E-02,0.03250772489391187
 2.8657E-02,0.032478612328761446
 2.8679E-02,0.03172234479381436
 2.8702E-02,0.030266182600831085
 2.8725E-02,0.028173125640511575
 2.8747E-02,0.025539359844717988
 2.8770E-02,0.02248689487370803
 2.8792E-02,0.019153738475510846
 2.8815E-02,0.015684868697889542
 2.8838E-02,0.012226268540457892
 2.8860E-02,0.008922039840577307
 2.8883E-02,0.005912536391735683
 2.8905E-02,0.003330841957083012
 2.8928E-02,0.0012961309559926938
 2.8951E-02,-9.52868455353893e-05
 2.8973E-02,-0.0007785415937889054
 2.8996E-02,-0.000725359037430143
 2.9018E-02,5.5814426815606354e-05
 2.9041E-02,0.0015239933125862104
 2.9064E-02,0.0036115846460747694
 2.9086E-02,0.006229268360574464
 2.9109E-02,0.009268468538328405
 2.9131E-02,0.012602251758081159
 2.9154E-02,0.016087044097189758
 2.9177E-02,0.019567492038896808
 2.9199E-02,0.02288513480271124
 2.9222E-02,0.025889328296128104
 2.9244E-02,0.028447442903919335
 2.9267E-02,0.03045162881056758
 2.9290E-02,0.03182123841803339
 2.9312E-02,0.032502209319095136
 2.9335E-02,0.032465986234810736
 2.9357E-02,0.031710134625077775
 2.9380E-02,0.030260977308431743
 2.9403E-02,0.02817654274208698
 2.9425E-02,0.02554715397450952
 2.9448E-02,0.022491729642324633
 2.9470E-02,0.019149865684614846
 2.9493E-02,0.01567179395805636
 2.9516E-02,0.012209139010725836
 2.9538E-02,0.00890854098007654
 2.9561E-02,0.005908245387057949
 2.9583E-02,0.0033359191694181467
 2.9606E-02,0.0013053749956376853
 2.9629E-02,-8.909138491016745e-05
 2.9651E-02,-0.0007800853194718714
 2.9674E-02,-0.000733893298180309
 2.9696E-02,4.598125255904394e-05
 2.9719E-02,0.001519923498338974
 2.9742E-02,0.0036172940974936855
 2.9764E-02,0.006243201326445781
 2.9787E-02,0.009284413008489195
 2.9809E-02,0.0126131086600673
 2.9832E-02,0.016089103961407756
 2.9855E-02,0.019562574874376366
 2.9877E-02,0.022879288806880175
 2.9900E-02,0.02588892267875822
 2.9922E-02,0.028455099581681458
 2.9945E-02,0.03046452143514769
 2.9968E-02,0.03183280117148808
 2.9990E-02,0.03250617394473965
 3.0013E-02,0.0324602276053312
 3.0035E-02,0.03169794217453114
 3.0058E-02,0.030248985382103355
 3.0081E-02,0.028170631637113728
 3.0103E-02,0.025548879692515188
 3.0126E-02,0.022497487749168828
 3.0148E-02,0.01915327769617475
 3.0171E-02,0.015667802571219545
 3.0194E-02,0.0121972552740914
 3.0216E-02,0.008893237283817487
 3.0239E-02,0.005896273794717605
 3.0261E-02,0.00333223713701899
 3.0284E-02,0.0013102037632950181
 3.0307E-02,-8.027466139748016e-05
 3.0329E-02,-0.0007736481899045818
 3.0352E-02,-0.0007340604769013042
 3.0374E-02,3.973095463114863e-05
 3.0397E-02,0.0015124801227485753
 3.0420E-02,0.0036148171363856087
 3.0442E-02,0.006249235322715941
 3.0465E-02,0.009297626965674566
 3.0487E-02,0.0126280487116958
 3.0510E-02,0.016099477285432578
 3.0533E-02,0.019565020775034744
 3.0555E-02,0.022875304781785916
 3.0578E-02,0.025883770889028348
 3.0600E-02,0.028454397758639678
 3.0623E-02,0.030470653073528066
 3.0646E-02,0.03184337711895201
 3.0668E-02,0.03251548822370623
 3.0691E-02,0.032462784029611474
 3.0713E-02,0.031691848907199914
 3.0736E-02,0.030237113123475837
 3.0759E-02,0.0281588356025217
 3.0781E-02,0.02554241223381278
 3.0804E-02,0.022497839084297186
 3.0826E-02,0.019157394390403287
 3.0849E-02,0.01567014018674408
 3.0872E-02,0.01219336157785648
 3.0894E-02,0.008882628460189152
 3.0917E-02,0.005882826455371032
 3.0939E-02,0.0033218727248720444
 3.0962E-02,0.0013073169902364495
 3.0985E-02,-7.543035254393851e-05
 3.1007E-02,-0.0007650167668669288
 3.1030E-02,-0.0007272725514149705
 3.1052E-02,4.0861684942144236e-05
 3.1075E-02,0.001508281549997772
 3.1098E-02,0.0036094795835639286
 3.1120E-02,0.006248123242092061
 3.1143E-02,0.009303863543322886
 3.1165E-02,0.012640493723989177
 3.1188E-02,0.016113343652761146
 3.1211E-02,0.019574735384203457
 3.1233E-02,0.02287783283793169
 3.1256E-02,0.025880347345990606
 3.1278E-02,0.02844960947426353
 3.1301E-02,0.03046946444329808
 3.1324E-02,0.03184796307588108
 3.1346E-02,0.03252384429766634
 3.1369E-02,0.032469964907698316
 3.1391E-02,0.03169304775583079
 3.1414E-02,0.030230656560631983
 3.1437E-02,0.02814723667365565
 3.1459E-02,0.02553084389918113
 3.1482E-02,0.02249099525209533
 3.1504E-02,0.019156694793144125
 3.1527E-02,0.01567300219370395
 3.1550E-02,0.012194964180128831
 3.1572E-02,0.008879046833786557
 3.1595E-02,0.0058735795351333095
 3.1617E-02,0.0033103094623055493
 3.1640E-02,0.0012986185005544773
 3.1663E-02,-7.738079956102367e-05
 3.1685E-02,-0.0007599567380392971
 3.1708E-02,-0.0007186526600559493
 3.1730E-02,4.805191350917533e-05
 3.1753E-02,0.0015105923279868179
 3.1776E-02,0.003607076581237903
 3.1798E-02,0.006244588216744201
 3.1821E-02,0.00930386321600386
 3.1843E-02,0.012646777274005733
 3.1866E-02,0.016124935146800863
 3.1889E-02,0.019587436634784836
 3.1911E-02,0.022886715241820586
 3.1934E-02,0.02588268144759293
 3.1956E-02,0.02844641943874629
 3.1979E-02,0.03046475858566079
 3.2002E-02,0.03184613887718062
 3.2024E-02,0.03252689485110662
 3.2047E-02,0.03247622420355301
 3.2069E-02,0.031698242660848586
 3.2092E-02,0.030230594242445435
 3.2115E-02,0.028140445778815047
 3.2137E-02,0.02551953026438373
 3.2160E-02,0.022479732300584147
 3.2182E-02,0.019149677567991394
 3.2205E-02,0.01567157482574211
 3.2228E-02,0.012196943334240692
 3.2250E-02,0.008880236301179827
 3.2273E-02,0.005870511947603371
 3.2295E-02,0.003302502895457797
 3.2318E-02,0.0012889533813734344
 3.2341E-02,-8.438387779345418e-05
 3.2363E-02,-0.0007608792423217463
 3.2386E-02,-0.0007132412224772543
 3.2408E-02,5.676728914963121e-05
 3.2431E-02,0.0015181809278163698
 3.2454E-02,0.003610412541327341
 3.2476E-02,0.006243703537476984
 3.2499E-02,0.009301812862742856
 3.2521E-02,0.012647618215160516
 3.2544E-02,0.016131087235184624
 3.2567E-02,0.01959806790023815
 3.2589E-02,0.0228981498908851
 3.2612E-02,0.025890569795157987
 3.2634E-02,0.028448318546405154
 3.2657E-02,0.030461526068204042
 3.2680E-02,0.031841288586956326
 3.2702E-02,0.03252433294024492
 3.2725E-02,0.03247778528947673
 3.2747E-02,0.03170255797849028
 3.2770E-02,0.030233983429216897
 3.2793E-02,0.02813926104666699
 3.2815E-02,0.02551248455123785
 3.2838E-02,0.022468765465513817
 3.2860E-02,0.019138833858566996
 3.2883E-02,0.015664601323690634
 3.2906E-02,0.012195103180668153
 3.2928E-02,0.008881681819341507
 3.2951E-02,0.005871584057489623
 3.2973E-02,0.0033001290697368766
 3.2996E-02,0.0012826467634188508
 3.3019E-02,-9.215957732299483e-05
 3.3041E-02,-0.000766192893217652
 3.3064E-02,-0.0007130959917452135
 3.3086E-02,6.260248135269493e-05
 3.3109E-02,0.0015270354310761686
 3.3132E-02,0.0036183443373138356
 3.3154E-02,0.006247877132674037
 3.3177E-02,0.009302152999134611
 3.3199E-02,0.012646726525169901
 3.3222E-02,0.016132490461830105
 3.3245E-02,0.01960389849135988
 3.3267E-02,0.022907704423191316
 3.3290E-02,0.025900637901823793
 3.3312E-02,0.028455071911151385
 3.3335E-02,0.03046279065927958
 3.3358E-02,0.031837792795682225
 3.3380E-02,0.032519168713801255
 3.3403E-02,0.03247443303298744
 3.3425E-02,0.03170271372728873
 3.3448E-02,0.03023653841324632
 3.3471E-02,0.028141056003883586
 3.3493E-02,0.02551035338637358
 3.3516E-02,0.022461586661715226
 3.3538E-02,0.01912831462388108
 3.3561E-02,0.015654316403276428
 3.3584E-02,0.012188395128350654
 3.3606E-02,0.008879727362279152
 3.3629E-02,0.005872814783214086
 3.3651E-02,0.0033013454588772377
 3.3674E-02,0.001281115542841885
 3.3697E-02,-9.693407563903661e-05
 3.3719E-02,-0.0007721177645235893
 3.3742E-02,-0.0007167657609477744
 3.3764E-02,6.380308466356443e-05
 3.3787E-02,0.0015333064568932083
 3.3810E-02,0.0036273234976316113
 3.3832E-02,0.00625605179100726
 3.3855E-02,0.009306950187167868
 3.3877E-02,0.012647988217277022
 3.3900E-02,0.016132430932212633
 3.3923E-02,0.019605586019147317
 3.3945E-02,0.022913023070766505
 3.3968E-02,0.02590900115020744
 3.3990E-02,0.028463685718622588
 3.4013E-02,0.030468297184246255
 3.4036E-02,0.031838270046445315
 3.4058E-02,0.0325152468149832
 3.4081E-02,0.032468844108990216
 3.4103E-02,0.0316985688041905
 3.4126E-02,0.03023541135313008
 3.4149E-02,0.028142063931849336
 3.4171E-02,0.02551079312886803
 3.4194E-02,0.022458715459022265
 3.4216E-02,0.019121157088643686
 3.4239E-02,0.01564437374333267
 3.4262E-02,0.012178823127969793
 3.4284E-02,0.008873501169012239
 3.4307E-02,0.0058710195518359085
 3.4329E-02,0.003302642409097222
 3.4352E-02,0.0012826965345716212
 3.4375E-02,-9.751189432868207e-05
 3.4397E-02,-0.0007753620104235215
 3.4420E-02,-0.0007209131142780088
 3.4442E-02,6.16902520957323e-05
 3.4465E-02,0.0015354996861637504
 3.4488E-02,0.0036339871397027836
 3.4510E-02,0.006265090006147548
 3.4533E-02,0.009315229900177368
 3.4555E-02,0.012653176101567142
 3.4578E-02,0.016134308862084216
 3.4601E-02,0.019606040052449203
 3.4623E-02,0.02291472756052765
 3.4646E-02,0.025913627722871993
 3.4668E-02,0.02847075586662042
 3.4691E-02,0.030475390481550103
 3.4714E-02,0.031842453669134255
 3.4736E-02,0.03251483429116237
 3.4759E-02,0.0324643923882069
 3.4781E-02,0.031692502767583744
 3.4804E-02,0.030230520570945246
 3.4827E-02,0.028139813095691836
 3.4849E-02,0.02551049368640931
 3.4872E-02,0.022458061107693144
 3.4894E-02,0.019117774578145615
 3.4917E-02,0.01563741409779082
 3.4940E-02,0.012169602686346339
 3.4962E-02,0.008864799620513142
 3.4985E-02,0.005865476557593099
 3.5007E-02,0.003301247001352641
 3.5030E-02,0.0012842963158298409
 3.5053E-02,-9.539310676323263e-05
 3.5075E-02,-0.0007749190010081974
 3.5098E-02,-0.000722667417974292
 3.5120E-02,5.9209896637352644e-05
 3.5143E-02,0.001534815892948308
 3.5166E-02,0.0036370636856846343
 3.5188E-02,0.006272054486737153
 3.5211E-02,0.00932421893077929
 3.5233E-02,0.012661394577508403
 3.5256E-02,0.016139644417464075
 3.5279E-02,0.019608235305824336
 3.5301E-02,0.02291539317089288
 3.5324E-02,0.025915101865088833
 3.5346E-02,0.028474530439104515
 3.5369E-02,0.030481087935259235
 3.5392E-02,0.0318479895810981
 3.5414E-02,0.03251765977065047
 3.5437E-02,0.03246303997526059
 3.5459E-02,0.03168747594172361
 3.5482E-02,0.030223980965150013
 3.5505E-02,0.028134269075254112
 3.5527E-02,0.025507310557955732
 3.5550E-02,0.02245671517187732
 3.5572E-02,0.01911630232877401
 3.5595E-02,0.01563376217613829
 3.5618E-02,0.01216302889678912
 3.5640E-02,0.008856452121560481
 3.5663E-02,0.00585779547685626
 3.5685E-02,0.0032965642714760297
 3.5708E-02,0.0012835012571703825
 3.5731E-02,-9.330368544940046e-05
 3.5753E-02,-0.0007721405524476855
 3.5776E-02,-0.0007211828243683801
 3.5798E-02,5.8864679274164096e-05
 3.5821E-02,0.001533854682326856
 3.5844E-02,0.003637642738486487
 3.5866E-02,0.006275864190987102
 3.5889E-02,0.009331352170926312
 3.5911E-02,0.012670193230138972
 3.5934E-02,0.01614761677750421
 3.5957E-02,0.019613474733515206
 3.5979E-02,0.022917621976641774
 3.6002E-02,0.02591570219465961
 3.6024E-02,0.028475555597649676
 3.6047E-02,0.03048387940349221
 3.6070E-02,0.03185226477384914
 3.6092E-02,0.03252163664751561
 3.6115E-02,0.03246451597409923
 3.6137E-02,0.03168518587375138
 3.6160E-02,0.030218389635377207
 3.6183E-02,0.028127311157748334
 3.6205E-02,0.02550124655996032
 3.6228E-02,0.02245281785222753
 3.6250E-02,0.01911418520723208
 3.6273E-02,0.01563175513375186
 3.6296E-02,0.012159352851187612
 3.6318E-02,0.008850452518427586
 3.6341E-02,0.005850465541875335
 3.6363E-02,0.003290036004028494
 3.6386E-02,0.0012798234144684372
 3.6409E-02,-9.33437897199978e-05
 3.6431E-02,-0.0007694282853155793
 3.6454E-02,-0.0007176764778850681
 3.6476E-02,6.136382402582526e-05
 3.6499E-02,0.0015347973852255373
 3.6522E-02,0.0036380176643169178
 3.6544E-02,0.006277506317781506
 3.6567E-02,0.009335711420625553
 3.6589E-02,0.012677332367619514
 3.6612E-02,0.01615606146171948
 3.6635E-02,0.019621007957357935
 3.6657E-02,0.022922530301977755
 3.6680E-02,0.025917704556448564
 3.6702E-02,0.028475846894771298
 3.6725E-02,0.03048427323888889
 3.6748E-02,0.03185397799883666
 3.6770E-02,0.03252447604800512
 3.6793E-02,0.03246697133437272
 3.6815E-02,0.031685366096589916
 3.6838E-02,0.03021521466421097
 3.6861E-02,0.028121217489060393
 3.6883E-02,0.025493971342756126
 3.6906E-02,0.022446400951979865
 3.6928E-02,0.019109811070972912
 3.6951E-02,0.015629148576856197
 3.6974E-02,0.012157092074663728
 3.6996E-02,0.008846990999530983
 3.7019E-02,0.005845218136035554
 3.7041E-02,0.0032838517375144522
 3.7064E-02,0.001274553609658178
 3.7087E-02,-9.591134207846729e-05
 3.7109E-02,-0.0007686089891025023
 3.7132E-02,-0.0007142637427254391
 3.7154E-02,6.561241798597455e-05
 3.7177E-02,0.0015382373439675585
 3.7200E-02,0.00364008928508841
 3.7222E-02,0.006279003481966214
 3.7245E-02,0.009338189740968953
 3.7267E-02,0.012682032785997657
 3.7290E-02,0.016163023180013385
 3.7313E-02,0.019628923620122647
 3.7335E-02,0.02292943369195988
 3.7358E-02,0.025922064926193394
 3.7380E-02,0.0284773945837732
 3.7403E-02,0.03048405180390035
 3.7426E-02,0.03185360063257601
 3.7448E-02,0.032525057154754934
 3.7471E-02,0.03246840134871562
 3.7493E-02,0.03168637837510404
 3.7516E-02,0.030214196870688884
 3.7539E-02,0.02811725708999389
 3.7561E-02,0.02548748296463349
 3.7584E-02,0.022438947635353566
 3.7606E-02,0.019103233905981745
 3.7629E-02,0.01562454574409561
 3.7652E-02,0.012154275461011256
 3.7674E-02,0.00884474619842562
 3.7697E-02,0.005842193335363998
 3.7719E-02,0.003279514283893332
 3.7742E-02,0.0012696173880009341
 3.7765E-02,-9.985122541672389e-05
 3.7787E-02,-0.0007700050979840712
 3.7810E-02,-0.0007125331054944154
 3.7832E-02,6.974769034645263e-05
 3.7855E-02,0.001543190496364093
 3.7878E-02,0.0036443528499751883
 3.7900E-02,0.006282011730359837
 3.7923E-02,0.009340570465122662
 3.7945E-02,0.012685101241646308
 3.7968E-02,0.016167841297259452
 3.7991E-02,0.01963551496486888
 3.8013E-02,0.022936644801723728
 3.8036E-02,0.02592816025933598
 3.8058E-02,0.02848101693745886
 3.8081E-02,0.03048495541078421
 3.8104E-02,0.03185270848061093
 3.8126E-02,0.03252381570184292
 3.8149E-02,0.03246784110034367
 3.8171E-02,0.031686467155803553
 3.8194E-02,0.030213885064914348
 3.8217E-02,0.028115180138165677
 3.8239E-02,0.02548287778750429
 3.8262E-02,0.022432210023241653
 3.8284E-02,0.019095771020307798
 3.8307E-02,0.015618017206115388
 3.8330E-02,0.01214969350522926
 3.8352E-02,0.008841987341862168
 3.8375E-02,0.005840213669261016
 3.8397E-02,0.003277122743141079
 3.8420E-02,0.0012663185831442935
 3.8443E-02,-0.00010347042660967037
 3.8465E-02,-0.000772583474297026
 3.8488E-02,-0.0007127439345327663
 3.8510E-02,7.238879195141758e-05
 3.8533E-02,0.001548016914912088
 3.8556E-02,0.0036499247363907645
 3.8578E-02,0.0062869434391089
 3.8601E-02,0.009344296113041465
 3.8623E-02,0.01268810965613132
 3.8646E-02,0.016171243610809287
 3.8669E-02,0.01964022239285611
 3.8691E-02,0.022942673983080513
 3.8714E-02,0.02593450132740389
 3.8736E-02,0.028486147793949743
 3.8759E-02,0.030487684028646465
 3.8782E-02,0.03185282306143257
 3.8804E-02,0.03252214453055438
 3.8827E-02,0.03246569223245434
 3.8849E-02,0.03168480215625658
 3.8872E-02,0.030212742080021948
 3.8895E-02,0.02811370130783504
 3.8917E-02,0.025479916762161527
 3.8940E-02,0.0224271347379012
 3.8962E-02,0.019088958595330174
 3.8985E-02,0.015610732777445426
 3.9008E-02,0.012143428754826205
 3.9030E-02,0.008837667653022154
 3.9053E-02,0.005837759684597451
 3.9075E-02,0.0032756281562024343
 3.9098E-02,0.0012647230459971208
 3.9121E-02,-0.00010563823857498368
 3.9143E-02,-0.0007748558898734931
 3.9166E-02,-0.0007139727044997388
 3.9188E-02,7.332883288071297e-05
 3.9211E-02,0.0015515165816584798
 3.9234E-02,0.003655361563913546
 3.9256E-02,0.006293005904706059
 3.9279E-02,0.009349709197731133
 3.9301E-02,0.012692314365332948
 3.9324E-02,0.01617461535522411
 3.9347E-02,0.01964370167098356
 3.9369E-02,0.02294704771967462
 3.9392E-02,0.025939788161852568
 3.9414E-02,0.028491473128907603
 3.9437E-02,0.030491724048420127
 3.9460E-02,0.03185454281151037
 3.9482E-02,0.03252137375467127
 3.9505E-02,0.032463185698222694
 3.9527E-02,0.03168175279340134
 3.9550E-02,0.030210053983787098
 3.9573E-02,0.028111474906723534
 3.9595E-02,0.02547746165461029
 3.9618E-02,0.022423494460291505
 3.9640E-02,0.019083613453507963
 3.9663E-02,0.015604039082621746
 3.9686E-02,0.012136519899440167
 3.9708E-02,0.008831877908837679
 3.9731E-02,0.0058339259710651886
 3.9753E-02,0.003273696869839927
 3.9776E-02,0.0012638965917121411
 3.9799E-02,-0.0001063155382937536
 3.9821E-02,-0.0007758421894442766
 3.9844E-02,-0.0007149115011573606
 3.9866E-02,7.339287462607797e-05
 3.9889E-02,0.0015535260881223358
 3.9912E-02,0.0036596207223720764
 3.9934E-02,0.006298929036867742
 3.9957E-02,0.009356099199774141
 3.9979E-02,0.012697999066958225
 4.0002E-02,0.01617905053200431
 4.0025E-02,0.01964717320041857
 4.0047E-02,0.022950356172376174
 4.0070E-02,0.025943620499330033
 4.0092E-02,0.028495858612100335
 4.0115E-02,0.030495916254484893
 4.0138E-02,0.03185740240657033
 4.0160E-02,0.03252201458555793
 4.0183E-02,0.0324614840768676
 4.0205E-02,0.03167840673112484
 4.0228E-02,0.030206159834398928
 4.0251E-02,0.02810788746219943
 4.0273E-02,0.025474334572629907
 4.0296E-02,0.022420281314200853
 4.0318E-02,0.019079520520710574
 4.0341E-02,0.015598640423588037
 4.0364E-02,0.01213014714514601
 4.0386E-02,0.008825540203004283
 4.0409E-02,0.005828808460257389
 4.0431E-02,0.0032705462066993742
 4.0454E-02,0.0012626689000991512
 4.0477E-02,-0.00010633401315757185
 4.0499E-02,-0.0007755244950814403
 4.0522E-02,-0.0007147110165061408
 4.0544E-02,7.373009983225069e-05
 4.0567E-02,0.0015547820889649422
 4.0590E-02,0.003662574673164053
 4.0612E-02,0.006303807198659051
 4.0635E-02,0.009362348787235696
 4.0657E-02,0.012704527466247378
 4.0680E-02,0.016184783441810704
 4.0703E-02,0.019651589508539784
 4.0725E-02,0.022953674294608345
 4.0748E-02,0.025946528917118305
 4.0770E-02,0.028498966327750366
 4.0793E-02,0.030499270994936354
 4.0816E-02,0.03186037942018964
 4.0838E-02,0.0325236459781817
 4.0861E-02,0.03246102371323474
 4.0883E-02,0.03167577997987762
 4.0906E-02,0.03020202057319156
 4.0929E-02,0.028103249657617096
 4.0951E-02,0.025470008825492052
 4.0974E-02,0.0224164645040376
 4.0996E-02,0.019075787478758564
 4.1019E-02,0.015594334236949444
 4.1042E-02,0.012124917324761088
 4.1064E-02,0.00881968867536908
 4.1087E-02,0.005823225585299574
 4.1109E-02,0.003266274769214004
 4.1132E-02,0.0012603637883291416
 4.1155E-02,-0.00010672042560385493
 4.1177E-02,-0.0007746429718162079
 4.1200E-02,-0.0007133700298976623
 4.1222E-02,7.507615701486626e-05
 4.1245E-02,0.001556294067002091
 4.1268E-02,0.003664880735734135
 4.1290E-02,0.00630754229738314
 4.1313E-02,0.00936767146575183
 4.1335E-02,0.012710916840466435
 4.1358E-02,0.016191244726306786
 4.1381E-02,0.019657143458177206
 4.1403E-02,0.022957831310814306
 4.1426E-02,0.02594946003522622
 4.1448E-02,0.02850127280935879
 4.1471E-02,0.03050150335683345
 4.1494E-02,0.03186261051932629
 4.1516E-02,0.03252536628473763
 4.1539E-02,0.03246142399912668
 4.1561E-02,0.031674244579452025
 4.1584E-02,0.03019852393391745
 4.1607E-02,0.028098410336419216
 4.1629E-02,0.025464768640815177
 4.1652E-02,0.022411592242417865
 4.1674E-02,0.019071512433860377
 4.1697E-02,0.015590330603330307
 4.1720E-02,0.012120640398406105
 4.1742E-02,0.008814845751459797
 4.1765E-02,0.005818083282036755
 4.1787E-02,0.0032616088168555294
 4.1810E-02,0.0012570805251375804
 4.1833E-02,-0.0001080586156901207
 4.1855E-02,-0.0007740982269098389
 4.1878E-02,-0.0007115469907563363
 4.1900E-02,7.741943576064102e-05
 4.1923E-02,0.0015586989967291166
 4.1946E-02,0.003667425471161344
 4.1968E-02,0.006310720496521688
 4.1991E-02,0.00937199318598474
 4.2013E-02,0.01271648429811328
 4.2036E-02,0.01619757025634694
 4.2059E-02,0.019663326001371873
 4.2081E-02,0.022962985409098958
 4.2104E-02,0.025953135660887167
 4.2126E-02,0.028503611520110463
 4.2149E-02,0.030503040993243132
 4.2172E-02,0.031863855882631936
 4.2194E-02,0.03252642251792915
 4.2217E-02,0.03246188996761558
 4.2239E-02,0.03167345683654114
 4.2262E-02,0.030195986807684316
 4.2285E-02,0.028094145038983637
 4.2307E-02,0.025459363778285653
 4.2330E-02,0.02240592422595105
 4.2352E-02,0.019066308256880406
 4.2375E-02,0.015585840602465283
 4.2398E-02,0.012116617204867045
 4.2420E-02,0.008810833787014787
 4.2443E-02,0.005813830951711957
 4.2465E-02,0.0032573418003827414
 4.2488E-02,0.0012534634286069921
 4.2511E-02,-0.00011025023212905567
 4.2533E-02,-0.0007743940815106809
 4.2556E-02,-0.0007100316688179805
 4.2578E-02,8.017443135454748e-05
 4.2601E-02,0.0015619756079391684
 4.2624E-02,0.0036707602401781997
 4.2646E-02,0.006314120229552642
 4.2669E-02,0.009375836330161962
 4.2691E-02,0.012721175296677711
 4.2714E-02,0.01620316718469239
 4.2737E-02,0.019669377437037908
 4.2759E-02,0.02296868178823606
 4.2782E-02,0.025957684991387092
 4.2804E-02,0.028506610671396825
 4.2827E-02,0.030504617587811766
 4.2850E-02,0.03186449898037296
 4.2872E-02,0.03252661313864253
 4.2895E-02,0.03246176494050291
 4.2917E-02,0.03167271589855213
 4.2940E-02,0.03019409903795141
 4.2963E-02,0.028090723296343423
 4.2985E-02,0.025454471593210928
 4.3008E-02,0.022400122596793037
 4.3030E-02,0.019060411922723897
 4.3053E-02,0.015580532858058846
 4.3076E-02,0.012112157794602571
 4.3098E-02,0.00880703402934285
 4.3121E-02,0.005810303060470482
 4.3143E-02,0.00325385996939768
 4.3166E-02,0.0012502072601612347
 4.3189E-02,-0.00011272380719855616
 4.3211E-02,-0.0007754343441946514
 4.3234E-02,-0.0007092585964089111
 4.3256E-02,8.264872873626106e-05
 4.3279E-02,0.0015656034913913918
 4.3302E-02,0.0036748567196169778
 4.3324E-02,0.00631821861624691
 4.3347E-02,0.009379884252213512
 4.3369E-02,0.012725455101507398
 4.3392E-02,0.0162079967067094
 4.3415E-02,0.019674783171099736
 4.3437E-02,0.02297425268484939
 4.3460E-02,0.025962701967654954
 4.3482E-02,0.028510375272791044
 4.3505E-02,0.03050677982456577
 4.3528E-02,0.0318651855699119
 4.3550E-02,0.03252628179158165
 4.3573E-02,0.032460879921212576
 4.3595E-02,0.031671449206272205
 4.3618E-02,0.03019224284526604
 4.3641E-02,0.028087865425534153
 4.3663E-02,0.025450321008816775
 4.3686E-02,0.02239477883184055
 4.3708E-02,0.019054408140010828
 4.3731E-02,0.015574623382889653
 4.3754E-02,0.012106978863530841
 4.3776E-02,0.008802843246206024
 4.3799E-02,0.005806952115438986
 4.3821E-02,0.0032510095397330478
 4.3844E-02,0.0012476437078563188
 4.3867E-02,-0.0001148711430084032
 4.3889E-02,-0.0007767123101018772
 4.3912E-02,-0.000709134693725067
 4.3934E-02,8.446775031632325e-05
 4.3957E-02,0.0015689757232168911
 4.3980E-02,0.0036792525723970374
 4.4002E-02,0.006322982406398968
 4.4025E-02,0.009384549722919378
 4.4047E-02,0.012729923482669894
 4.4070E-02,0.016212472976611252
 4.4093E-02,0.019679517004205636
 4.4115E-02,0.022979251493164442
 4.4138E-02,0.025967599738217266
 4.4160E-02,0.028514543000053513
 4.4183E-02,0.03050961255444769
 4.4206E-02,0.03186639130771
 4.4228E-02,0.032525996753212154
 4.4251E-02,0.03245954268325375
 4.4273E-02,0.03166951538716405
 4.4296E-02,0.030189919111933954
 4.4319E-02,0.028085026931983365
 4.4341E-02,0.025446659962196107
 4.4364E-02,0.022390087028273345
 4.4386E-02,0.019048813252314188
 4.4409E-02,0.015568628431997831
 4.4432E-02,0.012101277097412433
 4.4454E-02,0.008798019531149849
 4.4477E-02,0.005803250836808134
 4.4499E-02,0.0032483061603371223
 4.4522E-02,0.0012456303032975782
 4.4545E-02,-0.00011640765040129078
 4.4567E-02,-0.0007776956899302715
 4.4590E-02,-0.0007092108227336347
 4.4612E-02,8.572075456404196e-05
 4.4635E-02,0.0015717695616630821
 4.4658E-02,0.003683415920759542
 4.4680E-02,0.006328001040284299
 4.4703E-02,0.009389796273577413
 4.4725E-02,0.012734937453297396
 4.4748E-02,0.016217122303605426
 4.4771E-02,0.01968394739100588
 4.4793E-02,0.022983662033584012
 4.4816E-02,0.025971990765300212
 4.4838E-02,0.02851859820014125
 4.4861E-02,0.030512792661427764
 4.4884E-02,0.0318681842848611
 4.4906E-02,0.03252617181589326
 4.4929E-02,0.03245825325872594
 4.4951E-02,0.03166718996431023
 4.4974E-02,0.030187009918522564
 4.4997E-02,0.028081772834502174
 4.5019E-02,0.025443008619579814
 4.5042E-02,0.022385820148551592
 4.5064E-02,0.019043791531148668
 4.5087E-02,0.015562998645393901
 4.5110E-02,0.012095508259426319
 4.5132E-02,0.00879274179679319
 4.5155E-02,0.005798992950151307
 4.5177E-02,0.003245289074008692
 4.5200E-02,0.001243738652671324
 4.5223E-02,-0.00011746495731346988
 4.5245E-02,-0.000778140508363607
 4.5268E-02,-0.0007090212382489277
 4.5290E-02,8.680572005432478e-05
 4.5313E-02,0.001574069942099794
 4.5336E-02,0.0036870688113001464
 4.5358E-02,0.006332808503106677
 4.5381E-02,0.009395259492220018
 4.5403E-02,0.012740458693940067
 4.5426E-02,0.016222253407610954
 4.5449E-02,0.01968853609542952
 4.5471E-02,0.022987811932914853
 4.5494E-02,0.025975866758448637
 4.5516E-02,0.02852220464215171
 4.5539E-02,0.030515867118596007
 4.5562E-02,0.03187027648416268
 4.5584E-02,0.03252686114547589
 4.5607E-02,0.032457371536993934
 4.5629E-02,0.03166491284879117
 4.5652E-02,0.030183761797930003
 4.5675E-02,0.0280780050835942
 4.5697E-02,0.025438987980203286
 4.5720E-02,0.02238155537818033
 4.5742E-02,0.019039138567703708
 4.5765E-02,0.015557872753805883
 4.5788E-02,0.012090065522917576
 4.5810E-02,0.008787412334970417
 4.5833E-02,0.005794341028021343
 4.5855E-02,0.0032417826280330374
 4.5878E-02,0.0012415662338195379
 4.5901E-02,-0.00011842188159706776
 4.5923E-02,-0.0007781680717499555
 4.5946E-02,-0.0007083569570036036
 4.5968E-02,8.813007170685124e-05
 4.5991E-02,0.0015762293869548043
 4.6014E-02,0.0036902915235689786
 4.6036E-02,0.00633716551212177
 4.6059E-02,0.009400531147280983
 4.6081E-02,0.012746163896561536
 4.6104E-02,0.016227827190676735
 4.6127E-02,0.01969355001830898
 4.6149E-02,0.02299210625513394
 4.6172E-02,0.025979518896738666
 4.6194E-02,0.02852536017735953
 4.6217E-02,0.03051854425510897
 4.6240E-02,0.031872269951346975
 4.6262E-02,0.03252780811707611
 4.6285E-02,0.032456940145565646
 4.6307E-02,0.031662996980367016
 4.6330E-02,0.030180561728671066
 4.6353E-02,0.028073944204544583
 4.6375E-02,0.02543451683909477
 4.6398E-02,0.022376962599658073
 4.6420E-02,0.019034481846418195
 4.6443E-02,0.015553066813927312
 4.6466E-02,0.012085065785446934
 4.6488E-02,0.008782374078971285
 4.6511E-02,0.0057896501092966485
 4.6533E-02,0.0032379343996672394
 4.6556E-02,0.0012389636870126
 4.6579E-02,-0.00011962997322655837
 4.6601E-02,-0.000778113275489648
 4.6624E-02,-0.0007073295029816686
 4.6646E-02,8.987267340184759e-05
 4.6669E-02,0.0015786042221811545
 4.6692E-02,0.0036933962020954943
 4.6714E-02,0.00634114750104791
 4.6737E-02,0.009405405327411173
 4.6759E-02,0.012751695515003096
 4.6782E-02,0.016233556941128578
 4.6805E-02,0.019698950119829712
 4.6827E-02,0.022996775704740083
 4.6850E-02,0.02598330245875337
 4.6872E-02,0.028528323488350067
 4.6895E-02,0.03052082665756932
 4.6918E-02,0.03187391173318892
 4.6940E-02,0.0325286632132982
 4.6963E-02,0.032456730522527365
 4.6985E-02,0.03166147545154459
 4.7008E-02,0.030177681753689865
 4.7031E-02,0.02806993056821244
 4.7053E-02,0.025429792393405173
 4.7076E-02,0.02237197485755532
 4.7098E-02,0.019029533919861653
 4.7121E-02,0.015548252669768657
 4.7144E-02,0.01208034359631395
 4.7166E-02,0.008777725282684595
 4.7189E-02,0.005785219210885584
 4.7211E-02,0.0032340576672139215
 4.7234E-02,0.0012360648382662965
 4.7257E-02,-0.00012121604724622532
 4.7279E-02,-0.0007782830685051162
 4.7302E-02,-0.0007062348619681563
 4.7324E-02,9.193123255338482e-05
 4.7347E-02,0.001581347410814927
 4.7370E-02,0.0036966944106390158
 4.7392E-02,0.006345030752623078
 4.7415E-02,0.009409952537028678
 4.7437E-02,0.012756876410434092
 4.7460E-02,0.016239129549659382
 4.7483E-02,0.019704482240468876
 4.7505E-02,0.02300178192192087
 4.7528E-02,0.025987416810669194
 4.7550E-02,0.028531406132368375
 4.7573E-02,0.030522944037760357
 4.7596E-02,0.03187520798841993
 4.7618E-02,0.0325292070996858
 4.7641E-02,0.03245643572356134
 4.7663E-02,0.031660144751161357
 4.7686E-02,0.0301751470977687
 4.7709E-02,0.02806620058932833
 4.7731E-02,0.025425113978227054
 4.7754E-02,0.022366768436158948
 4.7776E-02,0.019024239866869116
 4.7799E-02,0.015543180113214655
 4.7822E-02,0.012075609918030094
 4.7844E-02,0.008773317198597854
 4.7867E-02,0.005781130692896395
 4.7889E-02,0.003230413071699469
 4.7912E-02,0.0012331460625180915
 4.7935E-02,-0.00012305887617458373
 4.7957E-02,-0.0007787849640656138
 4.7980E-02,-0.0007053409718840273
 4.8002E-02,9.404422534610944e-05
 4.8025E-02,0.0015843653373194366
 4.8048E-02,0.003700316864842509
 4.8070E-02,0.006349087637851818
 4.8093E-02,0.00941441722817489
 4.8115E-02,0.012761772178026674
 4.8138E-02,0.016244392681353956
 4.8161E-02,0.01970987222862193
 4.8183E-02,0.023006899694309153
 4.8206E-02,0.025991824743130804
 4.8228E-02,0.028534780359772423
 4.8251E-02,0.030525169579840132
 4.8274E-02,0.031876362636816286
 4.8296E-02,0.032529448584577854
 4.8319E-02,0.03245586561928528
 4.8341E-02,0.03165873536035196
 4.8364E-02,0.03017277660658819
 4.8387E-02,0.028062773030284222
 4.8409E-02,0.025420686979836068
 4.8432E-02,0.022361606550610407
 4.8454E-02,0.01901875723744456
 4.8477E-02,0.015537804368568322
 4.8500E-02,0.012070647034460286
 4.8522E-02,0.008768895280286609
 4.8545E-02,0.00577725088395855
 4.8567E-02,0.003227069441054752
 4.8590E-02,0.0012304344699666926
 4.8613E-02,-0.0001249147006415006
 4.8635E-02,-0.0007795092725173643
 4.8658E-02,-0.0007047388515773936
 4.8680E-02,9.597781714928099e-05
 4.8703E-02,0.0015874269876862829
 4.8726E-02,0.003704178066409271
 4.8748E-02,0.006353429773307343
 4.8771E-02,0.009419037456873985
 4.8793E-02,0.012766599018005038
 4.8816E-02,0.016249407101842594
 4.8839E-02,0.01971498910761748
 4.8861E-02,0.023011888998695922
 4.8884E-02,0.025996326750264004
 4.8906E-02,0.028538410428387166
 4.8929E-02,0.030527652057029116
 4.8952E-02,0.031877615174827664
 4.8974E-02,0.03252956862915375
 4.8997E-02,0.0324550309162882
 4.9019E-02,0.031657082510944096
 4.9042E-02,0.030170333648298502
 4.9065E-02,0.028059486669528406
 4.9087E-02,0.025416524867572985
 4.9110E-02,0.02235666756267753
 4.9132E-02,0.019013317453593807
 4.9155E-02,0.015532266208047617
 4.9178E-02,0.012065418703217253
 4.9200E-02,0.008764270155149191
 4.9223E-02,0.005773355648120001
 4.9245E-02,0.003223906709226577
 4.9268E-02,0.0012279873911551298
 4.9291E-02,-0.0001265856964532202
 4.9313E-02,-0.0007802410570197859
 4.9336E-02,-0.0007043293678902934
 4.9358E-02,9.765505911016412e-05
 4.9381E-02,0.0015903283242478647
 4.9404E-02,0.0037080739993671777
 4.9426E-02,0.006357979221559755
 4.9449E-02,0.009423908454958182
 4.9471E-02,0.01277156495133857
 4.9494E-02,0.01625436395173585
 4.9517E-02,0.019719888959949743
 4.9539E-02,0.023016637252145325
 4.9562E-02,0.026000712711125983
 4.9584E-02,0.028542119660139108
 4.9607E-02,0.030530357421955104
 4.9630E-02,0.03187909406746332
 4.9652E-02,0.032529777180763476
 4.9675E-02,0.03245409217477365
 4.9697E-02,0.03165519823039843
 4.9720E-02,0.030167675497370754
 4.9743E-02,0.028056133786990876
 4.9765E-02,0.025412484194414026
 4.9788E-02,0.022351960634432892
 4.9810E-02,0.019008075346526924
 4.9833E-02,0.01552676907167673
 4.9856E-02,0.01206005067406332
 4.9878E-02,0.008759412737149766
 4.9901E-02,0.005769280328975938
 4.9923E-02,0.003220727549341303
 4.9946E-02,0.0012256970312008206
 4.9969E-02,-0.0001280242870914021
 4.9991E-02,-0.0007808080719914037
 5.0014E-02,-0.000703923062611008
 5.0036E-02,9.916542464951641e-05
 5.0059E-02,0.00159300436906745
 5.0082E-02,0.0037118266393160984
 5.0104E-02,0.0063625558370035695
 5.0127E-02,0.009428959286995716
 5.0149E-02,0.012776751144065165
 5.0172E-02,0.016259444945503597
 5.0195E-02,0.01972474068201798
 5.0217E-02,0.02302119601667122
 5.0240E-02,0.02600488585378834
 5.0262E-02,0.028545724103823764
 5.0285E-02,0.030533129230045856
 5.0308E-02,0.0318807670743512
 5.0330E-02,0.032530185105010864
 5.0353E-02,0.032453233391536405
 5.0375E-02,0.03165322492654655
 5.0398E-02,0.030164815014259085
 5.0421E-02,0.028052590792990047
 5.0443E-02,0.02540838264028748
 5.0466E-02,0.022347358152979335
 5.0488E-02,0.01900303658743664
 5.0511E-02,0.015521447296990195
 5.0534E-02,0.0120547217486854
 5.0556E-02,0.008754435313012673
 5.0579E-02,0.0057650018071879455
 5.0601E-02,0.003217388836432481
 5.0624E-02,0.0012233896821636368
 5.0647E-02,-0.00012932721610723241
 5.0669E-02,-0.0007811710130529873
 5.0692E-02,-0.000703370041978112
 5.0714E-02,0.00010067583036320012
 5.0737E-02,0.0015955357441373844
 5.0760E-02,0.0037153811537761197
 5.0782E-02,0.006367004277188648
 5.0805E-02,0.009434030887741965
 5.0827E-02,0.012782093107715133
 5.0850E-02,0.01626471916381204
 5.0873E-02,0.019729702935209686
 5.0895E-02,0.023025714438747007
 5.0918E-02,0.02600889341068443
 5.0940E-02,0.028549140574963095
 5.0963E-02,0.030535806439847428
 5.0986E-02,0.031882495695461324
 5.1008E-02,0.032530762047784684
 5.1031E-02,0.03245255021149389
 5.1053E-02,0.0316513238412707
 5.1076E-02,0.03016187849432055
 5.1099E-02,0.02804887102337466
 5.1121E-02,0.025404113247968575
 5.1144E-02,0.022342700127642397
 5.1166E-02,0.01899808767648883
 5.1189E-02,0.015516303754094398
 5.1212E-02,0.012049548422573494
 5.1234E-02,0.008749494989493997
 5.1257E-02,0.005760620298911135
 5.1279E-02,0.003213872393093052
 5.1302E-02,0.0012209409505334898
 5.1325E-02,-0.00013064740989059132
 5.1347E-02,-0.0007814167050034614
 5.1370E-02,-0.0007026380387082157
 5.1392E-02,0.00010231660284627277
 5.1415E-02,0.0015980693822601909
 5.1438E-02,0.0037188100205742284
 5.1460E-02,0.006371278244584685
 5.1483E-02,0.00943898763455646
 5.1505E-02,0.012787450332287844
 5.1528E-02,0.016270127978199236
 5.1551E-02,0.019734834359655198
 5.1573E-02,0.023030330922619278
 5.1596E-02,0.02601286694991602
 5.1618E-02,0.02855241215211873
 5.1641E-02,0.030538317506986105
 5.1664E-02,0.031884138914266065
 5.1686E-02,0.03253138539020553
 5.1709E-02,0.03245201416973
 5.1731E-02,0.03164957743485652
 5.1754E-02,0.030159007210470993
 5.1777E-02,0.02804508646344462
 5.1799E-02,0.025399689537965738
 5.1822E-02,0.022337894046074266
 5.1844E-02,0.018993088238815174
 5.1867E-02,0.015511237501750891
 5.1890E-02,0.012044531317889273
 5.1912E-02,0.008744692706492288
 5.1935E-02,0.005756273780262824
 5.1957E-02,0.003210267584061258
 5.1980E-02,0.0012183366956320459
 5.2003E-02,-0.000132093017959276
 5.2025E-02,-0.00078167984833244
 5.2048E-02,-0.00070180504722099
 5.2070E-02,0.0001041139540366165
 5.2093E-02,0.0016007184006318622
 5.2116E-02,0.003722242375505643
 5.2138E-02,0.006375442655724232
 5.2161E-02,0.009443790310278727
 5.2183E-02,0.012792704247203227
 5.2206E-02,0.01627554711568356
 5.2229E-02,0.019740081552387947
 5.2251E-02,0.02303509500741228
 5.2274E-02,0.026016927013181305
 5.2296E-02,0.028555654725170056
 5.2319E-02,0.030540701541813747
 5.2342E-02,0.03188563515571561
 5.2364E-02,0.03253193162895006
 5.2387E-02,0.03245151671412607
 5.2409E-02,0.03164795912162546
 5.2432E-02,0.030156272225681093
 5.2455E-02,0.028041360888875353
 5.2477E-02,0.02539521081550796
 5.2500E-02,0.022332953407700265
 5.2522E-02,0.01898795831435836
 5.2545E-02,0.015506125391296604
 5.2568E-02,0.012039580648023296
 5.2590E-02,0.0087400272693263
 5.2613E-02,0.005752049591553244
 5.2635E-02,0.003206695465584043
 5.2658E-02,0.0012156564626484337
 5.2681E-02,-0.00013367499594933913
 5.2703E-02,-0.000782054627539054
 5.2726E-02,-0.0007009899250030409
 5.2748E-02,0.00010599759431599652
 5.2771E-02,0.0016035036432209661
 5.2794E-02,0.0037257760417229013
 5.2816E-02,0.006379610642036312
 5.2839E-02,0.009448496667640747
 5.2861E-02,0.012797821310301067
 5.2884E-02,0.016280872552235436
 5.2907E-02,0.019745334245762504
 5.2929E-02,0.02303995775665843
 5.2952E-02,0.02602111504617673
 5.2974E-02,0.02855897296885055
 5.2997E-02,0.030543060380750515
 5.3020E-02,0.0318870197206565
 5.3042E-02,0.032532347692576756
 5.3065E-02,0.03245094963258911
 5.3087E-02,0.031646372786705665
 5.3110E-02,0.030153648784750332
 5.3133E-02,0.028037755510924935
 5.3155E-02,0.025390785530200854
 5.3178E-02,0.02232796628425196
 5.3200E-02,0.018982711207211622
 5.3223E-02,0.01550089832783748
 5.3246E-02,0.012034588326110783
 5.3268E-02,0.008735418714229417
 5.3291E-02,0.005747944985567816
 5.3313E-02,0.0032032313799103744
 5.3336E-02,0.0012130062100928433
 5.3359E-02,-0.00013532285085616266
 5.3381E-02,-0.0007825497413271771
 5.3404E-02,-0.0007002751276855969
 5.3426E-02,0.00010786213297856936
 5.3449E-02,0.0016063612279682
 5.3472E-02,0.003729426793866527
 5.3494E-02,0.0063838661316843745
 5.3517E-02,0.009453205144494471
 5.3539E-02,0.012802852195944642
 5.3562E-02,0.016286074902472625
 5.3585E-02,0.01975050045550821
 5.3607E-02,0.023044820643422538
 5.3630E-02,0.02602538565047058
 5.3652E-02,0.028562400938450524
 5.3675E-02,0.030545484496402417
 5.3698E-02,0.03188838181044635
 5.3720E-02,0.032532665248907695
 5.3743E-02,0.032450267118827376
 5.3765E-02,0.03164472359881181
 5.3788E-02,0.030151051810978095
 5.3811E-02,0.028034247394417997
 5.3833E-02,0.025386466438177976
 5.3856E-02,0.02232302774549529
 5.3878E-02,0.018977425046233166
 5.3901E-02,0.015495569245513045
 5.3924E-02,0.012029494564473716
 5.3946E-02,0.008730771987115504
 5.3969E-02,0.0057438884841360645
 5.3991E-02,0.0031998710613435105
 5.4014E-02,0.0012104504555060505
 5.4037E-02,-0.00013694440830915185
 5.4059E-02,-0.0007831034360039892
 5.4082E-02,-0.0006996683552144906
 5.4104E-02,0.00010963436806936801
 5.4127E-02,0.0016091965948232929
 5.4150E-02,0.003733135463019523
 5.4172E-02,0.006388219547964185
 5.4195E-02,0.009457986463676576
 5.4217E-02,0.012807881246931021
 5.4240E-02,0.01629119725917434
 5.4263E-02,0.01975555302924473
 5.4285E-02,0.023049600961510566
 5.4308E-02,0.02602964957669777
 5.4330E-02,0.028565895612207473
 5.4353E-02,0.030548000963431948
 5.4376E-02,0.03188979906495149
 5.4398E-02,0.03253296209067142
 5.4421E-02,0.03244949737756867
 5.4443E-02,0.03164297195454907
 5.4466E-02,0.030148398204634642
 5.4489E-02,0.028030761304172126
 5.4511E-02,0.02538223244652118
 5.4534E-02,0.022318183332884184
 5.4556E-02,0.018972183199648194
 5.4579E-02,0.015490207362381424
 5.4602E-02,0.01202431159173511
 5.4624E-02,0.008726034983745723
 5.4647E-02,0.005739795968658139
 5.4669E-02,0.0031965499688234
 5.4692E-02,0.0012079829896180136
 5.4715E-02,-0.00013848551826427008
 5.4737E-02,-0.0007836368882890211
 5.4760E-02,-0.0006991171845176801
 5.4782E-02,0.00011130552034560506
 5.4805E-02,0.0016119425999555526
 5.4828E-02,0.003736814981268156
 5.4850E-02,0.0063926139331477744
 5.4873E-02,0.009462844420152591
 5.4895E-02,0.01281296550702779
 5.4918E-02,0.01629630926090296
 5.4941E-02,0.019760525895751994
 5.4963E-02,0.023054271052186284
 5.4986E-02,0.026033830114110132
 5.5008E-02,0.028569374250946113
 5.5031E-02,0.030550567761444585
 5.5054E-02,0.03189129177601316
 5.5076E-02,0.032533304188602334
 5.5099E-02,0.03244870790187832
 5.5121E-02,0.03164114282334759
 5.5144E-02,0.030145653749647252
 5.5167E-02,0.02802722456748696
 5.5189E-02,0.025378017248868477
 5.5212E-02,0.022313413894690427
 5.5234E-02,0.018967025045760564
 5.5257E-02,0.015484885625369371
 5.5280E-02,0.012019100271203472
 5.5302E-02,0.008721218456110548
 5.5325E-02,0.005735621019698593
 5.5347E-02,0.0031931924003115123
 5.5370E-02,0.0012055440077223048
 5.5393E-02,-0.00013995579594532678
 5.5415E-02,-0.0007841073082490831
 5.5438E-02,-0.0006985574463060026
 5.5460E-02,0.00011291628426146909
 5.5483E-02,0.0016145856121858363
 5.5506E-02,0.0037403995307366583
 5.5528E-02,0.006396964882306372
 5.5551E-02,0.00946772013093348
 5.5573E-02,0.012818098957491765
 5.5596E-02,0.016301451658182916
 5.5619E-02,0.019765471234583602
 5.5641E-02,0.023058852256767803
 5.5664E-02,0.026037895054183007
 5.5686E-02,0.028572762126978166
 5.5709E-02,0.03055310558115834
 5.5732E-02,0.03189281741568316
 5.5754E-02,0.03253370512506969
 5.5777E-02,0.032447954020393494
 5.5799E-02,0.03163929445655854
 5.5822E-02,0.030142840550245468
 5.5845E-02,0.028023607883752986
 5.5867E-02,0.025373757707820615
 5.5890E-02,0.02230866139948418
 5.5912E-02,0.01896193337549107
 5.5935E-02,0.0154796377746742
 5.5958E-02,0.012013923545700156
 5.5980E-02,0.008716374456881368
 5.6003E-02,0.005731371123320563
 5.6025E-02,0.0031897545747674133
 5.6048E-02,0.00120306242258411
 5.6071E-02,-0.00014141430484152645
 5.6093E-02,-0.0007845316576439122
 5.6116E-02,-0.0006979618068369861
 5.6138E-02,0.00011451142329289919
 5.6161E-02,0.0016171487559655836
 5.6184E-02,0.0037438636380292115
 5.6206E-02,0.006401200144755492
 5.6229E-02,0.009472523940784242
 5.6251E-02,0.012823213241563346
 5.6274E-02,0.01630660163009493
 5.6297E-02,0.019770406954609833
 5.6319E-02,0.023063372970925405
 5.6342E-02,0.026041847004824373
 5.6364E-02,0.028576016784648092
 5.6387E-02,0.030555536946308658
 5.6410E-02,0.03189429686766841
 5.6432E-02,0.03253412038458349
 5.6455E-02,0.0324472427008082
 5.6477E-02,0.03163747260937951
 5.6500E-02,0.0301400088728506
 5.6523E-02,0.028019931296306637
 5.6545E-02,0.025369429536519474
 5.6568E-02,0.022303871782352488
 5.6590E-02,0.018956857733079768
 5.6613E-02,0.01547444781187026
 5.6636E-02,0.012008808641290128
 5.6658E-02,0.008711554491559829
 5.6681E-02,0.005727087001290019
 5.6703E-02,0.0031862366882942665
 5.6726E-02,0.0012004914055987474
 5.6749E-02,-0.0001429347628253601
 5.6771E-02,-0.000784976812033159
 5.6794E-02,-0.0006973641775349351
 5.6816E-02,0.00011609232867228821
 5.6839E-02,0.0016196460749987687
 5.6862E-02,0.003747200703758576
 5.6884E-02,0.0064052694008192666
 5.6907E-02,0.00947716337369111
 5.6929E-02,0.01282819906965354
 5.6952E-02,0.016311666750494145
 5.6975E-02,0.019775279192061845
 5.6997E-02,0.02306781504944385
 5.7020E-02,0.0260456790143864
 5.7042E-02,0.028579112593054946
 5.7065E-02,0.03055780184863943
 5.7088E-02,0.03189564475236238
 5.7110E-02,0.03253446791997249
 5.7133E-02,0.032446526196638126
 5.7155E-02,0.03163567801211696
 5.7178E-02,0.030137196422646766
 5.7201E-02,0.028016239062439167
 5.7223E-02,0.02536505237114277
 5.7246E-02,0.022299026453792836
 5.7268E-02,0.01895175247873298
 5.7291E-02,0.015469270841385965
 5.7314E-02,0.012003737564010521
 5.7336E-02,0.008706775044531295
 5.7359E-02,0.005722803387347148
 5.7381E-02,0.0031826612121130735
 5.7404E-02,0.0011978145717196037
 5.7427E-02,-0.00014457949043410689
 5.7449E-02,-0.0007855350940214393
 5.7472E-02,-0.0006968584623021964
 5.7494E-02,0.00011758656731090565
 5.7517E-02,0.001622030177501032
 5.7540E-02,0.0037503707002782246
 5.7562E-02,0.006409112544065599
 5.7585E-02,0.009481538530036504
 5.7607E-02,0.012832917459559254
 5.7630E-02,0.016316490287412274
 5.7653E-02,0.019779943191199516
 5.7675E-02,0.023072066846792093
 5.7698E-02,0.026049313803555706
 5.7720E-02,0.02858198924188205
 5.7743E-02,0.030559833667494228
 5.7766E-02,0.03189677519165117
 5.7788E-02,0.03253464940568872
 5.7811E-02,0.03244571692065285
 5.7833E-02,0.031633859176833264
 5.7856E-02,0.030134399147305587
 5.7879E-02,0.028012563836023123
 5.7901E-02,0.02536066799847002
 5.7924E-02,0.022294147239334573
 5.7946E-02,0.018946604878638938
 5.7969E-02,0.015464066433203558
 5.7992E-02,0.011998664344830032
 5.8014E-02,0.008702006731206588
 5.8037E-02,0.005718514541588282
 5.8059E-02,0.0031790324411213574
 5.8082E-02,0.0011950190762466356
 5.8105E-02,-0.00014640382527273538
 5.8127E-02,-0.0007863135656116145
 5.8150E-02,-0.0006965919228333577
 5.8172E-02,0.00011883129074077294
 5.8195E-02,0.0016241451749910785
 5.8218E-02,0.0037532318046416538
 5.8240E-02,0.006412589955252132
 5.8263E-02,0.009485489512289653
 5.8285E-02,0.01283717019722378
 5.8308E-02,0.016320834755783355
 5.8331E-02,0.0197841409437742
 5.8353E-02,0.02307587935237633
 5.8376E-02,0.026052536599269496
 5.8398E-02,0.028584475074650745
 5.8421E-02,0.030561494519151928
 5.8444E-02,0.03189756575505221
 5.8466E-02,0.03253454482293333
 5.8489E-02,0.03244469945664816
 5.8511E-02,0.031631921821786035
 5.8534E-02,0.030131563526437612
 5.8557E-02,0.028008901221074252
 5.8579E-02,0.02535631006970031
 5.8602E-02,0.022289278713639258
 5.8624E-02,0.01894144035948305
 5.8647E-02,0.01545882278887165
 5.8670E-02,0.011993541666356942
 5.8692E-02,0.008697184143189773
 5.8715E-02,0.005714156621778198
 5.8737E-02,0.003175295186927252
 5.8760E-02,0.0011920457966247107
 5.8783E-02,-0.00014849803924621733
 5.8805E-02,-0.0007874611142201535
 5.8828E-02,-0.0006967845833633389
 5.8850E-02,0.00011954465462895377
 5.8873E-02,0.0016256729229539716
 5.8896E-02,0.003755456423652009
 5.8918E-02,0.006415377586138404
 5.8941E-02,0.009488688680932996
 5.8963E-02,0.012840605413994934
 5.8986E-02,0.016324305680786903
 5.9009E-02,0.01978743472695655
 5.9031E-02,0.023078794346520378
 5.9054E-02,0.026054906876182622
 5.9076E-02,0.028586183830395333
 5.9099E-02,0.03056247140109274
 5.9122E-02,0.03189777279161878
 5.9144E-02,0.03253396105138893
 5.9167E-02,0.03244331291342237
 5.9189E-02,0.031629731975024215
 5.9212E-02,0.030128591699191826
 5.9235E-02,0.028005203205974927
 5.9257E-02,0.025351984255032066
 5.9280E-02,0.022284464923864697
 5.9302E-02,0.018936309224468328
 5.9325E-02,0.015453560511305621
 5.9348E-02,0.011988336655425832
 5.9370E-02,0.00869221854439098
 5.9393E-02,0.005709600406486412
 5.9415E-02,0.0031712982080179418
 5.9438E-02,0.0011887261735364796
 5.9461E-02,-0.00015106538543661766
 5.9483E-02,-0.0007892490976997798
 5.9506E-02,-0.000697807952412172
 5.9528E-02,0.00011924274111224653
 5.9551E-02,0.0016260326066701617
 5.9574E-02,0.0037564022782340676
 5.9596E-02,0.006416807688794228
 5.9619E-02,0.009490460271953507
 5.9641E-02,0.012842531519362306
 5.9664E-02,0.016326173115168693
 5.9687E-02,0.019789040900758167
 5.9709E-02,0.02307998608734943
 5.9732E-02,0.026055599971312716
 5.9754E-02,0.02858635251282971
 5.9777E-02,0.030562116060378418
 5.9800E-02,0.03189688754273502
 5.9822E-02,0.03253252038801205
 5.9845E-02,0.032441281454152815
 5.9867E-02,0.031627086140425045
 5.9890E-02,0.030125337760932586
 5.9913E-02,0.028001382633976477
 5.9935E-02,0.025347667101008588
 5.9958E-02,0.02227973852578826
 5.9980E-02,0.01893127093634714
 6.0003E-02,0.01544831974248836
 6.0026E-02,0.011983023926525645
 6.0048E-02,0.008686991048413301
 6.0071E-02,0.005704631545144358
 6.0093E-02,0.003166747159708336
 6.0116E-02,0.0011846987357198675
 6.0139E-02,-0.00015454266909111078
 6.0161E-02,-0.0007922229878582526
 6.0184E-02,-0.0007003602472661339
 6.0206E-02,0.00011704449255718684
 6.0229E-02,0.0016241637936662326
 6.0252E-02,0.0037548679101408384
 6.0274E-02,0.006415592180673427
 6.0297E-02,0.009489472285245638
 6.0319E-02,0.012841584784742822
 6.0342E-02,0.01632502649579654
 6.0365E-02,0.0197874842157067
 6.0387E-02,0.02307792474796737
 6.0410E-02,0.026053086051839473
 6.0432E-02,0.02858354059757014
 6.0455E-02,0.030559170055818975
 6.0478E-02,0.03189389527593491
 6.0500E-02,0.03252946386670144
 6.0523E-02,0.03243807050379237
 6.0545E-02,0.03162362320635392
 6.0568E-02,0.030121569209763874
 6.0591E-02,0.027997309533294806
 6.0613E-02,0.02534331839778757
 6.0636E-02,0.022275132148187993
 6.0658E-02,0.018926393756622226
 6.0681E-02,0.015443144457102846
 6.0704E-02,0.011977555039546022
 6.0726E-02,0.008681307103111602
 6.0749E-02,0.005698885345118167
 6.0771E-02,0.003161109213030893
 6.0794E-02,0.001179269404454768
 6.0817E-02,-0.00015979785058231133
 6.0839E-02,-0.0007974665322089042
 6.0862E-02,-0.0007057982807623925
 6.0884E-02,0.00011127797508181467
 6.0907E-02,0.0016180805622054374
 6.0930E-02,0.003748603812365736
 6.0952E-02,0.006409295917083945
 6.0975E-02,0.009483172492628136
 6.0997E-02,0.012835127044667964
 6.1020E-02,0.016318136572475078
 6.1043E-02,0.019779934964989462
 6.1065E-02,0.02306970985157238
 6.1088E-02,0.026044487746944987
 6.1110E-02,0.02857503981598289
 6.1133E-02,0.030551247855331042
 6.1156E-02,0.031886842873990524
 6.1178E-02,0.03252330608782547
 6.1201E-02,0.0324326271632569
 6.1223E-02,0.03161864715947609
 6.1246E-02,0.03011686642196412
 6.1269E-02,0.027992776497327974
 6.1291E-02,0.02533889379200462
 6.1314E-02,0.022270712489673255
 6.1336E-02,0.01892178202301153
 6.1359E-02,0.015438078557718561
 6.1382E-02,0.01197180822343715
 6.1404E-02,0.008674794711975407
 6.1427E-02,0.005691693816316868
 6.1449E-02,0.003153406599864379
 6.1472E-02,0.0011711395452686465
 6.1495E-02,-0.00016849031498229034
 6.1517E-02,-0.0008070774322562903
 6.1540E-02,-0.0007167483703332541
 6.1562E-02,9.873177834437605e-05
 6.1585E-02,0.0016040024227524246
 6.1608E-02,0.003733352053048436
 6.1630E-02,0.0063933122795205195
 6.1653E-02,0.009466713456370637
 6.1675E-02,0.01281811779599126
 6.1698E-02,0.01630026670587104
 6.1721E-02,0.019760963360658395
 6.1743E-02,0.023049797045566225
 6.1766E-02,0.02602433462225517
 6.1788E-02,0.028555723230182073
 6.1811E-02,0.03053383744839009
 6.1834E-02,0.03187202155189112
 6.1856E-02,0.03251120148814053
 6.1879E-02,0.03242291245028774
 6.1901E-02,0.03161080295491396
 6.1924E-02,0.030110423792435975
 6.1947E-02,0.027987409600031956
 6.1969E-02,0.02533434472562405
 6.1992E-02,0.0222666353841054
 6.2014E-02,0.018917638505750685
 6.2037E-02,0.015433182433715258
 6.2060E-02,0.011965515017874299
 6.2082E-02,0.008666717167566503
 6.2105E-02,0.00568178065290863
 6.2127E-02,0.003141797373278039
 6.2150E-02,0.001157865002296068
 6.2173E-02,-0.0001837638524561174
 6.2195E-02,-0.0008250609967906275
 6.2218E-02,-0.000738247427690962
 6.2240E-02,7.324655775510589e-05
 6.2263E-02,0.001574699296565158
 6.2286E-02,0.0037009989514763665
 6.2308E-02,0.0063588855735662204
 6.2331E-02,0.009430885524726594
 6.2353E-02,0.012780964286360027
 6.2376E-02,0.0162614250850434
 6.2399E-02,0.019720190533455174
 6.2421E-02,0.023007588993225418
 6.2444E-02,0.025982189753976842
 6.2466E-02,0.02851583645357525
 6.2489E-02,0.030498376242689862
 6.2512E-02,0.03184239998868088
 6.2534E-02,0.032487745574497906
 6.2557E-02,0.03240503391646555
 6.2579E-02,0.031597485321372916
 6.2602E-02,0.03010068545220324
 6.2625E-02,0.027980494280941178
 6.2647E-02,0.025329599123972348
 6.2670E-02,0.02226322953076137
 6.2692E-02,0.018914373467247274
 6.2715E-02,0.015428571932079355
 6.2738E-02,0.011958139696990291
 6.2760E-02,0.008655634182227322
 6.2783E-02,0.00566668422921624
 6.2805E-02,0.0031227627439968856
 6.2828E-02,0.001134800070947318
 6.2851E-02,-0.00021159043131760338
 6.2873E-02,-0.0008590424875957406
 6.2896E-02,-0.0007799097161774618
 6.2918E-02,2.3048730686912465e-05
 6.2941E-02,0.0015163523357327913
 6.2964E-02,0.0036360557472558093
 6.2986E-02,0.006289328006976646
 6.3009E-02,0.00935815634870154
 6.3031E-02,0.012705409340026797
 6.3054E-02,0.016182582732998597
 6.3077E-02,0.019637831527047626
 6.3099E-02,0.02292287312394255
 6.3122E-02,0.02589815183960669
 6.3144E-02,0.028436800581928604
 6.3167E-02,0.0304285835284742
 6.3190E-02,0.031784633602652074
 6.3212E-02,0.032442693755909406
 6.3235E-02,0.03237161114606418
 6.3257E-02,0.03157374292549466
 6.3280E-02,0.030084682749641975
 6.3303E-02,0.02797066280430599
 6.3325E-02,0.02532452426823522
 6.3348E-02,0.022261139360678604
 6.3370E-02,0.01891279093137267
 6.3393E-02,0.015424478905717123
 6.3416E-02,0.011948649873267006
 6.3438E-02,0.00863876679480623
 6.3461E-02,0.005641667734475549
 6.3483E-02,0.0030895555721929145
 6.3506E-02,0.0010930650556992606
 6.3529E-02,-0.0002633627284920454
 6.3551E-02,-0.0009235613183178807
 6.3574E-02,-0.0008600740268649951
 6.3596E-02,-7.433066168899933e-05
 6.3619E-02,0.0014025847191001285
 6.3642E-02,0.003508966456154664
 6.3664E-02,0.006152815728592152
 6.3687E-02,0.009215116502429555
 6.3709E-02,0.012556683123455807
 6.3732E-02,0.016027510898307007
 6.3755E-02,0.019476220978612166
 6.3777E-02,0.022757172153284034
 6.3800E-02,0.025734346191435012
 6.3822E-02,0.02828328006498875
 6.3845E-02,0.03029352867280745
 6.3868E-02,0.03167341005705741
 6.3890E-02,0.03235665257919582
 6.3913E-02,0.03230870297298047
 6.3935E-02,0.03153024154624876
 6.3958E-02,0.03005682862657183
 6.3981E-02,0.02795534841585407
 6.4003E-02,0.025318884487277215
 6.4026E-02,0.022261597102816482
 6.4048E-02,0.01891441881827545
 6.4071E-02,0.015421330348733144
 6.4094E-02,0.01193504668633225
 6.4116E-02,0.008610766325267586
 6.4139E-02,0.005597630482171892
 6.4161E-02,0.0030292292006500335
 6.4184E-02,0.0010156432018941699
 6.4207E-02,-0.00036088468595878967
 6.4229E-02,-0.00104641128173983
 6.4252E-02,-0.0010137647775780923
 6.4274E-02,-0.00026177446364611227
 6.4297E-02,0.0011830817946626836
 6.4320E-02,0.0032633761204245975
 6.4342E-02,0.005888692530317898
 6.4365E-02,0.00893811234548347
 6.4387E-02,0.012268571426058363
 6.4410E-02,0.015727260378729957
 6.4433E-02,0.01916373260677956
 6.4455E-02,0.02243738318600485
 6.4478E-02,0.025418887114696313
 6.4500E-02,0.027988282859272424
 6.4523E-02,0.03003464865084465
 6.4546E-02,0.03146088868498647
 6.4568E-02,0.03219306193487645
 6.4591E-02,0.032190126965502344
 6.4613E-02,0.03144954662222856
 6.4636E-02,0.03000677221017921
 6.4659E-02,0.02792987250860915
 6.4681E-02,0.02531234365333185
 6.4704E-02,0.02226696481216652
 6.4726E-02,0.018922100608988995
 6.4749E-02,0.015419815832667834
 6.4772E-02,0.011913365456112152
 6.4794E-02,0.008561266330910039
 6.4817E-02,0.005517035753709257
 6.4839E-02,0.0029168846228894434
 6.4862E-02,0.0008698343415206051
 6.4885E-02,-0.0005460205474326809
 6.4907E-02,-0.001280885004092354
 6.4930E-02,-0.00130801961046045
 6.4952E-02,-0.0006212108248369785
 6.4975E-02,0.0007618683937651374
 6.4998E-02,0.0027919100346166462
 6.5020E-02,0.0053814671790187
 6.5043E-02,0.00840599313911266
 6.5065E-02,0.011715107693853675
 6.5088E-02,0.015150780503094183
 6.5111E-02,0.01856443491493807
 6.5133E-02,0.021825051473363215
 6.5156E-02,0.024815931492773457
 6.5178E-02,0.027425509172460723
 6.5201E-02,0.029541809369782856
 6.5224E-02,0.031057368145355008
 6.5246E-02,0.031883657355905766
 6.5269E-02,0.031967310775807736
 6.5291E-02,0.031299646489732644
 6.5314E-02,0.02991583333219015
 6.5337E-02,0.027886109741161926
 6.5359E-02,0.02530471600667808
 6.5382E-02,0.022281828902410216
 6.5404E-02,0.01894100593629271
 6.5427E-02,0.015420761758041494
 6.5450E-02,0.011875441560369775
 6.5472E-02,0.008469867360291544
 6.5495E-02,0.005365802661147575
 6.5517E-02,0.0027043447608868848
 6.5540E-02,0.0005924596194185104
 6.5563E-02,-0.0008995687430879966
 6.5585E-02,-0.0017296351356245092
 6.5608E-02,-0.0018715806871815047
 6.5630E-02,-0.0013094435546003248
 6.5653E-02,-4.417393290720071e-05
 6.5676E-02,0.0018901779599567045
 6.5698E-02,0.004411610223889428
 6.5721E-02,0.007388643470870292
 6.5743E-02,0.010657208468332003
 6.5766E-02,0.014049724290342281
 6.5789E-02,0.01742144485650846
 6.5811E-02,0.02065952070341346
 6.5834E-02,0.023670856720482848
 6.5856E-02,0.02635931340370339
 6.5879E-02,0.028610531277163134
 6.5902E-02,0.0302972656205919
 6.5924E-02,0.03130342660150889
 6.5947E-02,0.031552394909235
 6.5969E-02,0.031023794438369074
 6.5992E-02,0.029752054178449616
 6.6015E-02,0.027811325239963245
 6.6037E-02,0.02529723417964411
 6.6060E-02,0.022315226175260754
 6.6082E-02,0.01898009837716024
 6.6105E-02,0.015423993079134866
 6.6128E-02,0.011803520316904455
 6.6150E-02,0.008295379805226476
 6.6173E-02,0.005076642374629202
 6.6195E-02,0.002297281229471203
 6.6218E-02,6.0187406301487854e-05
 6.6241E-02,-0.0015789338991912378
 6.6263E-02,-0.0025919398638561486
 6.6286E-02,-0.002953047206474296
 6.6308E-02,-0.002627407194570047
 6.6331E-02,-0.0015844853034413491
 6.6354E-02,0.00016984676649587824
 6.6376E-02,0.002563155371277932
 6.6399E-02,0.00545069132580555
 6.6421E-02,0.008643211914181503
 6.6444E-02,0.011956320881335122
 6.6467E-02,0.01525343502479454
 6.6489E-02,0.01845589501279166
 6.6512E-02,0.021513930740966105
 6.6534E-02,0.024358839618608505
 6.6557E-02,0.02687054110439776
 6.6580E-02,0.02888420207617145
 6.6602E-02,0.030232203070256657
 6.6625E-02,0.030794543017242423
 6.6647E-02,0.030528690303837255
 6.6670E-02,0.029467037151595765
 6.6693E-02,0.027690519960450383
 6.6715E-02,0.025297422017767555
 6.6738E-02,0.022385091846945888
 6.6760E-02,0.019053123873633383
 6.6783E-02,0.015422921069743138
 6.6806E-02,0.011656021880142128
 6.6828E-02,0.007951187177850212
 6.6851E-02,0.00451314305607336
 6.6873E-02,0.0015072053094852683
 6.6896E-02,-0.0009720520691481058
 6.6919E-02,-0.002895631546968745
 6.6941E-02,-0.004259630062702266
 6.6964E-02,-0.005036580687041969
 6.6986E-02,-0.005154805499137877
 6.7009E-02,-0.004525363131458036
 6.7032E-02,-0.0031037119151961197
 6.7054E-02,-0.0009468616836906976
 6.7077E-02,0.0017750648380901344
 6.7099E-02,0.004828100426280833
 6.7122E-02,0.008000545096475143
 6.7145E-02,0.011174151618685124
 6.7167E-02,0.014333624784338191
 6.7190E-02,0.017505868123784032
 6.7212E-02,0.020667754939714122
 6.7235E-02,0.023684464335671878
 6.7258E-02,0.026320141829109727
 6.7280E-02,0.028312628903742636
 6.7303E-02,0.029462657419807824
 6.7325E-02,0.029686086740737062
 6.7348E-02,0.029009542587723876
 6.7371E-02,0.027524806515277896
 6.7393E-02,0.025335350651673413
 6.7416E-02,0.02252631424099128
 6.7438E-02,0.019173445932473714
 6.7461E-02,0.01538247283407351
 6.7484E-02,0.011326418597968086
 6.7506E-02,0.007244033979013378
 6.7529E-02,0.0033874679447334207
 6.7551E-02,-5.409520487834312e-05
 6.7574E-02,-0.003003801671903406
 6.7597E-02,-0.005479893375770217
 6.7619E-02,-0.007516698878387892
 6.7642E-02,-0.009075670026932253
 6.7664E-02,-0.010012475648337377
 6.7687E-02,-0.010132547661552633
 6.7710E-02,-0.009306366026021761
 6.7732E-02,-0.007570665908064184
 6.7755E-02,-0.00514385467892438
 6.7777E-02,-0.002334214708076398
 6.7800E-02,0.0006096247411176915
 6.7823E-02,0.003612194252173662
 6.7845E-02,0.006771945120019815
 6.7868E-02,0.010242373879982121
 6.7890E-02,0.014065897001437136
 6.7913E-02,0.01806799873276292
 6.7936E-02,0.021880078179693313
 6.7958E-02,0.025071251388285663
 6.7981E-02,0.027301285211055563
 6.8000E-02,0.02831308716577791
