67,0.0
67,2.8924166434044253e-05
67,2.8924166434044253e-05
67,2.8916713233623863e-05
67,2.8851271419649768e-05
67,2.8780112611981666e-05
67,2.909489527548742e-05
67,3.005255326390697e-05
67,3.181582708935803e-05
67,3.444283191903808e-05
67,3.7764328131287075e-05
67,4.149123487291956e-05
67,4.540559337831448e-05
67,4.939658082560197e-05
67,5.3358514271509776e-05
67,5.705470071196336e-05
67,6.0210752771594504e-05
67,6.27697084152176e-05
67,6.479895865188818e-05
67,6.615508954602989e-05
67,6.65846519168294e-05
67,6.609458216600898e-05
67,6.487504465169264e-05
67,6.290647714392756e-05
67,5.994877305999759e-05
67,5.6021317862708835e-05
67,5.163167258628126e-05
67,4.728180961300197e-05
67,4.296283782816883e-05
67,3.838402781815728e-05
67,3.355162692945715e-05
67,2.8871641685131607e-05
67,2.470602649957637e-05
67,2.107269493291773e-05
67,1.7857887576233294e-05
67,1.5140661519657636e-05
67,1.316858806899523e-05
67,1.2049883117388402e-05
67,1.1568740423650655e-05
67,1.143608870704399e-05
67,1.1776587888414985e-05
67,1.3208848609796338e-05
67,1.6258811123065086e-05
67,2.0789268949633337e-05
67,2.622415285751498e-05
67,3.2145355764632175e-05
67,3.830269094347708e-05
67,4.4193870379764344e-05
67,4.916184724255977e-05
67,5.294792568056855e-05
67,5.568505720543744e-05
67,5.733082919785957e-05
67,5.750637285596226e-05
67,5.593281718327728e-05
67,5.276391432574389e-05
67,4.835884849069298e-05
67,4.290324872195664e-05
67,3.6466106409619315e-05
67,2.9288288208789955e-05
67,2.1806749506598063e-05
67,1.4476886033498735e-05
67,7.68649000317145e-06
67,1.7302621001051527e-06
67,-3.305243299221292e-06
67,-7.576345947807062e-06
67,-1.1280416702361795e-05
67,-1.4455034748883949e-05
67,-1.7017560849032516e-05
67,-1.8921113697124365e-05
67,-2.0156332870085003e-05
67,-2.0606960754623603e-05
67,-1.997624527316957e-05
67,-1.7877915417873528e-05
67,-1.4007182157795798e-05
67,-8.271992654899948e-06
67,-8.279824600834572e-07
67,7.972761575607339e-06
67,1.7629897991922348e-05
67,2.755089104893184e-05
67,3.718746844298473e-05
67,4.6097061571817377e-05
67,5.386077958265688e-05
67,6.0096308816852666e-05
67,6.462523219913612e-05
67,6.752508156480645e-05
67,6.894246739908313e-05
67,6.893097224444387e-05
67,6.754695052853062e-05
67,6.502194918558054e-05
67,6.17229265882535e-05
67,5.797571435409574e-05
67,5.4040403456279423e-05
67,5.022994406030434e-05
67,4.690139592606482e-05
67,4.425942229141741e-05
67,4.2201420549210634e-05
67,4.0404588439849915e-05
67,3.8551025946717774e-05
67,3.6404049964875315e-05
67,3.3738900948681695e-05
67,3.0444206905564745e-05
67,2.681745276681071e-05
67,2.3606302973658396e-05
67,2.159785023139162e-05
67,2.1200425942468793e-05
67,2.242151450823719e-05
67,2.5062686091049904e-05
67,2.8795677540455003e-05
67,3.316590803410678e-05
67,3.769218394978411e-05
67,4.1960427926302905e-05
67,4.560746266120661e-05
67,4.829089865094119e-05
67,4.971498324457275e-05
67,4.967353087486302e-05
67,4.8087858278661686e-05
67,4.5051103866564566e-05
67,4.084309611665652e-05
67,3.584764468608168e-05
67,3.041095605799871e-05
67,2.4818456758147843e-05
67,1.9418548986025303e-05
67,1.4656158457366538e-05
67,1.0923230884076855e-05
67,8.436662723462302e-06
67,7.2471454619964674e-06
67,7.241704201141822e-06
67,8.096271290541056e-06
67,9.32767660591431e-06
67,1.0495177675933133e-05
67,1.1378214473275221e-05
67,1.1998001943777299e-05
67,1.2560340061592492e-05
67,1.3406558695802702e-05
67,1.4921458201187118e-05
67,1.7396084654272613e-05
67,2.0949011295530485e-05
67,2.5514839064744107e-05
67,3.084649864361236e-05
67,3.654273201201613e-05
67,4.211391671401943e-05
67,4.7073122248296814e-05
67,5.1033774130854686e-05
67,5.3759223695013364e-05
67,5.5126364401867595e-05
67,5.50687657734068e-05
67,5.3581011269543086e-05
67,5.075871524561179e-05
67,4.6806429144972974e-05
67,4.202090139995648e-05
67,3.679434458911213e-05
67,3.160445404151237e-05
67,2.6926935574860997e-05
67,2.3127705144862796e-05
67,2.0448168972730527e-05
67,1.9046075522764817e-05
67,1.8958458409441507e-05
67,2.0011102795195e-05
67,2.184087728631554e-05
67,2.40576893533573e-05
67,2.6384998020413186e-05
67,2.867803383047516e-05
67,3.089391360556106e-05
67,3.310585629105433e-05
67,3.5511391645074315e-05
67,3.8326642410653175e-05
67,4.161702336976778e-05
67,4.525535028586412e-05
67,4.9052240827926954e-05
67,5.285838088146065e-05
67,5.649610709024827e-05
67,5.96563489069368e-05
67,6.194696935952876e-05
67,6.303569932069572e-05
67,6.270369570539104e-05
67,6.0804839952520626e-05
67,5.727758856949426e-05
67,5.222917079699294e-05
67,4.594721194074099e-05
67,3.878454720435296e-05
67,3.105935060257164e-05
67,2.3078523398466954e-05
67,1.5200176984684986e-05
67,7.827813496608545e-06
67,1.3572661854959193e-06
67,-3.876792237056074e-06
67,-7.67106669899709e-06
67,-1.0024093786072705e-05
67,-1.1117947556132847e-05
67,-1.1191591448924431e-05
67,-1.0420016165017657e-05
67,-8.888041782588335e-06
67,-6.6110341631488045e-06
67,-3.5475952158189265e-06
67,3.57921549776125e-07
67,5.090068527267132e-06
67,1.0511026919741916e-05
67,1.639718761115026e-05
67,2.2520166180646603e-05
67,2.8687830166050054e-05
67,3.471745280730529e-05
67,4.039711321122696e-05
67,4.5492044285947994e-05
67,4.977846538906769e-05
67,5.305936448426632e-05
67,5.5165842240387626e-05
67,5.597951049693168e-05
67,5.5472746883808286e-05
67,5.372299149109546e-05
67,5.088998232616006e-05
67,4.719545816089253e-05
67,4.292460004166515e-05
67,3.841708510594644e-05
67,3.4017637101839244e-05
67,3.0004570610978362e-05
67,2.6542273690820615e-05
67,2.3680360460820074e-05
67,2.1389548397226455e-05
67,1.961862151400097e-05
67,1.8354569344969273e-05
67,1.7652688206949473e-05
67,1.761120805073789e-05
67,1.8312337404853704e-05
67,1.97849339660413e-05
67,2.201058319569902e-05
67,2.4935000585041778e-05
67,2.8452325456419625e-05
67,3.2389325099214846e-05
67,3.6520820504833574e-05
67,4.059953889373452e-05
67,4.437948184778292e-05
67,4.763837709955111e-05
67,5.01995663372988e-05
67,5.194025090246395e-05
67,5.278602810617116e-05
67,5.27069219262793e-05
67,5.172096611920471e-05
67,4.989435220837312e-05
67,4.733291959863722e-05
67,4.417816102578431e-05
67,4.061069273964602e-05
67,3.6840046529900605e-05
67,3.3075128668502025e-05
67,2.950249185070148e-05
67,2.6286071261868292e-05
67,2.3561248993540342e-05
67,2.1401231418584905e-05
67,1.9786492720969727e-05
67,1.8628758358066474e-05
67,1.7847841093030348e-05
67,1.7439944149647915e-05
67,1.7491087235397697e-05
67,1.8145962221876125e-05
67,1.955608378419196e-05
67,2.181385513636e-05
67,2.4890257983915386e-05
67,2.861237817295314e-05
67,3.2695490813655145e-05
67,3.6804814543090694e-05
67,4.0612531961055463e-05
67,4.3834865836738096e-05
67,4.6249254450783696e-05
67,4.7694941914868355e-05
67,4.806738326730433e-05
67,4.732441644033638e-05
67,4.55062150428831e-05
67,4.274375234093566e-05
67,3.9237230151556623e-05
67,3.522301033390658e-05
67,3.095673624654226e-05
67,2.670638573352473e-05
67,2.273058854189719e-05
67,1.9245724264205243e-05
67,1.640743478846998e-05
67,1.4308154868241838e-05
67,1.2968264804494179e-05
67,1.2321735150203838e-05
67,1.2229863701110294e-05
67,1.2541815792938908e-05
67,1.3173864702904692e-05
67,1.4158010619593664e-05
67,1.563267320358953e-05
67,1.7782659281417518e-05
67,2.0755926280839642e-05
67,2.4591192368245247e-05
67,2.9187592373320295e-05
67,3.433054039146796e-05
67,3.975304106404752e-05
67,4.518171849600054e-05
67,5.033645487527338e-05
67,5.491013191440766e-05
67,5.8574415409964645e-05
67,6.102058240603762e-05
67,6.201315859953802e-05
67,6.143688957851239e-05
67,5.9324329080674836e-05
67,5.5848238905158634e-05
67,5.1274155946293e-05
67,4.5902314614229846e-05
67,4.004120643698143e-05
67,3.401638302520299e-05
67,2.817480121133651e-05
67,2.2852882338568935e-05
67,1.8316867101311114e-05
67,1.4707532625817933e-05
67,1.2017066402032014e-05
67,1.0111487832452885e-05
67,8.795503107614244e-06
67,7.896887367936523e-06
67,7.335932263010461e-06
67,7.157139373742849e-06
67,7.521426483954099e-06
67,8.66162628051169e-06
67,1.0802547285177391e-05
67,1.4066540613353343e-05
67,1.8410732786526325e-05
67,2.363060798816159e-05
67,2.9415860938356768e-05
67,3.541166186090375e-05
67,4.1257911235916315e-05
67,4.6613717158144545e-05
67,5.117499031502243e-05
67,5.467820682516253e-05
67,5.689388324321241e-05
67,5.7634933524259994e-05
67,5.6795433380810474e-05
67,5.439704584199849e-05
67,5.06041550046774e-05
67,4.569869205105112e-05
67,4.003966329786955e-05
67,3.402848714380075e-05
67,2.807744770271971e-05
67,2.25708430946045e-05
67,1.7818022188274836e-05
67,1.4007830350273579e-05
67,1.1179415450840904e-05
67,9.224815529670071e-06
67,7.931146601542328e-06
67,7.055925995892184e-06
67,6.416260330902768e-06
67,5.965598599543195e-06
67,5.82840942962596e-06
67,6.268605679451986e-06
67,7.593283980078476e-06
67,1.0031085527145051e-05
67,1.3643309307822402e-05
67,1.830638122067201e-05
67,2.3758659082366454e-05
67,2.966859627131847e-05
67,3.568584580939046e-05
67,4.1468685339451744e-05
67,4.669856023120742e-05
67,5.108880193726943e-05
67,5.439327932901568e-05
67,5.6423221297641336e-05
67,5.707228435602574e-05
67,5.6335824289792234e-05
67,5.430964520108851e-05
67,5.117128207775781e-05
67,4.716175618557777e-05
67,4.2578331676474817e-05
67,3.777018123663689e-05
67,3.3120069368121674e-05
67,2.9000136341150975e-05
67,2.5704109396221323e-05
67,2.3377295876031876e-05
67,2.1978250256335554e-05
67,2.129934497116233e-05
67,2.1047600969329517e-05
67,2.0957172055542756e-05
67,2.0889580839272678e-05
67,2.0883275603183047e-05
67,2.1133198052942928e-05
67,2.1907724750441822e-05
67,2.3438627444169766e-05
67,2.5833501826273876e-05
67,2.9044596344611877e-05
67,3.2891357877438e-05
67,3.710629169894043e-05
67,4.137656397234907e-05
67,4.5375119322015334e-05
67,4.8787719036832434e-05
67,5.133958362922486e-05
67,5.2819146876963375e-05
67,5.3094462273531564e-05
67,5.211963554474774e-05
67,4.993213443023182e-05
67,4.664494521340543e-05
67,4.243811711949203e-05
67,3.755112699162386e-05
67,3.22736892714307e-05
67,2.6931812993980565e-05
67,2.1866137973741756e-05
67,1.7399194802021882e-05
67,1.3792379163585204e-05
67,1.1203564390939116e-05
67,9.66231467015308e-06
67,9.07419956593592e-06
67,9.255371176229782e-06
67,9.991410938037049e-06
67,1.1107432710385525e-05
67,1.2525770365907072e-05
67,1.428336647924592e-05
67,1.649687627521611e-05
67,1.9293107245623602e-05
67,2.2740869319274405e-05
67,2.6812545170667457e-05
67,3.1379978653121465e-05
67,3.623146458400342e-05
67,4.1095798041802914e-05
67,4.566800281036759e-05
67,4.96368697030169e-05
67,5.271465523407739e-05
67,5.466809696249307e-05
67,5.534706638013124e-05
67,5.4703061089526925e-05
67,5.279021734300216e-05
67,4.974937785415577e-05
67,4.578431788450039e-05
67,4.114049634348924e-05
67,3.609074715643358e-05
67,3.0925035279679805e-05
67,2.5937294458519517e-05
67,2.1403461430415668e-05
67,1.7551444165723527e-05
67,1.4531915202820535e-05
67,1.2401601842510174e-05
67,1.1126698502927253e-05
67,1.0608603541049361e-05
67,1.0729348738091307e-05
67,1.1404947104194868e-05
67,1.262285466190069e-05
67,1.4439463124514057e-05
67,1.6934863181806608e-05
67,2.015093644728703e-05
67,2.404862359057474e-05
67,2.8502139310795534e-05
67,3.332074636969768e-05
67,3.827668035587967e-05
67,4.3124829445232735e-05
67,4.76119671206045e-05
67,5.148090332739822e-05
67,5.447852444418209e-05
67,5.637627721352946e-05
67,5.7003747988247495e-05
67,5.628346092818956e-05
67,5.4249411945097387e-05
67,5.1040528014613335e-05
67,4.687562509084769e-05
67,4.202426197255881e-05
67,3.678318811972602e-05
67,3.145778069730198e-05
67,2.6341412453954878e-05
67,2.168780761204076e-05
67,1.768017760362976e-05
67,1.4409160478077621e-05
67,1.1872308814301748e-05
67,1.0000170397838703e-05
67,8.703239365637603e-06
67,7.925398582334789e-06
67,7.684020221789346e-06
67,8.076625766845282e-06
67,9.244978011907057e-06
67,1.1309791526594061e-05
67,1.4308351827724776e-05
67,1.816570860777902e-05
67,2.2707205062714277e-05
67,2.7694918654675194e-05
67,3.2863145802198135e-05
67,3.7939878459813474e-05
67,4.265693517478217e-05
67,4.6757939631704604e-05
67,5.001051424119214e-05
67,5.222341478210251e-05
67,5.326535517498106e-05
67,5.308056788059839e-05
67,5.1696556858979095e-05
67,4.922239455268976e-05
67,4.583982489119706e-05
67,4.179091915221528e-05
67,3.736328180331106e-05
67,3.286914422003657e-05
67,2.861353410214314e-05
67,2.4852658957156177e-05
67,2.1753214442595734e-05
67,1.936831487629114e-05
67,1.764190350083798e-05
67,1.6444032365188932e-05
67,1.5629607865029005e-05
67,1.5104957214057848e-05
67,1.4879735372562026e-05
67,1.5079952566782593e-05
67,1.5908875835254325e-05
67,1.7567155395841302e-05
67,2.016755185625269e-05
67,2.368336128351925e-05
67,2.7948174356485783e-05
67,3.269506221225758e-05
67,3.7608120557515695e-05
67,4.23647254198534e-05
67,4.666158862695178e-05
67,5.022897456226372e-05
67,5.284094803958507e-05
67,5.4327173709369795e-05
67,5.4586892005312864e-05
67,5.360103975204271e-05
67,5.1436659638816714e-05
67,4.824048417204885e-05
67,4.422424164861692e-05
67,3.9647880592800435e-05
67,3.480464775767031e-05
67,3.0005279746847352e-05
67,2.5554217657278153e-05
67,2.17144555373002e-05
67,1.8667233846207083e-05
67,1.6480294640639986e-05
67,1.5098977750860956e-05
67,1.4369498224817323e-05
67,1.4095320835962848e-05
67,1.4114832829783546e-05
67,1.4373317096966885e-05
67,1.4954727745851897e-05
67,1.605133573475167e-05
67,1.7880743079438576e-05
67,2.0589708932919624e-05
67,2.4189573069795016e-05
67,2.854520931148826e-05
67,3.340763048952335e-05
67,3.846294306268519e-05
67,4.337454742214609e-05
67,4.7810881296069065e-05
67,5.146382896139773e-05
67,5.406687188731608e-05
67,5.5417945974229954e-05
67,5.540385878863522e-05
67,5.40166322151703e-05
67,5.1352700669243815e-05
67,4.7594478235260765e-05
67,4.2984151711122784e-05
67,3.7802412181507724e-05
67,3.2356823576585815e-05
67,2.6972325436781526e-05
67,2.1971224233651287e-05
67,1.7637119335297196e-05
67,1.4170636370168722e-05
67,1.1654003133264777e-05
67,1.0041152045775897e-05
67,9.18245744221593e-06
67,8.88237423857831e-06
67,8.975674160355427e-06
67,9.395921298149694e-06
67,1.0205666729566508e-05
67,1.1570156188953151e-05
67,1.3683556773113414e-05
67,1.668240696205268e-05
67,2.0585794701554627e-05
67,2.5281789795927654e-05
67,3.0551484969963805e-05
67,3.6107086011374704e-05
67,4.162535234866099e-05
67,4.677156696782801e-05
67,5.1218826346458745e-05
67,5.4668894718835816e-05
67,5.6877617300206595e-05
67,5.768298495844095e-05
67,5.7028599470792576e-05
67,5.4972759943806425e-05
67,5.1678025924814516e-05
67,4.7386446920272075e-05
67,4.23926792787847e-05
67,3.7023398228181796e-05
67,3.1620216147593075e-05
67,2.6516464129411765e-05
67,2.200277693540058e-05
67,1.8287587888451546e-05
67,1.5466327172791718e-05
67,1.3512754016176786e-05
67,1.2299986007654536e-05
67,1.1650787688418948e-05
67,1.1406764129084815e-05
67,1.149474327055209e-05
67,1.1961919544293435e-05
67,1.2958955650860433e-05
67,1.4674242573768146e-05
67,1.7249387370199808e-05
67,2.071542852627003e-05
67,2.497353861826422e-05
67,2.981633140087239e-05
67,3.4967729193754945e-05
67,4.012032676746428e-05
67,4.496160353499989e-05
67,4.919107369590165e-05
67,5.253427039424953e-05
67,5.475898167945055e-05
67,5.5696469721051704e-05
67,5.526480440366962e-05
67,5.3485282650767e-05
67,5.0482776987826965e-05
67,4.646934453901522e-05
67,4.172016788562551e-05
67,3.655156408126937e-05
67,3.130176531991327e-05
67,2.6306928820672462e-05
67,2.186655113057116e-05
67,1.8202139019530503e-05
67,1.5421881650883055e-05
67,1.3506640923574698e-05
67,1.2328606791271503e-05
67,1.1704368042131122e-05
67,1.1469916459774184e-05
67,1.1550869157898171e-05
67,1.1996330240142788e-05
67,1.2957271252465113e-05
67,1.4617221387933567e-05
67,1.7108476845340523e-05
67,2.045286563591193e-05
67,2.4548010988019166e-05
67,2.919225232862524e-05
67,3.412432632652717e-05
67,3.905668672471627e-05
67,4.3696127365773164e-05
67,4.7757634233656625e-05
67,5.097965864547614e-05
67,5.314420310858675e-05
67,5.409935668863171e-05
67,5.377825567553903e-05
67,5.22077812228863e-05
67,4.950364572675254e-05
67,4.585507191909672e-05
67,4.150713105282257e-05
67,3.6746527109940674e-05
67,3.188828641410676e-05
67,2.7254742647250716e-05
67,2.314131167754502e-05
67,1.977372521493026e-05
67,1.7270462063833053e-05
67,1.5626326429638863e-05
67,1.4728249951623732e-05
67,1.4404394780680956e-05
67,1.4494348149099187e-05
67,1.4915598549158498e-05
67,1.569727555406327e-05
67,1.696318066837257e-05
67,1.8870182475847187e-05
67,2.1531229468889404e-05
67,2.4958339709497803e-05
67,2.9045728583250433e-05
67,3.3589093221470345e-05
67,3.8321744544858697e-05
67,4.2949363875789754e-05
67,4.717604290521464e-05
67,5.0723625877621264e-05
67,5.3348973471312476e-05
67,5.486166940629199e-05
67,5.5141410304240175e-05
67,5.415146753034014e-05
67,5.1943497133945637e-05
67,4.865129333198921e-05
67,4.447615237812083e-05
67,3.9669988174439576e-05
67,3.4520222587794904e-05
67,2.9334357929320342e-05
67,2.4418377945247438e-05
67,2.004604755201696e-05
67,1.6423534353458385e-05
67,1.365980952947713e-05
67,1.175468448314677e-05
67,1.0613391132450377e-05
67,1.0089851892940294e-05
67,1.0049704693743947e-05
67,1.0431123434835502e-05
67,1.1275030047106362e-05
67,1.2705954085914207e-05
67,1.4869671378442418e-05
67,1.7858226261331635e-05
67,2.165834242110064e-05
67,2.614156951107343e-05
67,3.108873921381513e-05
67,3.622687219470237e-05
67,4.1260311463758845e-05
67,4.5890930720702896e-05
67,4.9832538168274206e-05
67,5.2827021548678173e-05
67,5.466622986669553e-05
67,5.521723915665063e-05
67,5.4442633735404626e-05
67,5.2406185118770586e-05
67,4.92606232109986e-05
67,4.522424871574821e-05
67,4.055806392720333e-05
67,3.5549922855283966e-05
67,3.050189847333423e-05
67,2.571166652812637e-05
67,2.1443005483353458e-05
67,1.7890251439864023e-05
67,1.5149067184409334e-05
67,1.3207058961194882e-05
67,1.1963070062441672e-05
67,1.1275154101487525e-05
67,1.1025486225865355e-05
67,1.117879102760727e-05
67,1.1806634025816493e-05
67,1.3061063031335957e-05
67,1.5106145263580476e-05
67,1.803977754471942e-05
67,2.1842563971400734e-05
67,2.637164717272122e-05
67,3.139038375592296e-05
67,3.660997561311702e-05
67,4.172366042626882e-05
67,4.642817366856755e-05
67,5.043761846945095e-05
67,5.349709162214945e-05
67,5.540058247293515e-05
67,5.601282220346369e-05
67,5.528920786280588e-05
67,5.3284905977780806e-05
67,5.014786471559773e-05
67,4.6099356714094956e-05
67,4.141170210632236e-05
67,3.638955273486575e-05
67,3.135203290781728e-05
67,2.660809704569684e-05
67,2.2422013683337517e-05
67,1.89756305348104e-05
67,1.6340949207636434e-05
67,1.4476371239420188e-05
67,1.3253697915915071e-05
67,1.2513088664402713e-05
67,1.213173402444054e-05
67,1.2082043086169822e-05
67,1.245280356859718e-05
67,1.3418519355151403e-05
67,1.516659247086308e-05
67,1.781530948164821e-05
67,2.1360066662394326e-05
67,2.5666325281974033e-05
67,3.0500095804787107e-05
67,3.557112151473439e-05
67,4.056839848037627e-05
67,4.518266214147956e-05
67,4.912155445505134e-05
67,5.212493472685497e-05
67,5.398402611384884e-05
67,5.4563194464466285e-05
67,5.3818609918927035e-05
67,5.1805893979322925e-05
67,4.8672326717069385e-05
67,4.463743664918313e-05
67,3.9971627727165455e-05
67,3.4979328961057144e-05
67,2.9983584271083217e-05
67,2.5303044137660908e-05
67,2.1216530321044885e-05
67,1.7921173753283452e-05
67,1.5498795505212945e-05
67,1.3906344820437959e-05
67,1.3000173358979733e-05
67,1.259314410292538e-05
67,1.2530180701638196e-05
67,1.2755618678792405e-05
67,1.3342071412643613e-05
67,1.4462873550239331e-05
67,1.6316783888354582e-05
67,1.903938148912379e-05
67,2.2641688422657295e-05
67,2.699780763295842e-05
67,3.1874347014937876e-05
67,3.697646483674312e-05
67,4.198780477763351e-05
67,4.659615242119604e-05
67,5.050915355133093e-05
67,5.346821535010695e-05
67,5.526593156376112e-05
67,5.5766992672637864e-05
67,5.492699212697029e-05
67,5.280084548677335e-05
67,4.953593458109053e-05
67,4.535333290952442e-05
67,4.052643316605241e-05
67,3.536363896419168e-05
67,3.0192736089862015e-05
67,2.5338411652949508e-05
67,2.108770362540202e-05
67,1.7648319995521527e-05
67,1.5113720910408473e-05
67,1.345095456674329e-05
67,1.2521987257106406e-05
67,1.213862666417483e-05
67,1.213737289546739e-05
67,1.2447810950309718e-05
67,1.3124175674840479e-05
67,1.432176208592028e-05
67,1.622599216447604e-05
67,1.8967207193839607e-05
67,2.2560350667985617e-05
67,2.689072654391649e-05
67,3.173920608996097e-05
67,3.6823300440186004e-05
67,4.183320260533144e-05
67,4.645595861628506e-05
67,5.0392474501315716e-05
67,5.3374773668188854e-05
67,5.518726781473085e-05
67,5.5690162832485475e-05
67,5.483826914013964e-05
67,5.268724523608388e-05
67,4.938399950044425e-05
67,4.514640233865081e-05
67,4.024240847929105e-05
67,3.497472627580136e-05
67,2.9667498024205174e-05
67,2.4645533228114213e-05
67,2.020053640650691e-05
67,1.654937266126724e-05
67,1.379846348379043e-05
67,1.1930302243538592e-05
67,1.0822650630139594e-05
67,1.0300597944211707e-05
67,1.0208588157895186e-05
67,1.04772760822769e-05
67,1.1155711915100753e-05
67,1.2390286597690038e-05
67,1.4357008044149e-05
67,1.717876743348094e-05
67,2.0866028290630973e-05
67,2.5302343839145594e-05
67,3.0268899750740285e-05
67,3.548526054153137e-05
67,4.064552752616104e-05
67,4.5442377230141855e-05
67,4.958276627411975e-05
67,5.280256212072854e-05
67,5.488503451456232e-05
67,5.5683205290488055e-05
67,5.5140397708405465e-05
67,5.330020939900517e-05
67,5.0300403603541047e-05
67,4.635383776109455e-05
67,4.172607735396645e-05
67,3.6717082846363336e-05
67,3.164542328598734e-05
67,2.6827087671137757e-05
67,2.254363497393621e-05
67,1.9003732759972404e-05
67,1.631051759993464e-05
67,1.4449388860255861e-05
67,1.3306354243797979e-05
67,1.2717594231231743e-05
67,1.2538321423510858e-05
67,1.2706811758742368e-05
67,1.3274926738800595e-05
67,1.4387057937946576e-05
67,1.6214080295272534e-05
67,1.8873356289974046e-05
67,2.237209123625383e-05
67,2.659432569812338e-05
67,3.1325282937145375e-05
67,3.629065062929057e-05
67,4.119101525684859e-05
67,4.572496786177563e-05
67,4.960513733209238e-05
67,5.2573937879359576e-05
67,5.442278753860816e-05
67,5.501377267281102e-05
67,5.4298114953860044e-05
67,5.2323818137851175e-05
67,4.922843027133036e-05
67,4.52207033165352e-05
67,4.056028140222367e-05
67,3.554156488009654e-05
67,3.0479071611194497e-05
67,2.5685975103201775e-05
67,2.144104998371774e-05
67,1.7949075980336555e-05
67,1.5308022202918835e-05
67,1.3497924062140642e-05
67,1.240117921264202e-05
67,1.1854010956499946e-05
67,1.1716048497329524e-05
67,1.1933094052552781e-05
67,1.256453801127379e-05
67,1.3758656770878484e-05
67,1.568421914063811e-05
67,1.845069072576162e-05
67,2.2054207758632996e-05
67,2.6368223530409347e-05
67,3.117079751843545e-05
67,3.618498506916963e-05
67,4.1112508826976046e-05
67,4.565507528279295e-05
67,4.952875298331966e-05
67,5.2479041635377726e-05
67,5.430046545518545e-05
67,5.4859013238571715e-05
67,5.411096737548092e-05
67,5.211016819815272e-05
67,4.899994316781127e-05
67,4.499397491026933e-05
67,4.0355447704888525e-05
67,3.53804984568483e-05
67,3.0383159521982775e-05
67,2.5673586623317803e-05
67,2.152513984056353e-05
67,1.8135682232431693e-05
67,1.559638223871849e-05
67,1.3882357468928643e-05
67,1.2874007612956908e-05
67,1.2408252261118983e-05
67,1.2346929526825572e-05
67,1.2638302098570482e-05
67,1.334375670500429e-05
67,1.4612835499364041e-05
67,1.6614568264066486e-05
67,1.9457221878143374e-05
67,2.313389779874972e-05
67,2.7513206386128567e-05
67,3.236707721168939e-05
67,3.7412062160943324e-05
67,4.234414723474856e-05
67,4.686116468446373e-05
67,5.0677827097918044e-05
67,5.354074462248446e-05
67,5.524740366567148e-05
67,5.566787359066755e-05
67,5.4763092802098096e-05
67,5.2591752847419705e-05
67,4.930189778879524e-05
67,4.511160106420825e-05
67,4.028822079966767e-05
67,3.513214247344001e-05
67,2.996176261024353e-05
67,2.5091151803399645e-05
67,2.0796073452823575e-05
67,1.7274276332432638e-05
67,1.4614007636816609e-05
67,1.2785493511131455e-05
67,1.166417305468965e-05
67,1.1084322718653146e-05
67,1.0909392187676544e-05
67,1.1094075597871854e-05
67,1.1709746559601156e-05
67,1.2916716550454015e-05
67,1.4892355433964144e-05
67,1.7748556851265782e-05
67,2.1476942450276622e-05
67,2.594104116747144e-05
67,3.090652214264224e-05
67,3.6084459261575197e-05
67,4.1166721666820986e-05
67,4.5847628276501134e-05
67,4.98377347427025e-05
67,5.287812972656909e-05
67,5.475979412986223e-05
67,5.534664442930989e-05
67,5.4595356640919686e-05
67,5.256306903284223e-05
67,4.9398595755012546e-05
67,4.5321835537939775e-05
67,4.0601790439052245e-05
67,3.553989639702228e-05
67,3.045546551027821e-05
67,2.566399432649257e-05
67,2.1443207959165504e-05
67,1.7992482817654902e-05
67,1.5400047462393883e-05
67,1.3633543832883938e-05
67,1.2563362223951064e-05
67,1.2017418078116284e-05
67,1.1853218964889555e-05
67,1.2021673911406916e-05
67,1.2593871627522457e-05
67,1.3733989570557106e-05
67,1.5627056337126182e-05
67,1.8394879958431043e-05
67,2.2038843894555488e-05
67,2.6429649898629962e-05
67,3.13360690965336e-05
67,3.646825884330977e-05
67,4.151463590877612e-05
67,4.616573444494959e-05
67,5.012989166386034e-05
67,5.31482166980685e-05
67,5.501308405950883e-05
67,5.5589387366328995e-05
67,5.483290754495311e-05
67,5.2797924850878637e-05
67,4.962972933655445e-05
67,4.5545762359527264e-05
67,4.081468937323744e-05
67,3.57396350816702e-05
67,3.064270993331073e-05
67,2.5842268464100787e-05
67,2.1618276190529684e-05
67,1.817149760801004e-05
67,1.5590625863922155e-05
67,1.3842633606580394e-05
67,1.2795747100058108e-05
67,1.2274019724417217e-05
67,1.2129690953328704e-05
67,1.2307847376637098e-05
67,1.2874370144714018e-05
67,1.3989973586729625e-05
67,1.5838765767036546e-05
67,1.8544465426645677e-05
67,2.21128983044693e-05
67,2.6420889640950617e-05
67,3.124379558934742e-05
67,3.629750697503747e-05
67,4.127419826185459e-05
67,4.5865529070492e-05
67,4.9778421020219397e-05
67,5.275099366767236e-05
67,5.4572621076156946e-05
67,5.510662816755274e-05
67,5.430922244180063e-05
67,5.2236534704922754e-05
67,4.903586350719634e-05
67,4.492565472132015e-05
67,4.017414506489598e-05
67,3.508306258219925e-05
67,2.9973237135704186e-05
67,2.5163042276421438e-05
67,2.0934511349392496e-05
67,1.7492491820675743e-05
67,1.4930904283669144e-05
67,1.3221622490849588e-05
67,1.2235839497682213e-05
67,1.1797468092654353e-05
67,1.175521347609151e-05
67,1.204790970985018e-05
67,1.2733766304136048e-05
67,1.396583387960759e-05
67,1.592175184651807e-05
67,1.872074008969186e-05
67,2.236639958929255e-05
67,2.6735459669059168e-05
67,3.160484616641445e-05
67,3.6693121024764154e-05
67,4.169572925455191e-05
67,4.630774377001423e-05
67,5.0239103960604534e-05
67,5.3229921429707343e-05
67,5.5070034575941814e-05
67,5.562162584597875e-05
67,5.483860688157469e-05
67,5.277447395649702e-05
67,4.957439555875887e-05
67,4.545574215582671e-05
67,4.0686781512164034e-05
67,3.556991260362794e-05
67,3.04265211605291e-05
67,2.557481600557128e-05
67,2.1295914968366967e-05
67,1.779369290218091e-05
67,1.5162215318473793e-05
67,1.3375725195148005e-05
67,1.231040953467103e-05
67,1.1797064385963984e-05
67,1.1691371532557814e-05
67,1.1937046561352819e-05
67,1.2593481171991157e-05
67,1.381093838450783e-05
67,1.5761474063038124e-05
67,1.8557988592506e-05
67,2.2199063845856094e-05
67,2.6558915778701453e-05
67,3.1414498695131774e-05
67,3.6486059582116905e-05
67,4.147121985745048e-05
67,4.606690946179151e-05
67,4.998440989161015e-05
67,5.296488187678662e-05
67,5.479914994148808e-05
67,5.535028195794538e-05
67,5.457268112037148e-05
67,5.2519594427635264e-05
67,4.933500938319714e-05
67,4.523426298076632e-05
67,4.04830813649798e-05
67,3.538130166050563e-05
67,3.024816443072131e-05
67,2.5400378821604755e-05
67,2.1118213858509342e-05
67,1.7605245166952964e-05
67,1.495571924371867e-05
67,1.3144577113367733e-05
67,1.2049369665464481e-05
67,1.1503130269727468e-05
67,1.1364778654783961e-05
67,1.1582097793715775e-05
67,1.2218741886965536e-05
67,1.3428414946963819e-05
67,1.53847668209143e-05
67,1.8199880231379444e-05
67,2.1869286056901443e-05
67,2.6262793880498978e-05
67,3.115287331980111e-05
67,3.6256473876939736e-05
67,4.126996355280328e-05
67,4.589123845807034e-05
67,4.9834226177937616e-05
67,5.284340588716383e-05
67,5.471253966988025e-05
67,5.5306546117511146e-05
67,5.458042768667886e-05
67,5.258709372813598e-05
67,4.946977962194789e-05
67,4.544303780438563e-05
67,4.0771778831630095e-05
67,3.575462861023249e-05
67,3.070875709968425e-05
67,2.5947723734889876e-05
67,2.1747785028182102e-05
67,1.8308229387760334e-05
67,1.5719462392648232e-05
67,1.3953645538932483e-05
67,1.2886993029830625e-05
67,1.2352752118663189e-05
67,1.2211416147638558e-05
67,1.241320525984065e-05
67,1.3024376044534197e-05
67,1.4200762093016178e-05
67,1.6117385309461798e-05
67,1.8887099737722642e-05
67,2.2505977799460075e-05
67,2.6844341136152417e-05
67,3.1674948891443605e-05
67,3.6714372751582016e-05
67,4.165765259988055e-05
67,4.6200669041635486e-05
67,5.005553149811816e-05
67,5.2966282414912996e-05
67,5.472851668940665e-05
67,5.5211289836422905e-05
67,5.437508107098249e-05
67,5.22781013796286e-05
67,4.9067458020492576e-05
67,4.495977722258866e-05
67,4.022076714446381e-05
67,3.5149422119235127e-05
67,3.006336314440416e-05
67,2.5276577545469223e-05
67,2.1065217389723477e-05
67,1.762748217813985e-05
67,1.5051658505720142e-05
67,1.330716037351162e-05
67,1.226746852941061e-05
67,1.1763738867064808e-05
67,1.1655446766845003e-05
67,1.189297692521225e-05
67,1.2543628932288661e-05
67,1.3764471977398078e-05
67,1.573114519072246e-05
67,1.8555971236674182e-05
67,2.2233380478603036e-05
67,2.663149267675558e-05
67,3.1521014109510556e-05
67,3.661708657166633e-05
67,4.1613975065927444e-05
67,4.6207054248660414e-05
67,5.010760753348431e-05
67,5.305810254182847e-05
67,5.485191787452701e-05
67,5.53560045404139e-05
67,5.452989662934557e-05
67,5.24327252294322e-05
67,4.921430070923529e-05
67,4.509494256595729e-05
67,4.034401708690565e-05
67,3.526335286419849e-05
67,3.0172213260811512e-05
67,2.5385022205912315e-05
67,2.117736301084547e-05
67,1.7746176602238217e-05
67,1.5178176671298233e-05
67,1.3441266619574377e-05
67,1.2407765527716267e-05
67,1.1908133754300926e-05
67,1.1801581816867684e-05
67,1.2038587530077721e-05
67,1.2686886200401047e-05
67,1.3904335616742942e-05
67,1.5867644032228002e-05
67,1.8690281347801612e-05
67,2.236763782689811e-05
67,2.6768384995544412e-05
67,3.1663254647208964e-05
67,3.676688120725434e-05
67,4.1772605493178544e-05
67,4.637469492249323e-05
67,5.028339369280548e-05
67,5.324029188415183e-05
67,5.503791035460637e-05
67,5.554212688021195e-05
67,5.471110926491269e-05
67,5.260253110342806e-05
67,4.9365038310770456e-05
67,4.5218464769116733e-05
67,4.043264643117243e-05
67,3.531095456137456e-05
67,3.0175153042452004e-05
67,2.5342698748597105e-05
67,2.10920441021739e-05
67,1.7622079189352465e-05
67,1.5020033821287064e-05
67,1.3252876578649419e-05
67,1.219108479270302e-05
67,1.1663276400697748e-05
67,1.1527676740350456e-05
67,1.1735051443245334e-05
67,1.235453868241467e-05
67,1.3545956221397568e-05
67,1.548788159470786e-05
67,1.8295082699479345e-05
67,2.1963497745415722e-05
67,2.6361740234116178e-05
67,3.126024790397416e-05
67,3.637351218566894e-05
67,4.139506165815071e-05
67,4.601956826349389e-05
67,4.995759696590604e-05
67,5.2950675444442795e-05
67,5.479070441849825e-05
67,5.534236849582686e-05
67,5.456221386116677e-05
67,5.250613594937618e-05
67,4.932113193029297e-05
67,4.5225663059629305e-05
67,4.048843221051623e-05
67,3.541183940357434e-05
67,3.0316915628311902e-05
67,2.552088392652396e-05
67,2.1302709751349557e-05
67,1.786251222690965e-05
67,1.5289038982433264e-05
67,1.3550372508886326e-05
67,1.2517055709824258e-05
67,1.2016443586672929e-05
67,1.190439370670991e-05
67,1.2128833551572343e-05
67,1.2756401603274254e-05
67,1.3945485962727822e-05
67,1.5874744966360617e-05
67,1.866052174681994e-05
67,2.230130251484596e-05
67,2.6668363871041797e-05
67,3.1534107800643974e-05
67,3.661391168280074e-05
67,4.160131776867984e-05
67,4.619075857778729e-05
67,5.009298024243539e-05
67,5.3050501647966096e-05
67,5.485694205730924e-05
67,5.537890211762315e-05
67,5.45743212986234e-05
67,5.2499451120646915e-05
67,4.93005923097313e-05
67,4.519490170168354e-05
67,4.044973214415463e-05
67,3.5366421618564964e-05
67,3.026525981423729e-05
67,2.5462977965988486e-05
67,2.1238345526628718e-05
67,1.7791772670742746e-05
67,1.5212945292053765e-05
67,1.3471448019917482e-05
67,1.2439499420102586e-05
67,1.1945744767169286e-05
67,1.1846446077620195e-05
67,1.2088769442607341e-05
67,1.273742378499913e-05
67,1.3947992132242327e-05
67,1.5896034456777446e-05
67,1.869526150829924e-05
67,2.234266147826615e-05
67,2.6709421833460436e-05
67,3.156902173822833e-05
67,3.663847178613664e-05
67,4.1612825349862965e-05
67,4.618741952397686e-05
67,5.0073154799941765e-05
67,5.301219892388807e-05
67,5.479786669018443e-05
67,5.529709456119302e-05
67,5.4469068821764656e-05
67,5.2371942380096014e-05
67,4.915393334272993e-05
67,4.5033495150648674e-05
67,4.027833131163738e-05
67,3.5189216356972124e-05
67,3.0085216657693892e-05
67,2.5281529492544432e-05
67,2.1055473860563643e-05
67,1.7606499292824574e-05
67,1.5024160939573338e-05
67,1.3278898785905922e-05
67,1.2244649079649522e-05
67,1.1752230197760353e-05
67,1.1659954979186876e-05
67,1.1916341846571696e-05
67,1.2586333641699234e-05
67,1.38244775683389e-05
67,1.5804216828934185e-05
67,1.863657998676127e-05
67,2.2315991380406356e-05
67,2.6711777001834444e-05
67,3.159652059221735e-05
67,3.668722018519925e-05
67,4.1679521557355774e-05
67,4.626965250610175e-05
67,5.0169421566421535e-05
67,5.312165716852327e-05
67,5.491988683735734e-05
67,5.543078560824149e-05
67,5.4613000520020625e-05
67,5.252418957760186e-05
67,4.93123962135817e-05
67,4.519632997327962e-05
67,4.0444297709409704e-05
67,3.5357761405804644e-05
67,3.0256164270154428e-05
67,2.545437432509885e-05
67,2.122848845570703e-05
67,1.7776038535404137e-05
67,1.5184560013255604e-05
67,1.342317203858892e-05
67,1.2365875281172236e-05
67,1.184519058754871e-05
67,1.1722434037030442e-05
67,1.1949607483125959e-05
67,1.2594639903510171e-05
67,1.3813808992884203e-05
67,1.5780743792630143e-05
67,1.8605334957962492e-05
67,2.2280121295151285e-05
67,2.667246012778953e-05
67,3.155338111350062e-05
67,3.663894874076139e-05
67,4.162445782661827e-05
67,4.62062353366804e-05
67,5.0096529136417695e-05
67,5.303886552493232e-05
67,5.4827616709493215e-05
67,5.533028842974952e-05
67,5.450618985420065e-05
67,5.2413392595732685e-05
67,4.920011715273243e-05
67,4.5085089834116674e-05
67,4.033658191950933e-05
67,3.525607211600185e-05
67,3.016311275033048e-05
67,2.5372682194140296e-05
67,2.1160760243622908e-05
67,1.7724258580127113e-05
67,1.5149419391365083e-05
67,1.3403475773783853e-05
67,1.2358346329208441e-05
67,1.184491006330774e-05
67,1.1723916032492963e-05
67,1.194819090495769e-05
67,1.2587674389263319e-05
67,1.3801166797769656e-05
67,1.5764486122698218e-05
67,1.858872389843793e-05
67,2.2266403643068673e-05
67,2.66638701126832e-05
67,3.155065085714577e-05
67,3.6641376641892524e-05
67,4.1630374007110316e-05
67,4.621360628623214e-05
67,5.0103486642258755e-05
67,5.30440668473894e-05
67,5.4830439795382846e-05
67,5.533088828198064e-05
67,5.4505432249015566e-05
67,5.2412698360657774e-05
67,4.920128507971558e-05
67,4.509016532607323e-05
67,4.034778876280374e-05
67,3.527577333162138e-05
67,3.0193755666740415e-05
67,2.541670066282268e-05
67,2.1220420017283808e-05
67,1.78014370785648e-05
67,1.5245329661612938e-05
67,1.3518383210440726e-05
67,1.2491363436775103e-05
67,1.1993956741243506e-05
67,1.1885886533486091e-05
67,1.2119296219800505e-05
67,1.2763877327363328e-05
67,1.3978623795678317e-05
67,1.593993274519687e-05
67,1.8759747058832884e-05
67,2.243152491159747e-05
67,2.6822363989206297e-05
67,3.1702087037915404e-05
67,3.678499678149032e-05
67,4.176451652641055e-05
67,4.633540272990986e-05
67,5.0208962069035377e-05
67,5.3128635728801114e-05
67,5.488965114675114e-05
67,5.536117658324174e-05
67,5.4504618482819563e-05
67,5.2380095107511124e-05
67,4.9137455943714696e-05
67,4.499654971052466e-05
67,4.022641517317252e-05
67,3.5129156083054733e-05
67,3.002491971690615e-05
67,2.5229215552159623e-05
67,2.1018356020684773e-05
67,1.7589221550463533e-05
67,1.5027523930629904e-05
67,1.3299413232582736e-05
67,1.227524528128915e-05
67,1.1784076429652242e-05
67,1.168490143273519e-05
67,1.1929186566071467e-05
67,1.2586099995101756e-05
67,1.3814269722565514e-05
67,1.5789818180108236e-05
67,1.8624452087275117e-05
67,2.231144925974773e-05
67,2.6717850834165165e-05
67,3.161359641078626e-05
67,3.671325158340752e-05
67,4.171052699088623e-05
67,4.630029532948661e-05
67,5.0193598830115214e-05
67,5.3133118360188534e-05
67,5.491292092658412e-05
67,5.540094272381729e-05
67,5.455770619266564e-05
67,5.244307070532369e-05
67,4.9207234438767354e-05
67,4.507073239092045e-05
67,4.03032873103825e-05
67,3.520745026518901e-05
67,3.010351933740227e-05
67,2.5306941581758415e-05
67,2.1093903935276694e-05
67,1.766124075318862e-05
67,1.5094786189802031e-05
67,1.3361004799461599e-05
67,1.2330721391661002e-05
67,1.1833519046656275e-05
67,1.1728832696828665e-05
67,1.1968336476609209e-05
67,1.2621101537760203e-05
67,1.3845411260561517e-05
67,1.5816972305953757e-05
67,1.8647215193440994e-05
67,2.232941398908708e-05
67,2.673086611617116e-05
67,3.162189109196208e-05
67,3.6717394604190755e-05
67,4.171130661118046e-05
67,4.629864283332406e-05
67,5.019061815944518e-05
67,5.313015720681254e-05
67,5.491154126801376e-05
67,5.540269947264869e-05
67,5.45637886935335e-05
67,5.245398169165943e-05
67,4.922267823078091e-05
67,4.508977064740395e-05
67,4.03246853967919e-05
67,3.523005799915842e-05
67,3.0126531609909857e-05
67,2.5329952246062677e-05
67,2.1116764173717004e-05
67,1.7683814182194713e-05
67,1.5116723949379313e-05
67,1.3381646197393617e-05
67,1.2349176897973283e-05
67,1.184891736806617e-05
67,1.1740621316095772e-05
67,1.1976464289581182e-05
67,1.2625947785626946e-05
67,1.3847461765819532e-05
67,1.5816396481507292e-05
67,1.864355738568226e-05
67,2.2321545205423612e-05
67,2.6717205950482083e-05
67,3.16007953223531e-05
67,3.668755968587613e-05
67,4.1672063400697815e-05
67,4.625007670466715e-05
67,5.013353514415437e-05
67,5.306597408806603e-05
67,5.484217311298533e-05
67,5.533046183638896e-05
67,5.449128291054118e-05
67,5.238393483194482e-05
67,4.91577465087605e-05
67,4.503233864471852e-05
67,4.027668930330854e-05
67,3.5192854004644255e-05
67,3.010083693392267e-05
67,2.531588773817851e-05
67,2.1114002299813312e-05
67,1.769179304136688e-05
67,1.5134856935256917e-05
67,1.3409461810298639e-05
67,1.238636377505468e-05
67,1.1895297827371733e-05
67,1.1796092820967462e-05
67,1.2040920206488506e-05
67,1.2699157182274193e-05
67,1.392890458091627e-05
67,1.5905106288070638e-05
67,1.8738049648514062e-05
67,2.2419860234543554e-05
67,2.6817015911074766e-05
67,3.1699498532769756e-05
67,3.6782339609206365e-05
67,4.175996336913631e-05
67,4.6328159867591774e-05
67,5.019915267349415e-05
67,5.311709790077016e-05
67,5.487769923550606e-05
67,5.5350371539681484e-05
67,5.449657950103156e-05
67,5.237636614867933e-05
67,4.9139435139006036e-05
67,4.5005483496643215e-05
67,4.024342398526226e-05
67,3.515521214216641e-05
67,3.0060702145521155e-05
67,2.527485381793439e-05
67,2.107318305925361e-05
67,1.7651701004140363e-05
67,1.5095460952497503e-05
67,1.3370452275942615e-05
67,1.2347556208608578e-05
67,1.1857039925007875e-05
67,1.1759524549802126e-05
67,1.2007967584243109e-05
67,1.2672215409461327e-05
67,1.3910282021319674e-05
67,1.5896420449502947e-05
67,1.8739812592441148e-05
67,2.2431408553428233e-05
67,2.6836765854562878e-05
67,3.1725355017193945e-05
67,3.6812055223058764e-05
67,4.179132617141948e-05
67,4.635900749510048e-05
67,5.022729787134585e-05
67,5.314028957577038e-05
67,5.4893728953824106e-05
67,5.53573547066727e-05
67,5.4493316395354105e-05
67,5.2362605411163975e-05
67,4.911589938588529e-05
67,4.497365239045819e-05
67,4.0205190814396814e-05
67,3.5112545279276625e-05
67,3.001537279738218e-05
67,2.522822413845089e-05
67,2.1026039055193353e-05
67,1.760414826870099e-05
67,1.5046933164924081e-05
67,1.3319880653757994e-05
67,1.2293706244122084e-05
67,1.1798956662543379e-05
67,1.1696969236075462e-05
67,1.1941703730187942e-05
67,1.2604029140243839e-05
67,1.3842705107342933e-05
67,1.5832241371389747e-05
67,1.868155147583546e-05
67,2.2380934734365802e-05
67,2.6795148220761545e-05
67,3.1692919818959824e-05
67,3.678856172248588e-05
67,4.177617788796301e-05
67,4.6351450897388434e-05
67,5.022657481212728e-05
67,5.3145711141458655e-05
67,5.490466285340395e-05
67,5.537316756338346e-05
67,5.451334317352646e-05
67,5.2386197149304385e-05
67,4.9142546145815324e-05
67,4.500313640184347e-05
67,4.0237711651938314e-05
67,3.5148758758469096e-05
67,3.005629155720248e-05
67,2.5274958080860197e-05
67,2.1079415981371303e-05
67,1.7664321631541742e-05
67,1.5113115028890085e-05
67,1.3390314800440861e-05
67,1.2365924106517087e-05
67,1.1870257102461847e-05
67,1.1764968738589153e-05
67,1.2004765742943569e-05
67,1.2661429252529866e-05
67,1.3894503278168482e-05
67,1.587895382072245e-05
67,1.8723779792896488e-05
67,2.2419090252519874e-05
67,2.682932899033167e-05
67,3.172291204270101e-05
67,3.6813897315893364e-05
67,4.179619704957548e-05
67,4.636536466106062e-05
67,5.023355333498492e-05
67,5.314501411398046e-05
67,5.4895791411160044e-05
67,5.535598794663441e-05
67,5.448813697967037e-05
67,5.235362795005609e-05
67,4.910357234382117e-05
67,4.4958921671905204e-05
67,4.018957835443759e-05
67,3.5098198836289124e-05
67,3.0005005758627348e-05
67,2.522486099265585e-05
67,2.103254407278062e-05
67,1.7622619386216587e-05
67,1.5078133930718233e-05
67,1.3362916909110519e-05
67,1.2346111597513057e-05
67,1.1857226041773126e-05
67,1.175739859383991e-05
67,1.2001238715298455e-05
67,1.266080087627252e-05
67,1.3896076548838176e-05
67,1.588242514516074e-05
67,1.872904188003712e-05
67,2.2426019813016172e-05
67,2.6837650198362796e-05
67,3.1732159347622046e-05
67,3.6823451778817715e-05
67,4.1805353234213964e-05
67,4.637339225857501e-05
67,5.0239740030414225e-05
67,5.314870155799958e-05
67,5.489642438889058e-05
67,5.5353178290757975e-05
67,5.448171797257372e-05
67,5.234367265735255e-05
67,4.909037484489864e-05
67,4.494296524683906e-05
67,4.017151313808771e-05
67,3.507882947980065e-05
67,2.998527353120103e-05
67,2.520580769815236e-05
67,2.1015258415690405e-05
67,1.7608176366368854e-05
67,1.5067539846070492e-05
67,1.3357068791587787e-05
67,1.2345773416431528e-05
67,1.1863015885030074e-05
67,1.1769772282386064e-05
67,1.2020451517491593e-05
67,1.2686840544310161e-05
67,1.3928590477872926e-05
67,1.5920691805698295e-05
67,1.8772028783476578e-05
67,2.247251892522336e-05
67,2.6886424063351454e-05
67,3.178202000990397e-05
67,3.687324474166952e-05
67,4.185388818789902e-05
67,4.6419394373623416e-05
67,5.0281873600043415e-05
67,5.318567049292794e-05
67,5.492711515735196e-05
67,5.537679146132956e-05
67,5.449783554907066e-05
67,5.235223434651093e-05
67,4.9091582464824976e-05
67,4.493717211658683e-05
67,4.015915149449419e-05
67,3.5060386182360565e-05
67,2.9961283171185403e-05
67,2.5176828491420607e-05
67,2.098182573753212e-05
67,1.7570758555579044e-05
67,1.5026527929639081e-05
67,1.3312818716326834e-05
67,1.2298699665619939e-05
67,1.18137150367816e-05
67,1.1719130869002017e-05
67,1.1969671832934594e-05
67,1.2637327782606475e-05
67,1.3881704398805315e-05
67,1.587745205315333e-05
67,1.8732910164584796e-05
67,2.2437433980484702e-05
67,2.6854888509515156e-05
67,3.175340730633619e-05
67,3.6847015303074496e-05
67,4.182971995106719e-05
67,4.6397199453934986e-05
67,5.026172832936294e-05
67,5.3167710252642427e-05
67,5.491145348448708e-05
67,5.536350555025394e-05
67,5.4487016670964206e-05
67,5.234405870453744e-05
67,4.9086348903111356e-05
67,4.493528105198177e-05
67,4.016103422692485e-05
67,3.5066407164495214e-05
67,2.9971633203090603e-05
67,2.5191425256057053e-05
67,2.1000246255148277e-05
67,1.759223368875507e-05
67,1.5050020891276156e-05
67,1.3337189055734192e-05
67,1.2322927323103043e-05
67,1.1837130011001597e-05
67,1.1741571377037874e-05
67,1.1991495298007597e-05
67,1.2659242174302373e-05
67,1.3904466719326555e-05
67,1.5901553688630673e-05
67,1.875837948479485e-05
67,2.2463817395540723e-05
67,2.688136974136026e-05
67,3.177896696219279e-05
67,3.687055558079261e-05
67,4.1850148727700356e-05
67,4.6413516572544103e-05
67,5.027314742122595e-05
67,5.317380117957653e-05
67,5.4912250245497886e-05
67,5.53595240864819e-05
67,5.4479166249949033e-05
67,5.2333484383143433e-05
67,4.907427739647254e-05
67,4.492293357386029e-05
67,4.0149618135432655e-05
67,3.50571358957226e-05
67,2.9965696974713612e-05
67,2.5189867123266717e-05
67,2.1003767817044305e-05
67,1.760101241006573e-05
67,1.5063630848098643e-05
67,1.3354681158202547e-05
67,1.2343069050189772e-05
67,1.1858747049327584e-05
67,1.1763883297388929e-05
67,1.2014312142277594e-05
67,1.2682918901281207e-05
67,1.3929611632080966e-05
67,1.592861318481302e-05
67,1.87872905766269e-05
67,2.2493876163496752e-05
67,2.6911337091226115e-05
67,3.180731405102183e-05
67,3.689571329729869e-05
67,4.1870670270891365e-05
67,4.642813858082746e-05
67,5.028079480144195e-05
67,5.3173602550291184e-05
67,5.490361041234846e-05
67,5.534224680793789e-05
67,5.4453566948627716e-05
67,5.230042088962253e-05
67,4.903507060631473e-05
67,4.48792131497441e-05
67,4.010315772933685e-05
67,3.5009719316693594e-05
67,2.99190122235847e-05
67,2.5145402876215425e-05
67,2.0962701260021277e-05
67,1.7564109277784728e-05
67,1.5031200227314252e-05
67,1.3326624411347744e-05
67,1.2319036198770606e-05
67,1.1838375187175599e-05
67,1.174704986885173e-05
67,1.2001306498639381e-05
67,1.2674444298236191e-05
67,1.3926593668125918e-05
67,1.5931886376196508e-05
67,1.879729868259265e-05
67,2.2510503110403317e-05
67,2.6933899477201724e-05
67,3.183466361131176e-05
67,3.692637585928842e-05
67,4.190298064903561e-05
67,4.6460368721572195e-05
67,5.031128211502527e-05
67,5.320087506290479e-05
67,5.4926496504397894e-05
67,5.535995476014244e-05
67,5.4465719856744486e-05
67,5.2307040780178326e-05
67,4.903652667046911e-05
67,4.4876167762150345e-05
67,4.009653413208522e-05
67,3.5000675508083115e-05
67,2.9908871855998688e-05
67,2.5135503504308165e-05
67,2.0954171983959676e-05
67,1.7557645890946963e-05
67,1.5026928960428284e-05
67,1.3324124271725517e-05
67,1.231753659852389e-05
67,1.1837079341237177e-05
67,1.1745476527929226e-05
67,1.1999517831577756e-05
67,1.2673059077963682e-05
67,1.3926573434747271e-05
67,1.5934190004372055e-05
67,1.8802562384561372e-05
67,2.2518874243114767e-05
67,2.6945053989605057e-05
67,3.184793997899793e-05
67,3.694092518201095e-05
67,4.191786708968893e-05
67,4.647461277736813e-05
67,5.032387863567086e-05
67,5.321082638643803e-05
67,5.493288648706044e-05
67,5.536206014710984e-05
67,5.44631230646207e-05
67,5.229969412075684e-05
67,4.9024739152456815e-05
67,4.486052981346327e-05
67,4.0077825646265586e-05
67,3.497979267554141e-05
67,2.9886771110789037e-05
67,2.5113133846434175e-05
67,2.0932372723763155e-05
67,1.7537017399220328e-05
67,1.5007716056455336e-05
67,1.3306167607949442e-05
67,1.230033823849246e-05
67,1.1819991730846343e-05
67,1.1727966705014234e-05
67,1.1981407068979071e-05
67,1.2654630456667625e-05
67,1.390849608260729e-05
67,1.591730173589372e-05
67,1.878761930581273e-05
67,2.2506371049639345e-05
67,2.6935155996974512e-05
67,3.184050393873007e-05
67,3.6935564480464214e-05
67,4.191403366837837e-05
67,4.647168839728888e-05
67,5.0321270102599685e-05
67,5.320805079631528e-05
67,5.492963027374917e-05
67,5.5358203736456526e-05
67,5.44587344598507e-05
67,5.229500447024024e-05
67,4.902011914022418e-05
67,4.485648265724602e-05
67,4.007499588938544e-05
67,3.4978966742588423e-05
67,2.988883503808515e-05
67,2.5118969713118986e-05
67,2.0942709767804867e-05
67,1.75522825501028e-05
67,1.5027935282429663e-05
67,1.3330956198440768e-05
67,1.2328994008519786e-05
67,1.1851672848910776e-05
67,1.1761897318001236e-05
67,1.2017026039801812e-05
67,1.2691610777807568e-05
67,1.394662615736008e-05
67,1.595630099759309e-05
67,1.8826998325321126e-05
67,2.2545407325543024e-05
67,2.697297255157001e-05
67,3.187617712367719e-05
67,3.6968191805421707e-05
67,4.194274427691722e-05
67,4.649562871891613e-05
67,5.033961276625309e-05
67,5.322005679329629e-05
67,5.49347592119154e-05
67,5.535623210200404e-05
67,5.444982622476453e-05
67,5.2279697261519456e-05
67,4.899923547095695e-05
67,4.483101620319694e-05
67,4.0046024519121667e-05
67,3.49476074926813e-05
67,2.9856215989462173e-05
67,2.5086183822987187e-05
67,2.091073860489376e-05
67,1.7521909409085953e-05
67,1.4999683885542753e-05
67,1.3305087727196439e-05
67,1.2305578655644629e-05
67,1.1830726486874106e-05
67,1.1743539346114725e-05
67,1.2001583379875338e-05
67,1.2679595708096648e-05
67,1.3938572957224323e-05
67,1.595253249599282e-05
67,1.882744303413076e-05
67,2.254955610856343e-05
67,2.6979975288487073e-05
67,3.1885006120778415e-05
67,3.6977789397813415e-05
67,4.195211418594701e-05
67,4.650387622964925e-05
67,5.034595892113581e-05
67,5.322385174536168e-05
67,5.4935511593006885e-05
67,5.535365552564387e-05
67,5.444388416499568e-05
67,5.2270619870124955e-05
67,4.898749781455039e-05
67,4.481729224029319e-05
67,4.00311368193198e-05
67,3.4932473065257794e-05
67,2.9841769101892993e-05
67,2.5073264196133363e-05
67,2.0899964469342933e-05
67,1.7513582061813322e-05
67,1.4993771597646703e-05
67,1.3301312213588074e-05
67,1.2303590433571168e-05
67,1.1830318976831705e-05
67,1.1744824917479766e-05
67,1.2005049671060524e-05
67,1.2685993499731535e-05
67,1.3948659967982342e-05
67,1.5966776959778866e-05
67,1.884581989276037e-05
67,2.2571516504157408e-05
67,2.7004570268583956e-05
67,3.191107236166493e-05
67,3.700410576497165e-05
67,4.197749445925421e-05
67,4.652721818200103e-05
67,5.0366286251622054e-05
67,5.3240369541398524e-05
67,5.494767224233164e-05
67,5.536121475918779e-05
67,5.44469206724333e-05
67,5.226950250307063e-05
67,4.898281102605014e-05
67,4.480975468829646e-05
67,4.0021544794787816e-05
67,3.4921667468963855e-05
67,2.983059223221799e-05
67,2.506247348444038e-05
67,2.0890105855056103e-05
67,1.7504866545600653e-05
67,1.498601578032678e-05
67,1.3293990398821233e-05
67,1.2296010923045306e-05
67,1.1821889918012104e-05
67,1.1735325627715527e-05
67,1.1994793833562758e-05
67,1.2675792276288959e-05
67,1.3939576880521319e-05
67,1.5959773652439212e-05
67,1.8841449981522704e-05
67,2.2569788477884075e-05
67,2.7004997812817907e-05
67,3.191283891690351e-05
67,3.700624638915357e-05
67,4.197903531784496e-05
67,4.652726470768459e-05
67,5.0364079512759936e-05
67,5.323533368702231e-05
67,5.4939465295144947e-05
67,5.534977802183004e-05
67,5.443250665494027e-05
67,5.225266115374041e-05
67,4.896433389417606e-05
67,4.479060000265627e-05
67,4.000276865256906e-05
67,3.490436338471532e-05
67,2.9815817491065793e-05
67,2.5051142752777347e-05
67,2.0882860515310234e-05
67,1.7501958560774823e-05
67,1.4987255802886805e-05
67,1.329879738735884e-05
67,1.23035722067293e-05
67,1.183140238472779e-05
67,1.1746246866627017e-05
67,1.2007004958390414e-05
67,1.2689590408846897e-05
67,1.395548696651078e-05
67,1.5978263029489816e-05
67,1.8862679012284242e-05
67,2.2593496241879805e-05
67,2.7030531323380093e-05
67,3.193926041879204e-05
67,3.7032445286322464e-05
67,4.200381459683023e-05
67,4.654941535628788e-05
67,5.038246750715175e-05
67,5.324900814858377e-05
67,5.494777366922448e-05
67,5.535245737221995e-05
67,5.442971740327045e-05
67,5.224494841117899e-05
67,4.8952536618780534e-05
67,4.477575378335877e-05
67,3.9986037910419066e-05
67,3.4886998015580115e-05
67,2.9799094359863673e-05
67,2.5036256983980247e-05
67,2.0870771564727702e-05
67,1.7493238495841945e-05
67,1.4982002963957116e-05
67,1.3296663157585323e-05
67,1.2303913787281688e-05
67,1.1833530724558358e-05
67,1.1749693773672931e-05
67,1.2011704089592892e-05
67,1.269588227886487e-05
67,1.3963932399229211e-05
67,1.5989349908595926e-05
67,1.8876564664931946e-05
67,2.260989609102535e-05
67,2.7048767962428014e-05
67,3.195840134668252e-05
67,3.7051439052395665e-05
67,4.202157673354259e-05
67,4.656486841925702e-05
67,5.0394567700949854e-05
67,5.325679169688174e-05
67,5.495043954977792e-05
67,5.5349475465060066e-05
67,5.4420923614317295e-05
67,5.22305829030987e-05
67,4.893320945116635e-05
67,4.47523632203562e-05
67,3.995968258864797e-05
67,3.485890182316847e-05
67,2.9770528709076433e-05
67,2.5008435730143144e-05
67,2.0844717341965148e-05
67,1.7469652731853904e-05
67,1.4961189136617985e-05
67,1.3278545065589606e-05
67,1.228816329989035e-05
67,1.181978045851722e-05
67,1.173776819381578e-05
67,1.2001775443414378e-05
67,1.268847122238464e-05
67,1.3959738816641775e-05
67,1.5988988473610943e-05
67,1.888033084105881e-05
67,2.2617660371014955e-05
67,2.706001148772554e-05
67,3.19723319825696e-05
67,3.706711314660763e-05
67,4.203798909822997e-05
67,4.6581014804882384e-05
67,5.0409498572120964e-05
67,5.326966880876325e-05
67,5.4960595871023675e-05
67,5.535647052035792e-05
67,5.4424579790713655e-05
67,5.223098963354139e-05
67,4.8930696958329734e-05
67,4.474746519022058e-05
67,3.9953106538877996e-05
67,3.4851501936284144e-05
67,2.9763251738746476e-05
67,2.500221439537825e-05
67,2.0840318754462343e-05
67,1.7467526315468283e-05
67,1.4961374118578905e-05
67,1.3280685780388753e-05
67,1.2291648125011078e-05
67,1.1823975133385208e-05
67,1.174226700767123e-05
67,1.20065662680776e-05
67,1.269393073161563e-05
67,1.3966449847551333e-05
67,1.599746525585634e-05
67,1.889078529381168e-05
67,2.2629907025490512e-05
67,2.707351810271225e-05
67,3.1986347388972855e-05
67,3.708079163990834e-05
67,4.2050471344260564e-05
67,4.659147247117668e-05
67,5.041717045676627e-05
67,5.327390990628963e-05
67,5.4960942531413474e-05
67,5.535270588239463e-05
67,5.441677264797126e-05
67,5.221948614964338e-05
67,4.891606881502266e-05
67,4.4730442270570915e-05
67,3.9934523585474064e-05
67,3.483226358397693e-05
67,2.974429274127089e-05
67,2.4984428465086578e-05
67,2.0824453193935046e-05
67,1.745406998169796e-05
67,1.495048234195253e-05
67,1.3272182342869217e-05
67,1.2285124961424124e-05
67,1.1818977053925858e-05
67,1.1738505237771393e-05
67,1.2004070133751819e-05
67,1.2693054354287745e-05
67,1.3967715891243886e-05
67,1.60013182019845e-05
67,1.8897376681262566e-05
67,2.2639004599501326e-05
67,2.708454706218681e-05
67,3.1998503376506305e-05
67,3.709315646106936e-05
67,4.206209970832901e-05
67,4.660145611559212e-05
67,5.042469830289127e-05
67,5.3278334670832185e-05
67,5.496185019756064e-05
67,5.5349971644535794e-05
67,5.4410581001608995e-05
67,5.221030259292895e-05
67,4.890457516390401e-05
67,4.471746692248368e-05
67,3.992099061944542e-05
67,3.481915469082796e-05
67,2.9732592639203888e-05
67,2.4975031973532096e-05
67,2.081804457232632e-05
67,1.7451014729198834e-05
67,1.495077840782621e-05
67,1.327550201291557e-05
67,1.2290951232125467e-05
67,1.1826805113791536e-05
67,1.1748044372035106e-05
67,1.2015359208630212e-05
67,1.2706421970951821e-05
67,1.3983585931383834e-05
67,1.6019948972125487e-05
67,1.891866237826604e-05
67,2.266242451605678e-05
67,2.710925330483504e-05
67,3.202346645669273e-05
67,3.7117287012089405e-05
67,4.208431569565927e-05
67,4.662071534180194e-05
67,5.044003302474314e-05
67,5.328891308873439e-05
67,5.496706562286686e-05
67,5.534953505864249e-05
67,5.440457725391332e-05
67,5.2199179810301725e-05
67,4.8889071797440584e-05
67,4.469851506097148e-05
67,3.9899635816424554e-05
67,3.479649943104096e-05
67,2.970973657642225e-05
67,2.495298107141465e-05
67,2.0797592706430168e-05
67,1.7432635957996468e-05
67,1.493458002687211e-05
67,1.3261273854603508e-05
67,1.227831591900388e-05
67,1.1815436434515278e-05
67,1.1737883412587374e-05
67,1.2006735686027832e-05
67,1.2700007233615173e-05
67,1.398017586393138e-05
67,1.6020167130233266e-05
67,1.8922720777499913e-05
67,2.267004080342458e-05
67,2.71197268869313e-05
67,3.203583689181949e-05
67,3.71304869365006e-05
67,4.209727468501676e-05
67,4.663241973874306e-05
67,5.044956711362957e-05
67,5.3295503287489806e-05
67,5.497013703980595e-05
67,5.534877389167422e-05
67,5.439997700411652e-05
67,5.219104720834127e-05
67,4.8877987802749265e-05
67,4.468527209313163e-05
67,3.988517671934679e-05
67,3.47818601108979e-05
67,2.9695969092494067e-05
67,2.49410371111956e-05
67,2.0788179268906806e-05
67,1.7426088495800103e-05
67,1.4930808531545475e-05
67,1.3259820409081803e-05
67,1.2278527635985798e-05
67,1.181671493847884e-05
67,1.1739930758081385e-05
67,1.2009695674501576e-05
67,1.2704425659189103e-05
67,1.3986780475069336e-05
67,1.6029561959710105e-05
67,1.8935135207043245e-05
67,2.2685233426379575e-05
67,2.7137047718158182e-05
67,3.205437247164175e-05
67,3.7149202125138546e-05
67,4.211510988559754e-05
67,4.664835193879941e-05
67,5.046266242334831e-05
67,5.330497977552865e-05
67,5.497543802297928e-05
67,5.534963478718409e-05
67,5.439645993178698e-05
67,5.2183525287675504e-05
67,4.8867086159632134e-05
67,4.467179651828005e-05
67,3.987005906526022e-05
67,3.476611959781314e-05
67,2.9680658779207086e-05
67,2.4927145750225406e-05
67,2.0776491641688416e-05
67,1.7417045499699948e-05
67,1.4924425553272074e-05
67,1.3255711993099494e-05
67,1.2276055224923195e-05
67,1.1815229995831079e-05
67,1.1739037094922368e-05
67,1.2009424018636686e-05
67,1.2705231047579699e-05
67,1.3989349627639771e-05
67,1.603451678229501e-05
67,1.8942771930334536e-05
67,2.2695403567237498e-05
67,2.714919473220497e-05
67,3.206765881712253e-05
67,3.7162645726425835e-05
67,4.212768654331135e-05
67,4.665906491349257e-05
67,5.047060050810285e-05
67,5.330938148524597e-05
67,5.497576515719723e-05
67,5.534564174470763e-05
67,5.438823345427368e-05
67,5.217147454486463e-05
67,4.885188738717962e-05
67,4.465432080691448e-05
67,3.985131152817763e-05
67,3.4747191152089936e-05
67,2.966266496199598e-05
67,2.4911128092876162e-05
67,2.076328605375235e-05
67,1.740715448045107e-05
67,1.4917944537463503e-05
67,1.325235039409926e-05
67,1.2275266522829206e-05
67,1.1816427600675855e-05
67,1.1741829767380755e-05
67,1.2013775073905688e-05
67,1.2711459070457842e-05
67,1.399795787736101e-05
67,1.604593046617162e-05
67,1.895711179711611e-05
67,2.271239092337345e-05
67,2.716819465501732e-05
67,3.2087795999635996e-05
67,3.718291846110385e-05
67,4.2147045560872974e-05
67,4.6676467224185656e-05
67,5.0485063695853756e-05
67,5.332005491045277e-05
67,5.4982016575964535e-05
67,5.534713939091746e-05
67,5.438499273887213e-05
67,5.216384723166039e-05
67,4.884049998444446e-05
67,4.463999639373195e-05
67,3.983500778384056e-05
67,3.472995607069109e-05
67,2.9645581432158853e-05
67,2.4895219525235986e-05
67,2.074938676437166e-05
67,1.7395783311507463e-05
67,1.4909233990072556e-05
67,1.3246071814877758e-05
67,1.2270963148840235e-05
67,1.181362858744999e-05
67,1.1740276617226847e-05
67,1.2013565584531784e-05
67,1.2713030663320712e-05
67,1.4001902950516171e-05
67,1.6052727466836246e-05
67,1.8966902305415044e-05
67,2.272489654751195e-05
67,2.718277668118499e-05
67,3.210358707809802e-05
67,3.719894692474756e-05
67,4.216231591958227e-05
67,4.6690006274919144e-05
67,5.049595955394125e-05
67,5.3327509890130524e-05
67,5.498541903727538e-05
67,5.5346141096346136e-05
67,5.4379563331959004e-05
67,5.2154279734109136e-05
67,4.882736563351883e-05
67,4.462407530372523e-05
67,3.981722581510125e-05
67,3.4711332849068566e-05
67,2.962716672982379e-05
67,2.487799511050501e-05
67,2.073413915905332e-05
67,1.7382984583149027e-05
67,1.4898979796294691e-05
67,1.3238114191930737e-05
67,1.2264847657711194e-05
67,1.1808907823714658e-05
67,1.1736731770985127e-05
67,1.2011342726047626e-05
67,1.2712616057537782e-05
67,1.4003932397292368e-05
67,1.6057714505033524e-05
67,1.8975015268844657e-05
67,2.273587720378919e-05
67,2.719600252140386e-05
67,3.211820629926965e-05
67,3.721400703167482e-05
67,4.2176849684727265e-05
67,4.670308395297074e-05
67,5.05067326889803e-05
67,5.333526421053346e-05
67,5.498963832151291e-05
67,5.534656855423765e-05
67,5.4376237187390126e-05
67,5.214752463017537e-05
67,4.8817743861861366e-05
67,4.461232451540037e-05
67,3.980420868061595e-05
67,3.4697997153979975e-05
67,2.961448861035998e-05
67,2.486688140794594e-05
67,2.072529620155234e-05
67,1.7376794151163837e-05
67,1.4895435098588755e-05
67,1.3236855655444934e-05
67,1.2265308288694832e-05
67,1.1810537659362221e-05
67,1.1739228692780019e-05
67,1.201479211217102e-05
67,1.2717462152418479e-05
67,1.40107788122163e-05
67,1.6067043388599307e-05
67,1.898695893554236e-05
67,2.275013593660186e-05
67,2.721190920671424e-05
67,3.213486477894149e-05
67,3.723042349767512e-05
67,4.2192020478113575e-05
67,4.671604953988815e-05
67,5.0516624821869234e-05
67,5.334136496961179e-05
67,5.499145177362324e-05
67,5.534388785947796e-05
67,5.436917983673364e-05
67,5.2136516382481686e-05
67,4.8803458132900973e-05
67,4.459560830695753e-05
67,3.978602389816967e-05
67,3.467937714343761e-05
67,2.9596482335027434e-05
67,2.485045999053945e-05
67,2.0711227297820646e-05
67,1.7365522488763193e-05
67,1.4887019811619567e-05
67,1.3231003193869103e-05
67,1.2261511586017482e-05
67,1.1808294202848779e-05
67,1.1738268381486162e-05
67,1.2015218952633055e-05
67,1.2719730924826638e-05
67,1.4015500370589625e-05
67,1.607470519455655e-05
67,1.899769429071079e-05
67,2.2763637608166286e-05
67,2.7227490620082398e-05
67,3.215159744283487e-05
67,3.72472705306602e-05
67,4.2207928649428824e-05
67,4.673000765833635e-05
67,5.052771391132164e-05
67,5.3348818888317925e-05
67,5.499473048105844e-05
67,5.53427473719999e-05
67,5.436371101084807e-05
67,5.212713120274028e-05
67,4.879082888131066e-05
67,4.458059090425347e-05
67,3.97695952117822e-05
67,3.466258661352917e-05
67,2.9580390531617554e-05
67,2.4836039603199667e-05
67,2.0699233667203286e-05
67,1.7356373976506848e-05
67,1.4880739788181096e-05
67,1.3227261568041295e-05
67,1.225977360026711e-05
67,1.1808045208783026e-05
67,1.1739242574341052e-05
67,1.2017536006472109e-05
67,1.2723864507832847e-05
67,1.4022076140814647e-05
67,1.60842176527056e-05
67,1.9010276606711002e-05
67,2.277897857043272e-05
67,2.7244899042957518e-05
67,3.217014012112608e-05
67,3.7265902754056964e-05
67,4.222558111788208e-05
67,4.674564043884259e-05
67,5.05403652007401e-05
67,5.3357667891413295e-05
67,5.499917590876328e-05
67,5.5342484346649125e-05
67,5.4358776833620885e-05
67,5.211789681690349e-05
67,4.8777940172881426e-05
67,4.456489139118093e-05
67,3.9752061614039074e-05
67,3.464427916895037e-05
67,2.9562390667821124e-05
67,2.4819349226699843e-05
67,2.068464214784274e-05
67,1.7344333427400404e-05
67,1.4871301954819232e-05
67,1.3220116398172944e-05
67,1.2254398821411493e-05
67,1.1803935794714529e-05
67,1.173614682046203e-05
67,1.2015599870153778e-05
67,1.2723605464714096e-05
67,1.402418187153577e-05
67,1.6089258182661537e-05
67,1.9018465425820215e-05
67,2.279008027689923e-05
67,2.7258287782681483e-05
67,3.218493710631556e-05
67,3.7281111109890586e-05
67,4.224017871142199e-05
67,4.675863738917359e-05
67,5.0550851198689044e-05
67,5.3364868589786236e-05
67,5.500252249031759e-05
67,5.5341683236649424e-05
67,5.4353853797361214e-05
67,5.210919332404527e-05
67,4.8766063578413896e-05
67,4.4550646068929894e-05
67,3.9736389214691605e-05
67,3.462820944062112e-05
67,2.9546977299793736e-05
67,2.4805566935592263e-05
67,2.06732517859258e-05
67,1.733575526930212e-05
67,1.4865550070689892e-05
67,1.3216834590037738e-05
67,1.2253008517605164e-05
67,1.1803865792290097e-05
67,1.1737071772287362e-05
67,1.2017588668588315e-05
67,1.2727100350272107e-05
67,1.4029803396577269e-05
67,1.6097523857575322e-05
67,1.9029555729335556e-05
67,2.2803747443834583e-05
67,2.7273910674831556e-05
67,3.220165154479341e-05
67,3.729793658112573e-05
67,4.22561052030276e-05
67,4.677268134557654e-05
67,5.0562106213071387e-05
67,5.337256809848652e-05
67,5.500611465529318e-05
67,5.5340901224373824e-05
67,5.4348754771802914e-05
67,5.2100146864298276e-05
67,4.875369567564033e-05
67,4.453576907528669e-05
67,3.971994604797636e-05
67,3.461123126062066e-05
67,2.953052622061307e-05
67,2.4790637861384637e-05
67,2.0660639068243537e-05
67,1.7325924108489544e-05
67,1.4858565960795721e-05
67,1.3212392215178065e-05
67,1.2250572080614515e-05
67,1.1802892581628002e-05
67,1.1737247529111872e-05
67,1.2018976467600936e-05
67,1.27301230556026e-05
67,1.403505336818927e-05
67,1.6105486370114345e-05
67,1.9040378935479733e-05
67,2.2817153962338692e-05
67,2.7289254253858346e-05
67,3.2218048611645425e-05
67,3.731439388065325e-05
67,4.227160683033244e-05
67,4.678624334250828e-05
67,5.05728242650955e-05
67,5.337967696449486e-05
67,5.500906153972172e-05
67,5.533941738337301e-05
67,5.434289770494361e-05
67,5.209029154619314e-05
67,4.874047910006474e-05
67,4.452001789263237e-05
67,3.9702616565983145e-05
67,3.4593362840400106e-05
67,2.9513181744989264e-05
67,2.4774806910319466e-05
67,2.0647109540478475e-05
67,1.731516061527338e-05
67,1.4850645524554883e-05
67,1.3207036036177612e-05
67,1.2247283839125787e-05
67,1.1801175347008597e-05
67,1.1736829996018389e-05
67,1.2019953238958758e-05
67,1.27329317600462e-05
67,1.4040283830488653e-05
67,1.6113608079244397e-05
67,1.905151786164522e-05
67,2.2831011104241074e-05
67,2.7305166792532446e-05
67,3.2235122300613436e-05
67,3.7331628594092995e-05
67,4.228798060586801e-05
67,4.680076495267694e-05
67,5.058458052466642e-05
67,5.3387892823622355e-05
67,5.501317407255401e-05
67,5.533914720354218e-05
67,5.433829011866078e-05
67,5.208170636868008e-05
67,4.872853425749818e-05
67,4.450551740921418e-05
67,3.9686492087317345e-05
67,3.457662877210856e-05
67,2.949687649880004e-05
67,2.4759895489515576e-05
67,2.0634354160239553e-05
67,1.730499929139771e-05
67,1.4843130407091935e-05
67,1.3201870135426404e-05
67,1.2243965027503998e-05
67,1.179921724219202e-05
67,1.1735988178320317e-05
67,1.2020360916776991e-05
67,1.2735069089590422e-05
67,1.4044778790761773e-05
67,1.6120957941161766e-05
67,1.9061863904294146e-05
67,2.2844058900889164e-05
67,2.7320251685166072e-05
67,3.225134686794782e-05
67,3.7347992408780364e-05
67,4.230346662628366e-05
67,4.6814392366446994e-05
67,5.0595450580865275e-05
67,5.339524641616889e-05
67,5.501646322601714e-05
67,5.5338105027098785e-05
67,5.433297204658706e-05
67,5.207248121792202e-05
67,4.871602913612165e-05
67,4.4490545865698904e-05
67,3.9669994187108645e-05
67,3.455962378033035e-05
67,2.9480401768059972e-05
67,2.4744907734694356e-05
67,2.062160016962205e-05
67,1.7294895766123024e-05
67,1.4835704201164437e-05
67,1.3196797186166822e-05
67,1.2240716830821147e-05
67,1.1797284508200777e-05
67,1.1735109815293574e-05
67,1.202066178025952e-05
67,1.2737029919453324e-05
67,1.4049035844497818e-05
67,1.6128021735563353e-05
67,1.9071890643248264e-05
67,2.2856767902146885e-05
67,2.733498912444979e-05
67,3.226722288644654e-05
67,3.7364011686184935e-05
67,4.2318616418898466e-05
67,4.6827697403599935e-05
67,5.060602089346772e-05
67,5.34023362708862e-05
67,5.501954263189844e-05
67,5.5336927958984834e-05
67,5.432761465318366e-05
67,5.2063329904032396e-05
67,4.8703723904183204e-05
67,4.447590884763327e-05
67,3.965397149458521e-05
67,3.454324000015717e-05
67,2.9464699428518684e-05
67,2.4730847480521346e-05
67,2.0609929183526717e-05
67,1.728602524402776e-05
67,1.48296483687218e-05
67,1.3193212809135603e-05
67,1.22390518779514e-05
67,1.1797004707106328e-05
67,1.1735930124893181e-05
67,1.202268532240425e-05
67,1.274071765238182e-05
67,1.4055005192571897e-05
67,1.6136764394895504e-05
67,1.9083543580168426e-05
67,2.287103079302116e-05
67,2.735118807842712e-05
67,3.2284447175131516e-05
67,3.738124370486859e-05
67,4.2334819268711104e-05
67,4.684186999585525e-05
67,5.0617247088432126e-05
67,5.340984634448379e-05
67,5.502278805807629e-05
67,5.5335652676118024e-05
67,5.432189495216005e-05
67,5.205356219371577e-05
67,4.869056607517404e-05
67,4.446020621100819e-05
67,3.963669644591937e-05
67,3.452544520320347e-05
67,2.9447456793387845e-05
67,2.4715148166414853e-05
67,2.059655163180628e-05
67,1.72754117802399e-05
67,1.4821842790334895e-05
67,1.3187898149670968e-05
67,1.2235697571157207e-05
67,1.1795092578010148e-05
67,1.1735186712062266e-05
67,1.2023222916547258e-05
67,1.2743006411038953e-05
67,1.4059673334079328e-05
67,1.6144315993128727e-05
67,1.9094128192653162e-05
67,2.2884359093198058e-05
67,2.736659438551234e-05
67,3.230102613430496e-05
67,3.739798098416404e-05
67,4.235067994664403e-05
67,4.685585358655219e-05
67,5.062843537949075e-05
67,5.3417462911042676e-05
67,5.502627166744975e-05
67,5.533472883482712e-05
67,5.431661785935785e-05
67,5.2044305444347e-05
67,4.867796653828403e-05
67,4.4445091283076156e-05
67,3.962002380308122e-05
67,3.4508255390841574e-05
67,2.9430811478150112e-05
67,2.4700029648656676e-05
67,2.058373070568124e-05
67,1.7265324345028054e-05
67,1.4814527605434457e-05
67,1.3183034993860957e-05
67,1.2232754842526017e-05
67,1.1793553372943767e-05
67,1.173478045201142e-05
67,1.202406504701305e-05
67,1.2745569441623455e-05
67,1.4064587079757871e-05
67,1.6152086673238608e-05
67,1.910490978187175e-05
67,2.289786983151296e-05
67,2.738217856876585e-05
67,3.23177886918305e-05
67,3.74149158201199e-05
67,4.236675679040061e-05
67,4.687007308104401e-05
67,5.063987829334709e-05
67,5.34253512387585e-05
67,5.5030042672111125e-05
67,5.533410587994192e-05
67,5.431165093225305e-05
67,5.203536084088605e-05
67,4.8665670931847666e-05
67,4.443026029593901e-05
67,3.960360358855743e-05
67,3.4491276849765585e-05
67,2.9414329489673873e-05
67,2.468502281278404e-05
67,2.057096876733406e-05
67,1.7255243836795685e-05
67,1.480716825114436e-05
67,1.3178076384152528e-05
67,1.2229662931645821e-05
67,1.1791806337758273e-05
67,1.1734101145953141e-05
67,1.2024562228028006e-05
67,1.2747710411617476e-05
67,1.406899910990236e-05
67,1.6159276682725924e-05
67,1.9115035801116746e-05
67,2.291065737513608e-05
67,2.739698228018784e-05
67,3.2333726959691754e-05
67,3.743099922242267e-05
67,4.238197471413308e-05
67,4.6883447882355476e-05
67,5.065051286824743e-05
67,5.34324882523148e-05
67,5.503313714115109e-05
67,5.533289532257955e-05
67,5.430619589837877e-05
67,5.2026034986828016e-05
67,4.865310547312218e-05
67,4.4415272650609576e-05
67,3.9587138702352154e-05
67,3.4474361066729896e-05
67,2.939800992857506e-05
67,2.467026820912928e-05
67,2.0558538852805443e-05
67,1.7245567159220177e-05
67,1.480028005840835e-05
67,1.317365542482137e-05
67,1.222717655562853e-05
67,1.1790733807725452e-05
67,1.1734163180372784e-05
67,1.2025859874556108e-05
67,1.275069674786496e-05
67,1.4074281696883606e-05
67,1.616734012248538e-05
67,1.9126016873104692e-05
67,2.292426433816291e-05
67,2.741255750197187e-05
67,3.2350380415016166e-05
67,3.744773480485561e-05
67,4.239777517669759e-05
67,4.6897328759995534e-05
67,5.0661571305034207e-05
67,5.3439964166993e-05
67,5.5036487255219896e-05
67,5.533186328015507e-05
67,5.430085118494327e-05
67,5.2016760658142794e-05
67,4.8640540844105485e-05
67,4.4400241584431864e-05
67,3.957059170492479e-05
67,3.445733014300466e-05
67,2.9381548285685437e-05
67,2.465535062873044e-05
67,2.054593041501071e-05
67,1.7235700945396995e-05
67,1.4793195782251922e-05
67,1.3169037532672136e-05
67,1.2224500452505937e-05
67,1.1789489374792243e-05
67,1.1734083239576896e-05
67,1.2027056850722177e-05
67,1.2753631605614472e-05
67,1.407956395057965e-05
67,1.617544921183743e-05
67,1.91370779566808e-05
67,2.2937969958931114e-05
67,2.7428233526915798e-05
67,3.236712269709159e-05
67,3.746453747861255e-05
67,4.241361588986079e-05
67,4.691122127904343e-05
67,5.067261207110258e-05
67,5.3447391392924864e-05
67,5.5039754187153565e-05
67,5.5330709174747925e-05
67,5.429534205514264e-05
67,5.200727861378583e-05
67,4.8627727123054415e-05
67,4.438492376221816e-05
67,3.955372397304396e-05
67,3.4439946447712046e-05
67,2.936470112696257e-05
67,2.464001157815148e-05
67,2.053285984714572e-05
67,1.7225327305035727e-05
67,1.4785556003776069e-05
67,1.3163816776932787e-05
67,1.2221179489882784e-05
67,1.1787568527045866e-05
67,1.1733310271727108e-05
67,1.2027562110835275e-05
67,1.2755894908217962e-05
67,1.4084212585199738e-05
67,1.618297784498662e-05
67,1.9147623605217535e-05
67,2.295123336985834e-05
67,2.7443545155621734e-05
67,3.238357965675017e-05
67,3.748113252202097e-05
67,4.2429323810452556e-05
67,4.692505303683751e-05
67,5.0683662782527756e-05
67,5.3454900052230656e-05
67,5.504317625713359e-05
67,5.532978589077723e-05
67,5.429013935928508e-05
67,5.199817547791208e-05
67,4.861535888941917e-05
67,4.437011068750195e-05
67,3.953741308505479e-05
67,3.442316564298346e-05
67,2.934849774859154e-05
67,2.4625351654690117e-05
67,2.0520496094445868e-05
67,1.7215677085605858e-05
67,1.4778641561227812e-05
67,1.3159306168273259e-05
67,1.2218536268704394e-05
67,1.1786278296397056e-05
67,1.1733110558925443e-05
67,1.2028578152030205e-05
67,1.2758605742705514e-05
67,1.4089247374196993e-05
67,1.6190834002894346e-05
67,1.915844058006855e-05
67,2.2964713549751033e-05
67,2.7459019897419384e-05
67,3.2400146523730664e-05
67,3.749778455740198e-05
67,4.244503613189446e-05
67,4.693883705804182e-05
67,5.069461433244627e-05
67,5.346225948987843e-05
67,5.504640173569704e-05
67,5.532862325296381e-05
67,5.4284661233701485e-05
67,5.1988769163178933e-05
67,4.860266875129512e-05
67,4.4354965656502544e-05
67,3.952076762938799e-05
67,3.440605341396083e-05
67,2.9331970273579574e-05
67,2.461037808877934e-05
67,2.0507831833226986e-05
67,1.7205741951979336e-05
67,1.477145965947124e-05
67,1.315454602022375e-05
67,1.2215659743380978e-05
67,1.1784766982338671e-05
67,1.1732696324908694e-05
67,1.2029380335897553e-05
67,1.2761098816855266e-05
67,1.4094058493407347e-05
67,1.619846165983675e-05
67,1.9169028047749157e-05
67,2.2977968759715568e-05
67,2.7474280059133444e-05
67,3.2416514022877644e-05
67,3.751425541651123e-05
67,4.246058653751816e-05
67,4.695247810905294e-05
67,5.070544096756053e-05
67,5.346951133847068e-05
67,5.5049536762752295e-05
67,5.5327387774312607e-05
67,5.4279128897518574e-05
67,5.197932860272508e-05
67,4.858996602353556e-05
67,4.4339832042919836e-05
67,3.950416093575013e-05
67,3.4389011660655215e-05
67,2.9315549964126346e-05
67,2.4595553190393244e-05
67,2.0495361645260026e-05
67,1.7196048937862344e-05
67,1.4764569345563208e-05
67,1.3150127455091197e-05
67,1.2213174709620064e-05
67,1.1783696210860622e-05
67,1.1732769384617482e-05
67,1.2030711912253217e-05
67,1.2764155725141524e-05
67,1.409945733724245e-05
67,1.6206688565069e-05
67,1.9180213837480386e-05
67,2.2991810506579794e-05
67,2.7490106648080743e-05
67,3.243342195996853e-05
67,3.7531236349218236e-05
67,4.24766125263433e-05
67,4.6966555325344436e-05
67,5.0716658098037084e-05
67,5.347710060352219e-05
67,5.505294836990733e-05
67,5.5326360967019044e-05
67,5.427373183046548e-05
67,5.196994647453357e-05
67,4.857724338111511e-05
67,4.4324600115919575e-05
67,3.948737851993332e-05
67,3.437171862743434e-05
67,2.9298805561405843e-05
67,2.4580335187160242e-05
67,2.048243434569666e-05
67,1.7185841016092385e-05
67,1.4757113638865361e-05
67,1.3145101199688414e-05
67,1.221004847119036e-05
67,1.178195988639761e-05
67,1.1732161899451228e-05
67,1.2031357210248282e-05
67,1.2766529433453152e-05
67,1.4104184095282795e-05
67,1.621426156447643e-05
67,1.9190770015379578e-05
67,2.3005052308793396e-05
67,2.7505367935023877e-05
67,3.244980425826849e-05
67,3.7547736852134225e-05
67,4.2492209655074543e-05
67,4.698026232000903e-05
67,5.0727570743885696e-05
67,5.3484457051605355e-05
67,5.5056202304101256e-05
67,5.532525177251189e-05
67,5.4268324343305824e-05
67,5.1960619839145306e-05
67,4.8564634563495904e-05
67,4.430953237977285e-05
67,3.947080301877817e-05
67,3.435466804805455e-05
67,2.9282332223129674e-05
67,2.4565409980891507e-05
67,2.0469814771042965e-05
67,1.717594932815583e-05
67,1.4749977122908204e-05
67,1.3140392878500098e-05
67,1.2207236311539695e-05
67,1.1780532698773358e-05
67,1.1731858411108134e-05
67,1.2032301021510154e-05
67,1.2769194687227325e-05
67,1.4109192437610623e-05
67,1.622210220747849e-05
67,1.9201576031814656e-05
67,2.301852339374906e-05
67,2.7520836686082336e-05
67,3.246637210710034e-05
67,3.7564401433895946e-05
67,4.250794999274292e-05
67,4.699409258272559e-05
67,5.073858861726838e-05
67,5.349190425010152e-05
67,5.505953788402426e-05
67,5.532422161458158e-05
67,5.426299956501147e-05
67,5.195138423152401e-05
67,4.8552127279434475e-05
67,4.429457646167323e-05
67,3.945434764144e-05
67,3.4337742940555444e-05
67,2.926598634670272e-05
67,2.4550610790639952e-05
67,2.0457316428564243e-05
67,1.716617097626193e-05
67,1.4742943252665473e-05
67,1.3135774087101546e-05
67,1.2204498546649124e-05
67,1.1779163192795806e-05
67,1.1731594754140397e-05
67,1.2033265973423853e-05
67,1.2771861492747104e-05
67,1.4114181377412632e-05
67,1.6229900488033288e-05
67,1.921231432700462e-05
67,2.3031899158668417e-05
67,2.753618099257607e-05
67,3.248278595698069e-05
67,3.7580883287664727e-05
67,4.2523480875577916e-05
67,4.700768957631141e-05
67,5.0749352886930836e-05
67,5.3499081336225085e-05
67,5.506259109122863e-05
67,5.532290176524643e-05
67,5.425738356018047e-05
67,5.194186231008284e-05
67,4.853934522709819e-05
67,4.4279363493792406e-05
67,3.943765800540388e-05
67,3.432060982715968e-05
67,2.9249460290681015e-05
67,2.4535659053214666e-05
67,2.0444691842570713e-05
67,1.715629121593099e-05
67,1.4735832251216804e-05
67,1.3131103543626124e-05
67,1.2201737317043389e-05
67,1.177780265974183e-05
67,1.173137674197045e-05
67,1.2034316163644448e-05
67,1.2774653594953926e-05
67,1.4119333238911076e-05
67,1.623789442132179e-05
67,1.92232747276017e-05
67,2.3045516980515408e-05
67,2.7551781302389147e-05
67,3.2499464302754306e-05
67,3.759763286566203e-05
67,4.25392773363197e-05
67,4.702154458157649e-05
67,5.076036257184506e-05
67,5.3506487175048355e-05
67,5.506585370616088e-05
67,5.532177076836622e-05
67,5.425193588302154e-05
67,5.193248903874849e-05
67,4.85266934269943e-05
67,4.426426395770823e-05
67,3.9421066896803785e-05
67,3.430356251734183e-05
67,2.9233009357373528e-05
67,2.452077297578854e-05
67,2.043212318591589e-05
67,1.7146455719065523e-05
67,1.4728750761384816e-05
67,1.312644464678133e-05
67,1.2198968070881523e-05
67,1.177641499798611e-05
67,1.173111566338443e-05
67,1.2035312466159305e-05
67,1.277738663752134e-05
67,1.4124425502590806e-05
67,1.6245830797934172e-05
67,1.923417992788256e-05
67,2.3059080598365015e-05
67,2.7567326374259597e-05
67,3.251608463019303e-05
67,3.76143207651003e-05
67,4.255500849935179e-05
67,4.703533120592734e-05
67,5.077130115787507e-05
67,5.3513818852656336e-05
67,5.5069037863201985e-05
67,5.532055514978979e-05
67,5.42463955276764e-05
67,5.192301370242378e-05
67,4.851392971212147e-05
67,4.424904299810303e-05
67,3.9404345655382725e-05
67,3.428637722224701e-05
67,2.9216413175748294e-05
67,2.6024701143220096e-05
