  0.000,0.0
  1.000,0.013242968509476033
  0.000,0.013242968509476033
 2.5640E-05,0.014130112086840303
 5.1280E-05,0.016505068452458953
 7.6920E-05,0.020775508146150805
 1.0256E-04,0.02498215088140014
 1.2820E-04,0.027470566202095172
 1.5384E-04,0.027817598692235074
 1.7948E-04,0.02640660902515354
 2.0512E-04,0.024725469456088632
 2.3076E-04,0.024286925254358313
 2.5640E-04,0.02476448285397384
 2.8204E-04,0.024938009611778115
 3.0768E-04,0.02367147643444152
 3.3332E-04,0.020199890562880973
 3.5896E-04,0.015425622972089447
 3.8460E-04,0.011188467791620381
 4.1024E-04,0.00846828762980351
 4.3588E-04,0.007301698118822975
 4.6152E-04,0.006726211087614034
 4.8716E-04,0.005231077985403131
 5.1280E-04,0.002475595955571102
 5.3844E-04,-0.0005427343893525975
 5.6408E-04,-0.002507937075721632
 5.8972E-04,-0.002314570614393036
 6.1536E-04,-5.49997459850151e-05
 6.4100E-04,0.002848287989097519
 6.6664E-04,0.0050817466868354685
 6.9228E-04,0.006222903089211558
 7.1792E-04,0.0068560493131623445
 7.4356E-04,0.008340387002728357
 7.6920E-04,0.011537084368181282
 7.9484E-04,0.01597326612953048
 8.2048E-04,0.020357398001436093
 8.4612E-04,0.02334577360218325
 8.7176E-04,0.0244015978550138
 8.9740E-04,0.0243089023981079
 9.2304E-04,0.0243801344582453
 9.4868E-04,0.025341339225146683
 9.7432E-04,0.02690805991268745
 9.9996E-04,0.027897032749630745
 1.0256E-03,0.027084302109209632
 1.0512E-03,0.024294512745316403
 1.0769E-03,0.02047121066258988
 1.1025E-03,0.01695530442101732
 1.1282E-03,0.014657333552902685
 1.1538E-03,0.01335815911706293
 1.1794E-03,0.01194783328493538
 1.2051E-03,0.009478629512279822
 1.2307E-03,0.005881195513136566
 1.2564E-03,0.0020867197672179393
 1.2820E-03,-0.0005271923363173881
 1.3076E-03,-0.0012001503918404974
 1.3333E-03,-0.0002991467275425439
 1.3589E-03,0.0010724625368893751
 1.3846E-03,0.0018705576754130854
 1.4102E-03,0.0019113667919738292
 1.4358E-03,0.00203078555311703
 1.4615E-03,0.0033480589049986655
 1.4871E-03,0.006371061751655515
 1.5128E-03,0.010588156556324804
 1.5384E-03,0.01474388132793903
 1.5640E-03,0.017722239931803253
 1.5897E-03,0.019335279751304026
 1.6153E-03,0.020328916158577296
 1.6410E-03,0.021728337747511324
 1.6666E-03,0.024006083584255752
 1.6922E-03,0.02662739313802222
 1.7179E-03,0.028423112246521172
 1.7435E-03,0.028472468711223067
 1.7692E-03,0.026750655280599233
 1.7948E-03,0.024148708834623014
 1.8204E-03,0.021822303731683708
 1.8461E-03,0.020319313936725387
 1.8717E-03,0.019235159660977375
 1.8974E-03,0.017610760875755724
 1.9230E-03,0.014721942117508482
 1.9486E-03,0.010723937527342974
 1.9743E-03,0.006621909733126318
 1.9999E-03,0.0035681736867039585
 2.0256E-03,0.0020831915194624204
 2.0512E-03,0.00175271162235986
 2.0768E-03,0.001603364247525275
 2.1025E-03,0.000909762828647065
 2.1281E-03,-0.00021735232803752778
 2.1538E-03,-0.0009186027758303118
 2.1794E-03,-0.00023712281746664145
 2.2050E-03,0.002139193663860439
 2.2307E-03,0.005600560560160197
 2.2563E-03,0.009041543684505951
 2.2820E-03,0.011639722051428953
 2.3076E-03,0.013390237086787648
 2.3332E-03,0.015021999942003613
 2.3589E-03,0.017348328995155836
 2.3845E-03,0.020551484533660198
 2.4102E-03,0.02397106138436272
 2.4358E-03,0.02653741556715794
 2.4614E-03,0.027516203560142234
 2.4871E-03,0.02701617115947953
 2.5127E-03,0.025861305469222544
 2.5384E-03,0.02493254998099125
 2.5640E-03,0.024502536477267987
 2.5896E-03,0.024053678707988736
 2.6153E-03,0.02271267188520581
 2.6409E-03,0.01997566181228175
 2.6666E-03,0.016153139728486386
 2.6922E-03,0.012199053790556991
 2.7178E-03,0.009068284498378772
 2.7435E-03,0.007080601994164992
 2.7691E-03,0.005772498690102755
 2.7948E-03,0.0043466323051439704
 2.8204E-03,0.0023574414056841474
 2.8460E-03,0.00011009181748271183
 2.8717E-03,-0.0015238440814390863
 2.8973E-03,-0.0017377508049649356
 2.9230E-03,-0.000383313888766541
 2.9486E-03,0.0019263886133480588
 2.9742E-03,0.004269925501671484
 2.9999E-03,0.006081462904141364
 3.0255E-03,0.0075251550014373385
 3.0512E-03,0.009295064011012218
 3.0768E-03,0.012003791050288036
 3.1024E-03,0.015634296362937602
 3.1281E-03,0.01946880568476626
 3.1537E-03,0.02255071649946116
 3.1794E-03,0.02432997188465448
 3.2050E-03,0.024998539856621843
 3.2306E-03,0.025269381522832098
 3.2563E-03,0.025777336065691787
 3.2819E-03,0.02656013962254744
 3.3076E-03,0.027017196314422287
 3.3332E-03,0.026374283272768008
 3.3588E-03,0.024292281798982407
 3.3845E-03,0.021156511088190607
 3.4101E-03,0.01782920169368006
 3.4358E-03,0.01505501910000875
 3.4614E-03,0.012974665234723704
 3.4870E-03,0.011111324739654595
 3.5127E-03,0.00882861696012672
 3.5383E-03,0.00590482935645281
 3.5640E-03,0.0027825627567346217
 3.5896E-03,0.00030280334879169077
 3.6152E-03,-0.0008703705463512783
 3.6409E-03,-0.0006975890036653965
 3.6665E-03,0.000249149361753417
 3.6922E-03,0.0012453505841663586
 3.7178E-03,0.0019652619389044757
 3.7434E-03,0.0027053914876516106
 3.7691E-03,0.00411623770682483
 3.7947E-03,0.006652425031270471
 3.8204E-03,0.01016243689424598
 3.8460E-03,0.013931633538848458
 3.8716E-03,0.017144896269621106
 3.8973E-03,0.019416825608806997
 3.9229E-03,0.02099079459225253
 3.9486E-03,0.022462166570758675
 3.9742E-03,0.02424401082958079
 3.9998E-03,0.02618840702180963
 4.0255E-03,0.027652155053391303
 4.0511E-03,0.027954386137795394
 4.0768E-03,0.02687636020299278
 4.1024E-03,0.024822954372889092
 4.1280E-03,0.02252631563930392
 4.1537E-03,0.0205222841368102
 4.1793E-03,0.018798380051990617
 4.2050E-03,0.016876189922034143
 4.2306E-03,0.014258033466056749
 4.2562E-03,0.010890722023516661
 4.2819E-03,0.007290093873590275
 4.3075E-03,0.004232446058737231
 4.3332E-03,0.0022483496111437287
 4.3588E-03,0.001301165393069296
 4.3844E-03,0.0008883350224454756
 4.4101E-03,0.00048059629641574906
 4.4357E-03,-3.9889424891193285e-05
 4.4614E-03,-0.00027596364593562443
 4.4870E-03,0.00037775724824839254
 4.5126E-03,0.0022548211316198237
 4.5383E-03,0.005130236823404301
 4.5639E-03,0.008343764144232718
 4.5896E-03,0.011238072514926352
 4.6152E-03,0.013579556548838086
 4.6408E-03,0.015645659496408483
 4.6665E-03,0.017919268043717212
 4.6921E-03,0.02063032030196034
 4.7178E-03,0.023498142987212412
 4.7434E-03,0.025872067388517626
 4.7690E-03,0.02716319909228372
 4.7947E-03,0.027238885704944555
 4.8203E-03,0.02648224105203511
 4.8460E-03,0.025476580789887734
 4.8716E-03,0.02455973379332722
 4.8972E-03,0.023588640108130544
 4.9229E-03,0.022090048805974788
 4.9485E-03,0.019676736251899852
 4.9742E-03,0.016407541187125774
 4.9998E-03,0.012815345502943776
 5.0254E-03,0.009582364858025716
 5.0511E-03,0.007110070407137695
 5.0767E-03,0.005307448738338291
 5.1024E-03,0.0037513785031671673
 5.1280E-03,0.002089352126641306
 5.1536E-03,0.00037300819712272133
 5.1793E-03,-0.0009326125793860318
 5.2049E-03,-0.0012695771312614549
 5.2306E-03,-0.0003921839171790063
 5.2562E-03,0.0014501846949242468
 5.2818E-03,0.0036885407186803363
 5.3075E-03,0.0058323364433289894
 5.3331E-03,0.007787666793629659
 5.3588E-03,0.00985732955741281
 5.3844E-03,0.012428810379795702
 5.4100E-03,0.015593533223043313
 5.4357E-03,0.018990836127946827
 5.4613E-03,0.02199694349044035
 5.4870E-03,0.024116080444953752
 5.5126E-03,0.025278209621255848
 5.5382E-03,0.025821100904118512
 5.5639E-03,0.026176391923723702
 5.5895E-03,0.026503884522144517
 5.6152E-03,0.026554344205612736
 5.6408E-03,0.02586347371539708
 5.6664E-03,0.024126007147766054
 5.6921E-03,0.021462565540488573
 5.7177E-03,0.018375885033512087
 5.7434E-03,0.01543115233869111
 5.7690E-03,0.012903866469682657
 5.7946E-03,0.010659570283074434
 5.8203E-03,0.00835012957577397
 5.8459E-03,0.00576991820239511
 5.8716E-03,0.003095834667637902
 5.8972E-03,0.0008267441221155975
 5.9228E-03,-0.0005314607060632173
 5.9485E-03,-0.000796362932451526
 5.9741E-03,-0.00020694324933044996
 5.9998E-03,0.0007809304115096562
 6.0254E-03,0.0018424057097923315
 6.0510E-03,0.0030097732898305947
 6.0767E-03,0.004607455640980657
 6.1023E-03,0.006949806391599199
 6.1280E-03,0.01003568574757694
 6.1536E-03,0.013474421374816194
 6.1792E-03,0.016700549303692826
 6.2049E-03,0.019315421535597864
 6.2305E-03,0.0212988670120362
 6.2562E-03,0.022935076628793984
 6.2818E-03,0.02451557171175203
 6.3074E-03,0.026050740460135148
 6.3331E-03,0.027212088978782176
 6.3587E-03,0.027549091724548256
 6.3844E-03,0.026814475865747107
 6.4100E-03,0.02515006488046071
 6.4356E-03,0.022993254311921812
 6.4613E-03,0.02077766474774039
 6.4869E-03,0.018656435949703502
 6.5126E-03,0.016455853870149143
 6.5382E-03,0.0138888741788145
 6.5638E-03,0.01085991133759304
 6.5895E-03,0.007624638985022185
 6.6151E-03,0.004681373924769753
 6.6408E-03,0.0024759082167486045
 6.6664E-03,0.001142159614410962
 6.6920E-03,0.00047125193579238163
 6.7177E-03,0.00012675929565341174
 6.7433E-03,-6.211712428272768e-05
 6.7690E-03,4.5892279897440986e-05
 6.7946E-03,0.0007936332449621389
 6.8202E-03,0.002444679273281
 6.8459E-03,0.004947622076301891
 6.8715E-03,0.007925271986829008
 6.8972E-03,0.010897077069004755
 6.9228E-03,0.013566780213000675
 6.9484E-03,0.015959750891040358
 6.9741E-03,0.018310842904116127
 6.9997E-03,0.02079430418919804
 7.0254E-03,0.0233064225396782
 7.0510E-03,0.02546931066966108
 7.0766E-03,0.026854217539242244
 7.1023E-03,0.027255290010054986
 7.1279E-03,0.026807230158329292
 7.1536E-03,0.02586047783684668
 7.1792E-03,0.024712337348571648
 7.2048E-03,0.02340018313938631
 7.2305E-03,0.021712457865160673
 7.2561E-03,0.01940502951145815
 7.2818E-03,0.01645380251169376
 7.3074E-03,0.013148276442146485
 7.3330E-03,0.00995353592612861
 7.3587E-03,0.007244644303734671
 7.3843E-03,0.005112664840703131
 7.4100E-03,0.003384568653232496
 7.4356E-03,0.0018355646278202993
 7.4612E-03,0.0004271856802397244
 7.4869E-03,-0.0006125928361970308
 7.5125E-03,-0.0009284161303853737
 7.5382E-03,-0.0002894957776802216
 7.5638E-03,0.0012368605645667096
 7.5894E-03,0.003320708309118283
 7.6151E-03,0.005585699096798072
 7.6407E-03,0.007841984230597917
 7.6664E-03,0.010161296457347316
 7.6920E-03,0.012741723421296765
 7.7176E-03,0.015670315490859784
 7.7433E-03,0.01876851456484139
 7.7689E-03,0.021640923558538493
 7.7946E-03,0.0238923768811643
 7.8202E-03,0.025350437846423615
 7.8458E-03,0.026127389976805707
 7.8715E-03,0.026479023361021314
 7.8971E-03,0.026572035587862433
 7.9228E-03,0.02633953564282916
 7.9484E-03,0.02553441211220029
 7.9740E-03,0.02393783053977266
 7.9997E-03,0.021561757345589606
 8.0253E-03,0.018689968454719763
 8.0510E-03,0.015725997051722413
 8.0766E-03,0.012963037325489998
 8.1022E-03,0.010448121024879244
 8.1279E-03,0.008038752054622286
 8.1535E-03,0.005602767725310638
 8.1792E-03,0.0032041689487351055
 8.2048E-03,0.0011303974422228634
 8.2304E-03,-0.0002611190524895357
 8.2561E-03,-0.0007616179824763969
 8.2817E-03,-0.00043079112606896275
 8.3074E-03,0.0004702394921026199
 8.3330E-03,0.001679093203232878
 8.3586E-03,0.0031123524412805465
 8.3843E-03,0.004890251078081024
 8.4099E-03,0.007190330499642824
 8.4356E-03,0.010045132912370093
 8.4612E-03,0.013240899684684546
 8.4868E-03,0.01639660632286008
 8.5125E-03,0.019165412325239654
 8.5381E-03,0.021408272496043837
 8.5638E-03,0.02321189579968611
 8.5894E-03,0.024742604791382072
 8.6150E-03,0.026052237248558804
 8.6407E-03,0.02698708582865314
 8.6663E-03,0.027270376992489197
 8.6920E-03,0.02669534780350148
 8.7176E-03,0.025281658716488038
 8.7432E-03,0.02327652097344749
 8.7689E-03,0.02100063711058777
 8.7945E-03,0.018656350521516665
 8.8202E-03,0.016241978295576245
 8.8458E-03,0.01363323018858614
 8.8714E-03,0.010764492112613567
 8.8971E-03,0.0077674116111644785
 8.9227E-03,0.0049582237397528765
 8.9484E-03,0.0026814004401579453
 8.9740E-03,0.0011262056701261468
 8.9996E-03,0.0002520672438706547
 9.0253E-03,-0.00012496734089656968
 9.0509E-03,-0.0001544044212971485
 9.0766E-03,0.0001805005050661393
 9.1022E-03,0.001048318398800553
 9.1278E-03,0.002621317425979478
 9.1535E-03,0.004908151527593426
 9.1791E-03,0.007695999531435207
 9.2048E-03,0.010647274445599268
 9.2304E-03,0.013479014454395656
 9.2560E-03,0.016091443934924874
 9.2817E-03,0.018552297267674784
 9.3073E-03,0.020954104952154114
 9.3330E-03,0.023258031031436154
 9.3586E-03,0.025246821230722187
 9.3842E-03,0.026624966598216906
 9.4099E-03,0.02719136130659685
 9.4355E-03,0.026954644952266932
 9.4612E-03,0.026105617356407033
 9.4868E-03,0.024870058537235968
 9.5124E-03,0.023355252700257373
 9.5381E-03,0.02150619640573752
 9.5637E-03,0.01920194238771238
 9.5894E-03,0.01641493856855065
 9.6150E-03,0.013308646644393187
 9.6406E-03,0.01019666182887792
 9.6663E-03,0.007392376237387912
 9.6919E-03,0.005060731657167955
 9.7176E-03,0.003180538434381786
 9.7432E-03,0.0016408015466775926
 9.7688E-03,0.00039299677571036774
 9.7945E-03,-0.0004597277886596329
 9.8201E-03,-0.0007056325148934745
 9.8458E-03,-0.00016720806563963854
 9.8714E-03,0.00116475291252839
 9.8970E-03,0.003107298902816228
 9.9227E-03,0.0053894224285350005
 9.9483E-03,0.007805539193434342
 9.9740E-03,0.01030379519901324
 9.9996E-03,0.012945780278024387
 1.0025E-02,0.015772907963868786
 1.0051E-02,0.01868558065097673
 1.0077E-02,0.021430719513702953
 1.0102E-02,0.023710025559849662
 1.0128E-02,0.02532926098371754
 1.0153E-02,0.026277996775317506
 1.0179E-02,0.026682726211504214
 1.0205E-02,0.02667259295874744
 1.0230E-02,0.026262388156709
 1.0256E-02,0.025342443641263576
 1.0282E-02,0.02378194458877785
 1.0307E-02,0.02156502256457387
 1.0333E-02,0.018854188509758174
 1.0359E-02,0.015931461522876302
 1.0384E-02,0.013060528489469463
 1.0410E-02,0.010372218550371813
 1.0435E-02,0.007856209844046717
 1.0461E-02,0.005460044678732327
 1.0487E-02,0.0032151209857533645
 1.0512E-02,0.0012900326758466761
 1.0538E-02,-7.173096700755811e-05
 1.0564E-02,-0.0006840753782143677
 1.0589E-02,-0.0005218764396066474
 1.0615E-02,0.0002806476836996524
 1.0641E-02,0.001533526317743896
 1.0666E-02,0.003117000185290276
 1.0692E-02,0.0050349775075728305
 1.0718E-02,0.0073578134770853395
 1.0743E-02,0.010101266203234226
 1.0769E-02,0.01313704097762644
 1.0794E-02,0.016205940249586652
 1.0820E-02,0.019026433134483507
 1.0846E-02,0.0214192030842571
 1.0871E-02,0.0233567644218791
 1.0897E-02,0.024904855340393703
 1.0923E-02,0.02610461864550274
 1.0948E-02,0.02688867375924176
 1.0974E-02,0.027096865319792877
 1.1000E-02,0.026580261196925015
 1.1025E-02,0.02531415450268322
 1.1051E-02,0.023433999945925457
 1.1076E-02,0.02116701647982208
 1.1102E-02,0.018711113226180208
 1.1128E-02,0.016151514952077794
 1.1153E-02,0.013475084201744744
 1.1179E-02,0.010666902366378607
 1.1205E-02,0.007811068495183473
 1.1230E-02,0.005115266753008659
 1.1256E-02,0.002837494425124866
 1.1282E-02,0.001167962323161555
 1.1307E-02,0.00015278671521151894
 1.1333E-02,-0.000286178368829372
 1.1359E-02,-0.0002538677039404908
 1.1384E-02,0.00021675037142810391
 1.1410E-02,0.0011890308163272597
 1.1435E-02,0.0027549536910686746
 1.1461E-02,0.004928483504482473
 1.1487E-02,0.007582844860348873
 1.1512E-02,0.010481176238054871
 1.1538E-02,0.013379360088858712
 1.1564E-02,0.01612573314260197
 1.1589E-02,0.01868574401664188
 1.1615E-02,0.02107745182090985
 1.1641E-02,0.023271645791214088
 1.1666E-02,0.02513658257016496
 1.1692E-02,0.026472314873537135
 1.1717E-02,0.027110520510954743
 1.1743E-02,0.027005512018319893
 1.1769E-02,0.02624884470793635
 1.1794E-02,0.024998033204125535
 1.1820E-02,0.023374562516323718
 1.1846E-02,0.021408309346523338
 1.1871E-02,0.01906852152729269
 1.1897E-02,0.016354517627546257
 1.1923E-02,0.013373593202480044
 1.1948E-02,0.010343742185771108
 1.1974E-02,0.007516340969240573
 1.2000E-02,0.005074562776116262
 1.2025E-02,0.0030809517119736083
 1.2051E-02,0.001509531455238167
 1.2076E-02,0.0003336502455741992
 1.2102E-02,-0.00040063021518042363
 1.2128E-02,-0.0005733925352924365
 1.2153E-02,-6.363535403957883e-05
 1.2179E-02,0.0011591665701242587
 1.2205E-02,0.0029942796877062824
 1.2230E-02,0.005250898611385295
 1.2256E-02,0.0077408680832308195
 1.2282E-02,0.010354453097763974
 1.2307E-02,0.013064785179819608
 1.2333E-02,0.01586172963319372
 1.2358E-02,0.018669827498324333
 1.2384E-02,0.021316717411403226
 1.2410E-02,0.023579466881482408
 1.2435E-02,0.025276581853221992
 1.2461E-02,0.026338663768691307
 1.2487E-02,0.026807064770919035
 1.2512E-02,0.026764579642546135
 1.2538E-02,0.026253200584086943
 1.2564E-02,0.025242454928794244
 1.2589E-02,0.023671862539699003
 1.2615E-02,0.021533594730950897
 1.2641E-02,0.018930450820831883
 1.2666E-02,0.016063096272123302
 1.2692E-02,0.013154231406301425
 1.2717E-02,0.010364687857233913
 1.2743E-02,0.007761525263057543
 1.2769E-02,0.00535778718835562
 1.2794E-02,0.003188963052077686
 1.2820E-02,0.0013639700101279117
 1.2846E-02,4.888004761426871e-05
 1.2871E-02,-0.0006064284152249725
 1.2897E-02,-0.0005447994190808863
 1.2923E-02,0.00017486525710484367
 1.2948E-02,0.0014237061732044712
 1.2974E-02,0.0030827556255006894
 1.2999E-02,0.0050964897258741464
 1.3025E-02,0.007461369255930021
 1.3051E-02,0.0101610505382015
 1.3076E-02,0.013100897189734988
 1.3102E-02,0.016094935714757074
 1.3128E-02,0.018918425711902602
 1.3153E-02,0.021389418626736607
 1.3179E-02,0.023420955188619225
 1.3205E-02,0.025008217337149315
 1.3230E-02,0.026164420338537664
 1.3256E-02,0.026857616710294505
 1.3282E-02,0.02699876730731636
 1.3307E-02,0.02649120822508065
 1.3333E-02,0.025304041168993572
 1.3358E-02,0.023513360519875702
 1.3384E-02,0.02127952267699094
 1.3410E-02,0.018776917460991218
 1.3435E-02,0.016127914568169824
 1.3461E-02,0.01338823544313895
 1.3487E-02,0.010590860375443961
 1.3512E-02,0.007810705733641632
 1.3538E-02,0.005196834455621997
 1.3564E-02,0.002944251478005746
 1.3589E-02,0.0012236557268822713
 1.3615E-02,0.00011946797367304394
 1.3640E-02,-0.00037997257673523836
 1.3666E-02,-0.00033558155986754707
 1.3692E-02,0.00020817197702074967
 1.3717E-02,0.0012570117930566975
 1.3743E-02,0.0028434102628591687
 1.3769E-02,0.004965150214292153
 1.3794E-02,0.007534476256883976
 1.3820E-02,0.010378626613516136
 1.3846E-02,0.013293796195043143
 1.3871E-02,0.01611450057515988
 1.3897E-02,0.018749283484710794
 1.3923E-02,0.021159876604869052
 1.3948E-02,0.023304095386123602
 1.3974E-02,0.02508995902031992
 1.3999E-02,0.026379200377918553
 1.4025E-02,0.02703990948190142
 1.4051E-02,0.02701005623258213
 1.4076E-02,0.02632502988205361
 1.4102E-02,0.025089437045928198
 1.4128E-02,0.023415236555874314
 1.4153E-02,0.02137285003094908
 1.4179E-02,0.018990702802518175
 1.4205E-02,0.016300700884447548
 1.4230E-02,0.013391658052457393
 1.4256E-02,0.010426626975735463
 1.4281E-02,0.007607706968819647
 1.4307E-02,0.005111786501128463
 1.4333E-02,0.003042401720970842
 1.4358E-02,0.0014302473309102805
 1.4384E-02,0.0002779207817719066
 1.4410E-02,-0.00038849706788454176
 1.4435E-02,-0.0005025397813456274
 1.4461E-02,1.0824987019482845e-05
 1.4487E-02,0.0011784653384197255
 1.4512E-02,0.0029406881146054388
 1.4538E-02,0.00516090038313307
 1.4564E-02,0.007677132108912403
 1.4589E-02,0.010358271213031858
 1.4615E-02,0.013125252279045856
 1.4640E-02,0.015924885009291106
 1.4666E-02,0.018680407462466235
 1.4692E-02,0.021260468230114144
 1.4717E-02,0.023493844840412188
 1.4743E-02,0.025222003208023147
 1.4769E-02,0.02635254805668372
 1.4794E-02,0.026875792263260978
 1.4820E-02,0.026834499821437843
 1.4846E-02,0.026271896611057367
 1.4871E-02,0.0251985501486951
 1.4897E-02,0.02360311583781049
 1.4922E-02,0.021497489577356563
 1.4948E-02,0.018960072506669454
 1.4974E-02,0.016142011354084957
 1.4999E-02,0.013229237828088753
 1.5025E-02,0.010386310606243239
 1.5051E-02,0.007721200494969969
 1.5076E-02,0.005293577009166319
 1.5102E-02,0.003155856171436988
 1.5128E-02,0.0013917230860500402
 1.5153E-02,0.00011952015987011337
 1.5179E-02,-0.0005446088253949698
 1.5205E-02,-0.000537774000114214
 1.5230E-02,0.00012160992593450155
 1.5256E-02,0.001348926224276871
 1.5281E-02,0.0030396904496309673
 1.5307E-02,0.005112494822475692
 1.5333E-02,0.007517656413085289
 1.5358E-02,0.010207690190405072
 1.5384E-02,0.013095334326046912
 1.5410E-02,0.016034538615543034
 1.5435E-02,0.018842395260303985
 1.5461E-02,0.021348890119236248
 1.5487E-02,0.023440311861714223
 1.5512E-02,0.025067101730939255
 1.5538E-02,0.02621390260366215
 1.5563E-02,0.026857864100873936
 1.5589E-02,0.026949334155339406
 1.5615E-02,0.02643098154371995
 1.5640E-02,0.02528120834434641
 1.5666E-02,0.02354857217107773
 1.5692E-02,0.02135034343641063
 1.5717E-02,0.01883514538843853
 1.5743E-02,0.016136230908489334
 1.5769E-02,0.013348127892616536
 1.5794E-02,0.010540734453260637
 1.5820E-02,0.007795988384810375
 1.5846E-02,0.005235106183119034
 1.5871E-02,0.003011929826061265
 1.5897E-02,0.0012740820528801525
 1.5922E-02,0.00011832570194287738
 1.5948E-02,-0.0004289427110836999
 1.5974E-02,-0.0003939379496833613
 1.5999E-02,0.00018401596515932648
 1.6025E-02,0.001282720653996798
 1.6051E-02,0.002895248759061814
 1.6076E-02,0.004998564159021262
 1.6102E-02,0.0075183242711755315
 1.6128E-02,0.010318930502738103
 1.6153E-02,0.01322908063547943
 1.6179E-02,0.016086524273225978
 1.6204E-02,0.01877161596551303
 1.6230E-02,0.021208201463709827
 1.6256E-02,0.023335381450489807
 1.6281E-02,0.02507562617570029
 1.6307E-02,0.02632691092805478
 1.6333E-02,0.02698751854284891
 1.6358E-02,0.026996602891353548
 1.6384E-02,0.026361074096360387
 1.6410E-02,0.025149311211173447
 1.6435E-02,0.023456862103772857
 1.6461E-02,0.02136974330503523
 1.6487E-02,0.018951708888722746
 1.6512E-02,0.016262612406482246
 1.6538E-02,0.013390657270699532
 1.6563E-02,0.010470503648697045
 1.6589E-02,0.007669945856433741
 1.6615E-02,0.005151760035159228
 1.6640E-02,0.0030360511850102403
 1.6666E-02,0.0013878776247021008
 1.6692E-02,0.00023578313726096132
 1.6717E-02,-0.0003961412505034366
 1.6743E-02,-0.0004694718219095072
 1.6769E-02,5.833873257680001e-05
 1.6794E-02,0.0012019713077247307
 1.6820E-02,0.0029189314033343794
 1.6845E-02,0.00510592292581224
 1.6871E-02,0.007625005240448924
 1.6897E-02,0.010341737604344786
 1.6922E-02,0.013149206255642771
 1.6948E-02,0.015963264542865268
 1.6974E-02,0.018696633843055706
 1.6999E-02,0.021235660988710936
 1.7025E-02,0.02344128061952115
 1.7051E-02,0.025176949618292033
 1.7076E-02,0.02634543686867426
 1.7102E-02,0.026909295727049365
 1.7128E-02,0.026881899529868452
 1.7153E-02,0.026297754443934913
 1.7179E-02,0.02518571552320287
 1.7204E-02,0.023565462436605948
 1.7230E-02,0.02146886227558941
 1.7256E-02,0.018968126450395757
 1.7281E-02,0.016187010193895405
 1.7307E-02,0.013283869996314755
 1.7333E-02,0.010416423351974985
 1.7358E-02,0.007711475328216919
 1.7384E-02,0.0052586205857958045
 1.7410E-02,0.0031284831043723324
 1.7435E-02,0.0013975999403343887
 1.7461E-02,0.00015756560856506068
 1.7486E-02,-0.0005012696423315606
 1.7512E-02,-0.0005212532543175934
 1.7538E-02,9.83278672959068e-05
 1.7563E-02,0.0013016547329278102
 1.7589E-02,0.0030008420623625874
 1.7615E-02,0.0051064863391951055
 1.7640E-02,0.007542689130057928
 1.7666E-02,0.010237652225798578
 1.7692E-02,0.013100168910055658
 1.7717E-02,0.016003421901030365
 1.7743E-02,0.018792081552323713
 1.7769E-02,0.021311014622485757
 1.7794E-02,0.023437492159307523
 1.7820E-02,0.025096104392009818
 1.7845E-02,0.026248593099671102
 1.7871E-02,0.026869484814385596
 1.7897E-02,0.02692849990225274
 1.7922E-02,0.026394640062377323
 1.7948E-02,0.025259432407457226
 1.7974E-02,0.023561452229292214
 1.7999E-02,0.021392667548012913
 1.8025E-02,0.018880429505876196
 1.8051E-02,0.016156818926247964
 1.8076E-02,0.0133359136407576
 1.8102E-02,0.010512776415523265
 1.8127E-02,0.0077809503450368325
 1.8153E-02,0.005251057103860474
 1.8179E-02,0.0030524602354207835
 1.8204E-02,0.001313178077251542
 1.8230E-02,0.00013009513177651504
 1.8256E-02,-0.0004508060551198787
 1.8281E-02,-0.00043169128880862404
 1.8307E-02,0.00015841616138828607
 1.8333E-02,0.0012862794776761425
 1.8358E-02,0.0029212572186456892
 1.8384E-02,0.005022100982702346
 1.8410E-02,0.007515568319633143
 1.8435E-02,0.010285485723440365
 1.8461E-02,0.013183406903945115
 1.8486E-02,0.016056002539293502
 1.8512E-02,0.01877198553458316
 1.8538E-02,0.02123204215128941
 1.8563E-02,0.02335829134299363
 1.8589E-02,0.02507521025076689
 1.8615E-02,0.02630000233476789
 1.8640E-02,0.02695254413177634
 1.8666E-02,0.026979440330401613
 1.8692E-02,0.02637532873134597
 1.8717E-02,0.025186073782626658
 1.8743E-02,0.023491633002243335
 1.8768E-02,0.021381068178998593
 1.8794E-02,0.018937232094947153
 1.8820E-02,0.016240388946756223
 1.8845E-02,0.013384912167469041
 1.8871E-02,0.01049285130682639
 1.8897E-02,0.007710394009163842
 1.8922E-02,0.005186220233213194
 1.8948E-02,0.0030444741082602577
 1.8974E-02,0.0013691485438914962
 1.8999E-02,0.00020813609092116604
 1.9025E-02,-0.00040932662081406227
 1.9051E-02,-0.0004575526952508213
 1.9076E-02,8.530431002198976e-05
 1.9102E-02,0.0012211066320600315
 1.9127E-02,0.0029121232906975337
 1.9153E-02,0.005073669029830821
 1.9179E-02,0.007586057586559504
 1.9204E-02,0.010318946054609531
 1.9230E-02,0.013152429844803295
 1.9256E-02,0.015982339263204363
 1.9281E-02,0.01870962485657359
 1.9307E-02,0.02122596632064425
 1.9333E-02,0.02341048784181195
 1.9358E-02,0.02514370104150677
 1.9384E-02,0.02633129436622602
 1.9409E-02,0.026922478485742515
 1.9435E-02,0.026911279600086494
 1.9461E-02,0.026321564003706322
 1.9486E-02,0.025188181853047678
 1.9512E-02,0.023548633563893265
 1.9538E-02,0.02145069030079888
 1.9563E-02,0.018968430261535354
 1.9589E-02,0.016212135952256148
 1.9615E-02,0.013321729107316105
 1.9640E-02,0.010445564230401428
 1.9666E-02,0.007717147594110586
 1.9692E-02,0.005243572955985107
 1.9717E-02,0.003110382155788176
 1.9743E-02,0.0013951994617663385
 1.9768E-02,0.00017625568183972829
 1.9794E-02,-0.00047356404821479023
 1.9820E-02,-0.0005048275346750287
 1.9845E-02,9.039769198581531e-05
 1.9871E-02,0.0012733798231749744
 1.9897E-02,0.0029701958991253455
 1.9922E-02,0.0050917878265013105
 1.9948E-02,0.007548920235576385
 1.9974E-02,0.010253080244315715
 1.9999E-02,0.013105722159067823
 2.0025E-02,0.01598756298715596
 2.0050E-02,0.018759815922392984
 2.0076E-02,0.02128023359710139
 2.0102E-02,0.023425539518296973
 2.0127E-02,0.025106862523975107
 2.0153E-02,0.02626989202315055
 2.0179E-02,0.026882689841067064
 2.0204E-02,0.026922851805678414
 2.0230E-02,0.026375385564284468
 2.0256E-02,0.025243626613477777
 2.0281E-02,0.023564762878455586
 2.0307E-02,0.02141732067091346
 2.0333E-02,0.018913453695437357
 2.0358E-02,0.01617981098257115
 2.0384E-02,0.013338781813798987
 2.0409E-02,0.01050099078645146
 2.0435E-02,0.0077708887965103664
 2.0461E-02,0.00525713563112457
 2.0486E-02,0.0030759221153160783
 2.0512E-02,0.0013410360318813698
 2.0538E-02,0.00014491977362034386
 2.0563E-02,-0.00045778705943678695
 2.0589E-02,-0.00045414058718212666
 2.0615E-02,0.0001369409555932748
 2.0640E-02,0.001279783741751249
 2.0666E-02,0.002930815640077195
 2.0691E-02,0.005035341653640902
 2.0717E-02,0.0075164157778483285
 2.0743E-02,0.010266659200618339
 2.0768E-02,0.013152151112906655
 2.0794E-02,0.01602875407287082
 2.0820E-02,0.018762119251596297
 2.0845E-02,0.021240060175633062
 2.0871E-02,0.02337187310018213
 2.0897E-02,0.025078974929120236
 2.0922E-02,0.02628745178505861
 2.0948E-02,0.02693107180534925
 2.0974E-02,0.026964661172955668
 2.0999E-02,0.02637915160456628
 2.1025E-02,0.025207655062674358
 2.1050E-02,0.023518060827238348
 2.1076E-02,0.021397151149662272
 2.1102E-02,0.01893685360122161
 2.1127E-02,0.01623078999535485
 2.1153E-02,0.01338074432001831
 2.1179E-02,0.010504650774956307
 2.1204E-02,0.007736306871625246
 2.1230E-02,0.0052132324615951475
 2.1256E-02,0.0030581128592001277
 2.1281E-02,0.001364210560279979
 2.1307E-02,0.00019231012256063136
 2.1332E-02,-0.00042159652174381806
 2.1358E-02,-0.0004561935757976056
 2.1384E-02,9.837049801486109e-05
 2.1409E-02,0.0012335825697621537
 2.1435E-02,0.002910870744933996
 2.1461E-02,0.005054842730094393
 2.1486E-02,0.007558140870701269
 2.1512E-02,0.010296447568145892
 2.1538E-02,0.013145105558888271
 2.1563E-02,0.015988152686974694
 2.1589E-02,0.01871674114000934
 2.1615E-02,0.021222162796985952
 2.1640E-02,0.023392742835115436
 2.1666E-02,0.02512065696092835
 2.1691E-02,0.02631678196434641
 2.1717E-02,0.026925108803138083
 2.1743E-02,0.026928054102891258
 2.1768E-02,0.026340316369304992
 2.1794E-02,0.02519689680997813
 2.1820E-02,0.02354448104930947
 2.1845E-02,0.021441913331808234
 2.1871E-02,0.018967740517870937
 2.1897E-02,0.01622674449442698
 2.1922E-02,0.01334763670461383
 2.1948E-02,0.010470408808475652
 2.1973E-02,0.007729358079070619
 2.1999E-02,0.005240822094534933
 2.2025E-02,0.0031009493426113013
 2.2050E-02,0.0013913078376214657
 2.2076E-02,0.00018454082319559802
 2.2102E-02,-0.00045718669546524946
 2.2127E-02,-0.0004920500094889543
 2.2153E-02,8.918680206786611e-05
 2.2179E-02,0.001256989541516351
 2.2204E-02,0.0029475365496396087
 2.2230E-02,0.005075168086342314
 2.2256E-02,0.007544891448251126
 2.2281E-02,0.010257788323008908
 2.2307E-02,0.013108237742601659
 2.2332E-02,0.01597857026976839
 2.2358E-02,0.018738995541405207
 2.2384E-02,0.02125672939454421
 2.2409E-02,0.023411208226342715
 2.2435E-02,0.025107496384814514
 2.2461E-02,0.026281097640937456
 2.2486E-02,0.026893500689967337
 2.2512E-02,0.026924239237200984
 2.2538E-02,0.026367138257003077
 2.2563E-02,0.025234382117379002
 2.2589E-02,0.023565244343855034
 2.2614E-02,0.021432002290448473
 2.2640E-02,0.018937015568409314
 2.2666E-02,0.016201030639987943
 2.2691E-02,0.013348829289831018
 2.2717E-02,0.010499788546310201
 2.2743E-02,0.00776674610404712
 2.2768E-02,0.005260029938580225
 2.2794E-02,0.0030896138588668224
 2.2820E-02,0.0013600229688467127
 2.2845E-02,0.00015849404598611045
 2.2871E-02,-0.00045752720469874786
 2.2897E-02,-0.00046643383929436793
 2.2922E-02,0.00012081152026973562
 2.2948E-02,0.0012698285234644042
 2.2973E-02,0.002930833700935955
 2.2999E-02,0.005040267115708265
 2.3025E-02,0.007516470547866846
 2.3050E-02,0.01025508362917902
 2.3076E-02,0.013130599335910388
 2.3102E-02,0.016006268295183843
 2.3127E-02,0.018748510630236345
 2.3153E-02,0.02123876526389759
 2.3179E-02,0.023377706111911874
 2.3204E-02,0.025082423224028542
 2.3230E-02,0.026282171340833264
 2.3255E-02,0.026918840177612004
 2.3281E-02,0.02695403996825688
 2.3307E-02,0.026378938050989807
 2.3332E-02,0.025220158403197142
 2.3358E-02,0.02353732030675823
 2.3384E-02,0.021413398913249497
 2.3409E-02,0.018943764980934037
 2.3435E-02,0.01622998834609657
 2.3461E-02,0.013380182186916886
 2.3486E-02,0.010512182702087917
 2.3512E-02,0.0077534041777606415
 2.3538E-02,0.005233621543306185
 2.3563E-02,0.003072324533465067
 2.3589E-02,0.001366533306391847
 2.3614E-02,0.0001848595456625684
 2.3640E-02,-0.0004307330364501003
 2.3666E-02,-0.0004592559454921804
 2.3691E-02,0.00010290012974207381
 2.3717E-02,0.001239929034948909
 2.3743E-02,0.002910521872580679
 2.3768E-02,0.005043194988275026
 2.3794E-02,0.007538166683598597
 2.3820E-02,0.010276622975474475
 2.3845E-02,0.013133216196651882
 2.3871E-02,0.015985707597102577
 2.3896E-02,0.01871821682150153
 2.3922E-02,0.02121959040792423
 2.3948E-02,0.023382086203703703
 2.3973E-02,0.02510510227657465
 2.3999E-02,0.02630445717282217
 2.4025E-02,0.026923014397753353
 2.4050E-02,0.026936853975682434
 2.4076E-02,0.026353937569004185
 2.4102E-02,0.02520718895515543
 2.4127E-02,0.023547337231746474
 2.4153E-02,0.021440186213502348
 2.4179E-02,0.0189687807222919
 2.4204E-02,0.016236504090292703
 2.4230E-02,0.013365869115699296
 2.4255E-02,0.010490609862305204
 2.4281E-02,0.007743449620375327
 2.4307E-02,0.005244981378241796
 2.4332E-02,0.003098162835256719
 2.4358E-02,0.00138876517126672
 2.4384E-02,0.0001879170251964401
 2.4409E-02,-0.00044818113754693464
 2.4435E-02,-0.0004834861908224004
 2.4461E-02,9.008588461284191e-05
 2.4486E-02,0.0012473695928197045
 2.4512E-02,0.0029311282919746457
 2.4537E-02,0.005059549420597519
 2.4563E-02,0.0075359153430551535
 2.4589E-02,0.010255422217164703
 2.4614E-02,0.013106946032084902
 2.4640E-02,0.01597189177286012
 2.4666E-02,0.018724784849863004
 2.4691E-02,0.021239059613951474
 2.4717E-02,0.023397507902952024
 2.4743E-02,0.02510313128702961
 2.4768E-02,0.026285531591182108
 2.4794E-02,0.02690092978125709
 2.4820E-02,0.026928163513566798
 2.4845E-02,0.026365347328520666
 2.4871E-02,0.025230556636894212
 2.4896E-02,0.02356599421503119
 2.4922E-02,0.021441649401105572
 2.4948E-02,0.018954119920233266
 2.4973E-02,0.016219288647252625
 2.4999E-02,0.013361621293360867
 2.5025E-02,0.010504891524212372
 2.5050E-02,0.007767646197602833
 2.5076E-02,0.005262894029745245
 2.5102E-02,0.003098283369099952
 2.5127E-02,0.001372862620335857
 2.5153E-02,0.00016947414009478102
 2.5178E-02,-0.0004543749549683555
 2.5204E-02,-0.0004725950096565836
 2.5230E-02,0.00010937533260354832
 2.5255E-02,0.001259590522375304
 2.5281E-02,0.002925866591034493
 2.5307E-02,0.005039341274842067
 2.5332E-02,0.007514259091738271
 2.5358E-02,0.01024650920196771
 2.5384E-02,0.013114981406958
 2.5409E-02,0.015988111643276195
 2.5435E-02,0.018734355094697484
 2.5461E-02,0.02123251423272087
 2.5486E-02,0.023377985033915468
 2.5512E-02,0.02508394324387987
 2.5537E-02,0.026280009616778344
 2.5563E-02,0.0269123424409075
 2.5589E-02,0.026947373840508777
 2.5614E-02,0.026377907317208137
 2.5640E-02,0.02522774027841871
 2.5666E-02,0.0235513351955854
 2.5691E-02,0.021428064616842737
 2.5717E-02,0.018953916075939773
 2.5743E-02,0.016234732495373223
 2.5768E-02,0.013383233875335871
 2.5794E-02,0.010518673535350234
 2.5819E-02,0.0077656471210876725
 2.5845E-02,0.0052490698852941525
 2.5871E-02,0.0030852612353902864
 2.5896E-02,0.0013721782689434902
 2.5922E-02,0.00018276431888036805
 2.5948E-02,-0.0004365579998271739
 2.5973E-02,-0.00046353325731373143
 2.5999E-02,0.00010266428018327126
 2.6025E-02,0.001241616505365547
 2.6050E-02,0.0029091568143645614
 2.6076E-02,0.0050349087954070695
 2.6102E-02,0.007523337176039813
 2.6127E-02,0.010259805395086304
 2.6153E-02,0.013119938695653833
 2.6178E-02,0.015978581610732612
 2.6204E-02,0.018715308953174758
 2.6230E-02,0.02121625643314196
 2.6255E-02,0.023374825622995195
 2.6281E-02,0.025094470316699237
 2.6307E-02,0.026294817991438547
 2.6332E-02,0.026919345875801456
 2.6358E-02,0.02694105796888392
 2.6384E-02,0.026363463073027133
 2.6409E-02,0.02521698880929222
 2.6435E-02,0.023553634727656
 2.6460E-02,0.02144317143290874
 2.6486E-02,0.018972206195097582
 2.6512E-02,0.016244532595869283
 2.6537E-02,0.013379612064203432
 2.6563E-02,0.010507001406521164
 2.6589E-02,0.007757296786130068
 2.6614E-02,0.005252610508881848
 2.6640E-02,0.003099891285045809
 2.6666E-02,0.0013883511843503435
 2.6691E-02,0.00018945216863000482
 2.6717E-02,-0.0004435422229828579
 2.6743E-02,-0.00047847127665081056
 2.6768E-02,9.094081507258063e-05
 2.6794E-02,0.001241210740819979
 2.6819E-02,0.002919028526964324
 2.6845E-02,0.005045814045265011
 2.6871E-02,0.007524998659156188
 2.6896E-02,0.010248808383330227
 2.6922E-02,0.013102349897267437
 2.6948E-02,0.01596535048881805
 2.6973E-02,0.0187140096931426
 2.6999E-02,0.021225475156309
 2.7025E-02,0.023385427826420443
 2.7050E-02,0.025096712751460668
 2.7076E-02,0.026285834862615463
 2.7101E-02,0.026905308880044512
 2.7127E-02,0.026932420099875936
 2.7153E-02,0.026366975798173674
 2.7178E-02,0.025230598835503004
 2.7204E-02,0.02356810999605715
 2.7230E-02,0.02144914540414766
 2.7255E-02,0.01896722559154829
 2.7281E-02,0.016234755923400283
 2.7307E-02,0.013374935789922302
 2.7332E-02,0.010513397710758172
 2.7358E-02,0.007772217172308188
 2.7384E-02,0.005266910638326031
 2.7409E-02,0.0031047432864623964
 2.7435E-02,0.001381846895049151
 2.7460E-02,0.00017789915168306436
 2.7486E-02,-0.0004505490870755257
 2.7512E-02,-0.00047539400485088957
 2.7537E-02,0.0001014173756815595
 2.7563E-02,0.001250313955556313
 2.7589E-02,0.002918647604441306
 2.7614E-02,0.005034697490920454
 2.7640E-02,0.007509703344273411
 2.7666E-02,0.010238730141651031
 2.7691E-02,0.013102661552265235
 2.7717E-02,0.015973224371933867
 2.7742E-02,0.018720956560846568
 2.7768E-02,0.021223958224623873
 2.7794E-02,0.02337467899281876
 2.7819E-02,0.025083333070659852
 2.7845E-02,0.026278771077038413
 2.7871E-02,0.026909080625002694
 2.7896E-02,0.02694376508586437
 2.7922E-02,0.026377427095576746
 2.7948E-02,0.02523296921357016
 2.7973E-02,0.023561909127139263
 2.7999E-02,0.02144082435166316
 2.8025E-02,0.0189651245645382
 2.8050E-02,0.0162426596688472
 2.8076E-02,0.013389152527661635
 2.8101E-02,0.010525541851271648
 2.8127E-02,0.007775519523373719
 2.8153E-02,0.0052612302920999054
 2.8178E-02,0.003096499906513509
 2.8204E-02,0.0013789897886166522
 2.8230E-02,0.00018378945299965272
 2.8255E-02,-0.00043969043422241417
 2.8281E-02,-0.00046757689345116243
 2.8307E-02,0.00010005843824044083
 2.8332E-02,0.0012401608320307391
 2.8358E-02,0.002906271976215016
 2.8383E-02,0.005027865075782203
 2.8409E-02,0.007511542846136226
 2.8435E-02,0.010245495271635398
 2.8460E-02,0.013106744745287943
 2.8486E-02,0.015969078469064674
 2.8512E-02,0.018709394423908062
 2.8537E-02,0.02121157495866417
 2.8563E-02,0.023368879026525444
 2.8589E-02,0.02508678164031032
 2.8614E-02,0.026287491111828633
 2.8640E-02,0.0269156021636363
 2.8666E-02,0.026942876949982326
 2.8691E-02,0.026370126807222668
 2.8717E-02,0.025225625803192365
 2.8742E-02,0.023561328954172275
 2.8768E-02,0.021449019385102238
 2.8794E-02,0.018977765790430853
 2.8819E-02,0.0162523509012296
 2.8845E-02,0.013390984317363894
 2.8871E-02,0.010520685065408016
 2.8896E-02,0.007770159021322872
 2.8922E-02,0.005261708699793666
 2.8948E-02,0.0031044051740052683
 2.8973E-02,0.0013899164793592482
 2.8999E-02,0.00019067324532572039
 2.9024E-02,-0.00044124236359569424
 2.9050E-02,-0.000476019545067214
 2.9076E-02,9.095961861919493e-05
 2.9101E-02,0.0012365632295174144
 2.9127E-02,0.002909620834784901
 2.9153E-02,0.005033901155239634
 2.9178E-02,0.007513665335008994
 2.9204E-02,0.01023988188193379
 2.9230E-02,0.013095322443875512
 2.9255E-02,0.0159581065216182
 2.9281E-02,0.01870477404107298
 2.9307E-02,0.021214476011908585
 2.9332E-02,0.023374999647733877
 2.9358E-02,0.025089763356637717
 2.9383E-02,0.026283847276913214
 2.9409E-02,0.02690739289361768
 2.9435E-02,0.026936116971518657
 2.9460E-02,0.02637018102227567
 2.9486E-02,0.02523312684057009
 2.9512E-02,0.023571716128041677
 2.9537E-02,0.021456010118031544
 2.9563E-02,0.018978077706937616
 2.9589E-02,0.016248074638402697
 2.9614E-02,0.013387836146366839
 2.9640E-02,0.010523519791785497
 2.9665E-02,0.007779186732709987
 2.9691E-02,0.005272282228434207
 2.9717E-02,0.0031105011939243066
 2.9742E-02,0.0013886308991324168
 2.9768E-02,0.0001843149927170456
 2.9794E-02,-0.00044701486428556773
 2.9819E-02,-0.00047655920942472484
 2.9845E-02,9.57645947589897e-05
 2.9871E-02,0.0012422642325924855
 2.9896E-02,0.002910663486991558
 2.9922E-02,0.005027902805583594
 2.9948E-02,0.007503260947057664
 2.9973E-02,0.010230759511285829
 2.9999E-02,0.013091973075512294
 3.0024E-02,0.015960532752431218
 3.0050E-02,0.01870864304770356
 3.0076E-02,0.02121456225174789
 3.0101E-02,0.023369264121404543
 3.0127E-02,0.0250809577761583
 3.0153E-02,0.026277444302326754
 3.0178E-02,0.026907450803148925
 3.0204E-02,0.026942243243510952
 3.0230E-02,0.026377891341147514
 3.0255E-02,0.02523728917763962
 3.0281E-02,0.023570426951183384
 3.0306E-02,0.021451951929548695
 3.0332E-02,0.018976357241858807
 3.0358E-02,0.01625222878617788
 3.0383E-02,0.01339706517864215
 3.0409E-02,0.010533238456018898
 3.0435E-02,0.007784439565900643
 3.0460E-02,0.005271401840652926
 3.0486E-02,0.0031062364248266717
 3.0512E-02,0.0013859239943066976
 3.0537E-02,0.00018645634475463195
 3.0563E-02,-0.0004409178791621013
 3.0589E-02,-0.00047089373518057804
 3.0614E-02,9.646867704973648e-05
 3.0640E-02,0.0012367805480667494
 3.0665E-02,0.0029019963616165904
 3.0691E-02,0.005021017537330883
 3.0717E-02,0.0075013688099605045
 3.0742E-02,0.010232986884144868
 3.0768E-02,0.013094165780111116
 3.0794E-02,0.015958549845064493
 3.0819E-02,0.018701609768708154
 3.0845E-02,0.021205606538766325
 3.0871E-02,0.02336319698960963
 3.0896E-02,0.025080686831343752
 3.0922E-02,0.026281856392516696
 3.0947E-02,0.026912356017671585
 3.0973E-02,0.02694362811800588
 3.0999E-02,0.026374980804437714
 3.1024E-02,0.025233089846458116
 3.1050E-02,0.02356936690702325
 3.1076E-02,0.021456445800000626
 3.1101E-02,0.01898492234398888
 3.1127E-02,0.01626056886506682
 3.1153E-02,0.013401267073481165
 3.1178E-02,0.01053263326061083
 3.1204E-02,0.007781965109425487
 3.1230E-02,0.0052712262935553445
 3.1255E-02,0.0031104831180099935
 3.1281E-02,0.0013929960008067317
 3.1306E-02,0.00019221587410009366
 3.1332E-02,-0.00044003919149770857
 3.1358E-02,-0.000475230387848829
 3.1383E-02,9.002205573250253e-05
 3.1409E-02,0.0012323882113554148
 3.1435E-02,0.002901745432772064
 3.1460E-02,0.005023410833397213
 3.1486E-02,0.0075025702477822765
 3.1512E-02,0.01022984379543026
 3.1537E-02,0.013086693233161289
 3.1563E-02,0.01594999204885511
 3.1588E-02,0.01869605096653216
 3.1614E-02,0.02120496557078994
 3.1640E-02,0.02336589096611375
 3.1665E-02,0.025082958991308756
 3.1691E-02,0.026280727980484163
 3.1717E-02,0.026907937499492652
 3.1742E-02,0.026939036062655908
 3.1768E-02,0.026373947548165397
 3.1794E-02,0.025237108507442266
 3.1819E-02,0.02357654858986051
 3.1845E-02,0.02146293998982924
 3.1871E-02,0.018987793561242618
 3.1896E-02,0.016259929609485996
 3.1922E-02,0.013400059336689685
 3.1947E-02,0.01053425692485511
 3.1973E-02,0.007787583942937223
 3.1999E-02,0.005278804295806719
 3.2024E-02,0.0031162659893458674
 3.2050E-02,0.0013942895502405343
 3.2076E-02,0.00018934370895790542
 3.2101E-02,-0.00044406966336307883
 3.2127E-02,-0.0004770718433490425
 3.2153E-02,9.150337662042841e-05
 3.2178E-02,0.0012352873971822143
 3.2204E-02,0.0029026285004951032
 3.2229E-02,0.005019988640467931
 3.2255E-02,0.007495494753890863
 3.2281E-02,0.010222269820948192
 3.2306E-02,0.013081956639804236
 3.2332E-02,0.01594918104613547
 3.2358E-02,0.01869731131623812
 3.2383E-02,0.021205045869623365
 3.2409E-02,0.023362727087039518
 3.2435E-02,0.02507731841809874
 3.2460E-02,0.026275669292353306
 3.2486E-02,0.0269065151649163
 3.2512E-02,0.026942012158875973
 3.2537E-02,0.02637924942249874
 3.2563E-02,0.025241425458305978
 3.2588E-02,0.023577830054480987
 3.2614E-02,0.021461886929678146
 3.2640E-02,0.01898722322823583
 3.2665E-02,0.016262524387130856
 3.2691E-02,0.013406232664502627
 3.2717E-02,0.010541759709172097
 3.2742E-02,0.00779313386471979
 3.2768E-02,0.005280482078522376
 3.2794E-02,0.0031148564729050585
 3.2819E-02,0.0013925676525961975
 3.2845E-02,0.0001898747459526634
 3.2870E-02,-0.0004409275708480997
 3.2896E-02,-0.00047344932197164946
 3.2922E-02,9.26170555535582e-05
 3.2947E-02,0.001232330261663085
 3.2973E-02,0.0028966675583316334
 3.2999E-02,0.0050139362628602874
 3.3024E-02,0.007491952039448131
 3.3050E-02,0.01022164352564129
 3.3076E-02,0.013082272007960557
 3.3101E-02,0.015947711604932854
 3.3127E-02,0.018692765564130152
 3.3153E-02,0.021198639471711144
 3.3178E-02,0.02335733204162356
 3.3204E-02,0.025075350688106495
 3.3229E-02,0.026277329942709596
 3.3255E-02,0.026909715925834667
 3.3281E-02,0.026944022195058325
 3.3306E-02,0.02637879099509831
 3.3332E-02,0.02523961911619307
 3.3358E-02,0.02357728369845576
 3.3383E-02,0.021464643753180624
 3.3409E-02,0.018993143858970548
 3.3435E-02,0.01626933068953767
 3.3460E-02,0.013411163997436009
 3.3486E-02,0.01054356891684045
 3.3511E-02,0.007792908419603421
 3.3537E-02,0.005280686200059854
 3.3563E-02,0.003117346821150425
 3.3588E-02,0.0013971038532645014
 3.3614E-02,0.0001942519050446745
 3.3640E-02,-0.00043924046477414205
 3.3665E-02,-0.00047542154638621726
 3.3691E-02,8.828336814427199e-05
 3.3717E-02,0.0012282020494293485
 3.3742E-02,0.002894653591756472
 3.3768E-02,0.005013900078032275
 3.3794E-02,0.007491908918669506
 3.3819E-02,0.010219372928238567
 3.3845E-02,0.013077103989799072
 3.3870E-02,0.015941125089135463
 3.3896E-02,0.01868735110402695
 3.3922E-02,0.021196225718769356
 3.3947E-02,0.023357703305688503
 3.3973E-02,0.0250765203495713
 3.3999E-02,0.026277142432177165
 3.4024E-02,0.026907542239455656
 3.4050E-02,0.026941255968857127
 3.4076E-02,0.02637777903167888
 3.4101E-02,0.025241856237702812
 3.4127E-02,0.023582253347159642
 3.4152E-02,0.021470180007441643
 3.4178E-02,0.018997024458921277
 3.4204E-02,0.016270879189784506
 3.4229E-02,0.01341164761815554
 3.4255E-02,0.010545108658230155
 3.4281E-02,0.007796751236043427
 3.4306E-02,0.005286162681829699
 3.4332E-02,0.0031223013910128077
 3.4358E-02,0.0013994580506533386
 3.4383E-02,0.00019350618162556482
 3.4409E-02,-0.0004417007219569435
 3.4435E-02,-0.000477431540127049
 3.4460E-02,8.80059210476226e-05
 3.4486E-02,0.0012291047228666346
 3.4511E-02,0.002894820395523217
 3.4537E-02,0.005011572367520144
 3.4563E-02,0.007486889603989945
 3.4588E-02,0.01021324683645116
 3.4614E-02,0.013072115098271364
 3.4640E-02,0.015938571805857275
 3.4665E-02,0.01868671830101549
 3.4691E-02,0.021195700985859742
 3.4717E-02,0.023355666911573147
 3.4742E-02,0.025072862314641568
 3.4768E-02,0.026273403137995484
 3.4793E-02,0.026905778450360882
 3.4819E-02,0.02694250564535201
 3.4845E-02,0.026381295436878425
 3.4870E-02,0.02524568502398021
 3.4896E-02,0.02358469932754662
 3.4922E-02,0.02147103968329036
 3.4947E-02,0.018997652367766984
 3.4973E-02,0.016273054383031678
 3.4999E-02,0.013416119330184849
 3.5024E-02,0.010550933638502655
 3.5050E-02,0.007801920821423338
 3.5076E-02,0.005289032979663791
 3.5101E-02,0.003122736763253708
 3.5127E-02,0.0013988286271008521
 3.5152E-02,0.00019355872528060113
 3.5178E-02,-0.0004402264344741799
 3.5204E-02,-0.00047538692183078337
 3.5229E-02,8.882874069962831e-05
 3.5255E-02,0.0012273520736364198
 3.5281E-02,0.0028906313312889753
 3.5306E-02,0.005006510765187299
 3.5332E-02,0.007482814771053977
 3.5358E-02,0.010210986862444316
 3.5383E-02,0.01307094774861558
 3.5409E-02,0.015936894734699933
 3.5434E-02,0.01868338335984015
 3.5460E-02,0.021190987746773665
 3.5486E-02,0.02335115447546156
 3.5511E-02,0.02507030342948229
 3.5537E-02,0.02627346290818638
 3.5563E-02,0.02690759511003143
 3.5588E-02,0.026944396584500586
 3.5614E-02,0.026382057836088057
 3.5640E-02,0.025245494858312307
 3.5665E-02,0.023584929920548236
 3.5691E-02,0.02147315137291997
 3.5717E-02,0.019002010298438437
 3.5742E-02,0.016278576740492094
 3.5768E-02,0.013421017155581215
 3.5793E-02,0.010553971641934317
 3.5819E-02,0.007803240479145455
 3.5845E-02,0.00528992336940716
 3.5870E-02,0.0031245442629317015
 3.5896E-02,0.00140184686908324
 3.5922E-02,0.00019674441862954596
 3.5947E-02,-0.0004385028164303476
 3.5973E-02,-0.0004761338943853056
 3.5999E-02,8.59690310461693e-05
 3.6024E-02,0.0012238280843318069
 3.6050E-02,0.0028879047654627
 3.6075E-02,0.005005001334082368
 3.6101E-02,0.0074816646640800556
 3.6127E-02,0.010208812126908683
 3.6152E-02,0.013066992761661633
 3.6178E-02,0.015931705097207944
 3.6204E-02,0.01867848628117467
 3.6229E-02,0.021187827682866707
 3.6255E-02,0.023350095568623153
 3.6281E-02,0.025070452122099567
 3.6306E-02,0.026273433589725986
 3.6332E-02,0.02690662374457096
 3.6358E-02,0.026942949295217743
 3.6383E-02,0.026381475399802255
 3.6409E-02,0.025246953417290857
 3.6434E-02,0.02358851630982873
 3.6460E-02,0.021477756249996684
 3.6486E-02,0.01900611319368635
 3.6511E-02,0.01628131910785036
 3.6537E-02,0.01342274862172355
 3.6563E-02,0.010555865222291981
 3.6588E-02,0.007806284637494682
 3.6614E-02,0.005294067960202842
 3.6640E-02,0.00312865096197
 3.6665E-02,0.001404476436289225
 3.6691E-02,0.00019717799499273402
 3.6716E-02,-0.0004397819248050385
 3.6742E-02,-0.0004778544321723371
 3.6768E-02,8.488154069292715e-05
 3.6793E-02,0.0012234491835832425
 3.6819E-02,0.0028872970383652516
 3.6845E-02,0.00500298941954365
 3.6870E-02,0.00747780113491771
 3.6896E-02,0.010203796475844342
 3.6922E-02,0.013062227159700958
 3.6947E-02,0.015928328305972017
 3.6973E-02,0.01867661983381046
 3.6999E-02,0.021186600201390186
 3.7024E-02,0.023348414494235588
 3.7050E-02,0.025067924496429184
 3.7075E-02,0.026270730425842152
 3.7101E-02,0.026905013373315426
 3.7127E-02,0.026943360882186743
 3.7152E-02,0.02638380845824337
 3.7178E-02,0.025250155312176878
 3.7204E-02,0.02359136075489198
 3.7229E-02,0.021479724334690906
 3.7255E-02,0.019007708322991708
 3.7281E-02,0.01628358623164492
 3.7306E-02,0.01342637615843791
 3.7332E-02,0.0105605609035762
 3.7357E-02,0.0078109003485464425
 3.7383E-02,0.0052973745459990885
 3.7409E-02,0.0031301721374018955
 3.7434E-02,0.0014047531369248824
 3.7460E-02,0.00019727339872904195
 3.7486E-02,-0.0004391494591537996
 3.7511E-02,-0.00047688671914325204
 3.7537E-02,8.521312619993136e-05
 3.7563E-02,0.0012221587184899146
 3.7588E-02,0.002884164262973231
 3.7614E-02,0.004998771973696902
 3.7640E-02,0.00747372136658951
 3.7665E-02,0.010200696252849613
 3.7691E-02,0.013060031486572619
 3.7716E-02,0.015926217544766585
 3.7742E-02,0.01867376818221833
 3.7768E-02,0.021182909151920025
 3.7793E-02,0.023344679299685492
 3.7819E-02,0.025065308384142802
 3.7845E-02,0.026269949473964892
 3.7870E-02,0.02690585176059041
 3.7896E-02,0.026944879423177436
 3.7922E-02,0.026385078977095123
 3.7947E-02,0.025250956059063853
 3.7973E-02,0.023592304861208085
 3.7998E-02,0.021481731428734135
 3.8024E-02,0.019011230810185034
 3.8050E-02,0.01628818416371732
 3.8075E-02,0.013430963269285839
 3.8101E-02,0.010564131217410212
 3.8127E-02,0.007813182626944783
 3.8152E-02,0.005298923588805373
 3.8178E-02,0.0031318391067203417
 3.8204E-02,0.0014069483271144409
 3.8229E-02,0.0001995866690765759
 3.8255E-02,-0.0004376838343992447
 3.8281E-02,-0.00047708643294545465
 3.8306E-02,8.328420326546082e-05
 3.8332E-02,0.0012192410389204997
 3.8357E-02,0.0028812650527806705
 3.8383E-02,0.004996451883609779
 3.8409E-02,0.007471745699527268
 3.8434E-02,0.010198308468297845
 3.8460E-02,0.013056631411636115
 3.8486E-02,0.015921921140740133
 3.8511E-02,0.018669420297883686
 3.8537E-02,0.021179540179956727
 3.8563E-02,0.02334281948119707
 3.8588E-02,0.02506467811947409
 3.8614E-02,0.026269753544068825
 3.8639E-02,0.02690544438918411
 3.8665E-02,0.026944288103714666
 3.8691E-02,0.026384988631244315
 3.8716E-02,0.025252170884336053
 3.8742E-02,0.023595103355675415
 3.8768E-02,0.02148560760561997
 3.8793E-02,0.019015216164399603
 3.8819E-02,0.016291502013861404
 3.8845E-02,0.013433518217969995
 3.8870E-02,0.010566468289639334
 3.8896E-02,0.00781595807972001
 3.8922E-02,0.005302299541933649
 3.8947E-02,0.003135266736764098
 3.8973E-02,0.0014095037477075832
 3.8998E-02,0.0002006022379451725
 3.9024E-02,-0.0004381714614347717
 3.9050E-02,-0.00047840650414403925
 3.9075E-02,8.190863307898702e-05
 3.9101E-02,0.0012181131543666946
 3.9127E-02,0.0028800219447829402
 3.9152E-02,0.004994400127925591
 3.9178E-02,0.007468462586896096
 3.9204E-02,0.010194046975272786
 3.9229E-02,0.013052219727544964
 3.9255E-02,0.015918233657720132
 3.9280E-02,0.018666821348002693
 3.9306E-02,0.021177718641439483
 3.9332E-02,0.023341131495468775
 3.9357E-02,0.025062728054215812
 3.9383E-02,0.026267765241427633
 3.9409E-02,0.026904139324453773
 3.9434E-02,0.026944365870138536
 3.9460E-02,0.02638660764403987
 3.9486E-02,0.025254823747138385
 3.9511E-02,0.02359797774585914
 3.9537E-02,0.021488154182188697
 3.9563E-02,0.019017491698362515
 3.9588E-02,0.016294032701051002
 3.9614E-02,0.013436796449639809
 3.9639E-02,0.01057047366658302
 3.9665E-02,0.007820070555417585
 3.9691E-02,0.0053056705975665945
 3.9716E-02,0.0031373661913032458
 3.9742E-02,0.0014104298469515238
 3.9768E-02,0.00020092664758043408
 3.9793E-02,-0.0004378976100998626
 3.9819E-02,-0.00047810485335200416
 3.9845E-02,8.177691793825062e-05
 3.9870E-02,0.001216913027478769
 3.9896E-02,0.002877460283081062
 3.9921E-02,0.004990797654843771
 3.9947E-02,0.0074645758715584645
 3.9973E-02,0.010190576901904537
 3.9998E-02,0.013049378694318818
 4.0024E-02,0.015915695134397584
 4.0050E-02,0.018664081725490292
 4.0075E-02,0.021174587722693324
 4.0101E-02,0.023337972990926215
 4.0127E-02,0.02506026541438074
 4.0152E-02,0.026266601000506675
 4.0178E-02,0.026904353261362382
 4.0204E-02,0.02694549444163306
 4.0229E-02,0.0263880148102278
 4.0255E-02,0.025256176363772444
 4.0280E-02,0.023599463259884802
 4.0306E-02,0.021490279400995686
 4.0332E-02,0.019020622705005024
 4.0357E-02,0.01629803165600433
 4.0383E-02,0.013441033790005113
 4.0409E-02,0.010574206212732883
 4.0434E-02,0.007822898706937321
 4.0460E-02,0.005307731479633456
 4.0486E-02,0.0031391240737830674
 4.0511E-02,0.0014122319358533986
 4.0537E-02,0.00020266765809573038
 4.0562E-02,-0.000436745895295753
 4.0588E-02,-0.0004781231748179977
 4.0614E-02,8.038356937482897e-05
 4.0639E-02,0.0012144769074724894
 4.0665E-02,0.002874625628023529
 4.0691E-02,0.004988082053724351
 4.0716E-02,0.007462050722126188
 4.0742E-02,0.010187904963641184
 4.0768E-02,0.013046172851669311
 4.0793E-02,0.01591191853757478
 4.0819E-02,0.018660180400402692
 4.0845E-02,0.021171252784611374
 4.0870E-02,0.023335712174493536
 4.0896E-02,0.025059107211187467
 4.0921E-02,0.02626615122816506
 4.0947E-02,0.02690415429238884
 4.0973E-02,0.026945408342477575
 4.0998E-02,0.0263883372177744
 4.1024E-02,0.02525739686090046
 4.1050E-02,0.02360185883216648
 4.1075E-02,0.021493653368074798
 4.1101E-02,0.019024388191519942
 4.1127E-02,0.016301575224897308
 4.1152E-02,0.01344408343589076
 4.1178E-02,0.010576928486004186
 4.1203E-02,0.007825659097948655
 4.1229E-02,0.005310708662524331
 4.1255E-02,0.003142077016614973
 4.1280E-02,0.0014145990140896425
 4.1306E-02,0.00020392260755434629
 4.1332E-02,-0.0004367507175690095
 4.1357E-02,-0.000479083760986281
 4.1383E-02,7.89749082504127e-05
 4.1409E-02,0.0012129545793126857
 4.1434E-02,0.0028729314543169777
 4.1460E-02,0.004985866779865395
 4.1486E-02,0.0074590137101991204
 4.1511E-02,0.010184108822617513
 4.1537E-02,0.013042090670831659
 4.1562E-02,0.015908176164609697
 4.1588E-02,0.018657187823393002
 4.1614E-02,0.021169001003520926
 4.1639E-02,0.023333883687767138
 4.1665E-02,0.025057408714218465
 4.1691E-02,0.02626460949951613
 4.1716E-02,0.02690314744689085
 4.1742E-02,0.02694540904822843
 4.1768E-02,0.02638956476015589
 4.1793E-02,0.025259643145012944
 4.1819E-02,0.023604619160654042
 4.1844E-02,0.021496460500944448
 4.1870E-02,0.019027095690176618
 4.1896E-02,0.016304378434476907
 4.1921E-02,0.013447269027437538
 4.1947E-02,0.0105805502590393
 4.1973E-02,0.007829391612734677
 4.1998E-02,0.0053139923441629325
 4.2024E-02,0.003144445813461185
 4.2050E-02,0.0014159443476405686
 4.2075E-02,0.00020449817181537357
 4.2101E-02,-0.00043658067679486624
 4.2127E-02,-0.00047915653669995645
 4.2152E-02,7.848674426534939e-05
 4.2178E-02,0.00121168773813067
 4.2203E-02,0.002870641785329105
 4.2229E-02,0.004982666350644389
 4.2255E-02,0.007455353729349169
 4.2280E-02,0.010180520759096458
 4.2306E-02,0.013038880580412745
 4.2332E-02,0.015905300389173833
 4.2357E-02,0.018654398049528557
 4.2383E-02,0.021166141119014995
 4.2409E-02,0.023331106726023777
 4.2434E-02,0.025055145440749944
 4.2460E-02,0.02626331119101085
 4.2485E-02,0.026902997619120107
 4.2511E-02,0.026946221342524956
 4.2537E-02,0.026390941199556928
 4.2562E-02,0.025261269031102998
 4.2588E-02,0.02360646925840636
 4.2614E-02,0.021498762123007227
 4.2639E-02,0.019030081820722175
 4.2665E-02,0.01630802403688645
 4.2691E-02,0.013451214802405733
 4.2716E-02,0.010584273769419134
 4.2742E-02,0.007832497495725307
 4.2768E-02,0.0053164046928971765
 4.2793E-02,0.0031463626322359266
 4.2819E-02,0.0014175958302756974
 4.2844E-02,0.00020589826155690064
 4.2870E-02,-0.00043569782206519334
 4.2896E-02,-0.0004791666937006363
 4.2921E-02,7.737130653593473e-05
 4.2947E-02,0.001209587489242503
 4.2973E-02,0.002867947361086568
 4.2998E-02,0.004979792616666965
 4.3024E-02,0.007452496505271666
 4.3050E-02,0.01017759754231247
 4.3075E-02,0.01303569458128323
 4.3101E-02,0.01590179682823406
 4.3126E-02,0.018650812546902592
 4.3152E-02,0.021162923765846997
 4.3178E-02,0.02332867711394366
 4.3203E-02,0.025053662229742875
 4.3229E-02,0.02626262746685375
 4.3255E-02,0.026902830936219462
 4.3280E-02,0.02694640451052844
 4.3306E-02,0.02639156070948422
 4.3332E-02,0.025262586508310612
 4.3357E-02,0.02360868850927987
 4.3383E-02,0.0215018220323855
 4.3409E-02,0.019033634514784542
 4.3434E-02,0.01631161581960252
 4.3460E-02,0.01345453376427494
 4.3485E-02,0.010587279507868424
 4.3511E-02,0.007835340491845288
 4.3537E-02,0.00531920378038083
 4.3562E-02,0.003149015707545839
 4.3588E-02,0.0014197713108354516
 4.3614E-02,0.0002072155282135358
 4.3639E-02,-0.0004354347136018982
 4.3665E-02,-0.0004798573043661638
 4.3691E-02,7.603176480354775e-05
 4.3716E-02,0.0012078849245957507
 4.3742E-02,0.0028659645352731773
 4.3767E-02,0.004977401688585228
 4.3793E-02,0.007449529865119417
 4.3819E-02,0.010174062384827603
 4.3844E-02,0.013031864126884452
 4.3870E-02,0.01589810582733178
 4.3896E-02,0.018647633699506033
 4.3921E-02,0.021160391337453368
 4.3947E-02,0.023326686705764224
 4.3973E-02,0.025052040822179576
 4.3998E-02,0.026261338910737397
 4.4024E-02,0.02690205708150042
 4.4050E-02,0.026946439175102813
 4.4075E-02,0.02639259763033839
 4.4101E-02,0.025264563166642596
 4.4126E-02,0.023611304414382084
 4.4152E-02,0.02150471697557922
 4.4178E-02,0.01903659172975554
 4.4203E-02,0.01631463845058493
 4.4229E-02,0.013457741804069251
 4.4255E-02,0.010590711877814896
 4.4280E-02,0.00783881823303099
 4.4306E-02,0.0053223621518643
 4.4332E-02,0.003151483464777342
 4.4357E-02,0.0014213638372904114
 4.4383E-02,0.00020799914835636858
 4.4408E-02,-0.00043525123271678497
 4.4434E-02,-0.0004801174070523866
 4.4460E-02,7.530163313420988e-05
 4.4485E-02,0.001206507369186934
 4.4511E-02,0.00286377961711219
 4.4537E-02,0.004974441152829978
 4.4562E-02,0.0074460626652632965
 4.4588E-02,0.010170475105549014
 4.4614E-02,0.013028464849419386
 4.4639E-02,0.01589499674494156
 4.4665E-02,0.018644743912364994
 4.4691E-02,0.021157638617051364
 4.4716E-02,0.023324139407130195
 4.4742E-02,0.025049952541716478
 4.4767E-02,0.026260026986625763
 4.4793E-02,0.02690171576137374
 4.4819E-02,0.02694702785658159
 4.4844E-02,0.026393886896399116
 4.4870E-02,0.025266301350045425
 4.4896E-02,0.023613377112169882
 4.4921E-02,0.021507179685884673
 4.4947E-02,0.01903955453868253
 4.4973E-02,0.016318095206740237
 4.4998E-02,0.013461477956534285
 4.5024E-02,0.010594364283190792
 4.5049E-02,0.007842044297440003
 4.5075E-02,0.005324993373160047
 4.5101E-02,0.0031535517504263986
 4.5126E-02,0.0014229865346874592
 4.5152E-02,0.00020921551236008059
 4.5178E-02,-0.00043456437388338933
 4.5203E-02,-0.0004801853303173527
 4.5229E-02,7.431073050463086e-05
 4.5255E-02,0.0012046192587128357
 4.5280E-02,0.0028612246765173668
 4.5306E-02,0.004971530585159346
 4.5332E-02,0.007443023194216523
 4.5357E-02,0.010167364791557902
 4.5383E-02,0.013025229264783311
 4.5408E-02,0.01589161715377846
 4.5434E-02,0.018641359393752985
 4.5460E-02,0.021154544876714157
 4.5485E-02,0.02332166176328129
 4.5511E-02,0.025048286566581618
 4.5537E-02,0.026259164477787606
 4.5562E-02,0.02690150830692044
 4.5588E-02,0.02694733583750584
 4.5614E-02,0.02639469818995316
 4.5639E-02,0.025267729230583773
 4.5665E-02,0.02361554070915515
 4.5690E-02,0.021510060601672373
 4.5716E-02,0.019042941171900224
 4.5742E-02,0.016321659144034516
 4.5767E-02,0.013464926585382193
 4.5793E-02,0.01059755708612077
 4.5819E-02,0.007844989580953199
 4.5844E-02,0.005327734079267258
 4.5870E-02,0.0031560329494381098
 4.5896E-02,0.0014250096674977139
 4.5921E-02,0.00021051694432617498
 4.5947E-02,-0.0004341682229913301
 4.5973E-02,-0.000480694572515567
 4.5998E-02,7.30647960827703e-05
 4.6024E-02,0.0012028543907455377
 4.6049E-02,0.002859074290831742
 4.6075E-02,0.0049689965523412784
 4.6101E-02,0.007440047390964859
 4.6126E-02,0.010163960767675227
 4.6152E-02,0.013021569683390697
 4.6178E-02,0.01588800673268934
 4.6203E-02,0.018638110380953185
 4.6229E-02,0.021151845878171937
 4.6255E-02,0.02331953504897439
 4.6280E-02,0.025046661119819867
 4.6306E-02,0.02625800425955816
 4.6331E-02,0.02690089445495561
 4.6357E-02,0.026947438373964874
 4.6383E-02,0.026395658433602143
 4.6408E-02,0.025269542772994997
 4.6434E-02,0.023618030373377806
 4.6460E-02,0.02151296030856561
 4.6485E-02,0.019046027961468478
 4.6511E-02,0.016324835538321182
 4.6537E-02,0.013468195061482164
 4.6562E-02,0.010600911595263957
 4.6588E-02,0.00784831204855989
 4.6614E-02,0.005330779084531451
 4.6639E-02,0.003158515796174354
 4.6665E-02,0.0014267342031148913
 4.6690E-02,0.00021144966196793994
 4.6716E-02,-0.0004339300841110224
 4.6742E-02,-0.00048103308338056814
 4.6767E-02,7.218586699556681e-05
 4.6793E-02,0.0012013729336693372
 4.6819E-02,0.002856910206444488
 4.6844E-02,0.004966165737934123
 4.6870E-02,0.007436720231350561
 4.6896E-02,0.01016041816148718
 4.6921E-02,0.013018087159486566
 4.6947E-02,0.015884751001674156
 4.6972E-02,0.01863512212532273
 4.6998E-02,0.021149116280502832
 4.7024E-02,0.023317112356303866
 4.7049E-02,0.02504470162002433
 4.7075E-02,0.026256725638844493
 4.7101E-02,0.02690046483166562
 4.7126E-02,0.026947883695329144
 4.7152E-02,0.026396856982985464
 4.7178E-02,0.025271309475927473
 4.7203E-02,0.023620226218215693
 4.7229E-02,0.021515544777328626
 4.7255E-02,0.01904901754540994
 4.7280E-02,0.016328204037589267
 4.7306E-02,0.013471795844441413
 4.7331E-02,0.010604484848931759
 4.7357E-02,0.007851575085190144
 4.7383E-02,0.005333534904653671
 4.7408E-02,0.0031607019944545752
 4.7434E-02,0.00142838022045594
 4.7460E-02,0.0002125797750863656
 4.7485E-02,-0.0004333706236802769
 4.7511E-02,-0.00048117059560213944
 4.7537E-02,7.123724462074118e-05
 4.7562E-02,0.0011996075569316795
 4.7588E-02,0.0028544662206921464
 4.7613E-02,0.004963271817530491
 4.7639E-02,0.007433592713111312
 4.7665E-02,0.01015718393896601
 4.7690E-02,0.01301478675761844
 4.7716E-02,0.015881414379011416
 4.7742E-02,0.018631854294859408
 4.7767E-02,0.021146122875103944
 4.7793E-02,0.023314641673080692
 4.7819E-02,0.02504294370840803
 4.7844E-02,0.026255741768586506
 4.7870E-02,0.026900197502156217
 4.7896E-02,0.02694823635397878
 4.7921E-02,0.026397780580669893
 4.7947E-02,0.025272829403114868
 4.7972E-02,0.023622390219620124
 4.7998E-02,0.021518333718638358
 4.8024E-02,0.019052289565172263
 4.8049E-02,0.01633171720892314
 4.8075E-02,0.013475294947737488
 4.8101E-02,0.010607789855890082
 4.8126E-02,0.007854608759128509
 4.8152E-02,0.005336274033160305
 4.8178E-02,0.0031630948152632826
 4.8203E-02,0.0014302974323202099
 4.8229E-02,0.00021383977571378288
 4.8254E-02,-0.00043291901240345406
 4.8280E-02,-0.0004815688075074098
 4.8306E-02,7.007491349160034e-05
 4.8331E-02,0.001197837483491765
 4.8357E-02,0.0028522282837166696
 4.8383E-02,0.004960636500750681
 4.8408E-02,0.007430579893782484
 4.8434E-02,0.010153835224793342
 4.8460E-02,0.013011232118090823
 4.8485E-02,0.015877878218488406
 4.8511E-02,0.018628592313927
 4.8537E-02,0.02114333362815929
 4.8562E-02,0.023312415656418502
 4.8588E-02,0.025041283992215238
 4.8613E-02,0.026254635942107373
 4.8639E-02,0.026899682521087948
 4.8665E-02,0.026948404654552408
 4.8690E-02,0.0263987219332435
 4.8716E-02,0.025274552878297624
 4.8742E-02,0.023624786255385225
 4.8767E-02,0.02152120605522077
 4.8793E-02,0.019055434241420838
 4.8819E-02,0.016334991112656152
 4.8844E-02,0.013478625715252417
 4.8870E-02,0.01061112456418419
 4.8895E-02,0.007857845684490685
 4.8921E-02,0.005339234185106257
 4.8947E-02,0.0031655590116963592
 4.8972E-02,0.001432084395173342
 4.8998E-02,0.00021486946309419918
 4.9024E-02,-0.00043262141145437914
 4.9049E-02,-0.00048192810431765473
 4.9075E-02,6.911351946695718e-05
 4.9101E-02,0.0011962769389834587
 4.9126E-02,0.002850050131302476
 4.9152E-02,0.0049578680852496535
 4.9178E-02,0.007427344639270155
 4.9203E-02,0.01015034485625491
 4.9229E-02,0.01300772347637104
 4.9254E-02,0.01587453884835308
 4.9280E-02,0.018625526810057785
 4.9306E-02,0.021140591174917112
 4.9331E-02,0.023310052607391336
 4.9357E-02,0.025039409252204235
 4.9383E-02,0.026253400988643386
 4.9408E-02,0.02689922104429114
 4.9434E-02,0.026948765862772294
 4.9460E-02,0.026399846823463097
 4.9485E-02,0.02527631050528204
 4.9511E-02,0.02362704217459617
 4.9536E-02,0.021523871909932962
 4.9562E-02,0.019058463287679767
 4.9588E-02,0.016338326787681053
 4.9613E-02,0.01348214662090952
 4.9639E-02,0.010614631945159029
 4.9665E-02,0.00786110698556651
 4.9690E-02,0.005342053685604647
 4.9716E-02,0.00316782628685701
 4.9742E-02,0.0014337684979451489
 4.9767E-02,0.00021596778212741715
 4.9793E-02,-0.0004321370717999944
 4.9819E-02,-0.00048212486782559644
 4.9844E-02,6.816804058556363e-05
 4.9870E-02,0.0011945757380102972
 4.9895E-02,0.0028476835705550305
 4.9921E-02,0.004955007292184972
 4.9947E-02,0.007424182330368333
 4.9972E-02,0.010147035746870113
 4.9998E-02,0.013004365668408707
 5.0024E-02,0.015871205593374453
 5.0049E-02,0.01862231940173372
 5.0075E-02,0.021137667849630143
 5.0101E-02,0.023307607098081728
 5.0126E-02,0.025037611476236808
 5.0152E-02,0.026252341520543683
 5.0177E-02,0.026898898390839664
 5.0203E-02,0.026949123388245427
 5.0229E-02,0.0264008292117849
 5.0254E-02,0.025277896050654853
 5.0280E-02,0.023629227030543095
 5.0306E-02,0.021526620189881152
 5.0331E-02,0.019061663613048303
 5.0357E-02,0.016341791301068248
 5.0383E-02,0.013485656455711204
 5.0408E-02,0.010617998326021583
 5.0434E-02,0.007864205981983638
 5.0460E-02,0.005344813290168841
 5.0485E-02,0.0031701808458386546
 5.0511E-02,0.0014356198142792612
 5.0536E-02,0.00021718620302966997
 5.0562E-02,-0.00043166961656551704
 5.0588E-02,-0.0004824605129322535
 5.0613E-02,6.706900014395777e-05
 5.0639E-02,0.0011928235560054478
 5.0665E-02,0.0028454067734245757
 5.0690E-02,0.00495230795156495
 5.0716E-02,0.007421130379120327
 5.0742E-02,0.010143703096828965
 5.0767E-02,0.013000870015159944
 5.0793E-02,0.015867726232377095
 5.0818E-02,0.018619068685537258
 5.0844E-02,0.021134835669820887
 5.0870E-02,0.02330531622126295
 5.0895E-02,0.025035913260460323
 5.0921E-02,0.02625125103699699
 5.0947E-02,0.02689843866393506
 5.0972E-02,0.0269493426220548
 5.0998E-02,0.026401776684539188
 5.1024E-02,0.025279574907262067
 5.1049E-02,0.02363156054990974
 5.1075E-02,0.02152945839722856
 5.1101E-02,0.019064827016047597
 5.1126E-02,0.01634512115032489
 5.1152E-02,0.01348903701490216
 5.1177E-02,0.010621338833089342
 5.1203E-02,0.007867401069380536
 5.1229E-02,0.005347716880844915
 5.1254E-02,0.003172617815898802
 5.1280E-02,0.001437430503807634
 5.1306E-02,0.00021827354904926043
 5.1331E-02,-0.0004313228211710287
 5.1357E-02,-0.0004828145092898227
 5.1383E-02,6.606724903754487e-05
 5.1408E-02,0.0011912097896607209
 5.1434E-02,0.0028432045700756588
 5.1459E-02,0.004949563886101396
 5.1485E-02,0.007417949890986842
 5.1511E-02,0.010140256696522604
 5.1536E-02,0.01299736158659203
 5.1562E-02,0.015864343538757236
 5.1588E-02,0.01861594920614619
 5.1613E-02,0.02113206883823568
 5.1639E-02,0.023302975380419234
 5.1665E-02,0.02503408842838007
 5.1690E-02,0.02625005373098999
 5.1716E-02,0.026897972222428734
 5.1742E-02,0.026949658566293933
 5.1767E-02,0.026402848958407475
 5.1793E-02,0.025281310841304295
 5.1818E-02,0.02363384022317626
 5.1844E-02,0.021532173519071506
 5.1870E-02,0.019067892045690166
 5.1895E-02,0.016348451599557626
 5.1921E-02,0.013492515548694994
 5.1947E-02,0.01062479931346225
 5.1972E-02,0.007870647028253864
 5.1998E-02,0.0053505647142134995
 5.2024E-02,0.0031749362919901536
 5.2049E-02,0.001439151048622759
 5.2075E-02,0.00021936776334443328
 5.2100E-02,-0.00043087773268880446
 5.2126E-02,-0.0004830535965222003
 5.2152E-02,6.511043504306083e-05
 5.2177E-02,0.001189538366224215
 5.2203E-02,0.0028408875897906294
 5.2229E-02,0.004946736157097526
 5.2254E-02,0.007414780448518273
 5.2280E-02,0.010136907001155826
 5.2306E-02,0.012993961442326422
 5.2331E-02,0.015860998510089607
 5.2357E-02,0.018612768961296305
 5.2383E-02,0.021129189949335124
 5.2408E-02,0.02330055668123333
 5.2434E-02,0.02503227840895712
 5.2459E-02,0.026248951211836232
 5.2485E-02,0.026897607108400123
 5.2511E-02,0.02695000472102528
 5.2536E-02,0.026403857563139
 5.2562E-02,0.025282938088915328
 5.2588E-02,0.023636048765274396
 5.2613E-02,0.02153490823286901
 5.2639E-02,0.019071051104649028
 5.2665E-02,0.01635187795607585
 5.2690E-02,0.013496018799314917
 5.2716E-02,0.010628195236198524
 5.2741E-02,0.007873789157218735
 5.2767E-02,0.005353348813638109
 5.2793E-02,0.0031772793152939067
 5.2818E-02,0.0014409652191549323
 5.2844E-02,0.00022055338920186503
 5.2870E-02,-0.0004304122231573768
 5.2895E-02,-0.0004833574298424984
 5.2921E-02,6.40542526920136e-05
 5.2947E-02,0.00118780917069892
 5.2972E-02,0.0028385982339596176
 5.2998E-02,0.00494399993463602
 5.3024E-02,0.0074116965509392575
 5.3049E-02,0.010133572196588364
 5.3075E-02,0.012990495026207933
 5.3100E-02,0.01585755713127075
 5.3126E-02,0.0186095355316755
 5.3152E-02,0.021126340581850922
 5.3177E-02,0.02329822636955286
 5.3203E-02,0.025030547229474703
 5.3229E-02,0.026247857503713622
 5.3254E-02,0.026897174155737162
 5.3280E-02,0.0269502581109806
 5.3306E-02,0.026404818610414018
 5.3331E-02,0.025284598030808902
 5.3357E-02,0.023638343980561187
 5.3382E-02,0.0215377166856682
 5.3408E-02,0.019074214739457963
 5.3434E-02,0.016355236790984756
 5.3459E-02,0.013499434421570845
 5.3485E-02,0.010631550241283042
 5.3511E-02,0.007876967835698672
 5.3536E-02,0.0053562186906747165
 5.3562E-02,0.003179692188717853
 5.3588E-02,0.0014427810540409117
 5.3613E-02,0.000221672591934962
 5.3639E-02,-0.0004300294502167308
 5.3665E-02,-0.0004836967077688338
 5.3690E-02,6.303698152763612e-05
 5.3716E-02,0.0011861636162343416
 5.3741E-02,0.0028363739788433723
 5.3767E-02,0.004941261673795785
 5.3793E-02,0.007408546238510396
 5.3818E-02,0.010130158076128114
 5.3844E-02,0.012986996995516155
 5.3870E-02,0.01585415545805937
 5.3895E-02,0.018606382207927957
 5.3921E-02,0.02112355032003207
 5.3947E-02,0.02329588926357508
 5.3972E-02,0.025028748920210123
 5.3998E-02,0.026246687609150044
 5.4023E-02,0.026896713495319823
 5.4049E-02,0.026950552269598714
 5.4075E-02,0.02640585658940057
 5.4100E-02,0.0252863116124487
 5.4126E-02,0.02364062847509423
 5.4152E-02,0.02154045841260481
 5.4177E-02,0.01907730654054239
 5.4203E-02,0.016358572993284977
 5.4229E-02,0.013502893061037762
 5.4254E-02,0.010634980453819555
 5.4280E-02,0.00788019651386058
 5.4306E-02,0.00535907584706189
 5.4331E-02,0.0031820402162906812
 5.4357E-02,0.0014445300275488795
 5.4382E-02,0.00022277408336290622
 5.4408E-02,-0.00042960184326527634
 5.4434E-02,-0.00048396274595504567
 5.4459E-02,6.206605338255906e-05
 5.4485E-02,0.001184503169360512
 5.4511E-02,0.0028340860048834274
 5.4536E-02,0.004938460092113082
 5.4562E-02,0.007405381294742577
 5.4588E-02,0.01012678872391723
 5.4613E-02,0.01298356851238389
 5.4639E-02,0.015850794910725496
 5.4664E-02,0.018603210404958364
 5.4690E-02,0.021120696277342123
 5.4716E-02,0.02329349153689535
 5.4741E-02,0.025026938598629124
 5.4767E-02,0.02624556225236662
 5.4793E-02,0.026896318748763925
 5.4818E-02,0.026950882668302863
 5.4844E-02,0.02640687322888332
 5.4870E-02,0.02528796250499087
 5.4895E-02,0.023642856493615094
 5.4921E-02,0.021543192289716774
 5.4947E-02,0.01908044422489266
 5.4972E-02,0.01636197316783142
 5.4998E-02,0.013506384910426501
 5.5023E-02,0.010638388300732712
 5.5049E-02,0.007883365032978425
 5.5075E-02,0.005361881441913793
 5.5100E-02,0.003184384750056113
 5.5126E-02,0.001446326251352021
 5.5152E-02,0.00022393781510679478
 5.5177E-02,-0.00042914367860011837
 5.5203E-02,-0.00048425202281694415
 5.5229E-02,6.103700451571002e-05
 5.5254E-02,0.0011827948525695185
 5.5280E-02,0.0028317972369305794
 5.5305E-02,0.004935705449530085
 5.5331E-02,0.0074022753767894
 5.5357E-02,0.010123445946172658
 5.5382E-02,0.012980114607527593
 5.5408E-02,0.015847376965778166
 5.5434E-02,0.018599993195465642
 5.5459E-02,0.021117843084214088
 5.5485E-02,0.02329113954858779
 5.5511E-02,0.025025183328630976
 5.5536E-02,0.026244458898043055
 5.5562E-02,0.02689589610566567
 5.5588E-02,0.026951156492425087
 5.5613E-02,0.026407847381187406
 5.5639E-02,0.02528961658064998
 5.5664E-02,0.023645129905953875
 5.5690E-02,0.021545978317238992
 5.5716E-02,0.019083600695294807
 5.5741E-02,0.016365344530854812
 5.5767E-02,0.013509822535932973
 5.5793E-02,0.010641757864177932
 5.5818E-02,0.007886540125953384
 5.5844E-02,0.005364733146463262
 5.5870E-02,0.0031867797873518094
 5.5895E-02,0.0014481393849279276
 5.5921E-02,0.000225072846338815
 5.5946E-02,-0.0004287370732131095
 5.5972E-02,-0.000484575856333163
 5.5998E-02,6.001693979069446e-05
 5.6023E-02,0.0011811322726956995
 5.6049E-02,0.002829556321448895
 5.6075E-02,0.004932964826190054
 5.6100E-02,0.007399139643680214
 5.6126E-02,0.010120052763407153
 5.6152E-02,0.012976628197200642
 5.6177E-02,0.01584396876416773
 5.6203E-02,0.01859681984492434
 5.6229E-02,0.02111503377654131
 5.6254E-02,0.023288797618260044
 5.6280E-02,0.025023396420306515
 5.6305E-02,0.026243306057654913
 5.6331E-02,0.026895443252255714
 5.6357E-02,0.026951441440046842
 5.6382E-02,0.02640886440496218
 5.6408E-02,0.025291311710367286
 5.6434E-02,0.023647410818860456
 5.6459E-02,0.021548732508472605
 5.6485E-02,0.01908671028110306
 5.6511E-02,0.016368689540180226
 5.6536E-02,0.013513274065221183
 5.6562E-02,0.010645170668984922
 5.6587E-02,0.007889754867694745
 5.6613E-02,0.0053675911969702575
 5.6639E-02,0.003189143865437487
 5.6664E-02,0.0014499086870141309
 5.6690E-02,0.00022618517590617553
 5.6716E-02,-0.000428314376199912
 5.6741E-02,-0.0004848567147670261
 5.6767E-02,5.903457639268268e-05
 5.6793E-02,0.0011794742877455123
 5.6818E-02,0.002827284417932342
 5.6844E-02,0.004930182097667832
 5.6870E-02,0.007395983236023579
 5.6895E-02,0.010116676172599603
 5.6921E-02,0.012973182914678366
 5.6946E-02,0.015840594884709243
 5.6972E-02,0.01859364805085406
 5.6998E-02,0.021112192346999455
 5.7023E-02,0.02328641445932967
 5.7049E-02,0.02502159029860554
 5.7075E-02,0.026242169977243476
 5.7100E-02,0.026895029515107367
 5.7126E-02,0.02695175734012407
 5.7152E-02,0.026409880208695394
 5.7177E-02,0.025292974159054397
 5.7203E-02,0.023649652233275847
 5.7228E-02,0.0215514699865446
 5.7254E-02,0.01908983797347319
 5.7280E-02,0.016372073018431656
 5.7305E-02,0.013516754773951062
 5.7331E-02,0.010648581213894644
 5.7357E-02,0.007892937992537648
 5.7382E-02,0.005370412729684049
 5.7408E-02,0.003191494540559832
 5.7434E-02,0.0014516979752691407
 5.7459E-02,0.00022733580317762223
 5.7485E-02,-0.00042786380990433
 5.7511E-02,-0.0004851406235022546
 5.7536E-02,5.8021416086248036e-05
 5.7562E-02,0.001177781906420122
 5.7587E-02,0.0028250010791911976
 5.7613E-02,0.004927419676068452
 5.7639E-02,0.0073928633831634
 5.7664E-02,0.010113324606817235
 5.7690E-02,0.012969732263879041
 5.7716E-02,0.01583718951726994
 5.7741E-02,0.018590442576148968
 5.7767E-02,0.021109340253250217
 5.7793E-02,0.023284050990879265
 5.7818E-02,0.0250198183213807
 5.7844E-02,0.02624105571522472
 5.7869E-02,0.02689460811699663
 5.7895E-02,0.02695204154286934
 5.7921E-02,0.026410863963556592
 5.7946E-02,0.025294627953583584
 5.7972E-02,0.02365191416727232
 5.7998E-02,0.021554240798696372
 5.8023E-02,0.01909298601478717
 5.8049E-02,0.016375448340510756
 5.8075E-02,0.013520205259442381
 5.8100E-02,0.0106519627289411
 5.8126E-02,0.007896115513920044
 5.8152E-02,0.0053732564241404475
 5.8177E-02,0.0031938784860162887
 5.8203E-02,0.0014535068426881686
 5.8228E-02,0.00022847825076414171
 5.8254E-02,-0.0004274419948928817
 5.8280E-02,-0.00048545112087753023
 5.8305E-02,5.700468080831536e-05
 5.8331E-02,0.001176112118419436
 5.8357E-02,0.0028227497332640322
 5.8382E-02,0.00492467486050331
 5.8408E-02,0.007389734043762076
 5.8434E-02,0.010109944346538627
 5.8459E-02,0.012966255976697087
 5.8485E-02,0.015833781158652672
 5.8510E-02,0.018587258813295232
 5.8536E-02,0.02110651772295512
 5.8562E-02,0.023281702184654245
 5.8587E-02,0.02501803481625783
 5.8613E-02,0.02623991238477153
 5.8639E-02,0.02689416192645139
 5.8664E-02,0.02695232350302112
 5.8690E-02,0.026411868923891225
 5.8716E-02,0.02529630945782011
 5.8741E-02,0.023654188635474263
 5.8767E-02,0.02155699911258432
 5.8793E-02,0.019096105873353447
 5.8818E-02,0.016378801049395632
 5.8844E-02,0.013523655598602795
 5.8869E-02,0.010655366334561994
 5.8895E-02,0.007899320379224996
 5.8921E-02,0.005376112054811453
 5.8946E-02,0.0031962503284880825
 5.8972E-02,0.0014552893624355527
 5.8998E-02,0.0002296006736474494
 5.9023E-02,-0.0004270182779065886
 5.9049E-02,-0.0004857389507634818
 5.9075E-02,5.601448781462459e-05
 5.9100E-02,0.0011744530744033119
 5.9126E-02,0.0028204857964553073
 5.9151E-02,0.004921904280068317
 5.9177E-02,0.007386585707411639
 5.9203E-02,0.010106566328800066
 5.9228E-02,0.01296280123396685
 5.9254E-02,0.01583039693598825
 5.9280E-02,0.01858408314117335
 5.9305E-02,0.02110368086291719
 5.9331E-02,0.023279327247103326
 5.9357E-02,0.025016232763272007
 5.9382E-02,0.02623877143755706
 5.9408E-02,0.02689373630549147
 5.9434E-02,0.026952627672882205
 5.9459E-02,0.02641288014823471
 5.9485E-02,0.025297976065870243
 5.9510E-02,0.02365643805621527
 5.9536E-02,0.021559740931395708
 5.9562E-02,0.01909922990362847
 5.9587E-02,0.016382175004815952
 5.9613E-02,0.013527127875384567
 5.9639E-02,0.010658775982001635
 5.9664E-02,0.007902511190278077
 5.9690E-02,0.005378944759289123
 5.9716E-02,0.0031986083183004935
 5.9741E-02,0.001457078066591728
 5.9767E-02,0.00023074504444551593
 5.9792E-02,-0.0004265729732407202
 5.9818E-02,-0.00048602119786425894
 5.9844E-02,5.5010535873037435e-05
 5.9869E-02,0.0011727722709863836
 5.9895E-02,0.002818209337845032
 5.9921E-02,0.004919140393061521
 5.9946E-02,0.007383458486817214
 5.9972E-02,0.010103208062871604
 5.9998E-02,0.012959350185000482
 6.0023E-02,0.015826997884813884
 6.0049E-02,0.018580885624994204
 6.0075E-02,0.0211008317347191
 6.0100E-02,0.023276958637729557
 6.0126E-02,0.025014450317304555
 6.0151E-02,0.026237647928787675
 6.0177E-02,0.026893312247625478
 6.0203E-02,0.02695291598852081
 6.0228E-02,0.026413869787419143
 6.0254E-02,0.025299631267243515
 6.0280E-02,0.023658694266249416
 6.0305E-02,0.02156250188184837
 6.0331E-02,0.01910237031259925
 6.0357E-02,0.016385549843036952
 6.0382E-02,0.013530584815636728
 6.0408E-02,0.01066216579135156
 6.0433E-02,0.007905692788239766
 6.0459E-02,0.005381785892218712
 6.0485E-02,0.0032009860464988983
 6.0510E-02,0.0014588830785534836
 6.0536E-02,0.00023189039523642085
 6.0562E-02,-0.00042614210610610417
 6.0587E-02,-0.0004863216714938552
 6.0613E-02,5.3998943392515833e-05
 6.0639E-02,0.0011711005785689046
 6.0664E-02,0.002815952083843899
 6.0690E-02,0.0049163914826591245
 6.0716E-02,0.007380330950878115
 6.0741E-02,0.010099834725127717
 6.0767E-02,0.012955880902638044
 6.0792E-02,0.015823591169764704
 6.0818E-02,0.018577696434226142
 6.0844E-02,0.0210980000092273
 6.0869E-02,0.023274602662451085
 6.0895E-02,0.025012665575526675
 6.0921E-02,0.026236508429417885
 6.0946E-02,0.026892870104267434
 6.0972E-02,0.026953197187233408
 6.0998E-02,0.026414867886652826
 6.1023E-02,0.025301303276363214
 6.1049E-02,0.02366096221696228
 6.1074E-02,0.021565260192215007
 6.1100E-02,0.01910549553587478
 6.1126E-02,0.01638890842533572
 6.1151E-02,0.013534036727540256
 6.1177E-02,0.010665565576252282
 6.1203E-02,0.00790889184886456
 6.1228E-02,0.005384638989242226
 6.1254E-02,0.0032033616851271833
 6.1280E-02,0.0014606742432740787
 6.1305E-02,0.00023302140484580285
 6.1331E-02,-0.00042571450491041176
 6.1357E-02,-0.000486611259580734
 6.1382E-02,5.3004706275635736e-05
 6.1408E-02,0.0011694401857253677
 6.1433E-02,0.0028136922281607017
 6.1459E-02,0.004913628781649517
 6.1485E-02,0.007377189518493583
 6.1510E-02,0.010096458328216363
 6.1536E-02,0.012952421887562973
 6.1562E-02,0.015820200275272825
 6.1587E-02,0.01857451658843303
 6.1613E-02,0.021095164051214067
 6.1639E-02,0.023272232051968857
 6.1664E-02,0.025010866735617858
 6.1690E-02,0.026235365688624737
 6.1715E-02,0.026892437453491343
 6.1741E-02,0.026953492731544258
 6.1767E-02,0.026415873667203514
 6.1792E-02,0.025302969971390157
 6.1818E-02,0.023663215495862103
 6.1844E-02,0.02156800522995033
 6.1869E-02,0.019108618532014905
 6.1895E-02,0.016392277066647178
 6.1921E-02,0.013537502988627721
 6.1946E-02,0.010668972954109637
 6.1972E-02,0.007912086072620509
 6.1998E-02,0.005387478760825362
 6.2023E-02,0.003205725959226335
 6.2049E-02,0.0014624649500971929
 6.2074E-02,0.0002341635197222467
 6.2100E-02,-0.000425272297142784
 6.2126E-02,-0.0004868933392335176
 6.2151E-02,5.2005776934948005e-05
 6.2177E-02,0.0011677670749014215
 6.2203E-02,0.0028114217887931234
 6.2228E-02,0.004910865982482853
 6.2254E-02,0.007374058677723677
 6.2280E-02,0.01009309518170975
 6.2305E-02,0.012948968683804575
 6.2331E-02,0.015816803270647477
 6.2356E-02,0.018571323192537327
 6.2382E-02,0.021092317061011834
 6.2408E-02,0.023269860754359786
 6.2433E-02,0.025009077345507738
 6.2459E-02,0.026234234560670377
 6.2485E-02,0.026892009013870413
 6.2510E-02,0.02695378125045921
 6.2536E-02,0.026416865964908713
 6.2562E-02,0.025304626419369605
 6.2587E-02,0.023665468972054425
 6.2613E-02,0.021570760202155106
 6.2639E-02,0.019111753219502016
 6.2664E-02,0.016395650059818252
 6.2690E-02,0.013540962978607012
 6.2715E-02,0.010672368396733654
 6.2741E-02,0.007915272037515835
 6.2767E-02,0.0053903205261664495
 6.2792E-02,0.0032081013208865995
 6.2818E-02,0.0014642678931525294
 6.2844E-02,0.00023531036806356386
 6.2869E-02,-0.0004248356723958646
 6.2895E-02,-0.0004871862503630849
 6.2921E-02,5.0999763523402195e-05
 6.2946E-02,0.0011660966626454846
 6.2972E-02,0.0028091623362449148
 6.2997E-02,0.004908114625601521
 6.3023E-02,0.0073709315534155485
 6.3049E-02,0.01008972569312012
 6.3074E-02,0.012945504294641828
 6.3100E-02,0.015813398956010756
 6.3126E-02,0.018568131923153167
 6.3151E-02,0.02108947984592811
 6.3177E-02,0.023267499183410294
 6.3203E-02,0.025007289948803437
 6.3228E-02,0.026233095875668258
 6.3254E-02,0.026891568853165054
 6.3280E-02,0.026954062321333398
 6.3305E-02,0.026417860149967578
 6.3331E-02,0.025306291991067466
 6.3356E-02,0.023667731250095303
 6.3382E-02,0.02157351646998121
 6.3408E-02,0.019114880366479632
 6.3433E-02,0.016399012166178308
 6.3459E-02,0.013544416813585855
 6.3485E-02,0.010675766929375547
 6.3510E-02,0.007918467904740916
 6.3536E-02,0.005393171550930616
 6.3562E-02,0.0032104785263835593
 6.3587E-02,0.0014660642895377995
 6.3613E-02,0.00023644775703338746
 6.3638E-02,-0.00042440373793175624
 6.3664E-02,-0.0004874750716708571
 6.3690E-02,5.000393141808151e-05
 6.3715E-02,0.0011644352173877685
 6.3741E-02,0.002806904274899891
 6.3767E-02,0.0049053564555480685
 6.3792E-02,0.007367794909374584
 6.3818E-02,0.010086351348299752
 6.3844E-02,0.012942043329258066
 6.3869E-02,0.015810003496171184
 6.3895E-02,0.01856494785877287
 6.3921E-02,0.021086642307017317
 6.3946E-02,0.023265129554429886
 6.3972E-02,0.02500549234695395
 6.3997E-02,0.026231951935741467
 6.4023E-02,0.026891131612580506
 6.4049E-02,0.02695435146032384
 6.4074E-02,0.026418860672558477
 6.4100E-02,0.025307956740471687
 6.4126E-02,0.023669985702405555
 6.4151E-02,0.021576263489780048
 6.4177E-02,0.019118003562432758
 6.4203E-02,0.016402378369692962
 6.4228E-02,0.01354787953992766
 6.4254E-02,0.010679172430221668
 6.4279E-02,0.007921663771693389
 6.4305E-02,0.005396016034545089
 6.4331E-02,0.0032128481501314775
 6.4356E-02,0.0014678583900784936
 6.4382E-02,0.0002375904618187384
 6.4408E-02,-0.0004239622924438406
 6.4433E-02,-0.00048775671657321634
 6.4459E-02,4.900825625656655e-05
 6.4485E-02,0.0011627675754922362
 6.4510E-02,0.002804639092929324
 6.4536E-02,0.0049025962440252795
 6.4562E-02,0.007364663302081527
 6.4587E-02,0.010082985624744318
 6.4613E-02,0.012938588282129461
 6.4638E-02,0.01580660696615447
 6.4664E-02,0.018561756682676678
 6.4690E-02,0.02108379702038252
 6.4715E-02,0.02326275725602129
 6.4741E-02,0.025003698839422016
 6.4767E-02,0.026230815285045367
 6.4792E-02,0.02689069881936109
 6.4818E-02,0.026954638336911935
 6.4844E-02,0.02641985346439071
 6.4869E-02,0.025309613666820927
 6.4895E-02,0.0236722376439897
 6.4920E-02,0.021579014663038177
 6.4946E-02,0.019121133918686462
 6.4972E-02,0.016405748930521585
 6.4997E-02,0.013551340311384996
 6.5023E-02,0.010682571103554238
 6.5049E-02,0.00792485318170344
 6.5074E-02,0.005398859455143701
 6.5100E-02,0.003215223092773785
 6.5126E-02,0.0014696604269544263
 6.5151E-02,0.0002387380921155262
 6.5177E-02,-0.00042352216047191274
 6.5203E-02,-0.0004880443485222872
 6.5228E-02,4.8007012148292656e-05
 6.5254E-02,0.0011610994738827038
 6.5279E-02,0.002802379271166686
 6.5305E-02,0.004899843420700956
 6.5331E-02,0.007361535717266832
 6.5356E-02,0.010079617652901681
 6.5382E-02,0.012935126465652359
 6.5408E-02,0.015803204168179118
 6.5433E-02,0.018558564189956293
 6.5459E-02,0.021080955882110248
 6.5485E-02,0.02326039081657803
 6.5510E-02,0.025001907800066
 6.5536E-02,0.026229675182350073
 6.5561E-02,0.026890258621989255
 6.5587E-02,0.026954918808848812
 6.5613E-02,0.026420845019477175
 6.5638E-02,0.025311274777184697
 6.5664E-02,0.023674495403620367
 6.5690E-02,0.021581768405768177
 6.5715E-02,0.019124261355872443
 6.5741E-02,0.01640911316965085
 6.5767E-02,0.01355479614391532
 6.5792E-02,0.010685970043907497
 6.5818E-02,0.007928048031765616
 6.5844E-02,0.005401709660098422
 6.5869E-02,0.003217601473260722
 6.5895E-02,0.0014714605517145436
 6.5920E-02,0.0002398806124773525
 6.5946E-02,-0.0004230857292995716
 6.5972E-02,-0.0004883307543865729
 6.5997E-02,4.701166905246275e-05
 6.6023E-02,0.0011594381324985968
 6.6049E-02,0.002800122596052881
 6.6074E-02,0.004897088377578028
 6.6100E-02,0.0073584027962120095
 6.6126E-02,0.010076245718497861
 6.6151E-02,0.012931665349653716
 6.6177E-02,0.015799806331050915
 6.6202E-02,0.018555377164512266
 6.6228E-02,0.02107811649906532
 6.6254E-02,0.023258020951701337
 6.6279E-02,0.02500011053185838
 6.6305E-02,0.026228530435513934
 6.6331E-02,0.026889818422869322
 6.6356E-02,0.02695520335785631
 6.6382E-02,0.026421841036238937
 6.6408E-02,0.02531293677734662
 6.6433E-02,0.023676749300115103
 6.6459E-02,0.021584516020597886
 6.6485E-02,0.019127384650970743
 6.6510E-02,0.01641247803772114
 6.6536E-02,0.013558256613581707
 6.6561E-02,0.010689373948425025
 6.6587E-02,0.007931244405125073
 6.6613E-02,0.005404556951335034
 6.6638E-02,0.003219974995479867
 6.6664E-02,0.0014732579115927498
 6.6690E-02,0.0002410249464102961
 6.6715E-02,-0.0004226438645652526
 6.6741E-02,-0.000488611771188396
 6.6767E-02,4.601807910647028e-05
 6.6792E-02,0.001157774083592317
 6.6818E-02,0.002797861263006126
 6.6843E-02,0.004894330606756677
 6.6869E-02,0.007355271347938743
 6.6895E-02,0.010072878393000683
 6.6920E-02,0.012928208409611699
 6.6946E-02,0.015796408893796916
 6.6972E-02,0.018552186185456
 6.6997E-02,0.021075271418073378
 6.7023E-02,0.023255647442017042
 6.7049E-02,0.024998313781854502
 6.7074E-02,0.026227389232941673
 6.7100E-02,0.026889381339249518
 6.7126E-02,0.026955487504012905
 6.7151E-02,0.026422832783368818
 6.7177E-02,0.02531459329704909
 6.7202E-02,0.023679000137769076
 6.7228E-02,0.021587264855177497
 6.7254E-02,0.019130512150112338
 6.7279E-02,0.016415846678753485
 6.7305E-02,0.013561717513797105
 6.7331E-02,0.01069277474081517
 6.7356E-02,0.007934436752428836
 6.7382E-02,0.005407402724546834
 6.7408E-02,0.0032223511039348933
 6.7433E-02,0.001475060524562753
 6.7459E-02,0.00024217383242136517
 6.7484E-02,-0.00042220089511439565
 6.7510E-02,-0.0004888952048019063
 6.7536E-02,4.5021150240353485e-05
 6.7561E-02,0.001156109021319093
 6.7587E-02,0.002795602644214243
 6.7613E-02,0.004891577768992638
 6.7638E-02,0.007352143789300415
 6.7664E-02,0.010069511378176065
 6.7690E-02,0.012924748299744302
 6.7715E-02,0.01579300743028537
 6.7741E-02,0.018548993450971846
 6.7767E-02,0.021072428102106515
 6.7792E-02,0.023253277663898994
 6.7818E-02,0.024996519591448583
 6.7843E-02,0.02622624711023766
 6.7869E-02,0.026888940140693915
 6.7895E-02,0.026955766992777228
 6.7920E-02,0.02642382233025622
 6.7946E-02,0.025316251160865652
 6.7972E-02,0.023681254259991884
 6.7997E-02,0.021590015896108664
 6.8023E-02,0.01913363867933682
 6.8049E-02,0.01641921160125505
 6.8074E-02,0.0135651745628849
 6.8100E-02,0.01069617435273541
 6.8125E-02,0.00793763145465238
 6.8151E-02,0.005410252678689222
 6.8177E-02,0.0032247302544451263
 6.8202E-02,0.0014768630695667058
 6.8228E-02,0.00024332002725990136
 6.8254E-02,-0.0004217607158039945
 6.8279E-02,-0.0004891789291232789
 6.8305E-02,4.402710366849304e-05
 6.8331E-02,0.0011544482450040923
 6.8356E-02,0.002793346843312475
 6.8382E-02,0.004888824471028411
 6.8408E-02,0.007349013083178042
 6.8433E-02,0.010066141028340771
 6.8459E-02,0.012921287146633422
 6.8484E-02,0.015789607787413486
 6.8510E-02,0.018545803654993386
 6.8536E-02,0.0210695861404651
 6.8561E-02,0.02325090607916142
 6.8587E-02,0.024994721191816095
 6.8613E-02,0.026225100895019695
 6.8638E-02,0.026888497342229676
 6.8664E-02,0.026956047832820816
 6.8690E-02,0.026424814423527697
 6.8715E-02,0.025317910183024293
 6.8741E-02,0.023683506739613162
 6.8766E-02,0.021592763331388234
 6.8792E-02,0.019136762081483103
 6.8818E-02,0.01642257605833715
 6.8843E-02,0.013568634084349912
 6.8869E-02,0.010699577558110213
 6.8895E-02,0.007940828361319747
 6.8920E-02,0.005413102148151023
 6.8946E-02,0.0032271070990748814
 6.8972E-02,0.0014786638224344383
 6.8997E-02,0.00024446693761425494
 6.9023E-02,-0.00042131719126517844
 6.9049E-02,-0.0004894585245726039
 6.9074E-02,4.303555091464005e-05
 6.9100E-02,0.0011527871504387788
 6.9125E-02,0.002791088831730743
 6.9151E-02,0.0048860693452702116
 6.9177E-02,0.007345882805731825
 6.9202E-02,0.010062773405430476
 6.9228E-02,0.012917829207112411
 6.9254E-02,0.015786209568765325
 6.9279E-02,0.018542612483903625
 6.9305E-02,0.021066741014763475
 6.9331E-02,0.023248531787406608
 6.9356E-02,0.024992922312050615
 6.9382E-02,0.026223956392121595
 6.9407E-02,0.02688805667095929
 6.9433E-02,0.026956329083361524
 6.9459E-02,0.0264258043713021
 6.9484E-02,0.02531956560497967
 6.9510E-02,0.0236857563736918
 6.9536E-02,0.02159551032828347
 6.9561E-02,0.01913988732389518
 6.9587E-02,0.01642594286424755
 6.9613E-02,0.01357209443076674
 6.9638E-02,0.010702979326086699
 6.9664E-02,0.007944022673498577
 6.9690E-02,0.005415949953591357
 6.9715E-02,0.0032294846776450862
 6.9741E-02,0.0014804674348730905
 6.9766E-02,0.000245617027539283
 6.9792E-02,-0.0004208721443723295
 6.9818E-02,-0.0004897389301739838
 6.9843E-02,4.204195148910955e-05
 6.9869E-02,0.0011511247618307104
 6.9895E-02,0.0027888316164126144
 6.9920E-02,0.0048833167598865326
 6.9946E-02,0.0073427550409223335
 6.9972E-02,0.01005940641135599
 6.9997E-02,0.012914369470301189
 7.0023E-02,0.015782808292390146
 7.0048E-02,0.018539418969904898
 7.0074E-02,0.021063895549271638
 7.0100E-02,0.023246158807429546
 7.0125E-02,0.024991124712301263
 7.0151E-02,0.026222811443379592
 7.0177E-02,0.02688761344102421
 7.0202E-02,0.026956606893393527
 7.0228E-02,0.026426791921952995
 7.0254E-02,0.025321220848644316
 7.0279E-02,0.023688007612192478
 7.0305E-02,0.02159825903323014
 7.0331E-02,0.019143012760448153
 7.0356E-02,0.01642930803297796
 7.0382E-02,0.013575552524053885
 7.0407E-02,0.010706380034486046
 7.0433E-02,0.00794721813909665
 7.0459E-02,0.005418800580533394
 7.0484E-02,0.0032318650525369774
 7.0510E-02,0.0014822722550673368
 7.0536E-02,0.00024676646556128184
 7.0561E-02,-0.0004204284199301793
 7.0587E-02,-0.0004900196214507014
 7.0613E-02,4.1050003518375744e-05
 7.0638E-02,0.0011494653562885322
 7.0664E-02,0.002786577056124159
 7.0689E-02,0.004880565037046809
 7.0715E-02,0.007339626169411178
 7.0741E-02,0.010056037561174685
 7.0766E-02,0.01291090879638637
 7.0792E-02,0.015779407839040083
 7.0818E-02,0.018536227420948865
 7.0843E-02,0.02106105159936755
 7.0869E-02,0.023243785552743312
 7.0895E-02,0.024989324982189545
 7.0920E-02,0.026221663766846082
 7.0946E-02,0.026887168511692972
 7.0972E-02,0.026956884803324473
 7.0997E-02,0.026427780731291275
 7.1023E-02,0.0253228769834857
 7.1048E-02,0.023690258157835434
 7.1074E-02,0.02160100550192325
 7.1100E-02,0.019146135695074385
 7.1125E-02,0.01643267198559338
 7.1151E-02,0.013579011346826198
 7.1177E-02,0.010709782705094241
 7.1202E-02,0.007950415274560186
 7.1228E-02,0.005421651411866607
 7.1254E-02,0.0032342442227481422
 7.1279E-02,0.0014840756763114097
 7.1305E-02,0.000247915729234677
 7.1330E-02,-0.0004199831249805673
 7.1356E-02,-0.0004902977875818951
 7.1382E-02,4.006001990694303e-05
 7.1407E-02,0.0011478062428710138
 7.1433E-02,0.0027843212206359047
 7.1459E-02,0.004877811676515102
 7.1484E-02,0.007336496656061689
 7.1510E-02,0.010052669528237338
 7.1536E-02,0.012907449614662581
 7.1561E-02,0.015776008127651064
 7.1587E-02,0.018533034892932777
 7.1613E-02,0.021058205179806555
 7.1638E-02,0.02324140960193387
 7.1664E-02,0.02498752367999725
 7.1689E-02,0.026220516078836884
 7.1715E-02,0.026886724361124534
 7.1741E-02,0.026957162933239586
 7.1766E-02,0.02642876833471061
 7.1792E-02,0.02532453078115481
 7.1818E-02,0.02369250647669976
 7.1843E-02,0.021603751106278622
 7.1869E-02,0.01914925945215913
 7.1895E-02,0.016436037617839513
 7.1920E-02,0.013582471371708794
 7.1946E-02,0.010713185280635518
 7.1971E-02,0.007953611324626186
 7.1997E-02,0.00542450134413542
 7.2023E-02,0.00323662380783793
 7.2048E-02,0.00148588103004805
 7.2074E-02,0.0002490675561453756
 7.2100E-02,-0.0004195359527365041
 7.2125E-02,-0.0004905755304901114
 7.2151E-02,3.906933737671985e-05
 7.2177E-02,0.0011461464527059324
 7.2202E-02,0.002782065788682131
 7.2228E-02,0.004875059951449875
 7.2254E-02,0.007333369135515437
 7.2279E-02,0.010049302609521204
 7.2305E-02,0.012903990007979132
 7.2330E-02,0.01577260686047795
 7.2356E-02,0.018529840835064038
 7.2382E-02,0.02105535827798748
 7.2407E-02,0.02323903433389736
 7.2433E-02,0.02498572336785211
 7.2459E-02,0.0262193685288485
 7.2484E-02,0.026886278933711448
 7.2510E-02,0.026957438842104133
 7.2536E-02,0.026429753925719314
 7.2561E-02,0.025326183746758858
 7.2587E-02,0.023694755220977626
 7.2612E-02,0.021606497552073813
 7.2638E-02,0.01915238338045637
 7.2664E-02,0.016439402268792563
 7.2689E-02,0.013585929759431452
 7.2715E-02,0.010716586659615796
 7.2741E-02,0.007956807478534392
 7.2766E-02,0.005427352650383027
 7.2792E-02,0.0032390051398230703
 7.2818E-02,0.0014876874135166657
 7.2843E-02,0.0002502192198029932
 7.2869E-02,-0.00041908967003261054
 7.2895E-02,-0.0004908538718395922
 7.2920E-02,3.8079110658934055e-05
 7.2946E-02,0.001144488079453193
 7.2971E-02,0.0027798118408757073
 7.2997E-02,0.004872308747884796
 7.3023E-02,0.007330240772315331
 7.3048E-02,0.010045933995570817
 7.3074E-02,0.012900528874012425
 7.3100E-02,0.01576920498534083
 7.3125E-02,0.018526647013232252
 7.3151E-02,0.021052511637595833
 7.3177E-02,0.023236658443209355
 7.3202E-02,0.02498392126641065
 7.3228E-02,0.02621821860260358
 7.3253E-02,0.026885831562620532
 7.3279E-02,0.026957713946173925
 7.3305E-02,0.026430739735447097
 7.3330E-02,0.025327837136714586
 7.3356E-02,0.02369700372342565
 7.3382E-02,0.021609242842630907
 7.3407E-02,0.019155505809788524
 7.3433E-02,0.016442766029769282
 7.3459E-02,0.013589388478379424
 7.3484E-02,0.010719989401339412
 7.3510E-02,0.007960005181612917
 7.3536E-02,0.0054302048270593335
 7.3561E-02,0.0032413864156035825
 7.3587E-02,0.001489493341640636
 7.3612E-02,0.00025137089842849577
 7.3638E-02,-0.0004186423787453013
 7.3664E-02,-0.0004911304514980319
 7.3689E-02,3.709056121913555e-05
 7.3715E-02,0.0011428304836633351
 7.3741E-02,0.0027775575760606453
 7.3766E-02,0.004869556684643593
 7.3792E-02,0.00732711186851551
 7.3818E-02,0.010042565670180664
 7.3843E-02,0.012897068633065856
 7.3869E-02,0.015765803830289665
 7.3894E-02,0.01852345301066698
 7.3920E-02,0.021049663797258037
 7.3946E-02,0.023234280916915036
 7.3971E-02,0.024982117938184972
 7.3997E-02,0.026217068329401797
 7.4023E-02,0.026885384478250958
 7.4048E-02,0.026957989213213865
 7.4074E-02,0.026431724909775852
 7.4100E-02,0.025329489028600133
 7.4125E-02,0.023699250472067085
 7.4151E-02,0.021611986954147004
 7.4177E-02,0.01915862807674842
 7.4202E-02,0.016446130386113644
 7.4228E-02,0.013592847809439717
 7.4253E-02,0.010723392124469624
 7.4279E-02,0.007963202172100746
 7.4305E-02,0.005433056152493718
 7.4330E-02,0.0032437674334549905
 7.4356E-02,0.0014912999367732132
 7.4382E-02,0.00025252382858656237
 7.4407E-02,-0.00041819402592436746
 7.4433E-02,-0.0004914068043684103
 7.4459E-02,3.610134967231386e-05
 7.4484E-02,0.0011411718844599854
 7.4510E-02,0.0027753026739492084
 7.4535E-02,0.004866804662689229
 7.4561E-02,0.007323983356929702
 7.4587E-02,0.010039197369037382
 7.4612E-02,0.012893607489481826
 7.4638E-02,0.015762400879863046
 7.4664E-02,0.01852025693371587
 7.4689E-02,0.021046814349234916
 7.4715E-02,0.02323190258707518
 7.4741E-02,0.024980314315534463
 7.4766E-02,0.026215917600774852
 7.4792E-02,0.026884936269709517
 7.4818E-02,0.026958262747231915
 7.4843E-02,0.026432708335828867
 7.4869E-02,0.02533113984205906
 7.4894E-02,0.02370149707920235
 7.4920E-02,0.02161473152150975
 7.4946E-02,0.019161750723022154
 7.4971E-02,0.0164494945580037
 7.4997E-02,0.013596306461597898
 7.5023E-02,0.010726794237875703
 7.5048E-02,0.007966399235977268
 7.5074E-02,0.00543590841381382
 7.5100E-02,0.003246149838432259
 7.5125E-02,0.0014931076582911796
 7.5151E-02,0.0002536771255255176
 7.5176E-02,-0.00041774600383649436
 7.5202E-02,-0.0004916836410725397
 7.5228E-02,3.511208793268838e-05
 7.5253E-02,0.0011395138343066565
 7.5279E-02,0.0027730485302037166
 7.5305E-02,0.00486405295678181
 7.5330E-02,0.007320854301568356
 7.5356E-02,0.010035827801159893
 7.5382E-02,0.012890144949839427
 7.5407E-02,0.015758997015319395
 7.5433E-02,0.01851706060703246
 7.5459E-02,0.0210439649528772
 7.5484E-02,0.023229523999184737
 7.5510E-02,0.02497850974566256
 7.5535E-02,0.02621476538260609
 7.5561E-02,0.026884486589657693
 7.5587E-02,0.026958535372672354
 7.5612E-02,0.026433691532943965
 7.5638E-02,0.02533279071501158
 7.5664E-02,0.023703743447213314
 7.5689E-02,0.021617475230133087
 7.5715E-02,0.019164872092931703
 7.5741E-02,0.01645285761674101
 7.5766E-02,0.01359976468895743
 7.5792E-02,0.01073019668989413
 7.5817E-02,0.007969596970002848
 7.5843E-02,0.005438761057536346
 7.5869E-02,0.003248531981383713
 7.5894E-02,0.0014949146188305456
 7.5920E-02,0.00025482966267939143
 7.5946E-02,-0.00041729830056415275
 7.5971E-02,-0.00049196033804841
 7.5997E-02,3.412298725316066e-05
 7.6023E-02,0.0011378553932218784
 7.6048E-02,0.002770793158723599
 7.6074E-02,0.004861299397179931
 7.6100E-02,0.0073177233084341185
 7.6125E-02,0.010032456678382538
 7.6151E-02,0.012886681295238761
 7.6176E-02,0.015755592112614052
 7.6202E-02,0.018513862852145933
 7.6228E-02,0.021041113563411852
 7.6253E-02,0.02322714313877765
 7.6279E-02,0.02497670318075671
 7.6305E-02,0.02621361187362639
 7.6330E-02,0.026884036312328892
 7.6356E-02,0.02695880766686472
 7.6382E-02,0.026434674151937575
 7.6407E-02,0.02533444055427178
 7.6433E-02,0.023705988574658558
 7.6458E-02,0.02162021800141411
 7.6484E-02,0.019167993208380283
 7.6510E-02,0.01645622106517257
 7.6535E-02,0.013603223524091244
 7.6561E-02,0.010733599473002054
 7.6587E-02,0.007972794552609096
 7.6612E-02,0.0054416132741576025
 7.6638E-02,0.0032509138420649068
 7.6664E-02,0.0014967217139155416
 7.6689E-02,0.00025598263062336524
 7.6715E-02,-0.00041685032191319485
 7.6741E-02,-0.0004922373784312443
 7.6766E-02,3.3132782549463225e-05
 7.6792E-02,0.001136195361899035
 7.6817E-02,0.0027685361883202746
 7.6843E-02,0.004858544554856483
 7.6869E-02,0.007314591294189062
 7.6894E-02,0.01002908443567323
 7.6920E-02,0.012883216069826755
 7.6946E-02,0.015752185154847997
 7.6971E-02,0.01851066290906589
 7.6997E-02,0.02103826035691175
 7.7000E-02,0.02132198598415893
