  0.000,0.0
  1.000,0.011919364530334771
  0.000,0.011919364530334771
 1.9050E-05,0.012499712450864876
 3.8100E-05,0.014151357195385909
 5.7150E-05,0.01679591393254957
 7.6200E-05,0.020581291911850652
 9.5250E-05,0.024296591678072632
 1.1430E-04,0.0267590573109691
 1.3335E-04,0.027539895755980842
 1.5240E-04,0.026545028595918705
 1.7145E-04,0.023974168602740556
 1.9050E-04,0.020904231426112897
 2.0955E-04,0.018519616496471655
 2.2860E-04,0.017010635616618135
 2.4765E-04,0.01617452442703336
 2.6670E-04,0.015687306704899134
 2.8575E-04,0.014609732534472083
 3.0480E-04,0.012134880987284295
 3.2385E-04,0.008490533375614555
 3.4290E-04,0.00437993346545916
 3.6195E-04,0.0005099488838347485
 3.8100E-04,-0.0021132115961163037
 4.0005E-04,-0.0027629060841708056
 4.1910E-04,-0.0017592956005608416
 4.3815E-04,0.00011744913054174402
 4.5720E-04,0.0021790639815012277
 4.7625E-04,0.0036763464790801038
 4.9530E-04,0.004236929955726315
 5.1435E-04,0.004370928823243036
 5.3340E-04,0.004929575325120544
 5.5245E-04,0.006494163307109029
 5.7150E-04,0.009403401921387097
 5.9055E-04,0.013538767320560786
 6.0960E-04,0.0180380160736621
 6.2865E-04,0.021807882471491243
 6.4770E-04,0.02416884947921751
 6.6675E-04,0.024898188307727595
 6.8580E-04,0.024224692362594155
 7.0485E-04,0.022945305113332502
 7.2390E-04,0.021975538446418516
 7.4295E-04,0.021686244375256257
 7.6200E-04,0.02192693495360503
 7.8105E-04,0.022221292344867014
 8.0010E-04,0.02175442885491881
 8.1915E-04,0.019830191967124447
 8.3820E-04,0.016436457685981624
 8.5725E-04,0.012121394655009055
 8.7630E-04,0.007692933525272351
 8.9535E-04,0.004091874940138662
 9.1440E-04,0.0019735432837076775
 9.3345E-04,0.0012959564331296218
 9.5250E-04,0.001498038179589186
 9.7155E-04,0.001877716395421568
 9.9060E-04,0.001808837580519446
 1.0096E-03,0.0010463066673723261
 1.0287E-03,-3.020556316783241e-05
 1.0478E-03,-0.0006491118283085605
 1.0668E-03,-0.00010564637223327105
 1.0858E-03,0.001988417346115204
 1.1049E-03,0.0055374169823756494
 1.1240E-03,0.009857743064966708
 1.1430E-03,0.013978989256780143
 1.1620E-03,0.017142948840336365
 1.1811E-03,0.01902663877140327
 1.2002E-03,0.019794296463094052
 1.2192E-03,0.020071239494426966
 1.2382E-03,0.02059769051826721
 1.2573E-03,0.02176327892472897
 1.2763E-03,0.023459104878588717
 1.2954E-03,0.02515780026901749
 1.3144E-03,0.026069548125586983
 1.3335E-03,0.02551162901979423
 1.3525E-03,0.0233064420733658
 1.3716E-03,0.01983958696357374
 1.3907E-03,0.015863545126705562
 1.4097E-03,0.01224324163325432
 1.4287E-03,0.009604948370572245
 1.4478E-03,0.008037304476260991
 1.4669E-03,0.007126613970805535
 1.4859E-03,0.006240247046649848
 1.5049E-03,0.004824426073589948
 1.5240E-03,0.0026869654374221345
 1.5431E-03,0.0001666036264158879
 1.5621E-03,-0.0020079129023368785
 1.5811E-03,-0.0030754101971777604
 1.6002E-03,-0.0025545537195668577
 1.6193E-03,-0.00044277408393296903
 1.6383E-03,0.0027356940799241657
 1.6573E-03,0.00615524789009986
 1.6764E-03,0.009079526925937437
 1.6955E-03,0.011143033100491702
 1.7145E-03,0.012453016929725957
 1.7335E-03,0.013523433257805384
 1.7526E-03,0.014988646076266031
 1.7717E-03,0.017229078843669334
 1.7907E-03,0.020165382443107425
 1.8097E-03,0.023275511010388918
 1.8288E-03,0.025777458906969322
 1.8478E-03,0.02695917394729083
 1.8669E-03,0.026513401693729653
 1.8859E-03,0.02465921978751698
 1.9050E-03,0.022019287016166008
 1.9240E-03,0.019356302568316747
 1.9431E-03,0.017247084040906788
 1.9621E-03,0.015826016013891844
 1.9812E-03,0.014765267397144932
 2.0002E-03,0.013489060874411747
 2.0193E-03,0.011476321314366393
 2.0383E-03,0.008540200171413059
 2.0574E-03,0.004977430443965071
 2.0765E-03,0.0014747236315122165
 2.0955E-03,-0.0011842576043177805
 2.1145E-03,-0.00243654277263575
 2.1336E-03,-0.0021593089491777832
 2.1526E-03,-0.0007170720954161412
 2.1717E-03,0.0012173087525078866
 2.1907E-03,0.002987876404790728
 2.2098E-03,0.004242555774413497
 2.2289E-03,0.005064643770473923
 2.2479E-03,0.0059127059690684955
 2.2669E-03,0.007373115946696275
 2.2860E-03,0.009835085389744938
 2.3050E-03,0.013267980395397219
 2.3241E-03,0.017197150743068778
 2.3432E-03,0.020869813254373336
 2.3622E-03,0.02355420473838241
 2.3813E-03,0.024844555910661766
 2.4003E-03,0.02481029798288754
 2.4193E-03,0.023925192859089082
 2.4384E-03,0.022830463861698864
 2.4574E-03,0.022031329329305623
 2.4765E-03,0.021657519791712425
 2.4956E-03,0.02141542768005216
 2.5146E-03,0.02075329052286329
 2.5336E-03,0.019144104000737794
 2.5527E-03,0.016361432413959844
 2.5717E-03,0.012630034223193733
 2.5908E-03,0.008566759964322008
 2.6098E-03,0.004935721756903479
 2.6289E-03,0.0023448895848825133
 2.6480E-03,0.0010173659231257634
 2.6670E-03,0.0007294581325743602
 2.6860E-03,0.0009514149534644933
 2.7051E-03,0.0011270386973877312
 2.7241E-03,0.0009494357467009725
 2.7432E-03,0.0005074868394793943
 2.7622E-03,0.00024495747225765867
 2.7813E-03,0.0007449312707965832
 2.8004E-03,0.0024360849375976486
 2.8194E-03,0.005366764716283402
 2.8384E-03,0.009151241889974232
 2.8575E-03,0.013105555885511006
 2.8765E-03,0.01651624823972615
 2.8956E-03,0.018924443620563426
 2.9146E-03,0.020288639870771265
 2.9337E-03,0.02095237333816902
 2.9528E-03,0.021441847846662233
 2.9718E-03,0.022187108099565107
 2.9908E-03,0.02329285299284248
 3.0099E-03,0.02447145515932735
 3.0289E-03,0.025170814986437733
 3.0480E-03,0.024831202507730934
 3.0670E-03,0.02315316580721961
 3.0861E-03,0.02025636644358886
 3.1051E-03,0.01665124983582681
 3.1242E-03,0.01303474995738775
 3.1432E-03,0.01000944876627971
 3.1623E-03,0.00785407539436004
 3.1813E-03,0.006444686002591914
 3.2004E-03,0.005362438289258964
 3.2195E-03,0.004137012584849509
 3.2385E-03,0.0025065766700064713
 3.2575E-03,0.0005722682729558818
 3.2766E-03,-0.00122152789376192
 3.2956E-03,-0.0022738833570686507
 3.3147E-03,-0.0020967715784321562
 3.3337E-03,-0.0005399956259721733
 3.3528E-03,0.0021321961490724144
 3.3719E-03,0.0053446304608408875
 3.3909E-03,0.00844832250325827
 3.4099E-03,0.010984794705517472
 3.4290E-03,0.012854730084539615
 3.4480E-03,0.01431424392022126
 3.4671E-03,0.015805864278726798
 3.4861E-03,0.017704904256195312
 3.5052E-03,0.020099077985295623
 3.5243E-03,0.02270674720577877
 3.5433E-03,0.024973810156612066
 3.5623E-03,0.02630312986321392
 3.5814E-03,0.026311055025733613
 3.6004E-03,0.024994544121159964
 3.6195E-03,0.02273101649430542
 3.6385E-03,0.020110951939315162
 3.6576E-03,0.017683240152548702
 3.6766E-03,0.01573113250795083
 3.6957E-03,0.01417936460465364
 3.7147E-03,0.012673486848948456
 3.7338E-03,0.010792720496241638
 3.7528E-03,0.008293836054087724
 3.7719E-03,0.0052706306280931505
 3.7909E-03,0.0021549913061169627
 3.8100E-03,-0.00044215566848392106
 3.8290E-03,-0.001978097794661292
 3.8481E-03,-0.0021997862183152526
 3.8671E-03,-0.0012385630224701085
 3.8862E-03,0.0004625927811566415
 3.9052E-03,0.0023545374957504627
 3.9243E-03,0.004025714593631454
 3.9433E-03,0.005371355049937
 3.9624E-03,0.00661069309702987
 3.9814E-03,0.008147130715866509
 4.0005E-03,0.010338439284863584
 4.0195E-03,0.013284732389018325
 4.0386E-03,0.01673449309406096
 4.0576E-03,0.020154144726470816
 4.0767E-03,0.022929841150971086
 4.0957E-03,0.024609536686264283
 4.1148E-03,0.025075463868504837
 4.1338E-03,0.024568548716138654
 4.1529E-03,0.02355492512305168
 4.1719E-03,0.02249877255147019
 4.1910E-03,0.021647988122059366
 4.2100E-03,0.020931276314082054
 4.2291E-03,0.0200132065050616
 4.2481E-03,0.01848029856361667
 4.2672E-03,0.016069564446524416
 4.2862E-03,0.012831623858325215
 4.3053E-03,0.009151883077486399
 4.3243E-03,0.005618932122146659
 4.3434E-03,0.0027998025141198622
 4.3624E-03,0.0010248217662966015
 4.3815E-03,0.000279279142211229
 4.4005E-03,0.0002487251207434831
 4.4196E-03,0.0004944177522904821
 4.4386E-03,0.0006762892838763149
 4.4577E-03,0.0007192544050961574
 4.4767E-03,0.0008458271420898059
 4.4958E-03,0.0014610352880754388
 4.5148E-03,0.00294414069144483
 4.5339E-03,0.005444492225014874
 4.5529E-03,0.008776988452705031
 4.5720E-03,0.012466618503440621
 4.5910E-03,0.015922620139818842
 4.6101E-03,0.018663319700333657
 4.6291E-03,0.020489755682856454
 4.6482E-03,0.021529883840125056
 4.6672E-03,0.02213526995545112
 4.6863E-03,0.02268088440577366
 4.7053E-03,0.023362975976107644
 4.7244E-03,0.024089698349074658
 4.7434E-03,0.024515446358343664
 4.7625E-03,0.02420279121633843
 4.7815E-03,0.02283620111307955
 4.8006E-03,0.020387630016427044
 4.8196E-03,0.01715671407931408
 4.8387E-03,0.013666551939987191
 4.8577E-03,0.010462766475180721
 4.8768E-03,0.007907821411244471
 4.8958E-03,0.006063680320500322
 4.9149E-03,0.004713984614610832
 4.9339E-03,0.0035123062336400532
 4.9530E-03,0.0021852849222530933
 4.9720E-03,0.0006946438402221315
 4.9911E-03,-0.0007181293700430256
 5.0101E-03,-0.0016254408289470951
 5.0292E-03,-0.0016022179023344424
 5.0482E-03,-0.00042239807976307813
 5.0673E-03,0.0018273120089628133
 5.0863E-03,0.004768831714901514
 5.1054E-03,0.00787955551077585
 5.1244E-03,0.010697651895579849
 5.1435E-03,0.012992454804791321
 5.1625E-03,0.014823133112323418
 5.1816E-03,0.01646093070216617
 5.2006E-03,0.018213798546046715
 5.2197E-03,0.020237253189833593
 5.2387E-03,0.02242101695667089
 5.2578E-03,0.024405340775403576
 5.2768E-03,0.02572047487164558
 5.2959E-03,0.025985341548218074
 5.3149E-03,0.025073815160744292
 5.3340E-03,0.023172057659634468
 5.3530E-03,0.020700924948650938
 5.3721E-03,0.01813985377551976
 5.3911E-03,0.01583370430271079
 5.4102E-03,0.01387084246000685
 5.4292E-03,0.012086642141030128
 5.4483E-03,0.01018798752951957
 5.4673E-03,0.00793840163747601
 5.4864E-03,0.0053156945791082225
 5.5054E-03,0.0025672907451280186
 5.5245E-03,0.00013640858396737595
 5.5435E-03,-0.0015076440589971215
 5.5626E-03,-0.002057644201976214
 5.5816E-03,-0.0014895308042390844
 5.6007E-03,-6.196921032818568e-05
 5.6197E-03,0.0018041850906220232
 5.6388E-03,0.003710347185493788
 5.6578E-03,0.005443699946881934
 5.6769E-03,0.007045232143141624
 5.6959E-03,0.00875259208533501
 5.7150E-03,0.01084642854298308
 5.7340E-03,0.013473626681217673
 5.7531E-03,0.016531258843837826
 5.7721E-03,0.019666713001448604
 5.7912E-03,0.022395598702999793
 5.8102E-03,0.024284438436800605
 5.8293E-03,0.025115064999129386
 5.8483E-03,0.024956111430224987
 5.8674E-03,0.024110089867225
 5.8864E-03,0.022962142986596407
 5.9055E-03,0.02180164990077328
 5.9245E-03,0.02069950677502237
 5.9436E-03,0.019497036600097988
 5.9626E-03,0.01791002244806651
 5.9817E-03,0.015697720416298324
 6.0007E-03,0.012816602556075892
 6.0198E-03,0.009485892271839172
 6.0388E-03,0.0061331847289574914
 6.0579E-03,0.003244141603596986
 6.0769E-03,0.0011843483024922847
 6.0960E-03,7.368958922907617e-05
 6.1150E-03,-0.00023114790020710885
 6.1341E-03,-4.0378621262875493e-05
 6.1531E-03,0.00033259994080159265
 6.1722E-03,0.000725613102858769
 6.1912E-03,0.0012011913385736326
 6.2103E-03,0.002005684872337251
 6.2293E-03,0.0034340245681745178
 6.2484E-03,0.005663999700294497
 6.2674E-03,0.00863795663666045
 6.2865E-03,0.012047862018479849
 6.3055E-03,0.015432053112283153
 6.3246E-03,0.018340607616746402
 6.3436E-03,0.020494721251060728
 6.3627E-03,0.02186841630616412
 6.3817E-03,0.02265704047159801
 6.4008E-03,0.02314952460357655
 6.4198E-03,0.023565694507659943
 6.4389E-03,0.023935447395389498
 6.4579E-03,0.024076342948926847
 6.4770E-03,0.02367983632829427
 6.4960E-03,0.022465579448434088
 6.5151E-03,0.020331431761698382
 6.5341E-03,0.01742877513830985
 6.5532E-03,0.01412746281513878
 6.5722E-03,0.010885881886954
 6.5913E-03,0.008085169376638071
 6.6103E-03,0.005902452953759197
 6.6294E-03,0.0042791715864612155
 6.6484E-03,0.002996209359351998
 6.6675E-03,0.0018183711745407784
 6.6865E-03,0.0006392230539053667
 6.7056E-03,-0.00044213585486105995
 6.7246E-03,-0.0011486053864886944
 6.7437E-03,-0.0011443667836573352
 6.7627E-03,-0.00019070759796961428
 6.7818E-03,0.001733683416417056
 6.8008E-03,0.0044036245389573216
 6.8199E-03,0.007423380771745234
 6.8389E-03,0.010373434584516172
 6.8580E-03,0.0129616600541632
 6.8770E-03,0.015110874007437224
 6.8961E-03,0.01694455731461884
 6.9151E-03,0.018679941054045225
 6.9342E-03,0.020480530672140895
 6.9532E-03,0.022338565718540496
 6.9723E-03,0.02404350112614103
 6.9913E-03,0.025252246151107705
 7.0104E-03,0.025629376253837873
 7.0294E-03,0.024992827262798615
 7.0485E-03,0.02339787125120598
 7.0675E-03,0.021120737235057092
 7.0866E-03,0.01854966728792775
 7.1056E-03,0.01603368683755707
 7.1247E-03,0.013758158431736816
 7.1437E-03,0.011702864820337812
 7.1628E-03,0.009699504769441137
 7.1818E-03,0.007559272331130056
 7.2009E-03,0.005208951884780535
 7.2199E-03,0.0027704597352191654
 7.2390E-03,0.0005454614211516519
 7.2580E-03,-0.0010889689868823422
 7.2771E-03,-0.0018264143373460991
 7.2961E-03,-0.0015525243130299585
 7.3152E-03,-0.0003868963044755525
 7.3342E-03,0.0013729136040648482
 7.3533E-03,0.003378928144226338
 7.3723E-03,0.005373150423990911
 7.3914E-03,0.007276875503201341
 7.4104E-03,0.009189185433709958
 7.4295E-03,0.011297379664824633
 7.4485E-03,0.013743058378091692
 7.4676E-03,0.01650803130458488
 7.4866E-03,0.01937483236378854
 7.5057E-03,0.021981896622027167
 7.5247E-03,0.023949503702160545
 7.5438E-03,0.025019698270689016
 7.5628E-03,0.025146809726995165
 7.5819E-03,0.024498025889013487
 7.6009E-03,0.023365075571819063
 7.6200E-03,0.02202893876384035
 7.6390E-03,0.020640570242280627
 7.6581E-03,0.019172297229715
 7.6771E-03,0.017461014457919855
 7.6962E-03,0.01532129855866807
 7.7152E-03,0.012674031095610888
 7.7343E-03,0.009629045759103588
 7.7533E-03,0.0064818612543753795
 7.7724E-03,0.0036245500740684287
 7.7914E-03,0.001410486901756694
 7.8105E-03,3.372485301364795e-05
 7.8295E-03,-0.0005233755009565612
 7.8486E-03,-0.0004522424121478247
 7.8676E-03,-9.2448684820687e-06
 7.8867E-03,0.0006126374187234505
 7.9057E-03,0.0013719073103148115
 7.9248E-03,0.0023860117375710567
 7.9438E-03,0.0038556581988716397
 7.9629E-03,0.005942292082159752
 7.9819E-03,0.008656828263484616
 8.0010E-03,0.011812551945250901
 8.0200E-03,0.015065519632036268
 8.0391E-03,0.018025497314944825
 8.0581E-03,0.020388004189445082
 8.0772E-03,0.022028368947804626
 8.0962E-03,0.02301637882684763
 8.1153E-03,0.023546915771479524
 8.1343E-03,0.02382072765182452
 8.1534E-03,0.023932096791426632
 8.1724E-03,0.02381624484719072
 8.1915E-03,0.023280897367640916
 8.2105E-03,0.022106866066248725
 8.2296E-03,0.02017017150964189
 8.2486E-03,0.017528093050185167
 8.2677E-03,0.01442824497856686
 8.2867E-03,0.011235443683988463
 8.3058E-03,0.008309003344442262
 8.3248E-03,0.005885550748483349
 8.3439E-03,0.004019290054976917
 8.3629E-03,0.002604685576840054
 8.3820E-03,0.0014684424278576637
 8.4010E-03,0.0004860193038377417
 8.4201E-03,-0.00033282803005893556
 8.4391E-03,-0.0008299864830331662
 8.4582E-03,-0.0007632787549249306
 8.4772E-03,8.063608447369717e-05
 8.4963E-03,0.0017771424372525636
 8.5153E-03,0.004209074308504232
 8.5344E-03,0.007092424397097921
 8.5534E-03,0.010071417805458567
 8.5725E-03,0.012840400253706297
 8.5915E-03,0.015237989754784917
 8.6106E-03,0.017272100501652968
 8.6296E-03,0.019066683180009817
 8.6487E-03,0.02075732776737013
 8.6677E-03,0.02238634074720913
 8.6868E-03,0.02384771096446589
 8.7058E-03,0.024908759863710713
 8.7249E-03,0.02529929342947084
 8.7439E-03,0.024827436504031845
 8.7630E-03,0.023468706444110397
 8.7820E-03,0.02138713183195763
 8.8011E-03,0.0188785859103628
 8.8201E-03,0.016262259995932313
 8.8392E-03,0.01376965479540357
 8.8582E-03,0.011480864769196368
 8.8773E-03,0.009335381353212432
 8.8963E-03,0.007209822390586349
 8.9154E-03,0.0050240636831081435
 8.9344E-03,0.0028244187933483384
 8.9535E-03,0.0008035837503136676
 8.9725E-03,-0.0007532459286891306
 8.9916E-03,-0.001572259479440409
 9.0106E-03,-0.0014979033761298337
 9.0297E-03,-0.0005543411720177715
 9.0487E-03,0.0010660840351861206
 9.0678E-03,0.003081670836631955
 9.0868E-03,0.005231261709885795
 9.1059E-03,0.0073652834402970725
 9.1249E-03,0.009477270140030197
 9.1440E-03,0.011663204553322707
 9.1630E-03,0.014029697986851877
 9.1821E-03,0.01659576220534044
 9.2011E-03,0.019235761933718884
 9.2202E-03,0.021691874824735297
 9.2392E-03,0.023652016794330512
 9.2583E-03,0.02485869759059425
 9.2773E-03,0.025199772550493566
 9.2964E-03,0.024740300809015167
 9.3154E-03,0.023681869973738636
 9.3345E-03,0.02226909108864334
 9.3535E-03,0.020686921323057453
 9.3726E-03,0.018995972144864544
 9.3916E-03,0.017134598396033006
 9.4107E-03,0.014985065285096567
 9.4297E-03,0.012471135693191197
 9.4488E-03,0.009639852695687862
 9.4678E-03,0.006687768531340793
 9.4869E-03,0.003917788452740666
 9.5059E-03,0.0016449873439045412
 9.5250E-03,9.324177447787027e-05
 9.5440E-03,-0.0006714423350929317
 9.5631E-03,-0.0007420514056316445
 9.5821E-03,-0.00030732775108316087
 9.6012E-03,0.00044542025128193826
 9.6202E-03,0.0014160343631932342
 9.6393E-03,0.0026263072079705362
 9.6583E-03,0.0041885708557397395
 9.6774E-03,0.0062238437100581995
 9.6964E-03,0.008768886656658833
 9.7155E-03,0.011716759423170627
 9.7345E-03,0.014820055493428382
 9.7536E-03,0.0177571142421538
 9.7726E-03,0.02023248465015339
 9.7917E-03,0.02206713059797431
 9.8107E-03,0.023238643387577532
 9.8298E-03,0.02385486430019407
 9.8488E-03,0.02407502960567467
 9.8679E-03,0.02401649712306558
 9.8869E-03,0.02369119529990755
 9.9060E-03,0.023001469661640173
 9.9250E-03,0.02179686040702465
 9.9441E-03,0.019964664574068276
 9.9631E-03,0.01751122252799545
 9.9822E-03,0.014595063308208134
 1.0001E-02,0.011495308207858232
 1.0020E-02,0.008528596131346391
 1.0039E-02,0.005951316195669753
 1.0058E-02,0.0038902914455658647
 1.0077E-02,0.0023315400486154363
 1.0096E-02,0.0011698129730794019
 1.0116E-02,0.0002937699945298434
 1.0135E-02,-0.00033431815691023427
 1.0154E-02,-0.0006423148198977174
 1.0173E-02,-0.00047270246785297617
 1.0192E-02,0.000343456353406046
 1.0211E-02,0.001897528978450762
 1.0230E-02,0.004140892710705996
 1.0249E-02,0.006878632070939358
 1.0268E-02,0.00982328919198515
 1.0287E-02,0.012685227726463221
 1.0306E-02,0.0152595991503345
 1.0325E-02,0.017471762010370644
 1.0344E-02,0.019362440369767177
 1.0363E-02,0.021021883759146636
 1.0382E-02,0.022505781140120425
 1.0401E-02,0.023773790162938728
 1.0420E-02,0.02468059571421816
 1.0439E-02,0.025024592916276477
 1.0458E-02,0.02463216781465827
 1.0477E-02,0.023438718854448835
 1.0497E-02,0.02152883213790856
 1.0516E-02,0.019116765022086125
 1.0535E-02,0.016475803120734614
 1.0554E-02,0.013848314417891243
 1.0573E-02,0.011376669752544123
 1.0592E-02,0.009084944550362635
 1.0611E-02,0.006917425215008617
 1.0630E-02,0.004813577657499261
 1.0649E-02,0.0027824621561444176
 1.0668E-02,0.0009402064465998962
 1.0687E-02,-0.0005083405171709178
 1.0706E-02,-0.0013364847135842214
 1.0725E-02,-0.001381150873883401
 1.0744E-02,-0.000608271005338291
 1.0763E-02,0.0008714753199159053
 1.0782E-02,0.002843558257983274
 1.0801E-02,0.005068464372098133
 1.0820E-02,0.007362885049394606
 1.0839E-02,0.009647038818410756
 1.0858E-02,0.011938049903876083
 1.0878E-02,0.014294577630949485
 1.0897E-02,0.016740584907019202
 1.0916E-02,0.019205739311525038
 1.0935E-02,0.021512069570247913
 1.0954E-02,0.02341486901801037
 1.0973E-02,0.024680493733770934
 1.0992E-02,0.025166391558981628
 1.1011E-02,0.02486745674491978
 1.1030E-02,0.0239082096538631
 1.1049E-02,0.02248514489581157
 1.1068E-02,0.020786256987647717
 1.1087E-02,0.018924711890672796
 1.1106E-02,0.01691638661226913
 1.1125E-02,0.014710086691805527
 1.1144E-02,0.012254485439466906
 1.1163E-02,0.009568700024429402
 1.1182E-02,0.006781803554312785
 1.1201E-02,0.0041211140192908245
 1.1220E-02,0.0018529396601750761
 1.1239E-02,0.00020147246268584999
 1.1259E-02,-0.0007184444094355336
 1.1278E-02,-0.0009253788857427881
 1.1297E-02,-0.0005426689159944022
 1.1316E-02,0.00026852959854862374
 1.1335E-02,0.001382999319549889
 1.1354E-02,0.002758008520861575
 1.1373E-02,0.004431809431127523
 1.1392E-02,0.006475953253292676
 1.1411E-02,0.008924979629660474
 1.1430E-02,0.011717691725961576
 1.1449E-02,0.014678974968224769
 1.1468E-02,0.01755244518586477
 1.1487E-02,0.020070762558159205
 1.1506E-02,0.022033045370100292
 1.1525E-02,0.023355513402228818
 1.1544E-02,0.024073826434429593
 1.1563E-02,0.024297815931778342
 1.1582E-02,0.024141063390899768
 1.1601E-02,0.023658937777294355
 1.1620E-02,0.02282415880397319
 1.1640E-02,0.02155094055806193
 1.1659E-02,0.01975575111920759
 1.1678E-02,0.0174254133455592
 1.1697E-02,0.014659681713179275
 1.1716E-02,0.011667163226869908
 1.1735E-02,0.008714963834160741
 1.1754E-02,0.006053669997202625
 1.1773E-02,0.003850388453843796
 1.1792E-02,0.0021585543550206687
 1.1811E-02,0.0009361115284675125
 1.1830E-02,0.00010147193770769687
 1.1849E-02,-0.00040039647673704244
 1.1868E-02,-0.0005535408346661054
 1.1887E-02,-0.00026945128697928927
 1.1906E-02,0.000570785216301171
 1.1925E-02,0.0020503511510857947
 1.1944E-02,0.00415771010295943
 1.1963E-02,0.006762846505043401
 1.1982E-02,0.009640826466470923
 1.2001E-02,0.012533228096488084
 1.2021E-02,0.015220796231399826
 1.2040E-02,0.017575742097997362
 1.2059E-02,0.019571706723120252
 1.2078E-02,0.02124907982311833
 1.2097E-02,0.022653959085895285
 1.2116E-02,0.023780977577917348
 1.2135E-02,0.024548018358632434
 1.2154E-02,0.024815581918908074
 1.2173E-02,0.024442421347675655
 1.2192E-02,0.023351859709320306
 1.2211E-02,0.021577942838904518
 1.2230E-02,0.019269679475807967
 1.2249E-02,0.016650792174417475
 1.2268E-02,0.013952668938934225
 1.2287E-02,0.011350147720866849
 1.2306E-02,0.008927944490179397
 1.2325E-02,0.0066909584329565945
 1.2344E-02,0.004611227166826664
 1.2363E-02,0.0026874486820444377
 1.2382E-02,0.0009874680199149818
 1.2402E-02,-0.000347603628409416
 1.2421E-02,-0.0011408418295620684
 1.2440E-02,-0.001242209345553116
 1.2459E-02,-0.0005882768176337758
 1.2478E-02,0.0007681218470208234
 1.2497E-02,0.0026718223217174313
 1.2516E-02,0.004916681715503277
 1.2535E-02,0.007311400222576238
 1.2554E-02,0.009730673269538297
 1.2573E-02,0.012129748336018698
 1.2592E-02,0.014517711979304727
 1.2611E-02,0.016904106630570216
 1.2630E-02,0.019245832347402618
 1.2649E-02,0.021421027138537968
 1.2668E-02,0.023243913450903826
 1.2687E-02,0.02451537566108082
 1.2706E-02,0.025087220193118983
 1.2725E-02,0.024911472397457612
 1.2744E-02,0.024052747309189857
 1.2763E-02,0.022658565544205516
 1.2783E-02,0.020901598323941804
 1.2802E-02,0.01892031550949385
 1.2821E-02,0.016784639615153366
 1.2840E-02,0.014501047222198447
 1.2859E-02,0.01205286813115458
 1.2878E-02,0.0094550258164337
 1.2897E-02,0.006795763929515989
 1.2916E-02,0.004244042043809529
 1.2935E-02,0.0020173195355915508
 1.2954E-02,0.0003228731364605206
 1.2973E-02,-0.0007019276388727125
 1.2992E-02,-0.0010244296260490835
 1.3011E-02,-0.0007119706295260232
 1.3030E-02,0.0001090938228381753
 1.3049E-02,0.0013110945358910157
 1.3068E-02,0.002812825322306414
 1.3087E-02,0.004595901213710912
 1.3106E-02,0.006683235704054424
 1.3125E-02,0.009091075032472935
 1.3144E-02,0.011778507360883948
 1.3164E-02,0.014619675271442766
 1.3183E-02,0.017413496071464342
 1.3202E-02,0.019928379080492144
 1.3221E-02,0.0219632286223924
 1.3240E-02,0.023398429497853656
 1.3259E-02,0.024215050621062145
 1.3278E-02,0.024475061110482945
 1.3297E-02,0.024273142946070057
 1.3316E-02,0.02368342031824068
 1.3335E-02,0.022726224471479893
 1.3354E-02,0.021370128271153085
 1.3373E-02,0.01956760313853258
 1.3392E-02,0.017306664295888344
 1.3411E-02,0.014653201492318885
 1.3430E-02,0.011762861386240869
 1.3449E-02,0.008855349868222818
 1.3468E-02,0.006161289452198798
 1.3487E-02,0.0038642718227781627
 1.3506E-02,0.0020627641314707084
 1.3525E-02,0.0007672521299767576
 1.3545E-02,-6.817622488730917e-05
 1.3564E-02,-0.0004961941416258139
 1.3583E-02,-0.000532794171648952
 1.3602E-02,-0.00014087636214545112
 1.3621E-02,0.0007513246527470932
 1.3640E-02,0.0022057252819308246
 1.3659E-02,0.004224966003356468
 1.3678E-02,0.006721820135132752
 1.3697E-02,0.009522769779879132
 1.3716E-02,0.012405581592902197
 1.3735E-02,0.015155274014232719
 1.3754E-02,0.01761458865646264
 1.3773E-02,0.019707774798851295
 1.3792E-02,0.0214289105623163
 1.3811E-02,0.022802343969050017
 1.3830E-02,0.023835534412103766
 1.3849E-02,0.024487731453636065
 1.3868E-02,0.024670132589758614
 1.3887E-02,0.024278098811883683
 1.3906E-02,0.0232407142871732
 1.3926E-02,0.02156457161305545
 1.3945E-02,0.019351041130384966
 1.3964E-02,0.01677830002701904
 1.3983E-02,0.01405541829461738
 1.4002E-02,0.011368358242594502
 1.4021E-02,0.008841061227764247
 1.4040E-02,0.006527444848166704
 1.4059E-02,0.004435634984831077
 1.4078E-02,0.0025708712227101318
 1.4097E-02,0.0009751114501558812
 1.4116E-02,-0.0002567617465615607
 1.4135E-02,-0.0009930195724176128
 1.4154E-02,-0.0011070478159979512
 1.4173E-02,-0.0005265132029371224
 1.4192E-02,0.000732562283182429
 1.4211E-02,0.0025624760359736344
 1.4230E-02,0.004793127554839362
 1.4249E-02,0.007241165364032411
 1.4268E-02,0.009757536677661216
 1.4287E-02,0.012253126763003976
 1.4307E-02,0.014692628338882777
 1.4326E-02,0.017061678613310545
 1.4345E-02,0.019324726763405093
 1.4364E-02,0.02139529640946554
 1.4383E-02,0.023134370214591436
 1.4402E-02,0.02437933749064823
 1.4421E-02,0.024991497012399878
 1.4440E-02,0.02490121259336572
 1.4459E-02,0.024130612781638455
 1.4478E-02,0.02278382862345252
 1.4497E-02,0.02100944930917678
 1.4516E-02,0.018952296184336935
 1.4535E-02,0.016716027186540344
 1.4554E-02,0.014352524513606987
 1.4573E-02,0.011881172756324884
 1.4592E-02,0.00932702687087754
 1.4611E-02,0.00675804311587452
 1.4630E-02,0.004302044560988346
 1.4649E-02,0.0021336114795120135
 1.4668E-02,0.0004351467915194745
 1.4688E-02,-0.0006515716074212306
 1.4707E-02,-0.00106252249622666
 1.4726E-02,-0.0008214642660819048
 1.4745E-02,-1.9254669537971305e-05
 1.4764E-02,0.0012274046010451016
 1.4783E-02,0.0028187083770180614
 1.4802E-02,0.004696752049464679
 1.4821E-02,0.006842280836920459
 1.4840E-02,0.009246140312031834
 1.4859E-02,0.011870376901393958
 1.4878E-02,0.014618903568165455
 1.4897E-02,0.01733331114294544
 1.4916E-02,0.019817796924009534
 1.4935E-02,0.02188367807709541
 1.4954E-02,0.02339480939627386
 1.4973E-02,0.0242946745078513
 1.4992E-02,0.02460422184065052
 1.5011E-02,0.024392803117949013
 1.5030E-02,0.023736653387895084
 1.5049E-02,0.022684625837393134
 1.5069E-02,0.021246968824733852
 1.5088E-02,0.019411711426065615
 1.5107E-02,0.017179982405590447
 1.5126E-02,0.014602496718704809
 1.5145E-02,0.011798705480495565
 1.5164E-02,0.008948014485853459
 1.5183E-02,0.006255305498431736
 1.5202E-02,0.0039047620493009296
 1.5221E-02,0.0020212811988403008
 1.5240E-02,0.0006551820482312929
 1.5259E-02,-0.0002047604811432883
 1.5278E-02,-0.0005977472461449439
 1.5297E-02,-0.0005537040858475576
 1.5316E-02,-7.03863459759228e-05
 1.5335E-02,0.0008842888442875523
 1.5354E-02,0.002345957353977112
 1.5373E-02,0.004316329710813288
 1.5392E-02,0.006732797739889394
 1.5411E-02,0.00946043136072584
 1.5430E-02,0.012311599814806
 1.5450E-02,0.015085930628251629
 1.5469E-02,0.017614114306508534
 1.5488E-02,0.019787413632130248
 1.5507E-02,0.02156139868334575
 1.5526E-02,0.022934304291969076
 1.5545E-02,0.023911973723424088
 1.5564E-02,0.02447724448245424
 1.5583E-02,0.024579146578271933
 1.5602E-02,0.024147628090701583
 1.5621E-02,0.023127230606913993
 1.5640E-02,0.0215139451180582
 1.5659E-02,0.01937766037745402
 1.5678E-02,0.016858994608524257
 1.5697E-02,0.014140876963810736
 1.5716E-02,0.011406613105882184
 1.5735E-02,0.008802069589899155
 1.5754E-02,0.006417379414607988
 1.5773E-02,0.004294333622635453
 1.5792E-02,0.0024537201627314455
 1.5811E-02,0.0009278117143827025
 1.5831E-02,-0.000218868880514964
 1.5850E-02,-0.0008915753416863711
 1.5869E-02,-0.0009902984865046722
 1.5888E-02,-0.00044683724105985866
 1.5907E-02,0.0007427814971125302
 1.5926E-02,0.0025054991314452605
 1.5945E-02,0.004704332797149511
 1.5964E-02,0.007172147090458058
 1.5983E-02,0.009751725027192529
 1.6002E-02,0.012325249623992745
 1.6021E-02,0.014821514789993787
 1.6040E-02,0.017199692102939854
 1.6059E-02,0.01941940731267148
 1.6078E-02,0.021413160746555148
 1.6097E-02,0.023075864576445972
 1.6116E-02,0.02427808207198987
 1.6135E-02,0.024898266177961807
 1.6154E-02,0.024860164570328185
 1.6173E-02,0.02415883495657766
 1.6192E-02,0.02286366094399411
 1.6212E-02,0.02109705957122091
 1.6231E-02,0.01899841994446417
 1.6250E-02,0.01668917533390614
 1.6269E-02,0.01425388690668011
 1.6288E-02,0.011744364043548434
 1.6307E-02,0.009202877227024418
 1.6326E-02,0.006691546463050665
 1.6345E-02,0.004312147737451769
 1.6364E-02,0.002205135061410374
 1.6383E-02,0.0005264568690748069
 1.6402E-02,-0.0005888140074548377
 1.6421E-02,-0.0010607441778408976
 1.6440E-02,-0.000882154480343594
 1.6459E-02,-0.00011241814816209141
 1.6478E-02,0.0011491482463899133
 1.6497E-02,0.0027979687245638725
 1.6516E-02,0.004751432075477796
 1.6535E-02,0.006957066454339531
 1.6554E-02,0.009379303621965023
 1.6573E-02,0.011972692863960945
 1.6593E-02,0.014655901250650642
 1.6612E-02,0.017300581146170745
 1.6631E-02,0.01974233173648944
 1.6650E-02,0.02181071254518294
 1.6669E-02,0.02336634344363414
 1.6688E-02,0.02432968658285606
 1.6707E-02,0.02468974888776781
 1.6726E-02,0.024489972961372074
 1.6745E-02,0.02379879441448704
 1.6764E-02,0.022678992893910694
 1.6783E-02,0.021169997349331955
 1.6802E-02,0.0192907704169824
 1.6821E-02,0.01706089107970491
 1.6840E-02,0.014528662216086168
 1.6859E-02,0.011791573310976633
 1.6878E-02,0.008997842210335246
 1.6897E-02,0.006326424904113882
 1.6916E-02,0.003952766242555178
 1.6935E-02,0.0020140889791972726
 1.6954E-02,0.0005882091934012853
 1.6974E-02,-0.00030629917427884787
 1.6993E-02,-0.0006903959668998188
 1.7012E-02,-0.0005957752970011842
 1.7031E-02,-4.1145853845784685e-05
 1.7050E-02,0.0009751048307686794
 1.7069E-02,0.0024626304949868566
 1.7088E-02,0.0044135105430958416
 1.7107E-02,0.006776121441747026
 1.7126E-02,0.009441876110083788
 1.7145E-02,0.012252540457193775
 1.7164E-02,0.015026556219600737
 1.7183E-02,0.017594188508947124
 1.7202E-02,0.019827343606694296
 1.7221E-02,0.021652398488773202
 1.7240E-02,0.023042185531684713
 1.7259E-02,0.023992757147887327
 1.7278E-02,0.02449731371283188
 1.7297E-02,0.024530594650771134
 1.7316E-02,0.024051721552032734
 1.7336E-02,0.023024457294450226
 1.7355E-02,0.021445333951953142
 1.7374E-02,0.019366073493301002
 1.7393E-02,0.016899043437769747
 1.7412E-02,0.01420205381352204
 1.7431E-02,0.011448074235372726
 1.7450E-02,0.008792126630408334
 1.7469E-02,0.0063486341382082735
 1.7488E-02,0.00418747403312064
 1.7507E-02,0.002348283419960096
 1.7526E-02,0.0008642472792465183
 1.7545E-02,-0.0002175176278966628
 1.7564E-02,-0.0008299322825746007
 1.7583E-02,-0.0008981907176834595
 1.7602E-02,-0.0003653320967302692
 1.7621E-02,0.0007803250965463879
 1.7640E-02,0.002488599708975227
 1.7659E-02,0.004649807490868978
 1.7678E-02,0.007115813295482842
 1.7697E-02,0.009731293595063674
 1.7716E-02,0.012362375289747632
 1.7736E-02,0.014911328020582499
 1.7755E-02,0.01731264231355894
 1.7774E-02,0.0195145297863796
 1.7793E-02,0.02145659529550593
 1.7812E-02,0.023056049198875307
 1.7831E-02,0.024210621711013642
 1.7850E-02,0.024818289287611376
 1.7869E-02,0.024805785914899556
 1.7888E-02,0.024153444031602373
 1.7907E-02,0.022905252859541012
 1.7926E-02,0.021159505087525954
 1.7945E-02,0.019044000110990746
 1.7964E-02,0.016686488127870075
 1.7983E-02,0.014192785778023038
 1.8002E-02,0.01164102051260976
 1.8021E-02,0.009092675423885989
 1.8040E-02,0.006613157072640636
 1.8059E-02,0.004290178665526435
 1.8078E-02,0.002239358150434268
 1.8097E-02,0.0005925145974465687
 1.8117E-02,-0.000527649651154885
 1.8136E-02,-0.0010362779363396542
 1.8155E-02,-0.0009064629407336201
 1.8174E-02,-0.0001723511984270522
 1.8193E-02,0.0010856780957559013
 1.8212E-02,0.002766880413300554
 1.8231E-02,0.00477558009651988
 1.8250E-02,0.0070353771868856725
 1.8269E-02,0.009486947235564622
 1.8288E-02,0.012072176355498584
 1.8307E-02,0.014713924920537682
 1.8326E-02,0.01730286159007966
 1.8345E-02,0.019699569044698974
 1.8364E-02,0.021753004918899695
 1.8383E-02,0.02332871104995302
 1.8402E-02,0.024335472100281596
 1.8421E-02,0.02473961252253525
 1.8440E-02,0.02456156299508054
 1.8459E-02,0.0238571914370043
 1.8478E-02,0.022693025589229997
 1.8498E-02,0.021126832598057636
 1.8517E-02,0.019202024971088114
 1.8536E-02,0.01695747937871053
 1.8555E-02,0.014446824901435494
 1.8574E-02,0.011756592263540748
 1.8593E-02,0.009012968019038673
 1.8612E-02,0.006372073294004548
 1.8631E-02,0.003996254318434249
 1.8650E-02,0.0020253139843677795
 1.8669E-02,0.0005539688847125855
 1.8688E-02,-0.0003759603871343061
 1.8707E-02,-0.0007667036567903741
 1.8726E-02,-0.0006444623055472964
 1.8745E-02,-3.8257210567927335e-05
 1.8764E-02,0.0010321437250544547
 1.8783E-02,0.0025537646179775012
 1.8802E-02,0.004505154317957699
 1.8821E-02,0.006836363290898501
 1.8840E-02,0.009454754200885152
 1.8859E-02,0.012224820892863737
 1.8879E-02,0.014983939209053537
 1.8898E-02,0.017568768921071377
 1.8917E-02,0.019842191439551193
 1.8936E-02,0.021710433908941916
 1.8955E-02,0.023124501325327795
 1.8974E-02,0.024067136914022555
 1.8993E-02,0.024532961376956212
 1.9012E-02,0.024512228845250793
 1.9031E-02,0.02398651575893938
 1.9050E-02,0.022938654484686762
 1.9069E-02,0.02137216360092585
 1.9088E-02,0.01933061476397157
 1.9107E-02,0.016907051806521668
 1.9126E-02,0.01423787944301409
 1.9145E-02,0.011482550251564043
 1.9164E-02,0.008796684480994037
 1.9183E-02,0.006309053403723374
 1.9202E-02,0.004110894720195426
 1.9221E-02,0.0022602686768736623
 1.9240E-02,0.0007973008676368757
 1.9260E-02,-0.00023864070105638052
 1.9279E-02,-0.0007993389608866162
 1.9298E-02,-0.0008312958387674716
 1.9317E-02,-0.0002915717646866867
 1.9336E-02,0.0008310896758450631
 1.9355E-02,0.0024996828772713142
 1.9374E-02,0.004625038208786841
 1.9393E-02,0.007077271425518088
 1.9412E-02,0.009708553139676132
 1.9431E-02,0.012378284726657297
 1.9450E-02,0.014970939501610532
 1.9469E-02,0.01740041890792987
 1.9488E-02,0.019601107800218277
 1.9507E-02,0.021511949175184293
 1.9526E-02,0.02306295444410708
 1.9545E-02,0.024172198905595455
 1.9564E-02,0.024756180680648575
 1.9583E-02,0.024749870284078258
 1.9602E-02,0.024127909317465886
 1.9622E-02,0.022917503573721604
 1.9641E-02,0.02119702344671124
 1.9660E-02,0.019080555014109876
 1.9679E-02,0.01669474116414118
 1.9698E-02,0.014157399316491981
 1.9717E-02,0.011566181608856526
 1.9736E-02,0.00900057507895698
 1.9755E-02,0.006534169243921427
 1.9774E-02,0.004249311838251434
 1.9793E-02,0.002245239544770074
 1.9812E-02,0.0006339520849474732
 1.9831E-02,-0.00047601469983964573
 1.9850E-02,-0.0010019136965633251
 1.9869E-02,-0.0009061011323512237
 1.9888E-02,-0.0002042875419662123
 1.9907E-02,0.0010406156651652726
 1.9926E-02,0.002736195222160929
 1.9945E-02,0.004782070323703919
 1.9964E-02,0.007086250639292432
 1.9983E-02,0.009570120350992481
 2.0002E-02,0.012161451937730059
 2.0022E-02,0.014780634894689525
 2.0041E-02,0.01732858455601343
 2.0060E-02,0.019684059165953144
 2.0079E-02,0.02171370882326652
 2.0098E-02,0.02329215786312334
 2.0117E-02,0.024324583023458336
 2.0136E-02,0.02476284597017162
 2.0155E-02,0.024608926950739764
 2.0174E-02,0.023904938512849548
 2.0193E-02,0.022714805052097373
 2.0212E-02,0.021106089852328647
 2.0231E-02,0.019139890496009334
 2.0250E-02,0.016872512743139837
 2.0269E-02,0.014366771578620263
 2.0288E-02,0.011706002915626727
 2.0307E-02,0.009002413110724871
 2.0326E-02,0.006393903147568511
 2.0345E-02,0.004028791011855491
 2.0364E-02,0.0020434536409777854
 2.0383E-02,0.0005412325243633505
 2.0403E-02,-0.00041951651743626125
 2.0422E-02,-0.0008243541793359005
 2.0441E-02,-0.0006904776648271791
 2.0460E-02,-4.979038450832543e-05
 2.0479E-02,0.0010644552732366657
 2.0498E-02,0.002621368876971725
 2.0517E-02,0.004585344640967994
 2.0536E-02,0.006902461672757928
 2.0555E-02,0.009487999967824443
 2.0574E-02,0.012222485262113636
 2.0593E-02,0.014959956274859569
 2.0612E-02,0.01754664971469572
 2.0631E-02,0.019843558771624224
 2.0650E-02,0.021744528744814785
 2.0669E-02,0.023183537036850797
 2.0688E-02,0.02412964302079867
 2.0707E-02,0.02457354123943485
 2.0726E-02,0.024513186743699303
 2.0745E-02,0.02394596267883939
 2.0764E-02,0.02287136007296206
 2.0784E-02,0.02130280089608698
 2.0803E-02,0.019282566843976803
 2.0822E-02,0.01689198028747395
 2.0841E-02,0.014250861646196211
 2.0860E-02,0.011504975415571906
 2.0879E-02,0.008805490891679648
 2.0898E-02,0.006287967061303284
 2.0917E-02,0.00405843965132931
 2.0936E-02,0.002190850702964038
 2.0955E-02,0.0007348921740445824
 2.0974E-02,-0.0002712699885162001
 2.0993E-02,-0.0007908599905169925
 2.1012E-02,-0.00078682303729599
 2.1031E-02,-0.00023016093892561736
 2.1050E-02,0.0008852450194802539
 2.1069E-02,0.0025282623286850604
 2.1088E-02,0.004623728505659631
 2.1107E-02,0.007057297973254448
 2.1126E-02,0.009690951818862545
 2.1145E-02,0.012383615194794738
 2.1165E-02,0.015009238622734861
 2.1184E-02,0.01746606328629508
 2.1203E-02,0.019674963475423735
 2.1222E-02,0.021569801970494757
 2.1241E-02,0.0230863086889908
 2.1260E-02,0.02415645065654777
 2.1279E-02,0.02471240852486885
 2.1298E-02,0.02469945939596174
 2.1317E-02,0.024092546290568315
 2.1336E-02,0.02290920694707282
 2.1355E-02,0.02121282555133871
 2.1374E-02,0.019104260317468674
 2.1393E-02,0.016704886538445454
 2.1412E-02,0.014137672389138062
 2.1431E-02,0.011513440777972467
 2.1450E-02,0.008926758431056366
 2.1469E-02,0.006461230868205272
 2.1488E-02,0.004199551080500017
 2.1507E-02,0.0022314986322816014
 2.1526E-02,0.0006541860303608113
 2.1546E-02,-0.00043734046415125414
 2.1565E-02,-0.0009663058458038745
 2.1584E-02,-0.000890920849351501
 2.1603E-02,-0.0002147220149366809
 2.1622E-02,0.0010138011266650087
 2.1641E-02,0.002712124198662273
 2.1660E-02,0.0047805782454149615
 2.1679E-02,0.007118336892663872
 2.1698E-02,0.009632457586837572
 2.1717E-02,0.012237489589336249
 2.1736E-02,0.014847777564662015
 2.1755E-02,0.017368120978289926
 2.1774E-02,0.01968925996081325
 2.1793E-02,0.02169237763333796
 2.1812E-02,0.023262502837609195
 2.1831E-02,0.024306372394873235
 2.1850E-02,0.02476798479151987
 2.1869E-02,0.024635835990937723
 2.1888E-02,0.023939325258764174
 2.1907E-02,0.022736433121605188
 2.1927E-02,0.021098370162645468
 2.1946E-02,0.019097826129570544
 2.1965E-02,0.01680531803415511
 2.1984E-02,0.014293973501229944
 2.2003E-02,0.011648854308499743
 2.2022E-02,0.00897459980752055
 2.2041E-02,0.006395821785392389
 2.2060E-02,0.004047990749603791
 2.2079E-02,0.0020609689419747237
 2.2098E-02,0.0005408194057074601
 2.2117E-02,-0.00044354189987363566
 2.2136E-02,-0.0008642962176444038
 2.2155E-02,-0.000728739998764389
 2.2174E-02,-6.701551190804787e-05
 2.2193E-02,0.0010803660813469332
 2.2212E-02,0.0026695250159890884
 2.2231E-02,0.004652059424833388
 2.2250E-02,0.006967261487266131
 2.2269E-02,0.009532661751112474
 2.2288E-02,0.012238932980427483
 2.2308E-02,0.014953395167777921
 2.2327E-02,0.017532535130700404
 2.2346E-02,0.019839854418615903
 2.2365E-02,0.021762882998360617
 2.2384E-02,0.02322349000055997
 2.2403E-02,0.02417855148273605
 2.2422E-02,0.024612241874706786
 2.2441E-02,0.02452475358886131
 2.2460E-02,0.02392349041935837
 2.2479E-02,0.022821174848960832
 2.2498E-02,0.02124163625680185
 2.2517E-02,0.019230043294752593
 2.2536E-02,0.016861889175054597
 2.2555E-02,0.014245279443642948
 2.2574E-02,0.011513891567126476
 2.2593E-02,0.008812058959094468
 2.2612E-02,0.006276887159182921
 2.2631E-02,0.004023553019163823
 2.2650E-02,0.002138422324195692
 2.2669E-02,0.0006810754816451001
 2.2689E-02,-0.0003075951784528622
 2.2708E-02,-0.0007965567608695272
 2.2727E-02,-0.0007603703031477032
 2.2746E-02,-0.00018224461309547253
 2.2765E-02,0.0009366610852331419
 2.2784E-02,0.002566082853771154
 2.2803E-02,0.004639322534722289
 2.2822E-02,0.007054054179284416
 2.2841E-02,0.009682189109353092
 2.2860E-02,0.012385861232775613
 2.2879E-02,0.015034027236739292
 2.2898E-02,0.017514074843207314
 2.2917E-02,0.01973523251317561
 2.2936E-02,0.021624358090308698
 2.2955E-02,0.023118097015401372
 2.2974E-02,0.024156866127096898
 2.2993E-02,0.024684971360480805
 2.3012E-02,0.024657960874903226
 2.3031E-02,0.02405456150766759
 2.3050E-02,0.022888009266056327
 2.3070E-02,0.021211455368238406
 2.3089E-02,0.01911447342579149
 2.3108E-02,0.016711423545190313
 2.3127E-02,0.014125819581645457
 2.3146E-02,0.01147634164168817
 2.3165E-02,0.00886907498407381
 2.3184E-02,0.006397465716477381
 2.3203E-02,0.004147819981067658
 2.3222E-02,0.0022056384605092494
 2.3241E-02,0.0006578310660056118
 2.3260E-02,-0.00041201364247969003
 2.3279E-02,-0.0009346338649006869
 2.3298E-02,-0.0008684750452850076
 2.3317E-02,-0.0002100807297032354
 2.3336E-02,0.0010028947669467694
 2.3355E-02,0.0026974697250398594
 2.3374E-02,0.0047777233531405006
 2.3393E-02,0.007138992075857668
 2.3412E-02,0.009678648696309945
 2.3431E-02,0.012300161573716398
 2.3451E-02,0.014910495957266139
 2.3470E-02,0.017414159211711067
 2.3489E-02,0.01970880205826855
 2.3508E-02,0.021686525760211406
 2.3527E-02,0.023242271234268832
 2.3546E-02,0.024287177190638096
 2.3565E-02,0.024762220851534816
 2.3584E-02,0.02464700193530802
 2.3603E-02,0.02396041695156915
 2.3622E-02,0.022753326303041218
 2.3641E-02,0.02109659076257166
 2.3660E-02,0.019069542681959865
 2.3679E-02,0.016753304974660613
 2.3698E-02,0.014230715612451386
 2.3717E-02,0.011591221048064992
 2.3736E-02,0.008936561661936735
 2.3755E-02,0.0063825656643586425
 2.3774E-02,0.004054118609169271
 2.3793E-02,0.0020735579895755796
 2.3812E-02,0.0005458742832269363
 2.3832E-02,-0.00045426517691100443
 2.3851E-02,-0.0008892603913617347
 2.3870E-02,-0.0007572423442054191
 2.3889E-02,-8.414274808890077e-05
 2.3908E-02,0.001086753491766219
 2.3927E-02,0.0027030162823426934
 2.3946E-02,0.004705791846535746
 2.3965E-02,0.007026764018098138
 2.3984E-02,0.009582123397149594
 2.4003E-02,0.012268003745067662
 2.4022E-02,0.014961396519516912
 2.4041E-02,0.017528169155084414
 2.4060E-02,0.0198365911878432
 2.4079E-02,0.021772204619636405
 2.4098E-02,0.023249151489327935
 2.4117E-02,0.024214530649118368
 2.4136E-02,0.02464532423811159
 2.4155E-02,0.024540540601995148
 2.4174E-02,0.023913034277638363
 2.4193E-02,0.022785164010344677
 2.4213E-02,0.021190204723197815
 2.4232E-02,0.019178311967031285
 2.4251E-02,0.0168233194430674
 2.4270E-02,0.014225913751015735
 2.4289E-02,0.011510119416565259
 2.4308E-02,0.008812893572727515
 2.4327E-02,0.0062696437113756755
 2.4346E-02,0.00400025631136088
 2.4365E-02,0.0020999566274213194
 2.4384E-02,0.0006371556892676795
 2.4403E-02,-0.00034260772961585795
 2.4422E-02,-0.0008100511550984386
 2.4441E-02,-0.0007471420595709501
 2.4460E-02,-0.000146813636833776
 2.4479E-02,0.0009821176223383538
 2.4498E-02,0.0026072068883125615
 2.4517E-02,0.004665923367034841
 2.4536E-02,0.007064407060467071
 2.4555E-02,0.009683326770066681
 2.4574E-02,0.012389763319850887
 2.4594E-02,0.015051510726107884
 2.4613E-02,0.01754924530740885
 2.4632E-02,0.019783085002669322
 2.4651E-02,0.021672646527649896
 2.4670E-02,0.02315260734444279
 2.4689E-02,0.0241676527780207
 2.4708E-02,0.02467067842744594
 2.4727E-02,0.02462624752027368
 2.4746E-02,0.024018462936084607
 2.4765E-02,0.022859944889371556
 2.4784E-02,0.021197671259205218
 2.4803E-02,0.0191124822677406
 2.4822E-02,0.016711594659009756
 2.4841E-02,0.014116337663831906
 2.4860E-02,0.011449196460049372
 2.4879E-02,0.008824282954281108
 2.4898E-02,0.006343561667498075
 2.4917E-02,0.004098395022829484
 2.4936E-02,0.002173527663824079
 2.4955E-02,0.0006496287206626593
 2.4975E-02,-0.0003986019083863986
 2.4994E-02,-0.000909415856990364
 2.5013E-02,-0.0008440462975945739
 2.5032E-02,-0.00019595595794811942
 2.5051E-02,0.0010045778515035196
 2.5070E-02,0.002692705122266068
 2.5089E-02,0.004777529648375942
 2.5108E-02,0.007153910824946499
 2.5127E-02,0.009713417857023761
 2.5146E-02,0.012351044225259617
 2.5165E-02,0.014966508899011915
 2.5184E-02,0.017461638761262624
 2.5203E-02,0.01973720322795316
 2.5222E-02,0.021692788420614686
 2.5241E-02,0.023231760273972328
 2.5260E-02,0.024270797022263584
 2.5279E-02,0.024751075960264234
 2.5298E-02,0.024647101863784656
 2.5317E-02,0.023969885653911685
 2.5336E-02,0.02276339570528373
 2.5356E-02,0.021095891344129272
 2.5375E-02,0.01904967440103711
 2.5394E-02,0.016713088161725585
 2.5413E-02,0.014177147174616524
 2.5432E-02,0.011536697129066124
 2.5451E-02,0.008893655548881428
 2.5470E-02,0.00635876855556409
 2.5489E-02,0.004048948977127148
 2.5508E-02,0.0020793334859770746
 2.5527E-02,0.0005517415405092557
 2.5546E-02,-0.0004569444793968893
 2.5565E-02,-0.0009026766141175845
 2.5584E-02,-0.0007760141429627036
 2.5603E-02,-9.780780623809353e-05
 2.5622E-02,0.0010888021502299826
 2.5641E-02,0.0027264431035159105
 2.5660E-02,0.004748437362629032
 2.5679E-02,0.007079300643999554
 2.5698E-02,0.0096319445870664
 2.5717E-02,0.012304554229835347
 2.5737E-02,0.014980495872131747
 2.5756E-02,0.017533358141007635
 2.5775E-02,0.01983691604391063
 2.5794E-02,0.021777504798295547
 2.5813E-02,0.023265066303563706
 2.5832E-02,0.02423955792794365
 2.5851E-02,0.024671298400916322
 2.5870E-02,0.024556301226987074
 2.5889E-02,0.02390957372051161
 2.5908E-02,0.022759862003759037
 2.5927E-02,0.021148190713978655
 2.5946E-02,0.019130334605989303
 2.5965E-02,0.01678112028697635
 2.5984E-02,0.014197246945620808
 2.6003E-02,0.011495704076538328
 2.6022E-02,0.008806671859577134
 2.6041E-02,0.006262177355616853
 2.6060E-02,0.003983645352325319
 2.6079E-02,0.0020719746896935426
 2.6098E-02,0.0006026770754970208
 2.6118E-02,-0.00037354773820249545
 2.6137E-02,-0.0008266608076165772
 2.6156E-02,-0.000742706226287946
 2.6175E-02,-0.00012173039468993006
 2.6194E-02,0.0010204848923699775
 2.6213E-02,0.002647778551606036
 2.6232E-02,0.004698745787465156
 2.6251E-02,0.007084857724651334
 2.6270E-02,0.00969376092472224
 2.6289E-02,0.012397874160759591
 2.6308E-02,0.015066199115900347
 2.6327E-02,0.017575944454161455
 2.6346E-02,0.01982072987212293
 2.6365E-02,0.021713706317280406
 2.6384E-02,0.02318617267925545
 2.6403E-02,0.02418415129688765
 2.6422E-02,0.024666041117708773
 2.6441E-02,0.024603609620172804
 2.6460E-02,0.023986631731117855
 2.6479E-02,0.022829364966719265
 2.6499E-02,0.021175768465267333
 2.6518E-02,0.019100538720012432
 2.6537E-02,0.016704578793279617
 2.6556E-02,0.014105730826305897
 2.6575E-02,0.011427467224754401
 2.6594E-02,0.00878890618535796
 2.6613E-02,0.006298704609699059
 2.6632E-02,0.004053484505607951
 2.6651E-02,0.00213935909977699
 2.6670E-02,0.0006338085853845733
 2.6689E-02,-0.0003947917070873375
 2.6708E-02,-0.0008913106831835965
 2.6727E-02,-0.0008209439346843011
 2.6746E-02,-0.00017676415991094087
 2.6765E-02,0.0010153720246883543
 2.6784E-02,0.002696890316908282
 2.6803E-02,0.004782014131763622
 2.6822E-02,0.007167117733745704
 2.6841E-02,0.009740925673092963
 2.6860E-02,0.012392510469056461
 2.6880E-02,0.015015315428263893
 2.6899E-02,0.017507433772382723
 2.6918E-02,0.019770174457247946
 2.6937E-02,0.021707704948960495
 2.6956E-02,0.023229934269947853
 2.6975E-02,0.024259085985275968
 2.6994E-02,0.024738418186365414
 2.7013E-02,0.02464021477458316
 2.7032E-02,0.023970131493324744
 2.7051E-02,0.022766261560088874
 2.7070E-02,0.02109330474416455
 2.7089E-02,0.01903405544328215
 2.7108E-02,0.016681237769537803
 2.7127E-02,0.01413215659163614
 2.7146E-02,0.011486989514944857
 2.7165E-02,0.00884960120769232
 2.7184E-02,0.006328432062655397
 2.7203E-02,0.004034915054409354
 2.7222E-02,0.0020780459086763565
 2.7241E-02,0.0005556202273367746
 2.7261E-02,-0.0004556238737402727
 2.7280E-02,-0.0009079579391094784
 2.7299E-02,-0.0007862658572056464
 2.7318E-02,-0.0001064730310464994
 2.7337E-02,0.0010900715228153689
 2.7356E-02,0.0027437312530518548
 2.7375E-02,0.004782473052718334
 2.7394E-02,0.007124764388447015
 2.7413E-02,0.009679499283016448
 2.7432E-02,0.0123446680806548
 2.7451E-02,0.015007304763046072
 2.7470E-02,0.01754680523865748
 2.7489E-02,0.01984221098169117
 2.7508E-02,0.021782188672388698
 2.7527E-02,0.023275074463803603
 2.7546E-02,0.024256127980380585
 2.7565E-02,0.024690166831275447
 2.7584E-02,0.024569559595628374
 2.7603E-02,0.02390931571009438
 2.7622E-02,0.02274192251709849
 2.7642E-02,0.021114240996931013
 2.7661E-02,0.019087365508256397
 2.7680E-02,0.01673855767628744
 2.7699E-02,0.014163033998467578
 2.7718E-02,0.011473150297147728
 2.7737E-02,0.008793498030339165
 2.7756E-02,0.006252158002698472
 2.7775E-02,0.003970046755930725
 2.7794E-02,0.002051164410362565
 2.7813E-02,0.0005762160448673746
 2.7832E-02,-0.0003993043003300519
 2.7851E-02,-0.0008432682238988159
 2.7870E-02,-0.0007433896701776172
 2.7889E-02,-0.00010446485483800211
 2.7908E-02,0.0010519888412031785
 2.7927E-02,0.002685629252522373
 2.7946E-02,0.004734242398092127
 2.7965E-02,0.0071121266378257044
 2.7984E-02,0.009711993380439725
 2.8003E-02,0.01241115849383089
 2.8023E-02,0.015081059144533152
 2.8042E-02,0.017597756890006512
 2.8061E-02,0.01985070761158471
 2.8080E-02,0.021747864600139367
 2.8099E-02,0.02321676874983366
 2.8118E-02,0.02420293718660999
 2.8137E-02,0.024667828510644713
 2.8156E-02,0.02458850455077249
 2.8175E-02,0.023959917679809605
 2.8194E-02,0.022799103965221047
 2.8213E-02,0.02114924220299785
 2.8232E-02,0.019081177224403025
 2.8251E-02,0.016690782757868075
 2.8270E-02,0.014092102847502435
 2.8289E-02,0.01140784531282803
 2.8308E-02,0.008759761582197689
 2.8327E-02,0.0062613072677999955
 2.8346E-02,0.00401382084486575
 2.8365E-02,0.002105832853895246
 2.8384E-02,0.000613779976867297
 2.8404E-02,-0.0003980426161195702
 2.8423E-02,-0.0008798142137426943
 2.8442E-02,-0.0008009205788275875
 2.8461E-02,-0.0001556922392041718
 2.8480E-02,0.001032135742059865
 2.8499E-02,0.002708379150204272
 2.8518E-02,0.004791777122682672
 2.8537E-02,0.007181168739993415
 2.8556E-02,0.009764490972616096
 2.8575E-02,0.012427103562321061
 2.8594E-02,0.01505751214731734
 2.8613E-02,0.017549930040217186
 2.8632E-02,0.019804650753579383
 2.8651E-02,0.02172818647726076
 2.8670E-02,0.02323511018329209
 2.8689E-02,0.024252537484621292
 2.8708E-02,0.024726675844017727
 2.8727E-02,0.024629567946392015
 2.8746E-02,0.023963681712445114
 2.8765E-02,0.022762585301873757
 2.8785E-02,0.021087331637632236
 2.8804E-02,0.019019732570742305
 2.8823E-02,0.016654721791333853
 2.8842E-02,0.014094036097666547
 2.8861E-02,0.011442496574429504
 2.8880E-02,0.008806706521784769
 2.8899E-02,0.0062946957454385125
 2.8918E-02,0.004014532768121216
 2.8937E-02,0.0020704293662565723
 2.8956E-02,0.0005561343708648263
 2.8975E-02,-0.0004531415587545667
 2.8994E-02,-0.0009080859579947519
 2.9013E-02,-0.0007897454182531465
 2.9032E-02,-0.00010985329284199916
 2.9051E-02,0.0010927359674058324
 2.9070E-02,0.002757929086226892
 2.9089E-02,0.004810408356390315
 2.9108E-02,0.007163969958239526
 2.9127E-02,0.009723541268646914
 2.9146E-02,0.012385626492428945
 2.9166E-02,0.015038897519087891
 2.9185E-02,0.017566732062779252
 2.9204E-02,0.01985266060022466
 2.9223E-02,0.021788306530067577
 2.9242E-02,0.023282131732173007
 2.9261E-02,0.02426672831195658
 2.9280E-02,0.024702799977867743
 2.9299E-02,0.02457917584266178
 2.9318E-02,0.023909649905023766
 2.9337E-02,0.022728482034409084
 2.9356E-02,0.0210865659335938
 2.9375E-02,0.019049510812409815
 2.9394E-02,0.01669757317220471
 2.9413E-02,0.014126142913715303
 2.9432E-02,0.011444920845990424
 2.9451E-02,0.008774293652612272
 2.9470E-02,0.006238549418989523
 2.9489E-02,0.00395695693672839
 2.9508E-02,0.002034719915980632
 2.9527E-02,0.0005559618592276829
 2.9547E-02,-0.00041986297652476514
 2.9566E-02,-0.0008580513218940518
 2.9585E-02,-0.0007464144882324097
 2.9604E-02,-9.257122197018762e-05
 2.9623E-02,0.0010776161672938693
 2.9642E-02,0.0027198398415374256
 2.9661E-02,0.004770024070806394
 2.9680E-02,0.007143466961070918
 2.9699E-02,0.009736190727928199
 2.9718E-02,0.01242953807712976
 2.9737E-02,0.015097793252846228
 2.9756E-02,0.017617367626402904
 2.9775E-02,0.01987543775440755
 2.9794E-02,0.021776157451877543
 2.9813E-02,0.023243576998578416
 2.9832E-02,0.024221727346395723
 2.9851E-02,0.024673358762599334
 2.9870E-02,0.02457909580353545
 2.9889E-02,0.02393817485829641
 2.9908E-02,0.02277076402133534
 2.9928E-02,0.021120690633541044
 2.9947E-02,0.019056783623515847
 2.9966E-02,0.016671277510056558
 2.9985E-02,0.014074722350491765
 3.0004E-02,0.011388146035399413
 3.0023E-02,0.008734229772582702
 3.0042E-02,0.006229528698795988
 3.0061E-02,0.003979187440439453
 3.0080E-02,0.0020744470984488325
 3.0099E-02,0.0005920538978941127
 3.0118E-02,-0.0004059960257652576
 3.0137E-02,-0.0008738080016299804
 3.0156E-02,-0.0007846067207417006
 3.0175E-02,-0.00013481811734398813
 3.0194E-02,0.0010523114851242845
 3.0213E-02,0.0027253180669985994
 3.0232E-02,0.004806520644620432
 3.0251E-02,0.007197449648942568
 3.0270E-02,0.009786532866277075
 3.0289E-02,0.01245715161762497
 3.0309E-02,0.015094260381409404
 3.0328E-02,0.017588592063413254
 3.0347E-02,0.019838657713442155
 3.0366E-02,0.021751741920712504
 3.0385E-02,0.02324543625564328
 3.0404E-02,0.02425079241707856
 3.0423E-02,0.024717139759219214
 3.0442E-02,0.024617494580232237
 3.0461E-02,0.023952825397159323
 3.0480E-02,0.022753552463414317
 3.0499E-02,0.021077511904595274
 3.0518E-02,0.01900482286325282
 3.0537E-02,0.01663111427075333
 3.0556E-02,0.01406094215543929
 3.0575E-02,0.011402806287605382
 3.0594E-02,0.008766173017430108
 3.0613E-02,0.006259809895576485
 3.0632E-02,0.0039900554098557155
 3.0651E-02,0.0020576995236025104
 3.0670E-02,0.0005529069516036374
 3.0690E-02,-0.0004512836271226043
 3.0709E-02,-0.0009054229493270203
 3.0728E-02,-0.0007882974988818784
 3.0747E-02,-0.00010842732248753919
 3.0766E-02,0.0010978954660439228
 3.0785E-02,0.002771197943990374
 3.0804E-02,0.004834461511215053
 3.0823E-02,0.0071981675503656195
 3.0842E-02,0.009763780901377351
 3.0861E-02,0.012425743084692544
 3.0880E-02,0.015072978995390623
 3.0899E-02,0.017591299686521494
 3.0918E-02,0.01986773003913276
 3.0937E-02,0.021796867144919782
 3.0956E-02,0.02328831427302453
 3.0975E-02,0.024273534931897035
 3.0994E-02,0.024710465664445857
 3.1013E-02,0.02458492809111177
 3.1032E-02,0.02390897642765956
 3.1051E-02,0.022717311640346616
 3.1071E-02,0.02106334312648119
 3.1090E-02,0.019016195687177134
 3.1109E-02,0.016659098114518673
 3.1128E-02,0.014088571499754765
 3.1147E-02,0.011413149899558056
 3.1166E-02,0.008750341981278317
 3.1185E-02,0.0062211960807560815
 3.1204E-02,0.003942862089534737
 3.1223E-02,0.002020476413696126
 3.1242E-02,0.0005401022222585698
 3.1261E-02,-0.00043584898778277394
 3.1280E-02,-0.0008701667178155647
 3.1299E-02,-0.0007498667533343661
 3.1318E-02,-8.395486627608094e-05
 3.1337E-02,0.0010986742117421408
 3.1356E-02,0.0027503315289348204
 3.1375E-02,0.004804670577735203
 3.1394E-02,0.0071767810176942915
 3.1413E-02,0.009764550989651002
 3.1432E-02,0.012452337555007784
 3.1452E-02,0.015117158046456535
 3.1471E-02,0.01763660661073072
 3.1490E-02,0.01989697051370964
 3.1509E-02,0.02179990529250669
 3.1528E-02,0.023266581295293336
 3.1547E-02,0.024239184592373005
 3.1566E-02,0.024680600634750548
 3.1585E-02,0.02457360269474987
 3.1604E-02,0.02392069608756089
 3.1623E-02,0.02274503245777514
 3.1642E-02,0.021091869125195308
 3.1661E-02,0.01902936260941146
 3.1680E-02,0.01664738809265249
 3.1699E-02,0.014053625954885142
 3.1718E-02,0.011367108417537134
 3.1737E-02,0.008710342892665578
 3.1756E-02,0.006201607805430309
 3.1775E-02,0.003948842378409442
 3.1794E-02,0.002045815743733281
 3.1813E-02,0.0005703085799691836
 3.1833E-02,-0.0004166904653004314
 3.1852E-02,-0.000871954407550212
 3.1871E-02,-0.0007719022042158541
 3.1890E-02,-0.0001153179264853165
 3.1909E-02,0.001073997378181403
 3.1928E-02,0.0027459618001549266
 3.1947E-02,0.00482546093705573
 3.1966E-02,0.007216494352555495
 3.1985E-02,0.009808648216740459
 3.2004E-02,0.01248456997780331
 3.2023E-02,0.015126906489801556
 3.2042E-02,0.017623577970227088
 3.2061E-02,0.01987109920440262
 3.2080E-02,0.021776535593375244
 3.2099E-02,0.02325919124851798
 3.2118E-02,0.024253040036519836
 3.2137E-02,0.02471027952513106
 3.2156E-02,0.02460551948462746
 3.2175E-02,0.023939430266464223
 3.2195E-02,0.022740506967684797
 3.2214E-02,0.021064046760830003
 3.2233E-02,0.018988298595020114
 3.2252E-02,0.01660864145282461
 3.2271E-02,0.014031179954908782
 3.2290E-02,0.011367086096240764
 3.2309E-02,0.008728410196020022
 3.2328E-02,0.006225229513985889
 3.2347E-02,0.003963305140040627
 3.2366E-02,0.0020412020109713755
 3.2385E-02,0.0005461886406231927
 3.2404E-02,-0.0004510035092276485
 3.2423E-02,-0.0009016791343650413
 3.2442E-02,-0.0007835952108836807
 3.2461E-02,-0.00010305910770788381
 3.2480E-02,0.001105889091224394
 3.2499E-02,0.0027849161455258
 3.2518E-02,0.004856407315670381
 3.2537E-02,0.007228706256151742
 3.2556E-02,0.009800520787197297
 3.2576E-02,0.01246414038801074
 3.2595E-02,0.015107904358638537
 3.2614E-02,0.017618861120871205
 3.2633E-02,0.019886531974827915
 3.2652E-02,0.02180814879260415
 3.2671E-02,0.023294930083698574
 3.2690E-02,0.02427827382151165
 3.2709E-02,0.024714506237126233
 3.2728E-02,0.024587155852661906
 3.2747E-02,0.023906480794228347
 3.2766E-02,0.022706826858613267
 3.2785E-02,0.021042956180799655
 3.2804E-02,0.018986520122633996
 3.2823E-02,0.016623361086804424
 3.2842E-02,0.014051564537103992
 3.2861E-02,0.011379516840010697
 3.2880E-02,0.008722978158575617
 3.2899E-02,0.0062004740224245476
 3.2918E-02,0.003927011205175073
 3.2937E-02,0.0020069094697374203
 3.2956E-02,0.0005270478075384397
 3.2976E-02,-0.00044818242946534153
 3.2995E-02,-0.000879444551269293
 3.3014E-02,-0.0007525715738006491
 3.3033E-02,-7.698419961802902e-05
 3.3052E-02,0.0011164953430138043
 3.3071E-02,0.0027775241205814163
 3.3090E-02,0.004837500770378011
 3.3109E-02,0.0072106078934941805
 3.3128E-02,0.009795513075340703
 3.3147E-02,0.012478617654980175
 3.3166E-02,0.015139266474025428
 3.3185E-02,0.01765658035625506
 3.3204E-02,0.019916888036112988
 3.3223E-02,0.02182043088444306
 3.3242E-02,0.023286234333192858
 3.3261E-02,0.024254687208578398
 3.3280E-02,0.024688152280463494
 3.3299E-02,0.024570496966190025
 3.3318E-02,0.023906535024220438
 3.3337E-02,0.022721979492889902
 3.3357E-02,0.021063825903456308
 3.3376E-02,0.019000449488603507
 3.3395E-02,0.016620423666539215
 3.3414E-02,0.014029292526648167
 3.3433E-02,0.011344164615864632
 3.3452E-02,0.008686755185896282
 3.3471E-02,0.006176047505750452
 3.3490E-02,0.0039218298227585175
 3.3509E-02,0.002019962478594247
 3.3528E-02,0.000549530503369316
 3.3547E-02,-0.00042863778979336195
 3.3566E-02,-0.0008729535193427939
 3.3585E-02,-0.0007622942058004275
 3.3604E-02,-9.76979168512915e-05
 3.3623E-02,0.0010959078816063297
 3.3642E-02,0.002768843657234962
 3.3661E-02,0.004847628452658669
 3.3680E-02,0.0072382752045423914
 3.3699E-02,0.009831758305457287
 3.3718E-02,0.012510797280762855
 3.3738E-02,0.015156738188964285
 3.3757E-02,0.01765542990571302
 3.3776E-02,0.01990152546483731
 3.3795E-02,0.02180133988287018
 3.3814E-02,0.023274942518328748
 3.3833E-02,0.02425830705555346
 3.3852E-02,0.024706029028650635
 3.3871E-02,0.02459450887384828
 3.3890E-02,0.023924888221676325
 3.3909E-02,0.022724718880262156
 3.3928E-02,0.021047497296341526
 3.3947E-02,0.018969756492617458
 3.3966E-02,0.016586128099720675
 3.3985E-02,0.014003350565409146
 3.4004E-02,0.01133436165381599
 3.4023E-02,0.008693316239256028
 3.4042E-02,0.006191767234168985
 3.4061E-02,0.003935628242100054
 3.4080E-02,0.0020221918598376854
 3.4099E-02,0.00053656431791042
 3.4119E-02,-0.0004526524446816522
 3.4138E-02,-0.0008979741249596504
 3.4157E-02,-0.0007770051660508874
 3.4176E-02,-9.47300107359371e-05
 3.4195E-02,0.0011165713919463927
 3.4214E-02,0.0027998362380684642
 3.4233E-02,0.0048775433608868116
 3.4252E-02,0.007256826040924787
 3.4271E-02,0.009834370682360876
 3.4290E-02,0.012500519900493477
 3.4309E-02,0.015142610276449187
 3.4328E-02,0.01764808450130695
 3.4347E-02,0.01990808368474565
 3.4366E-02,0.021821970463149813
 3.4385E-02,0.023302678772029437
 3.4404E-02,0.02428219601701899
 3.4423E-02,0.024716141637369425
 3.4442E-02,0.02458648333727995
 3.4461E-02,0.023901906074227857
 3.4480E-02,0.022696013873649588
 3.4500E-02,0.02102410824440409
 3.4519E-02,0.018959506147937774
 3.4538E-02,0.016590153646517284
 3.4557E-02,0.014015775003315191
 3.4576E-02,0.011345229052136871
 3.4595E-02,0.008693402610152992
 3.4614E-02,0.006177022086545322
 3.4633E-02,0.003909189829124653
 3.4652E-02,0.001993055521586037
 3.4671E-02,0.0005155353664690675
 3.4690E-02,-0.0004578412383688011
 3.4709E-02,-0.0008861277241426261
 3.4728E-02,-0.0007539290929377453
 3.4747E-02,-7.04985419124021e-05
 3.4766E-02,0.001132261900362674
 3.4785E-02,0.002802075604347814
 3.4804E-02,0.004868347571448784
 3.4823E-02,0.007244037539617177
 3.4842E-02,0.009827848836087654
 3.4861E-02,0.012507401573469676
 3.4881E-02,0.015163843072173173
 3.4900E-02,0.017677837829760127
 3.4919E-02,0.01993630473379718
 3.4938E-02,0.021838894962700927
 3.4957E-02,0.023303205637604428
 3.4976E-02,0.024268106523341396
 3.4995E-02,0.024695151200595677
 3.5014E-02,0.024568586036547022
 3.5033E-02,0.023894723153454284
 3.5052E-02,0.022701307745115126
 3.5071E-02,0.021037068403541134
 3.5090E-02,0.018971116914674617
 3.5109E-02,0.016591522486124895
 3.5128E-02,0.014002399091775185
 3.5147E-02,0.01131922018631929
 3.5166E-02,0.008662649065426855
 3.5185E-02,0.0061516892622363074
 3.5204E-02,0.003897187589132102
 3.5223E-02,0.001996564737039028
 3.5242E-02,0.0005301818941582026
 3.5262E-02,-0.0004408090179103425
 3.5281E-02,-0.0008756879369664123
 3.5300E-02,-0.0007550931783857266
 3.5319E-02,-8.20121036854861e-05
 3.5338E-02,0.0011172747984395481
 3.5357E-02,0.0027928401700785797
 3.5376E-02,0.0048720653139745305
 3.5395E-02,0.00726244128169257
 3.5414E-02,0.009856277566180908
 3.5433E-02,0.012536817093935396
 3.5452E-02,0.015184849964906743
 3.5471E-02,0.017684846393806936
 3.5490E-02,0.019929918263657333
 3.5509E-02,0.021825432521687886
 3.5528E-02,0.023291602255069096
 3.5547E-02,0.02426564585615504
 3.5566E-02,0.024704018705039018
 3.5585E-02,0.024584838873985514
 3.5604E-02,0.02391014248054642
 3.5623E-02,0.02270725847595402
 3.5643E-02,0.021028564708402288
 3.5662E-02,0.018949206427442366
 3.5681E-02,0.01656289238359238
 3.5700E-02,0.013976400036341166
 3.5719E-02,0.011303696533489336
 3.5738E-02,0.008660504491551394
 3.5757E-02,0.00615976164863732
 3.5776E-02,0.0039079278820226635
 3.5795E-02,0.002001716379876772
 3.5814E-02,0.0005247410466629767
 3.5833E-02,-0.00045618796046165383
 3.5852E-02,-0.0008949456449155054
 3.5871E-02,-0.0007695468563181598
 3.5890E-02,-8.43684488939393e-05
 3.5909E-02,0.0011295330156711257
 3.5928E-02,0.0028162537625275436
 3.5947E-02,0.004898729318729921
 3.5966E-02,0.007283550184636034
 3.5985E-02,0.009866043658723848
 3.6004E-02,0.01253495674637269
 3.6024E-02,0.015176502984273008
 3.6043E-02,0.017677985736480075
 3.6062E-02,0.019931468277459258
 3.6081E-02,0.02183790626798162
 3.6100E-02,0.023311819561102384
 3.6119E-02,0.024286121697651136
 3.6138E-02,0.02471636989201359
 3.6157E-02,0.024583623271744758
 3.6176E-02,0.023895351442387306
 3.6195E-02,0.02268431610735081
 3.6214E-02,0.021005848590531763
 3.6233E-02,0.01893425129351041
 3.6252E-02,0.016559038918445207
 3.6271E-02,0.01398143099343607
 3.6290E-02,0.011311070241199525
 3.6309E-02,0.008662589139711598
 3.6328E-02,0.006151553108677271
 3.6347E-02,0.0038895221438265248
 3.6366E-02,0.0019783963155371558
 3.6385E-02,0.0005046473832706392
 3.6405E-02,-0.00046571620707302206
 3.6424E-02,-0.0008906692650013338
 3.6443E-02,-0.000753748088419054
 3.6462E-02,-6.375455413082875e-05
 3.6481E-02,0.001146922870839138
 3.6500E-02,0.0028247012231526554
 3.6519E-02,0.004897363569582003
 3.6538E-02,0.0072765927500844235
 3.6557E-02,0.009860675479451797
 3.6576E-02,0.012537811292959678
 3.6595E-02,0.015190420404869379
 3.6614E-02,0.017700535790508242
 3.6633E-02,0.01995592520721895
 3.6652E-02,0.021856220567925598
 3.6671E-02,0.023318208115001283
 3.6690E-02,0.02427961653171166
 3.6709E-02,0.024701155152915648
 3.6728E-02,0.024567019883299544
 3.6747E-02,0.02388439868250239
 3.6767E-02,0.022682542719935826
 3.6786E-02,0.02101172679341225
 3.6805E-02,0.01894203591773278
 3.6824E-02,0.016561582802036425
 3.6843E-02,0.013973654346668694
 3.6862E-02,0.011292467767285264
 3.6881E-02,0.008637615212005905
 3.6900E-02,0.0061277146044019975
 3.6919E-02,0.00387406866378284
 3.6938E-02,0.0019751383726123767
 3.6957E-02,0.0005123629001677027
 3.6976E-02,-0.00045256939702880913
 3.6995E-02,-0.0008792844774446221
 3.7014E-02,-0.0007495919613822839
 3.7033E-02,-6.804476382694068e-05
 3.7052E-02,0.0011377257655447275
 3.7071E-02,0.002817166297281345
 3.7090E-02,0.004897938736703519
 3.7109E-02,0.007288496926683889
 3.7128E-02,0.00988227436426642
 3.7147E-02,0.012563226730229778
 3.7167E-02,0.015212088665767181
 3.7186E-02,0.017712530609267873
 3.7205E-02,0.019956512620315454
 3.7224E-02,0.021848474395417712
 3.7243E-02,0.023308417576970636
 3.7262E-02,0.024274240761679163
 3.7281E-02,0.024703748068498756
 3.7300E-02,0.024576554010331025
 3.7319E-02,0.023895758702285115
 3.7338E-02,0.022688947573326772
 3.7357E-02,0.021007945068175972
 3.7376E-02,0.018926897385860706
 3.7395E-02,0.016538623734942977
 3.7414E-02,0.013949605301511592
 3.7433E-02,0.011274292052435627
 3.7452E-02,0.008629470373579537
 3.7471E-02,0.006129233771534591
 3.7490E-02,0.003880737892818531
 3.7509E-02,0.001980572674956145
 3.7528E-02,0.0005114096267765259
 3.7548E-02,-0.0004613437979701044
 3.7567E-02,-0.0008928723203141353
 3.7586E-02,-0.0007619119227189862
 3.7605E-02,-7.275737607222697e-05
 3.7624E-02,0.0011442616302705703
 3.7643E-02,0.002834161868871863
 3.7662E-02,0.00492046388825812
 3.7681E-02,0.007309649486913316
 3.7700E-02,0.009896224787938205
 3.7719E-02,0.012567734107292177
 3.7738E-02,0.01520933521536061
 3.7757E-02,0.017707904595334913
 3.7776E-02,0.019955920402778122
 3.7795E-02,0.021855440454168297
 3.7814E-02,0.023322323443570683
 3.7833E-02,0.024290519057424232
 3.7852E-02,0.024715936619101188
 3.7871E-02,0.02457925180309915
 3.7890E-02,0.02388711094944735
 3.7909E-02,0.022671511694893856
 3.7929E-02,0.02098754526038706
 3.7948E-02,0.01891000847247465
 3.7967E-02,0.016529501096236597
 3.7986E-02,0.01394848525505354
 3.8005E-02,0.011277480836134038
 3.8024E-02,0.008631259429432818
 3.8043E-02,0.0061247349185950695
 3.8062E-02,0.003868313993091078
 3.8081E-02,0.001962736670537604
 3.8100E-02,0.0004937808043447868
 3.8119E-02,-0.00047253740100809303
 3.8138E-02,-0.0008935884879907826
 3.8157E-02,-0.000752098689000827
 3.8176E-02,-5.6343518099217756e-05
 3.8195E-02,0.0011611742493451865
 3.8214E-02,0.0028460611602807656
 3.8233E-02,0.004924868454805703
 3.8252E-02,0.0073081070604232995
 3.8271E-02,0.009893420165151379
 3.8290E-02,0.0125691347231962
 3.8310E-02,0.015218477104790962
 3.8329E-02,0.017724583480894365
 3.8348E-02,0.019976128626786306
 3.8367E-02,0.021873078453186753
 3.8386E-02,0.023331891850217158
 3.8405E-02,0.024289545808001793
 3.8424E-02,0.024706020996606383
 3.8443E-02,0.024565252751722583
 3.8462E-02,0.023874868342569928
 3.8481E-02,0.022665165488541604
 3.8500E-02,0.020987695680510232
 3.8519E-02,0.018913560991007182
 3.8538E-02,0.016531252284409808
 3.8557E-02,0.01394369787025246
 3.8576E-02,0.011264243214912345
 3.8595E-02,0.00861153238486478
 3.8614E-02,0.0061036040100314855
 3.8633E-02,0.0038517976784274047
 3.8652E-02,0.001955165064021148
 3.8671E-02,0.0004959506782942174
 3.8691E-02,-0.0004635919122566105
 3.8710E-02,-0.0008831198869995317
 3.8729E-02,-0.0007451605037325893
 3.8748E-02,-5.5449910909226145e-05
 3.8767E-02,0.0011571646793304504
 3.8786E-02,0.0028413308363168105
 3.8805E-02,0.004924591568999315
 3.8824E-02,0.007315923504537953
 3.8843E-02,0.009909607296483512
 3.8862E-02,0.012590325022678319
 3.8881E-02,0.01523905248011355
 3.8900E-02,0.01773910158645699
 3.8919E-02,0.019981661867771817
 3.8938E-02,0.0218703911950339
 3.8957E-02,0.023324923464283165
 3.8976E-02,0.0242834536280256
 3.8995E-02,0.024704702313003073
 3.9014E-02,0.024569500419692566
 3.9033E-02,0.02388201304516095
 3.9052E-02,0.02267036194729965
 3.9072E-02,0.020986245487521142
 3.9091E-02,0.018903186704802025
 3.9110E-02,0.01651326592846989
 3.9129E-02,0.013922525108956413
 3.9148E-02,0.011245528330220241
 3.9167E-02,0.00859970305206411
 3.9186E-02,0.006100017294570393
 3.9205E-02,0.003854311330435452
 3.9224E-02,0.001959313848993346
 3.9243E-02,0.0004971660793252426
 3.9262E-02,-0.0004677563931637929
 3.9281E-02,-0.0008917894512532661
 3.9300E-02,-0.0007545158431094697
 3.9319E-02,-6.0498408599850436e-05
 3.9338E-02,0.0011602482805222409
 3.9357E-02,0.002853378635823642
 3.9376E-02,0.004942974167178796
 3.9395E-02,0.007335652647558228
 3.9414E-02,0.009925498221226382
 3.9433E-02,0.012599221215514081
 3.9453E-02,0.015241091818678783
 3.9472E-02,0.01773745081125646
 3.9491E-02,0.01998085742249323
 3.9510E-02,0.021874068722178487
 3.9529E-02,0.023333997349971165
 3.9548E-02,0.024295593726745564
 3.9567E-02,0.024715348532217973
 3.9586E-02,0.02457394030946697
 3.9605E-02,0.023877555718756556
 3.9624E-02,0.0226576009168937
 3.9643E-02,0.020968829817727533
 3.9662E-02,0.01888621329238167
 3.9681E-02,0.016501042190022876
 3.9700E-02,0.013916736212752474
 3.9719E-02,0.011244647186581793
 3.9738E-02,0.008599899369830346
 3.9757E-02,0.00609712669538602
 3.9776E-02,0.003845939147618706
 3.9795E-02,0.001946093487668928
 3.9814E-02,0.0004825900317476659
 3.9834E-02,-0.00047885117639647086
 3.9853E-02,-0.0008953790974737101
 3.9872E-02,-0.0007491943832952825
 3.9891E-02,-4.810185791132059e-05
 3.9910E-02,0.0011754788797907572
 3.9929E-02,0.0028667020085484584
 3.9948E-02,0.0049512396199437436
 3.9967E-02,0.007338615318529437
 3.9986E-02,0.009925761102124911
 4.0005E-02,0.012600844240301761
 4.0024E-02,0.01524752481585872
 4.0043E-02,0.017749757353882047
 4.0062E-02,0.01999705800828519
 4.0081E-02,0.021889909756888412
 4.0100E-02,0.023344790093879787
 4.0119E-02,0.02429827228448609
 4.0138E-02,0.024709797297272483
 4.0157E-02,0.024562983336263416
 4.0176E-02,0.023865622572051794
 4.0195E-02,0.02264869541098421
 4.0215E-02,0.02096474569516629
 4.0234E-02,0.01888581873562707
 4.0253E-02,0.016500952863457888
 4.0272E-02,0.013913050061799815
 4.0291E-02,0.011234924243896044
 4.0310E-02,0.008584461933617366
 4.0329E-02,0.006079076066576938
 4.0348E-02,0.0038298825664047653
 4.0367E-02,0.0019361706560790779
 4.0386E-02,0.0004807078545180903
 4.0405E-02,-0.0004737689544443523
 4.0424E-02,-0.0008867932875411663
 4.0443E-02,-0.0007412914397177157
 4.0462E-02,-4.384852296924341e-05
 4.0481E-02,0.0011756680082101552
 4.0500E-02,0.0028650741829998033
 4.0519E-02,0.0049515499857085195
 4.0538E-02,0.007344253052329527
 4.0557E-02,0.009938030366120197
 4.0576E-02,0.012618200220360809
 4.0596E-02,0.01526612101548386
 4.0615E-02,0.017765052912356732
 4.0634E-02,0.020005744492256162
 4.0653E-02,0.021891271816656663
 4.0672E-02,0.023340879787610548
 4.0691E-02,0.02429282841526685
 4.0710E-02,0.02470642190593756
 4.0729E-02,0.024563427859524502
 4.0748E-02,0.023868979175960623
 4.0767E-02,0.022651863158210144
 4.0786E-02,0.020963946377599952
 4.0805E-02,0.018878450656649816
 4.0824E-02,0.01648691768725015
 4.0843E-02,0.01389493669150657
 4.0862E-02,0.011216966104851246
 4.0881E-02,0.008570751181966131
 4.0900E-02,0.0060718574998022325
 4.0919E-02,0.0038287066671817134
 4.0938E-02,0.0019382827485583507
 4.0957E-02,0.00048247767121490205
 4.0977E-02,-0.0004750504802121416
 4.0996E-02,-0.0008915864208397075
 4.1015E-02,-0.0007475621152357885
 4.1034E-02,-4.801335660691312e-05
 4.1053E-02,0.0011770488399459626
 4.1072E-02,0.0028736427570701987
 4.1091E-02,0.004966301180652951
 4.1110E-02,0.007361882192438277
 4.1129E-02,0.00995431720882484
 4.1148E-02,0.01262979171351701
 4.1167E-02,0.01527189450328911
 4.1186E-02,0.017766439331367914
 4.1205E-02,0.020005874919070618
 4.1224E-02,0.021893355694430162
 4.1243E-02,0.02334657659284116
 4.1262E-02,0.024301373177756356
 4.1281E-02,0.02471491077098738
 4.1300E-02,0.02456812865107857
 4.1319E-02,0.023867055887617346
 4.1339E-02,0.02264271327988102
 4.1358E-02,0.02094953267488063
 4.1377E-02,0.01886247739719522
 4.1396E-02,0.016473236128512456
 4.1415E-02,0.013885917452383026
 4.1434E-02,0.01121258484798267
 4.1453E-02,0.008568797688796457
 4.1472E-02,0.006069155359223441
 4.1491E-02,0.0038227647388962348
 4.1510E-02,0.001928604968255194
 4.1529E-02,0.00047092193784991666
 4.1548E-02,-0.00048502952539315064
 4.1567E-02,-0.0008964589146791914
 4.1586E-02,-0.0007453056919549538
 4.1605E-02,-3.902882328709516e-05
 4.1624E-02,0.0011901067833965636
 4.1643E-02,0.002887036741437315
 4.1662E-02,0.004976841383623106
 4.1681E-02,0.007368265151516464
 4.1700E-02,0.00995756226318052
 4.1719E-02,0.01263258467249442
 4.1739E-02,0.015277154673076427
 4.1758E-02,0.01777578418812988
 4.1777E-02,0.02001870128148193
 4.1796E-02,0.021906967511955682
 4.1815E-02,0.023357302225739462
 4.1834E-02,0.024306155895260053
 4.1853E-02,0.024712638125503936
 4.1872E-02,0.024560089746140847
 4.1891E-02,0.023856321622493685
 4.1910E-02,0.022632733501561284
 4.1929E-02,0.020942603695080043
 4.1948E-02,0.018858787562479867
 4.1967E-02,0.016470923053035852
 4.1986E-02,0.013882097731487198
 4.2005E-02,0.011204866286231161
 4.2024E-02,0.008556563871628849
 4.2043E-02,0.006054022659867835
 4.2062E-02,0.003807998692439091
 4.2081E-02,0.0019177652666506242
 4.2100E-02,0.0004663597529191096
 4.2120E-02,-0.00048313384707115775
 4.2139E-02,-0.0008900826938804942
 4.2158E-02,-0.0007376114613839818
 4.2177E-02,-3.288919549572164e-05
 4.2196E-02,0.0011934031493235097
 4.2215E-02,0.002888303513188966
 4.2234E-02,0.004978505321558457
 4.2253E-02,0.007373104871352934
 4.2272E-02,0.009967267096100216
 4.2291E-02,0.012646807142680305
 4.2310E-02,0.01529349980425947
 4.2329E-02,0.0177907441957657
 4.2348E-02,0.02002910682781351
 4.2367E-02,0.021911289085201954
 4.2386E-02,0.023356206874309546
 4.2405E-02,0.024302071322333505
 4.2424E-02,0.024708536206837547
 4.2443E-02,0.024558060910481638
 4.2462E-02,0.02385660385087057
 4.2481E-02,0.022633643480789976
 4.2501E-02,0.020941395099763654
 4.2520E-02,0.018853030056026905
 4.2539E-02,0.016459755690390508
 4.2558E-02,0.01386677191617796
 4.2577E-02,0.01118832546559963
 4.2596E-02,0.008542253796667811
 4.2615E-02,0.006044479719905952
 4.2634E-02,0.0038038619697309236
 4.2653E-02,0.0019176575633574403
 4.2672E-02,0.00046767905070964734
 4.2691E-02,-0.00048289034422936727
 4.2710E-02,-0.0008920813983515307
 4.2729E-02,-0.0007411057937716037
 4.2748E-02,-3.556733939826223e-05
 4.2767E-02,0.00119431174044567
 4.2786E-02,0.0028946790050558245
 4.2805E-02,0.004990372621204426
 4.2824E-02,0.0073885008472799945
 4.2843E-02,0.009983002841491695
 4.2862E-02,0.012659775633632096
 4.2882E-02,0.01530192953976435
 4.2901E-02,0.017794827321176838
 4.2920E-02,0.020030722087258118
 4.2939E-02,0.021912959846488212
 4.2958E-02,0.02335978749601436
 4.2977E-02,0.024307777826460937
 4.2996E-02,0.02471477349865979
 4.3015E-02,0.024562125826028517
 4.3034E-02,0.02385593528151014
 4.3053E-02,0.022627037455736163
 4.3072E-02,0.020929620862721453
 4.3091E-02,0.018838562808334892
 4.3110E-02,0.016445751313395894
 4.3129E-02,0.013855757759177929
 4.3148E-02,0.011181208109118622
 4.3167E-02,0.008538092764018321
 4.3186E-02,0.006041118164384455
 4.3205E-02,0.003799108692352505
 4.3224E-02,0.0019104628099175119
 4.3243E-02,0.00045875427673624397
 4.3263E-02,-0.0004912970594178524
 4.3282E-02,-0.0008971500124285818
 4.3301E-02,-0.0007407029078404149
 4.3320E-02,-2.921849259740299e-05
 4.3339E-02,0.0012051824375247213
 4.3358E-02,0.002907349569202184
 4.3377E-02,0.005001985436803871
 4.3396E-02,0.007397251540971407
 4.3415E-02,0.009988812474647855
 4.3434E-02,0.012664145030532158
 4.3453E-02,0.015307054550652007
 4.3472E-02,0.017802395608605456
 4.3491E-02,0.020040957643603467
 4.3510E-02,0.021924364063625624
 4.3529E-02,0.023369700409838847
 4.3548E-02,0.024313501637107562
 4.3567E-02,0.02471473988859205
 4.3586E-02,0.024556569510581553
 4.3605E-02,0.023846766491235655
 4.3624E-02,0.022616977554411857
 4.3644E-02,0.02092100481087406
 4.3663E-02,0.01883236234258495
 4.3682E-02,0.016441265208854996
 4.3701E-02,0.013851102201773755
 4.3720E-02,0.011174367915191708
 4.3739E-02,0.008528035853314785
 4.3758E-02,0.006028449856310625
 4.3777E-02,0.003785958935413139
 4.3796E-02,0.0018996562109624018
 4.3815E-02,0.00045264393787484525
 4.3834E-02,-0.0004917977753513996
 4.3853E-02,-0.0008928976068800639
 4.3872E-02,-0.0007338713617375149
 4.3891E-02,-2.228000364939205e-05
 4.3910E-02,0.0012105697089930274
 4.3929E-02,0.002911034479285957
 4.3948E-02,0.0050052831062984224
 4.3967E-02,0.007402196041779116
 4.3986E-02,0.009997057420264637
 4.4005E-02,0.012676028562999242
 4.4025E-02,0.015321267722379541
 4.4044E-02,0.017816412686707583
 4.4063E-02,0.020052033728701252
 4.4082E-02,0.0219306433091599
 4.4101E-02,0.02337092824516811
 4.4120E-02,0.024311019228465305
 4.4139E-02,0.024710772078008796
 4.4158E-02,0.024553143535178516
 4.4177E-02,0.023844766581408473
 4.4196E-02,0.022615772966151765
 4.4215E-02,0.020918818714367585
 4.4234E-02,0.018827202999146118
 4.4253E-02,0.01643198015259919
 4.4272E-02,0.013838061035675787
 4.4291E-02,0.011159453795008649
 4.4310E-02,0.008513947114672949
 4.4329E-02,0.006017631632858341
 4.4348E-02,0.0037796529327259244
 4.4367E-02,0.0018974987047910969
 4.4386E-02,0.00045298639461448763
 4.4406E-02,-0.0004910047380575229
 4.4425E-02,-0.0008930735816366567
 4.4444E-02,-0.0007351087784523517
 4.4463E-02,-2.3301579651716477e-05
 4.4482E-02,0.0012117826771646872
 4.4501E-02,0.002916238039729237
 4.4520E-02,0.0050150591704379785
 4.4539E-02,0.007415558262591089
 4.4558E-02,0.010011759653951168
 4.4577E-02,0.012689436862975684
 4.4596E-02,0.015331397742832958
 4.4615E-02,0.017822659970534106
 4.4634E-02,0.020055268468041232
 4.4653E-02,0.021932636446016174
 4.4672E-02,0.023373384971127925
 4.4691E-02,0.02431467565520479
 4.4710E-02,0.024714978190527672
 4.4729E-02,0.024556126553359293
 4.4748E-02,0.023844450801310025
 4.4767E-02,0.02261077324608072
 4.4787E-02,0.02090914497706006
 4.4806E-02,0.018814348440191836
 4.4825E-02,0.016418352083141057
 4.4844E-02,0.013826016646774422
 4.4863E-02,0.01115038295648622
 4.4882E-02,0.008507818437545066
 4.4901E-02,0.006013200237012387
 4.4920E-02,0.0037752210573056993
 4.4939E-02,0.0018918661705951802
 4.4958E-02,0.0004461437059479433
 4.4977E-02,-0.0004977648941920601
 4.4996E-02,-0.0008976789692757147
 4.5015E-02,-0.0007356227981232728
 4.5034E-02,-1.880848830517314e-05
 4.5053E-02,0.0012207302701793283
 4.5072E-02,0.002927814678926283
 4.5091E-02,0.0050269143398440335
 4.5110E-02,0.007425772915107338
 4.5129E-02,0.01001957455754363
 4.5148E-02,0.012695424246569505
 4.5168E-02,0.015337007139214525
 4.5187E-02,0.01782935919828977
 4.5206E-02,0.02006368711739505
 4.5225E-02,0.021942116035608663
 4.5244E-02,0.023382149190665374
 4.5263E-02,0.024320544884579506
 4.5282E-02,0.024716299378100173
 4.5301E-02,0.024552489955542645
 4.5320E-02,0.023836864657528215
 4.5339E-02,0.022601219018984833
 4.5358E-02,0.020899721730066354
 4.5377E-02,0.018806402361607966
 4.5396E-02,0.016411989861685437
 4.5415E-02,0.013820219540553668
 4.5434E-02,0.011143657770961858
 4.5453E-02,0.008499073038850773
 4.5472E-02,0.006002429418766374
 4.5491E-02,0.003763679306607639
 4.5510E-02,0.0018816435204199577
 4.5529E-02,0.0004393375276678345
 4.5549E-02,-0.000499903473714994
 4.5568E-02,-0.0008952351902947666
 4.5587E-02,-0.000729924910727555
 4.5606E-02,-1.1799689402893984e-05
 4.5625E-02,0.0012273613637310563
 4.5644E-02,0.002933343889289561
 4.5663E-02,0.005031808467050751
 4.5682E-02,0.00743133544880231
 4.5701E-02,0.010027182916698931
 4.5720E-02,0.012705719794739187
 4.5739E-02,0.01534942019405253
 4.5758E-02,0.01784219512298783
 4.5777E-02,0.020074739076801226
 4.5796E-02,0.021949526027848505
 4.5815E-02,0.023385124540144978
 4.5834E-02,0.024319605185043208
 4.5853E-02,0.024712946851377402
 4.5872E-02,0.024548462615600706
 4.5891E-02,0.02383332266736524
 4.5910E-02,0.02259824193885798
 4.5930E-02,0.02089634628191524
 4.5949E-02,0.018801176776516482
 4.5968E-02,0.016403780279004614
 4.5987E-02,0.01380888782836446
 4.6006E-02,0.011130291403887799
 4.6025E-02,0.008485656495799087
 4.6044E-02,0.005991105101832098
 4.6063E-02,0.00375593433614552
 4.6082E-02,0.0018777906169452903
 4.6101E-02,0.0004385202646613152
 4.6120E-02,-0.0004991934194502879
 4.6139E-02,-0.0008943759350450041
 4.6158E-02,-0.0007294834854549698
 4.6177E-02,-1.126778525298625e-05
 4.6196E-02,0.0012292953309225609
 4.6215E-02,0.002938116366745863
 4.6234E-02,0.0050402142997748355
 4.6253E-02,0.007443032151840822
 4.6272E-02,0.010040699082514929
 4.6291E-02,0.012718968181613577
 4.6311E-02,0.015360483550276263
 4.6330E-02,0.017850028063264127
 4.6349E-02,0.02007946969950918
 4.6368E-02,0.02195222727635875
 4.6387E-02,0.023387170819675986
 4.6406E-02,0.024321920444278826
 4.6425E-02,0.02471549797270271
 4.6444E-02,0.024550235029435607
 4.6463E-02,0.023832788699347997
 4.6482E-02,0.02259410227004588
 4.6501E-02,0.020888198004140095
 4.6520E-02,0.018789796195017475
 4.6539E-02,0.016390887726650764
 4.6558E-02,0.013796501240225873
 4.6577E-02,0.01111996385885133
 4.6596E-02,0.008477943583131755
 4.6615E-02,0.005985498626809097
 4.6634E-02,0.0037512815260782816
 4.6653E-02,0.0018729939600386817
 4.6672E-02,0.0004331857950560106
 4.6692E-02,-0.0005044643888645786
 4.6711E-02,-0.0008981888202347587
 4.6730E-02,-0.0007302533814552822
 4.6749E-02,-7.944770383001062e-06
 4.6768E-02,0.0012367134783230825
 4.6787E-02,0.002948520720525092
 4.6806E-02,0.005051800454340193
 4.6825E-02,0.007454005172153461
 4.6844E-02,0.010049946591589323
 4.6863E-02,0.012726397653768994
 4.6882E-02,0.015366877100849718
 4.6901E-02,0.017856492137568035
 4.6920E-02,0.02008674419821364
 4.6939E-02,0.02196018228721549
 4.6958E-02,0.02339473015918536
 4.6977E-02,0.024327451419692517
 4.6996E-02,0.024717489291259654
 4.7015E-02,0.024547950692217536
 4.7034E-02,0.023826596979777542
 4.7053E-02,0.022585329601830063
 4.7073E-02,0.020878577086243987
 4.7092E-02,0.018780763609248
 4.7111E-02,0.0163830528497179
 4.7130E-02,0.013789525333720428
 4.7149E-02,0.011112895594050659
 4.7168E-02,0.008469845053830066
 4.7187E-02,0.005976062483951298
 4.7206E-02,0.003741146204394666
 4.7225E-02,0.0018636058758432336
 4.7244E-02,0.0004262681885657848
 4.7263E-02,-0.00050759439774785
 4.7282E-02,-0.0008971439594325987
 4.7301E-02,-0.0007257038562226203
 4.7320E-02,-1.2954483787429956e-06
 4.7339E-02,0.00124394440078194
 4.7358E-02,0.0029553346226325267
 4.7377E-02,0.005058073700493899
 4.7396E-02,0.007460408971488904
 4.7415E-02,0.010057476348434125
 4.7434E-02,0.012735738025609176
 4.7454E-02,0.015377904636190938
 4.7473E-02,0.017868152853350968
 4.7492E-02,0.020097369019821697
 4.7511E-02,0.021968099993085088
 4.7530E-02,0.023398899642586898
 4.7549E-02,0.024327826439962702
 4.7568E-02,0.024714953036940223
 4.7587E-02,0.02454385631702203
 4.7606E-02,0.023822131194317205
 4.7625E-02,0.02258099554173397
 4.7644E-02,0.020874033919369765
 4.7663E-02,0.018775091896581685
 4.7682E-02,0.01637531551608562
 4.7701E-02,0.013779356881554579
 4.7720E-02,0.011100840056451431
 4.7739E-02,0.008457280748662751
 4.7758E-02,0.005964743421346019
 4.7777E-02,0.003732566744656472
 4.7796E-02,0.0018584754810213083
 4.7815E-02,0.0004243307109657766
 4.7835E-02,-0.0005073221883981348
 4.7854E-02,-0.0008958325400918346
 4.7873E-02,-0.0007241243715677588
 4.7892E-02,5.40786270914308e-07
 4.7911E-02,0.0012467550982181272
 4.7930E-02,0.0029601622827674827
 4.7949E-02,0.0050656995507138555
 4.7968E-02,0.007470861112988983
 4.7987E-02,0.010069864618186358
 4.8006E-02,0.01274849716896852
 4.8025E-02,0.015389339068206038
 4.8044E-02,0.017877037671233668
 4.8063E-02,0.020103336964430812
 4.8082E-02,0.021971643973740854
 4.8101E-02,0.023400998584181758
 4.8120E-02,0.024329375756904678
 4.8139E-02,0.02471626951559109
 4.8158E-02,0.02454448990909374
 4.8177E-02,0.023821071116493203
 4.8196E-02,0.02257717313391327
 4.8216E-02,0.020866886108088345
 4.8235E-02,0.0187649209664216
 4.8254E-02,0.016363275579877903
 4.8273E-02,0.01376707020080889
 4.8292E-02,0.011089816576408602
 4.8311E-02,0.008448403139594579
 4.8330E-02,0.005958047171362604
 4.8349E-02,0.0037274066761656477
 4.8368E-02,0.0018539912169187583
 4.8387E-02,0.0004199869494465093
 4.8406E-02,-0.0005113766308323475
 4.8425E-02,-0.0008987563350683942
 4.8444E-02,-0.0007247311007070161
 4.8463E-02,3.239868201620013e-06
 4.8482E-02,0.0012530641682082892
 4.8501E-02,0.002969495613966457
 4.8520E-02,0.005076753993036011
 4.8539E-02,0.007482089355358345
 4.8558E-02,0.010080035033124775
 4.8577E-02,0.01275708806011187
 4.8597E-02,0.0153965934856038
 4.8616E-02,0.017883663028635963
 4.8635E-02,0.020109998127456574
 4.8654E-02,0.02197849314560681
 4.8673E-02,0.023407466561774854
 4.8692E-02,0.02433432605410742
 4.8711E-02,0.024718446970226092
 4.8730E-02,0.024543057804477193
 4.8749E-02,0.0238159893656968
 4.8768E-02,0.02256924354527485
 4.8787E-02,0.020857444480313483
 4.8806E-02,0.018755317952329695
 4.8825E-02,0.016354383658150888
 4.8844E-02,0.013759039022266686
 4.8863E-02,0.011082181324515189
 4.8882E-02,0.008440485730274169
 4.8901E-02,0.005949454797458911
 4.8920E-02,0.0037183886670024806
 4.8939E-02,0.001845482708236916
 4.8958E-02,0.00041331428808080695
 4.8978E-02,-0.0005149966978764038
 4.8997E-02,-0.0008986963100239168
 4.9016E-02,-0.0007211937442293152
 4.9035E-02,9.326817967655128e-06
 4.9054E-02,0.001260448621542834
 4.9073E-02,0.002977112003375368
 4.9092E-02,0.005084111115126475
 4.9111E-02,0.00748936136126464
 4.9130E-02,0.010087820899022727
 4.9149E-02,0.012765959162839464
 4.9168E-02,0.015406647024144189
 4.9187E-02,0.017894295785300697
 4.9206E-02,0.020120012245277746
 4.9225E-02,0.02198649110450487
 4.9244E-02,0.02341235812539538
 4.9263E-02,0.0243357179279574
 4.9282E-02,0.024716740158641625
 4.9301E-02,0.02453921263211313
 4.9320E-02,0.02381107086120238
 4.9339E-02,0.022563959416173604
 4.9359E-02,0.020851888386207634
 4.9378E-02,0.018749032672528882
 4.9397E-02,0.01634670831614379
 4.9416E-02,0.013749571984616644
 4.9435E-02,0.0110711370670212
 4.9454E-02,0.008428773929553032
 4.9473E-02,0.005938439183317311
 4.9492E-02,0.0037094313319441293
 4.9511E-02,0.001839478052094931
 4.9530E-02,0.00041042059579693164
 4.9549E-02,-0.0005153118321922914
 4.9568E-02,-0.0008973248364014263
 4.9587E-02,-0.0007189284844115753
 4.9606E-02,1.2164041664146797e-05
 4.9625E-02,0.0012641207719382987
 4.9644E-02,0.002982272940405541
 4.9663E-02,0.005091398248789299
 4.9682E-02,0.007498968559323265
 4.9701E-02,0.010099254839365532
 4.9720E-02,0.012778097702748518
 4.9740E-02,0.01541807879465844
 4.9759E-02,0.01790379064970163
 4.9778E-02,0.020126912372208674
 4.9797E-02,0.02199084972453149
 4.9816E-02,0.0234147700003548
 4.9835E-02,0.02433692770617541
 4.9854E-02,0.024717216112768527
 4.9873E-02,0.024538886954490777
 4.9892E-02,0.023809367821806073
 4.9911E-02,0.022560096895595055
 4.9930E-02,0.020845310019659814
 4.9949E-02,0.01873976665166479
 4.9968E-02,0.01633548279391041
 4.9987E-02,0.013737629649794792
 5.0006E-02,0.011059830042058348
 5.0025E-02,0.008419120363611275
 5.0044E-02,0.005930838776708662
 5.0063E-02,0.003703661986995363
 5.0082E-02,0.0018349653748617038
 5.0101E-02,0.0004066467453963027
 5.0121E-02,-0.0005184557916266606
 5.0140E-02,-0.0008994102481743537
 5.0159E-02,-0.0007191455413418642
 5.0178E-02,1.4636693507344488e-05
 5.0197E-02,0.0012697047383534617
 5.0216E-02,0.0029907284901566113
 5.0235E-02,0.005101835385605999
 5.0254E-02,0.007510128791960185
 5.0273E-02,0.01010993804292857
 5.0292E-02,0.012787543055725986
 5.0311E-02,0.015426131547947954
 5.0330E-02,0.01791078660517061
 5.0349E-02,0.020133342867606017
 5.0368E-02,0.021996970941754804
 5.0387E-02,0.023420344832661838
 5.0406E-02,0.02434122518904815
 5.0425E-02,0.024719272233775434
 5.0444E-02,0.024537908050139855
 5.0463E-02,0.023805090745297755
 5.0482E-02,0.02255293961216899
 5.0502E-02,0.020836242796818547
 5.0521E-02,0.01872996234389127
 5.0540E-02,0.01632590517500587
 5.0559E-02,0.013728745006877582
 5.0578E-02,0.01105156779078124
 5.0597E-02,0.00841109156624146
 5.0616E-02,0.005922701742275703
 5.0635E-02,0.0036954569679152668
 5.0654E-02,0.0018272562864984896
 5.0673E-02,0.0004003987265635638
 5.0692E-02,-0.0005222108643096896
 5.0711E-02,-0.000899969580763119
 5.0730E-02,-0.0007164132012611316
 5.0749E-02,2.011542870947842e-05
 5.0768E-02,0.0012769665581168856
 5.0787E-02,0.002998769751872714
 5.0806E-02,0.005109972284973663
 5.0825E-02,0.00751817841963613
 5.0844E-02,0.010118143489155757
 5.0863E-02,0.01279628530799033
 5.0883E-02,0.015435569981207443
 5.0902E-02,0.01792060265734373
 5.0921E-02,0.02014271304266735
 5.0940E-02,0.022004788260282064
 5.0959E-02,0.02342559203937574
 5.0978E-02,0.024343332192480374
 5.0997E-02,0.024718297148954977
 5.1016E-02,0.02453446238794354
 5.1035E-02,0.02380004677793433
 5.1054E-02,0.022547057065378556
 5.1073E-02,0.020829886917618997
 5.1092E-02,0.01872304033657513
 5.1111E-02,0.016318044509101317
 5.1130E-02,0.013719623665489254
 5.1149E-02,0.011041235843508882
 5.1168E-02,0.008400127930176284
 5.1187E-02,0.005912126944312385
 5.1206E-02,0.0036864359554951926
 5.1225E-02,0.0018207222562820382
 5.1244E-02,0.0003967649869991165
 5.1264E-02,-0.0005231249055359183
 5.1283E-02,-0.0008987706406746931
 5.1302E-02,-0.0007138071000377404
 5.1321E-02,2.3656242574147447e-05
 5.1340E-02,0.0012813872851704282
 5.1359E-02,0.0030043866016243436
 5.1378E-02,0.005117220784836432
 5.1397E-02,0.007527278508629231
 5.1416E-02,0.010128842348115029
 5.1435E-02,0.012807803268840231
 5.1454E-02,0.015446781180458294
 5.1473E-02,0.017930373794832456
 5.1492E-02,0.02015025080036671
 5.1511E-02,0.022009842234098128
 5.1530E-02,0.02342842696633756
 5.1549E-02,0.024344489586246226
 5.1568E-02,0.0247182627532311
 5.1587E-02,0.0245333975076913
 5.1606E-02,0.023797709514006442
 5.1625E-02,0.022542949070490897
 5.1645E-02,0.020823554888546533
 5.1664E-02,0.018714388622554624
 5.1683E-02,0.016307509582040785
 5.1702E-02,0.01370812493914517
 5.1721E-02,0.011029920412631601
 5.1740E-02,0.00839002121765833
 5.1759E-02,0.005903843433287136
 5.1778E-02,0.0036800751403783883
 5.1797E-02,0.0018159887333047305
 5.1816E-02,0.00039324849544545106
 5.1835E-02,-0.000525646040270389
 5.1854E-02,-0.0009001477988579373
 5.1873E-02,-0.000713547966178527
 5.1892E-02,2.6164392951088405e-05
 5.1911E-02,0.001286561515556376
 5.1930E-02,0.003012187243552514
 5.1949E-02,0.00512706861887381
 5.1968E-02,0.0075381920841389675
 5.1987E-02,0.010139736807489858
 5.2006E-02,0.012817818744053857
 5.2026E-02,0.015455496452217289
 5.2045E-02,0.017937814944471876
 5.2064E-02,0.02015669983698676
 5.2083E-02,0.022015542928548897
 5.2102E-02,0.023433331651022068
 5.2121E-02,0.024348170086681557
 5.2140E-02,0.024720030738262976
 5.2159E-02,0.024532580812779595
 5.2178E-02,0.02379395740665126
 5.2197E-02,0.022536425102477966
 5.2216E-02,0.020814927302301355
 5.2235E-02,0.018704621081867406
 5.2254E-02,0.01629754600041533
 5.2273E-02,0.013698609256563866
 5.2292E-02,0.011021073914408156
 5.2311E-02,0.008381725445047138
 5.2330E-02,0.005895880911800306
 5.2349E-02,0.0036724075410329393
 5.2368E-02,0.0018089360028592286
 5.2387E-02,0.00038747984249559524
 5.2407E-02,-0.0005293100435196231
 5.2426E-02,-0.000901034434122458
 5.2445E-02,-0.0007113978028769265
 5.2464E-02,3.108609329530122e-05
 5.2483E-02,0.0012935576189850694
 5.2502E-02,0.0030203832459219484
 5.2521E-02,0.005135713602928213
 5.2540E-02,0.007546871561948646
 5.2559E-02,0.010148405487565378
 5.2578E-02,0.01282664586945732
 5.2597E-02,0.015464603713459398
 5.2616E-02,0.01794703667723475
 5.2635E-02,0.0201654843792932
 5.2654E-02,0.02202304783160974
 5.2673E-02,0.02343867476299495
 5.2692E-02,0.024350725517199315
 5.2711E-02,0.02471963722466169
 5.2730E-02,0.024529569871468884
 5.2749E-02,0.023788991142298117
 5.2768E-02,0.02253022020586273
 5.2788E-02,0.020807992398583327
 5.2807E-02,0.01869712598333625
 5.2826E-02,0.016289378038483408
 5.2845E-02,0.013689583576738638
 5.2864E-02,0.01101119258028964
 5.2883E-02,0.008371357673707391
 5.2902E-02,0.00588577377394057
 5.2921E-02,0.0036635153908704367
 5.2940E-02,0.0018021409437356552
 5.2959E-02,0.0003833258682730521
 5.2978E-02,-0.0005307528849681993
 5.2997E-02,-0.0009001190858491895
 5.3016E-02,-0.0007086907377645954
 5.3035E-02,3.507328878907506e-05
 5.3054E-02,0.0012985712077115707
 5.3073E-02,0.0030264730530363392
 5.3092E-02,0.005143104344607661
 5.3111E-02,0.007555724695328883
 5.3130E-02,0.010158587997694559
 5.3149E-02,0.012837619697357357
 5.3169E-02,0.015475493994301807
 5.3188E-02,0.017956854400394153
 5.3207E-02,0.02017340775611808
 5.3226E-02,0.022028639554515037
 5.3245E-02,0.023441941905716492
 5.3264E-02,0.024352001201091752
 5.3283E-02,0.02471934466878906
 5.3302E-02,0.02452798223989892
 5.3321E-02,0.02378610037121743
 5.3340E-02,0.02252577517440362
 5.3359E-02,0.020801686291392014
 5.3378E-02,0.01868884209891588
 5.3397E-02,0.01627937537981995
 5.3416E-02,0.013678531009689065
 5.3435E-02,0.011000030055980046
 5.3454E-02,0.008361042400568626
 5.3473E-02,0.005877021523081874
 5.3492E-02,0.0036566484238357315
 5.3511E-02,0.0017971042325533942
 5.3530E-02,0.0003798557665515062
 5.3550E-02,-0.0005328926209160919
 5.3569E-02,-0.0009009482474798126
 5.3588E-02,-0.0007079610186093476
 5.3607E-02,3.776763915308882e-05
 5.3626E-02,0.0013035721976005343
 5.3645E-02,0.0030338313627608577
 5.3664E-02,0.005152453496931591
 5.3683E-02,0.007566319138718134
 5.3702E-02,0.010169492589836402
 5.3721E-02,0.012847969231425511
 5.3740E-02,0.015484710106419771
 5.3759E-02,0.01796472775120424
 5.3778E-02,0.02018001611824144
 5.3797E-02,0.022034148195763405
 5.3816E-02,0.023446386309535883
 5.3835E-02,0.02435515893334514
 5.3854E-02,0.024720760151391154
 5.3873E-02,0.024527135560758508
 5.3892E-02,0.02378264296615553
 5.3911E-02,0.022519723019608955
 5.3931E-02,0.02079347996104897
 5.3950E-02,0.01867924373320353
 5.3969E-02,0.016269246890314087
 5.3988E-02,0.013668591237006457
 5.4007E-02,0.01099069657137694
 5.4026E-02,0.008352422944097477
 5.4045E-02,0.00586904998166808
 5.4064E-02,0.00364929344696163
 5.4083E-02,0.001790545879219353
 5.4102E-02,0.00037454174395706906
 5.4121E-02,-0.0005363424360878033
 5.4140E-02,-0.0009019489209952461
 5.4159E-02,-0.0007061885954015728
 5.4178E-02,4.22336008220459e-05
 5.4197E-02,0.0013102545918463396
 5.4216E-02,0.003042007866075497
 5.4235E-02,0.005161387282201931
 5.4254E-02,0.007575465676704934
 5.4273E-02,0.010178593057965124
 5.4292E-02,0.012856994845497178
 5.4312E-02,0.015493691445782203
 5.4331E-02,0.017973556550972183
 5.4350E-02,0.020188319389768842
 5.4369E-02,0.02204130029687188
 5.4388E-02,0.02345165974314543
 5.4407E-02,0.02435794940645625
 5.4426E-02,0.024720786096781654
 5.4445E-02,0.024524523248314417
 5.4464E-02,0.023777860290467346
 5.4483E-02,0.022513393774607975
 5.4502E-02,0.020786163961081218
 5.4521E-02,0.018671281817822606
 5.4540E-02,0.01626073765026314
 5.4559E-02,0.013659503556707973
 5.4578E-02,0.010981058169903335
 5.4597E-02,0.008342489657502894
 5.4616E-02,0.00585936974262422
 5.4635E-02,0.003640628147314663
 5.4654E-02,0.001783680465730628
 5.4673E-02,0.0003700623190820299
 5.4693E-02,-0.0005382051179810579
 5.4712E-02,-0.0009013438039311127
 5.4731E-02,-0.0007035296963381633
 5.4750E-02,4.6465121803190455e-05
 5.4769E-02,0.0013156996399532406
 5.4788E-02,0.0030485241404111037
 5.4807E-02,0.005169009446634654
 5.4826E-02,0.0075842546764188536
 5.4845E-02,0.010188450626168827
 5.4864E-02,0.012867535994056425
 5.4883E-02,0.015504241240671048
 5.4902E-02,0.01798328008991145
 5.4921E-02,0.020196432247036936
 5.4940E-02,0.022047269338588728
 5.4959E-02,0.02345530840400673
 5.4978E-02,0.02435942521330667
 5.4997E-02,0.02472041105466197
 5.5016E-02,0.02452260047971018
 5.5035E-02,0.0237745286367765
 5.5054E-02,0.022508597660662842
 5.5074E-02,0.020779750332230396
 5.5093E-02,0.01866317540768082
 5.5112E-02,0.016251108423243822
 5.5131E-02,0.013648843131458472
 5.5150E-02,0.01097012372865563
 5.5169E-02,0.008332134697800203
 5.5188E-02,0.005850332752580267
 5.5207E-02,0.003633369087184986
 5.5226E-02,0.0017783324435689796
 5.5245E-02,0.00036651279712852946
 5.5264E-02,-0.000540148160545992
 5.5283E-02,-0.0009017829550120185
 5.5302E-02,-0.0007023878978236058
 5.5321E-02,4.9413049842027094e-05
 5.5340E-02,0.0013206887832508168
 5.5359E-02,0.003055620436922317
 5.5378E-02,0.0051779757633622
 5.5397E-02,0.007594528221057778
 5.5416E-02,0.01019924747565553
 5.5435E-02,0.012878040759852383
 5.5455E-02,0.015513801435635542
 5.5474E-02,0.017991523294527884
 5.5493E-02,0.020203260249529825
 5.5512E-02,0.02205274023584667
 5.5531E-02,0.0234594688290167
 5.5550E-02,0.024362176716143966
 5.5569E-02,0.02472147721053532
 5.5588E-02,0.024521612839661675
 5.5607E-02,0.023771192875101987
 5.5626E-02,0.02250286267589747
 5.5645E-02,0.020771900513980552
 5.5664E-02,0.018653800814091515
 5.5683E-02,0.016240963010792125
 5.5702E-02,0.013638651658403276
 5.5721E-02,0.010960420219176287
 5.5740E-02,0.008323199380585334
 5.5759E-02,0.005842247934028913
 5.5778E-02,0.0036261592455770182
 5.5797E-02,0.0017721154944928814
 5.5816E-02,0.0003615855040527214
 5.5836E-02,-0.000543335769300092
 5.5855E-02,-0.0009027565816850524
 5.5874E-02,-0.0007008247389510494
 5.5893E-02,5.354120755340908e-05
 5.5912E-02,0.0013270707169842268
 5.5931E-02,0.0030636805037586286
 5.5950E-02,0.005187036636547791
 5.5969E-02,0.0076039903953671545
 5.5988E-02,0.010208708475771166
 5.6007E-02,0.012887306199958131
 5.6026E-02,0.015522790969275944
 5.6045E-02,0.018000123448369827
 5.6064E-02,0.020211200504456107
 5.6083E-02,0.022059557296073746
 5.6102E-02,0.023464582223905385
 5.6121E-02,0.02436504622150277
 5.6140E-02,0.02472177357309252
 5.6159E-02,0.024519326046088804
 5.6178E-02,0.02376663000749539
 5.6197E-02,0.022496537217551228
 5.6217E-02,0.020764363621016472
 5.6236E-02,0.018645490039764182
 5.6255E-02,0.01623213390275347
 5.6274E-02,0.013629417535562221
 5.6293E-02,0.010950874155585787
 5.6312E-02,0.008313553859519408
 5.6331E-02,0.005832919546817495
 5.6350E-02,0.0036177516829178076
 5.6369E-02,0.0017653016686529947
 5.6388E-02,0.00035693679450748104
 5.6407E-02,-0.0005455001873799247
 5.6426E-02,-0.0009024359344565779
 5.6445E-02,-0.0006982919235869413
 5.6464E-02,5.787203987288878e-05
 5.6483E-02,0.0013328024483053058
 5.6502E-02,0.0030705455330771055
 5.6521E-02,0.005194915040449633
 5.6540E-02,0.007612830506323274
 5.6559E-02,0.010218392960798134
 5.6578E-02,0.012897532712011281
 5.6598E-02,0.015533030111769215
 5.6617E-02,0.018009681140573493
 5.6636E-02,0.02021936342803704
 5.6655E-02,0.022065761394185854
 5.6674E-02,0.02346853314013197
 5.6693E-02,0.02436674219102596
 5.6712E-02,0.024721425506096305
 5.6731E-02,0.0245172158055768
 5.6750E-02,0.023762974748595133
 5.6769E-02,0.022491422809287735
 5.6788E-02,0.020757776111970386
 5.6807E-02,0.018637426918255543
 5.6826E-02,0.01622273860292019
 5.6845E-02,0.013619069007970198
 5.6864E-02,0.010940183587383308
 5.6883E-02,0.008303263189749707
 5.6902E-02,0.005823741431391687
 5.6921E-02,0.003610217223348129
 5.6940E-02,0.0017596783960298484
 5.6959E-02,0.00035324712578834534
 5.6979E-02,-0.0005473754280661276
 5.6998E-02,-0.0009026222241222306
 5.7000E-02,-0.0009076393066099157
