67,0.0
67,4.267241595482826e-05
67,4.267241595482826e-05
67,4.261803809983776e-05
67,4.278589723436806e-05
67,4.4843645346615215e-05
67,4.9577720874238256e-05
67,5.663959148663107e-05
67,6.564847065812871e-05
67,7.666342799928759e-05
67,8.968738502110759e-05
67,0.00010449101619216432
67,0.00012048095754779207
67,0.00013622502644602957
67,0.00014984128533622348
67,0.00015974533195137365
67,0.0001646580166317428
67,0.00016376301706780337
67,0.0001567557995941126
67,0.0001436153265461619
67,0.00012508821238309452
67,0.00010266151347779778
67,7.760941448475462e-05
67,5.1217926834532334e-05
67,2.5454287276435893e-05
67,2.007218607423799e-06
67,-1.831423901571835e-05
67,-3.4592450786322194e-05
67,-4.592285304926639e-05
67,-5.226483044778623e-05
67,-5.389314064990635e-05
67,-5.1141028390081515e-05
67,-4.471936297576788e-05
67,-3.4972174682010186e-05
67,-2.187678932927815e-05
67,-6.267746624129241e-06
67,1.059814924939058e-05
67,2.8158223659641928e-05
67,4.607069818560381e-05
67,6.41866712344477e-05
67,8.318612541048777e-05
67,0.00010358746216067305
67,0.0001251021853437125
67,0.00014739556779938347
67,0.0001696302925595052
67,0.0001900913251305841
67,0.00020690234204502275
67,0.00021801649741909904
67,0.00022173670512162037
67,0.00021741105670558978
67,0.00020488267665513872
67,0.00018445825162856553
67,0.0001571629713794437
67,0.00012432152413719308
67,8.7475567483274e-05
67,4.850599295224904e-05
67,9.34069299549511e-06
67,-2.8320005937218348e-05
67,-6.30554017940771e-05
67,-9.359662811380308e-05
67,-0.00011852187638040767
67,-0.0001364562541197648
67,-0.00014645247260196262
67,-0.0001477276966881559
67,-0.0001398507509288689
67,-0.00012348072422624641
67,-0.00010017275645954414
67,-7.167122324466662e-05
67,-3.943247799195303e-05
67,-4.118998580142197e-06
67,3.4154063635757835e-05
67,7.490836838854427e-05
67,0.00011722936785253031
67,0.00015998183401241735
67,0.00020140139488049132
67,0.0002388694365997028
67,0.00026925669285436004
67,0.0002897855334337207
67,0.00029889910167895414
67,0.0002961599626367623
67,0.0002817232919273908
67,0.0002562878074588506
67,0.0002212597541777699
67,0.00017879626912244262
67,0.0001315519309289598
67,8.221273579663982e-05
67,3.3280239881708166e-05
67,-1.2963244807290336e-05
67,-5.4606104762713667e-05
67,-9.015668858043344e-05
67,-0.00011852505976489596
67,-0.00013903370096603475
67,-0.0001511297467770629
67,-0.00015420536270351686
67,-0.00014811176205506866
67,-0.0001337522428723146
67,-0.0001130065141578464
67,-8.800310881974604e-05
67,-6.01940531389847e-05
67,-3.0042330339923667e-05
67,2.4576299865948163e-06
67,3.7401129473210124e-05
67,7.50492630542644e-05
67,0.00011543952967836193
67,0.0001574915384784934
67,0.00019865851960166404
67,0.00023563111537884052
67,0.0002654792205914219
67,0.00028616779942422553
67,0.00029633770794429117
67,0.00029514099007324225
67,0.0002823685146217046
67,0.00025855816475428095
67,0.00022492686288269254
67,0.00018320648296491922
67,0.00013552449618685147
67,8.428232768527773e-05
67,3.1962098033031545e-05
67,-1.900816004865256e-05
67,-6.63368779378471e-05
67,-0.00010803528106159248
67,-0.00014245865718738636
67,-0.00016807697230171895
67,-0.0001834232164295962
67,-0.00018755350299718917
67,-0.00018064965930013042
67,-0.00016413409232132788
67,-0.0001400655401732339
67,-0.00011030117187673005
67,-7.61061942203564e-05
67,-3.821290622411468e-05
67,3.053147376490778e-06
67,4.753135951123006e-05
67,9.469235220352437e-05
67,0.0001430641774113272
67,0.00019007066926204804
67,0.00023247847196975087
67,0.0002671637130207474
67,0.0002917247281152661
67,0.00030474568661437314
67,0.0003057447012970844
67,0.0002949665294414693
67,0.00027324809878719573
67,0.0002419834592655759
67,0.00020304380792069955
67,0.00015860662329881837
67,0.00011096605622677815
67,6.240064137765812e-05
67,1.508406208382916e-05
67,-2.9042084239253442e-05
67,-6.83678322977972e-05
67,-0.00010152742573892985
67,-0.00012722742002779536
67,-0.0001442871547535838
67,-0.00015198961123009838
67,-0.00015051925750352515
67,-0.0001410818320380063
67,-0.00012545733609527513
67,-0.0001052398074517778
67,-8.132984018766202e-05
67,-5.394863828445074e-05
67,-2.2935399627163395e-05
67,1.197690786964629e-05
67,5.084592876907988e-05
67,9.299157742338602e-05
67,0.00013654672081242874
67,0.00017864089151092876
67,0.00021620084215318575
67,0.0002466964176324299
67,0.0002683350482265042
67,0.0002798978960327433
67,0.00028067509792332795
67,0.00027058382170960533
67,0.00025023033862325833
67,0.0002208127020571006
67,0.00018396447385744151
67,0.0001416104825372691
67,9.583111787151349e-05
67,4.8744150539661004e-05
67,2.42008054952928e-06
67,-4.1171474048644756e-05
67,-8.017065347271816e-05
67,-0.00011277030791149809
67,-0.00013719964634838913
67,-0.0001519989989217251
67,-0.00015659981797213907
67,-0.0001517097454087092
67,-0.00013898772218972423
67,-0.00012019493383791266
67,-9.654293907018762e-05
67,-6.863320160517032e-05
67,-3.670686002462628e-05
67,-8.481873541002136e-07
67,3.873950331352943e-05
67,8.12033003199179e-05
67,0.00012461387071135461
67,0.00016616579265335137
67,0.00020292531991846326
67,0.0002325272698021651
67,0.000253417000451233
67,0.0002647400252141697
67,0.0002661846643503803
67,0.0002579270342065918
67,0.00024063512992963693
67,0.0002154404077774465
67,0.00018383313315332265
67,0.0001475121258106624
67,0.00010826353676297008
67,6.78910524054754e-05
67,2.813527317086256e-05
67,-9.43516673202791e-06
67,-4.344437084549839e-05
67,-7.256645099683254e-05
67,-9.541302472969783e-05
67,-0.00011075872265213542
67,-0.00011806717070810074
67,-0.00011782953628752288
67,-0.00011129855302239534
67,-9.979323417280307e-05
67,-8.416306004130316e-05
67,-6.472984035642916e-05
67,-4.1467778486098625e-05
67,-1.4133517955870338e-05
67,1.7505134130069864e-05
67,5.313193093052554e-05
67,9.135861872123171e-05
67,0.00012978139833587612
67,0.00016564427592837143
67,0.0001965333075062985
67,0.00022063990359639035
67,0.00023669284350420387
67,0.00024389643862763813
67,0.00024197301844268687
67,0.00023118108736093018
67,0.00021224342053699253
67,0.00018624217897832482
67,0.00015452600212881852
67,0.00011863100013931358
67,8.021772859422322e-05
67,4.101204520456836e-05
67,2.7352862672377115e-06
67,-3.292896580284629e-05
67,-6.427949827493333e-05
67,-8.957067007219846e-05
67,-0.00010725727564027084
67,-0.00011651212119051684
67,-0.00011759196054917853
67,-0.000111625954719646
67,-9.995053251986119e-05
67,-8.355393604746913e-05
67,-6.297044102355546e-05
67,-3.843389178051049e-05
67,-1.0014371383473158e-05
67,2.217429451178747e-05
67,5.75356469274171e-05
67,9.458144892648905e-05
67,0.00013100504804232179
67,0.00016425489268398298
67,0.00019215109875313674
67,0.00021315887339825527
67,0.0002263423347291365
67,0.0002312477959032274
67,0.00022786417551782633
67,0.00021662600889670085
67,0.00019837615722454496
67,0.000174263729532228
67,0.00014561368019208942
67,0.00011382590315191194
67,8.032346709990412e-05
67,4.650831412978249e-05
67,1.3705129994142517e-05
67,-1.6834306289073804e-05
67,-4.3819947229387004e-05
67,-6.585427783959796e-05
67,-8.164603626379066e-05
67,-9.048736945269155e-05
67,-9.259317482728062e-05
67,-8.891714090076595e-05
67,-8.055401370225624e-05
67,-6.823911053489236e-05
67,-5.2261692789840815e-05
67,-3.261336731246358e-05
67,-9.10934874551686e-06
67,1.84136520817905e-05
67,4.963756511152199e-05
67,8.33043139876788e-05
67,0.00011725818161992211
67,0.00014903022018759627
67,0.0001764599140048617
67,0.00019793568064938676
67,0.00021233445155079874
67,0.00021896029319547412
67,0.0002175751383068194
67,0.00020841131790305453
67,0.00019210716602571784
67,0.00016961437144662444
67,0.00014211422831076823
67,0.00011094323217828269
67,7.753448398419095e-05
67,4.336972687497568e-05
67,9.926604016557629e-06
67,-2.1342729777926017e-05
67,-4.895384805899777e-05
67,-7.135342791998197e-05
67,-8.712772970609098e-05
67,-9.547098703252042e-05
67,-9.653504899910688e-05
67,-9.126369734265326e-05
67,-8.080814734968431e-05
67,-6.60268627898251e-05
67,-4.738272419539569e-05
67,-2.507652467068506e-05
67,8.272017066115277e-07
67,3.0206511646451987e-05
67,6.248145963840817e-05
67,9.624446586195658e-05
67,0.00012933054496561198
67,0.00015934516987594784
67,0.0001842387947953913
67,0.00020257526585609786
67,0.0002135055379934984
67,0.00021666374108062172
67,0.00021211909106704923
67,0.00020035887508915393
67,0.0001822355214565036
67,0.00015886206607556934
67,0.00013149129605303944
67,0.00010142846573400172
67,6.999218518716193e-05
67,3.848416014118791e-05
67,8.147109813422744e-06
67,-1.983012276998931e-05
67,-4.4222907780498976e-05
67,-6.372810363515123e-05
67,-7.717554353835969e-05
67,-8.396418997590484e-05
67,-8.435483410370176e-05
67,-7.927651188274588e-05
67,-6.976092387540975e-05
67,-5.6483745829485886e-05
67,-3.970522834020563e-05
67,-1.9437127353500714e-05
67,4.4213256676428476e-06
67,3.189736948839733e-05
67,6.253956092732677e-05
67,9.502375842641988e-05
67,0.00012721727350567937
67,0.0001567350138040247
67,0.00018152393389396607
67,0.00020008973147809714
67,0.00021143966437233065
67,0.00021502236176328013
67,0.0002107540466079965
67,0.0001990250991769185
67,0.00018062503064898328
67,0.00015663148377019828
67,0.00012830780806422366
67,9.701832815213587e-05
67,6.416891181128129e-05
67,3.116772316540885e-05
67,-6.084032926519846e-07
67,-2.981439949441808e-05
67,-5.507275539582738e-05
67,-7.49484740203013e-05
67,-8.816852003334958e-05
67,-9.40796359364285e-05
67,-9.296526348532477e-05
67,-8.584380586688556e-05
67,-7.386831279857943e-05
67,-5.7843852270906296e-05
67,-3.816576437629952e-05
67,-1.4990837784927238e-05
67,1.1620090967174407e-05
67,4.150751916075992e-05
67,7.401833803583237e-05
67,0.00010765406083356567
67,0.00014017776681654444
67,0.0001691785956044855
67,0.00019264958198323247
67,0.00020922357372479464
67,0.00021811611291304534
67,0.0002190216064684152
67,0.00021208314641626364
67,0.0001978823720139066
67,0.0001773771644254891
67,0.0001517866105109672
67,0.00012246603867102382
67,9.081529558268274e-05
67,5.82307142482232e-05
67,2.6067026883554695e-05
67,-4.4072177216656105e-06
67,-3.200376537046113e-05
67,-5.552264200145177e-05
67,-7.370758636173386e-05
67,-8.546131865731625e-05
67,-9.028652550240343e-05
67,-8.856574771374638e-05
67,-8.133295089530443e-05
67,-6.968009363995202e-05
67,-5.430597523298473e-05
67,-3.5486777531689294e-05
67,-1.3261323844366244e-05
67,1.2430686078038197e-05
67,4.1554265783568055e-05
67,7.356038146111612e-05
67,0.00010700209429274525
67,0.00013963796166777375
67,0.00016902263294106
67,0.00019309649000666325
67,0.00021040109382764247
67,0.0002200138785074874
67,0.00022148275614536185
67,0.00021484370631824151
67,0.0002006177573585457
67,0.0001797280946355112
67,0.0001533797163423919
67,0.00012294683679556245
67,8.988370811846466e-05
67,5.5666347875494055e-05
67,2.1751568081165417e-05
67,-1.0462292476070268e-05
67,-3.9635451083457393e-05
67,-6.441512011928012e-05
67,-8.341121165384376e-05
67,-9.542972837306622e-05
67,-9.993529341531301e-05
67,-9.734169192370196e-05
67,-8.876622855651064e-05
67,-7.540465033221627e-05
67,-5.80597929740631e-05
67,-3.710778824369751e-05
67,-1.2686691902498769e-05
67,1.5154955695962903e-05
67,4.6251790147279374e-05
67,7.99098586718219e-05
67,0.00011455546948457434
67,0.00014786876182885033
67,0.00017737794525332282
67,0.00020104355422703474
67,0.000217479772256505
67,0.00022588670259380262
67,0.00022595413527134813
67,0.00021784558588684976
67,0.00020219201957529895
67,0.00018002240885722442
67,0.0001526401748094601
67,0.00012149216343851753
67,8.807053672491819e-05
67,5.385676234403421e-05
67,2.027678154681207e-05
67,-1.1345253897791504e-05
67,-3.977675956021652e-05
67,-6.377931658217358e-05
67,-8.20672049460912e-05
67,-9.35384943966937e-05
67,-9.773291680743506e-05
67,-9.51095382420734e-05
67,-8.679241574503157e-05
67,-7.394748296004114e-05
67,-5.731964617188961e-05
67,-3.720905936858064e-05
67,-1.3665492218727324e-05
67,1.3364333989310939e-05
67,4.3826583379007e-05
67,7.712468565396714e-05
67,0.00011173558566791365
67,0.0001453347761146197
67,0.000175412757816207
67,0.0001998772624560851
67,0.0002172661509540643
67,0.0002266720480900068
67,0.0002276670252767588
67,0.00022031583617742223
67,0.00020517525683750977
67,0.00018321512743947664
67,0.000155697355447581
67,0.0001240585934891963
67,8.981686810083118e-05
67,5.450937364284191e-05
67,1.9644033246355522e-05
67,-1.334811881156178e-05
67,-4.3113899397452854e-05
67,-6.82986018633649e-05
67,-8.751490823361407e-05
67,-9.957836449017588e-05
67,-0.00010397642114911764
67,-0.00010115949338129393
67,-9.228611543544922e-05
67,-7.858526311249312e-05
67,-6.0877953509061354e-05
67,-3.9543788941225335e-05
67,-1.4711398617717663e-05
67,1.3592137412932552e-05
67,4.522814959889884e-05
67,7.951810488791395e-05
67,0.00011487719102744033
67,0.00014894834194345498
67,0.00017921126879989367
67,0.0002035803444246839
67,0.00022062909146102025
67,0.00022952105377080037
67,0.00022991563783293339
67,0.0002219559227853721
67,0.00020626280018006655
67,0.0001838639007032144
67,0.00015607019061991673
67,0.00012434634080555647
67,9.021273137332136e-05
67,5.518813420500941e-05
67,2.0742829722588296e-05
67,-1.1750972579170216e-05
67,-4.101310771002795e-05
67,-6.576087814024564e-05
67,-8.46689245142393e-05
67,-9.660396032983972e-05
67,-0.00010108997696226806
67,-9.85911300571765e-05
67,-9.025412259223926e-05
67,-7.72749215202669e-05
67,-6.042599633259163e-05
67,-4.002764964620157e-05
67,-1.6141715670518456e-05
67,1.1279556672437108e-05
67,4.218002094077335e-05
67,7.595937355175581e-05
67,0.00011108553566249415
67,0.00014521838322062672
67,0.0001758278121822996
67,0.00020080014872534254
67,0.00021865565430785524
67,0.00022847432492842368
67,0.00022981771299978367
67,0.00022273988247306403
67,0.000207788619576684
67,0.00018593002405221278
67,0.00015842825483828248
67,0.0001267259572299666
67,9.234882009476889e-05
67,5.684247089281758e-05
67,2.172258857776688e-05
67,-1.1574494463559108e-05
67,-4.1691979611835624e-05
67,-6.726919582596102e-05
67,-8.69066471978421e-05
67,-9.940150432813133e-05
67,-0.00010422129686567582
67,-0.00010180198258801094
67,-9.329780685048185e-05
67,-7.994173499173781e-05
67,-6.255960334271328e-05
67,-4.152970468673932e-05
67,-1.6970486110714234e-05
67,1.1110300003591275e-05
67,4.260134020256269e-05
67,7.685388791666781e-05
67,0.00011230490258018038
67,0.00014660305463958816
67,0.0001772187074949634
67,0.00020204823721182167
67,0.00021964237693573188
67,0.00022913685630089094
67,0.00023015830301478284
67,0.00022281423888205135
67,0.00020768968862619228
67,0.00018577845011088451
67,0.00015836312714023382
67,0.000126889130357648
67,9.286822576590526e-05
67,5.782059097419711e-05
67,2.322663151479148e-05
67,-9.524653026504378e-06
67,-3.913308380558128e-05
67,-6.429524457245568e-05
67,-8.366273585344861e-05
67,-9.607326831895097e-05
67,-0.00010101701137318036
67,-9.89280147175877e-05
67,-9.093647329237869e-05
67,-7.823849205976833e-05
67,-6.161785769334968e-05
67,-4.140894605378101e-05
67,-1.7684822563321627e-05
67,9.596546069834744e-06
67,4.0381314019353406e-05
67,7.408091565427722e-05
67,0.00010918083688744612
67,0.00014335574521462082
67,0.00017408044546913105
67,0.000199236956035604
67,0.0002173386917045844
67,0.0002274608654503947
67,0.00022916046660664458
67,0.00022248290951225569
67,0.00020796202338185742
67,0.0001865465212415457
67,0.00015948141895642858
67,0.00012818900979645647
67,9.417452758461235e-05
67,5.896530309806e-05
67,2.406276309503649e-05
67,-9.106695039387512e-06
67,-3.919267909677142e-05
67,-6.483786575180495e-05
67,-8.464200175573754e-05
67,-9.73946480791358e-05
67,-0.00010254680966333572
67,-0.00010051146764323723
67,-9.242046036839591e-05
67,-7.949085891053152e-05
67,-6.253919104372272e-05
67,-4.1937207549178305e-05
67,-1.779657973584399e-05
67,9.883862018266917e-06
67,4.1007008069212706e-05
67,7.494591312522278e-05
67,0.0001101637332141819
67,0.00014433185572705945
67,0.00017493355250047902
67,0.00019986683243018879
67,0.00021767422610383122
67,0.00022747563759653423
67,0.0002288770151659983
67,0.00022196294478657664
67,0.00020729444113537458
67,0.0001858406723663939
67,0.00015886043780482013
67,0.0001277782068512727
67,9.408853461692157e-05
67,5.929808020357788e-05
67,2.487824253280348e-05
67,-7.7851550888628e-06
67,-3.738962324553945e-05
67,-6.262569448781119e-05
67,-8.213532033637757e-05
67,-9.474088881972605e-05
67,-9.991118081359778e-05
67,-9.805736282103395e-05
67,-9.029250442643074e-05
67,-7.780563002411223e-05
67,-6.138192618022319e-05
67,-4.136094344964825e-05
67,-1.7821517547823402e-05
67,9.273000673827761e-06
67,3.9865814499887565e-05
67,7.33716898184703e-05
67,0.00010828712145247658
67,0.0001423013636825146
67,0.00017290138277775208
67,0.00019797708900489808
67,0.0002160482701179728
67,0.00022619695883416995
67,0.00022798533627448405
67,0.00022145915695770123
67,0.00020714714499975645
67,0.00018598898660580668
67,0.000159217912185006
67,0.00012824212066103315
67,9.455128611062334e-05
67,5.965701595943599e-05
67,2.504577936755094e-05
67,-7.869939126871716e-06
67,-3.77526851516773e-05
67,-6.325709608125005e-05
67,-8.299281717604427e-05
67,-9.575410750182594e-05
67,-0.00010098791719667359
67,-9.909445678459859e-05
67,-9.118902458284223e-05
67,-7.847427578728685e-05
67,-6.175681968200261e-05
67,-4.140203048599789e-05
67,-1.7517292408345945e-05
67,9.902234569878635e-06
67,4.076528515326907e-05
67,7.44556557433978e-05
67,0.00010945139879338901
67,0.00014343865843645197
67,0.00017391115340021718
67,0.00019877146806369293
67,0.0002165613991116003
67,0.0002263964875412773
67,0.00022787679987353634
67,0.00022108079287885645
67,0.0002065626871473764
67,0.00018528319073087847
67,0.00015849108897803297
67,0.00012760038007333892
67,9.409548715685203e-05
67,5.947380242291519e-05
67,2.5199580640014558e-05
67,-7.344951618115176e-06
67,-3.685762417454479e-05
67,-6.202797709368951e-05
67,-8.149692543267715e-05
67,-9.408494646469777e-05
67,-9.925663634307026e-05
67,-9.741689723831574e-05
67,-8.967240600713658e-05
67,-7.720780902552766e-05
67,-6.080684529098768e-05
67,-4.081032762194656e-05
67,-1.730087767214724e-05
67,9.751868162060604e-06
67,4.028377169037872e-05
67,7.370466675450969e-05
67,0.00010851158725708021
67,0.00014239954958807522
67,0.00017286350266060947
67,0.00019780122349333189
67,0.00021574029449205758
67,0.00022577108124974577
67,0.00022746390263878494
67,0.00022087119942197913
67,0.00020652664713095907
67,0.00018537338790729576
67,0.0001586462225284479
67,0.00012775225243651735
67,9.417712199064819e-05
67,5.9425794310288985e-05
67,2.497594571152157e-05
67,-7.770240378752427e-06
67,-3.748616130554731e-05
67,-6.283696485213016e-05
67,-8.244187522122627e-05
67,-9.51029066075943e-05
67,-0.00010027144318701667
67,-9.834780066363782e-05
67,-9.044366794730475e-05
67,-7.775612990726238e-05
67,-6.108588689459978e-05
67,-4.079307642001355e-05
67,-1.6981071427708544e-05
67,1.0357768481819374e-05
67,4.1134456421552574e-05
67,7.473527958822889e-05
67,0.00010964106013849381
67,0.00014354069864953856
67,0.00017393058348884777
67,0.00019871565711569118
67,0.00021643905524489331
67,0.00022621633351452899
67,0.000227647062772682
67,0.00022080969645486842
67,0.0002062589131515131
67,0.00018495564247399923
67,0.00015814847325757854
67,0.00012725122259792834
67,9.374837010163345e-05
67,5.913745359749022e-05
67,2.4883030219481857e-05
67,-7.631970494397616e-06
67,-3.710458284825543e-05
67,-6.222430239197487e-05
67,-8.163318483262118e-05
67,-9.415364614594035e-05
67,-9.92523823066487e-05
67,-9.733613714403536e-05
67,-8.951294982529069e-05
67,-7.6968422044508e-05
67,-6.048735957265258e-05
67,-4.041246995230065e-05
67,-1.6829630355889625e-05
67,1.0286729020878112e-05
67,4.086653287881912e-05
67,7.431374775240367e-05
67,0.00010912121527783947
67,0.00014298230063210075
67,0.00017339251144333546
67,0.00019825184049167535
67,0.0002160918636971581
67,0.00022600891933059771
67,0.00022758067877983034
67,0.00022086733774885937
67,0.00020641022379728674
67,0.00018515976127707418
67,0.0001583569586579106
67,0.00012741315285575677
67,9.38158990358868e-05
67,5.906994993708755e-05
67,2.4650875424560313e-05
67,-8.042949937460021e-06
67,-3.768993182253139e-05
67,-6.2960798566133e-05
67,-8.248072246099944e-05
67,-9.505807476038061e-05
67,-0.00010015048303530599
67,-9.81631339315309e-05
67,-9.021001468705655e-05
67,-7.748763441916911e-05
67,-6.079403100608657e-05
67,-4.0485967970834214e-05
67,-1.6663842850548967e-05
67,1.0682183201015278e-05
67,4.14645101364052e-05
67,7.506973079270281e-05
67,0.00010997764838045406
67,0.00014387536830728236
67,0.0001742578207114875
67,0.00019902919238965985
67,0.0002167317737314553
67,0.00022647958805133693
67,0.00022787068651320867
67,0.00022098320051820649
67,0.00020637300558401265
67,0.0001850032607795458
67,0.00015812545116147128
67,0.00012715689975003618
67,9.358594645158234e-05
67,5.8913833702702574e-05
67,2.460835901143851e-05
67,-7.94478647605395e-06
67,-3.7440402159924124e-05
67,-6.256639537247086e-05
67,-8.196389515823148e-05
67,-9.445518803758252e-05
67,-9.95081278922105e-05
67,-9.75321994326745e-05
67,-8.963917859513922e-05
67,-7.701829039404929e-05
67,-6.0457216958342114e-05
67,-4.030095860209658e-05
67,-1.6637578253864246e-05
67,1.0556017428740104e-05
67,4.120667560589403e-05
67,7.471458607584929e-05
67,0.00010956850324754173
67,0.00014345813965302187
67,0.0001738764754594601
67,0.00019872265261893418
67,0.00021652946878946997
67,0.00022639639255156408
67,0.00022790527766089152
67,0.00022112072293883518
67,0.00020658851568864175
67,0.0001852637143602699
67,0.00015839185067579426
67,0.0001273881152218927
67,9.374298498546736e-05
67,5.896321528055622e-05
67,2.4525278249245733e-05
67,-8.172988623351643e-06
67,-3.7811924503979035e-05
67,-6.306505030958963e-05
67,-8.256065553763737e-05
67,-9.511031201665248e-05
67,-0.00010017475029877064
67,-9.816182263228641e-05
67,-9.018731284124665e-05
67,-7.744831463291413e-05
67,-6.074222594968435e-05
67,-4.04243711167603e-05
67,-1.659340387686247e-05
67,1.076245344659877e-05
67,4.1557736320896e-05
67,7.518078908695127e-05
67,0.00011011178186458141
67,0.0001440364635423183
67,0.00017444740203943217
67,0.00019924621507387558
67,0.0002169724909615222
67,0.00022673732441597967
67,0.00022813612271465453
67,0.00022124539591944842
67,0.00020662058642276817
67,0.00018522528930164952
67,0.00015831210652075966
67,0.00012730017345071522
67,9.368020829554371e-05
67,5.8956131063617366e-05
67,2.459858421008061e-05
67,-8.003783749804027e-06
67,-3.7542921135018e-05
67,-6.270423365946863e-05
67,-8.212669630442134e-05
67,-9.463080655178514e-05
67,-9.968347013059765e-05
67,-9.769469371359878e-05
67,-8.977824156611422e-05
67,-7.712601260626275e-05
67,-6.0528171152365454e-05
67,-4.0331663244615645e-05
67,-1.662612380103158e-05
67,1.0610095233594941e-05
67,4.130243571702345e-05
67,7.484970330592756e-05
67,0.00010973920328061484
67,0.00014365903197578056
67,0.00017410049621604813
67,0.0001989614952507384
67,0.0002167745884016244
67,0.00022664005469712363
67,0.00022814103256608536
67,0.00022134337506663068
67,0.00020679415836000016
67,0.0001854500316303032
67,0.0001585583314167114
67,0.00012753590145589798
67,9.387449473939388e-05
67,5.908171695982647e-05
67,2.4634314762615754e-05
67,-8.070413654061304e-06
67,-3.7714129660665625e-05
67,-6.297201109314467e-05
67,-8.247373511868872e-05
67,-9.503157589096816e-05
67,-0.00010010626519813994
67,-9.810535688225503e-05
67,-9.014450314120631e-05
67,-7.742085218549809e-05
67,-6.0731620595947555e-05
67,-4.0431405478545115e-05
67,-1.6617615476807842e-05
67,1.0723305527723945e-05
67,4.150834465229838e-05
67,7.512861141897246e-05
67,0.00011006626478706378
67,0.00014400734739137373
67,0.00017444314327989222
67,0.00019927315675874918
67,0.00021703449874339612
67,0.00022683552627752164
67,0.00022826887719800602
67,0.00022140862839625658
67,0.0002068082703162979
67,0.00018542987300268452
67,0.00015852500681364174
67,0.0001275124460543872
67,9.388324517191999e-05
67,5.9142243154704546e-05
67,2.4761515879441462e-05
67,-7.868446989460602e-06
67,-3.7437671090024643e-05
67,-6.262985486488244e-05
67,-8.20823250760798e-05
67,-9.461359018990892e-05
67,-9.968832468496817e-05
67,-9.771485721332767e-05
67,-8.980659374912861e-05
67,-7.715638322483005e-05
67,-6.055595522826627e-05
67,-4.03537842673436e-05
67,-1.6640818797653394e-05
67,1.0603504049639521e-05
67,4.1304040907723236e-05
67,7.485980293355117e-05
67,0.0001097588291901492
67,0.00014368969477557451
67,0.00017414338767232382
67,0.00019901698122056126
67,0.00021684247232544394
67,0.00022672020113501584
67,0.00022823365399964258
67,0.00022144887970336336
67,0.00020691297700427106
67,0.00018558263111328116
67,0.00015870520533898928
67,0.0001276973585445448
67,9.405035668626391e-05
67,5.927109279273151e-05
67,2.4835429788674717e-05
67,-7.860436986991876e-06
67,-3.7499502632599524e-05
67,-6.27583241470793e-05
67,-8.226758213650108e-05
67,-9.48396717121298e-05
67,-9.99343681952356e-05
67,-9.79576448480649e-05
67,-9.002375574377553e-05
67,-7.73290218835807e-05
67,-6.067010390220375e-05
67,-4.040089273244787e-05
67,-1.6617858916173547e-05
67,1.0693784675656981e-05
67,4.1452896599327384e-05
67,7.505318845673934e-05
67,0.00010997940097617945
67,0.00014391907504685125
67,0.0001743635340612995
67,0.00019921124922870064
67,0.0002169976752883585
67,0.000226829092910776
67,0.00022829584526564678
67,0.00022146977796549372
67,0.00020690236293352592
67,0.00018555386922097707
67,0.00015867435692835683
67,0.00012768152420643964
67,9.406580482486286e-05
67,5.93317942841887e-05
67,2.495170269719517e-05
67,-7.68346619171315e-06
67,-3.726304679188578e-05
67,-6.24700867059353e-05
67,-8.194109725546541e-05
67,-9.449309509681208e-05
67,-9.958851933904351e-05
67,-9.763347940417762e-05
67,-8.97401550963616e-05
67,-7.710146272401724e-05
67,-6.050998517585752e-05
67,-4.0315200571032706e-05
67,-1.660899641143205e-05
67,1.0628366855750097e-05
67,4.1321405042163614e-05
67,7.486970349429909e-05
67,0.00010976259118647975
67,0.00014368979386988645
67,0.00017414264277905087
67,0.000199017933667012
67,0.000216847469243326
67,0.00022673183252855164
67,0.00022825490781830442
67,0.0002214829014476395
67,0.00020696278176293004
67,0.000185650957964145
67,0.00015879437731496058
67,0.00012780903095198617
67,9.418524264793508e-05
67,5.942878919370024e-05
67,2.5014330507570132e-05
67,-7.663240668988357e-06
67,-3.728837455352788e-05
67,-6.253916733308609e-05
67,-8.204756844114776e-05
67,-9.462638977309833e-05
67,-9.97346212755641e-05
67,-9.77766026548855e-05
67,-8.986495051717353e-05
67,-7.719488582000439e-05
67,-6.0562373944790505e-05
67,-4.032068232812985e-05
67,-1.656565822806178e-05
67,1.0718194604116185e-05
67,4.145096497372895e-05
67,7.502840804589784e-05
67,0.00010993760323261198
67,0.00014386773621606977
67,0.00017431057158342984
67,0.00019916404179087013
67,0.00021696250848270566
67,0.0002268108646017555
67,0.0002282979615287105
67,0.00022149424108174024
67,0.000206949927485755
67,0.00018562414462673548
67,0.00015876590701744688
67,0.0001277920359954736
67,9.419226443668234e-05
67,5.947063155049302e-05
67,2.5099002074522443e-05
67,-7.531682010178326e-06
67,-3.7110662669003244e-05
67,-6.232092878946537e-05
67,-8.179881058468757e-05
67,-9.436055728253864e-05
67,-9.946710484226615e-05
67,-9.752287522276287e-05
67,-8.963897927329154e-05
67,-7.700818537779306e-05
67,-6.0423507674615584e-05
67,-4.023500022240347e-05
67,-1.65351838477299e-05
67,1.0694995667761393e-05
67,4.1379676989208926e-05
67,7.491883854553609e-05
67,0.00010980287206159304
67,0.00014372253250350753
67,0.00017416957519114746
67,0.00019904073896857426
67,0.00021686782534125157
67,0.00022675173705239
67,0.00022827679507177913
67,0.00022150949189607264
67,0.00020699691729736945
67,0.00018569552685652793
67,0.00015885220116216387
67,0.0001278826283527224
67,9.427654126014969e-05
67,5.9538883592856426e-05
67,2.5143297732607136e-05
67,-7.516520093797396e-06
67,-3.712641776498512e-05
67,-6.236601426598513e-05
67,-8.186857648737159e-05
67,-9.444749856149111e-05
67,-9.956130921168007e-05
67,-9.76131566201035e-05
67,-8.971444855740688e-05
67,-7.705960954724407e-05
67,-6.044409421661519e-05
67,-4.022069436634458e-05
67,-1.6484810552693324e-05
67,1.0779512360755395e-05
67,4.149320866916829e-05
67,7.505353683144491e-05
67,0.00010994932376328189
67,0.00014387093988985447
67,0.00017431038405165322
67,0.00019916511358559574
67,0.00021696870023521644
67,0.0002268251394961239
67,0.00022832238468649098
67,0.00022153009004289258
67,0.00020699783978113102
67,0.0001856842072062269
67,0.00015883771089716554
67,0.00012787475244258295
67,9.428471221956381e-05
67,5.9571318258293853e-05
67,2.5206211925013727e-05
67,-7.419760968934592e-06
67,-3.699593192414213e-05
67,-6.220551532745149e-05
67,-8.168503154712922e-05
67,-9.42504424923291e-05
67,-9.936174439172906e-05
67,-9.742219574717044e-05
67,-8.954217305659392e-05
67,-7.691438019720979e-05
67,-6.033216075807622e-05
67,-4.014597951814216e-05
67,-1.6448837700828378e-05
67,1.0777758433356603e-05
67,4.1457637582305236e-05
67,7.499111017907081e-05
67,0.00010986941201421948
67,0.00014378403257383292
67,0.00017422690488484022
67,0.00019909454972016937
67,0.00021691863117754694
67,0.00022680022665308767
67,0.00022832400252261175
67,0.00022155677957281985
67,0.0002070459472347535
67,0.0001857482691206616
67,0.00015891086699830606
67,0.00012794946811684995
67,9.435357250249507e-05
67,5.9627638742485536e-05
67,2.5244617978100798e-05
67,-7.402681240528501e-06
67,-3.700121217746814e-05
67,-6.22318543652281e-05
67,-8.172899790464588e-05
67,-9.4306566066523e-05
67,-9.942278490720374e-05
67,-9.747996330523658e-05
67,-8.958871715735177e-05
67,-7.694301624642922e-05
67,-6.0338026278659184e-05
67,-4.012620641718282e-05
67,-1.6402626604998147e-05
67,1.0848994470241238e-05
67,4.1550228222237895e-05
67,7.509950986465171e-05
67,0.0001099870113675578
67,0.0001439039235305767
67,0.00017434224804756553
67,0.00019919889506374273
67,0.00021700671241550628
67,0.00022686895871311193
67,0.0002283728936878431
67,0.00022158760417124348
67,0.00020706228252649606
67,0.0001857552479344228
67,0.0001589148532244473
67,0.00012795740428621003
67,9.437221830765091e-05
67,5.9662948861032944e-05
67,2.5301166387868443e-05
67,-7.3223410954577144e-06
67,-3.689705310952702e-05
67,-6.210650594913925e-05
67,-8.15875066176665e-05
67,-9.415584372557066e-05
67,-9.927073797165341e-05
67,-9.733449034844638e-05
67,-8.945693585511005e-05
67,-7.683083403339848e-05
67,-6.024988303373603e-05
67,-4.0064904123701336e-05
67,-1.6369263758248615e-05
67,1.0855138658184032e-05
67,4.153200361575039e-05
67,7.506208221848225e-05
67,0.00010993741294119025
67,0.00014385004149888246
67,0.00017429185297334406
67,0.00019915894605254333
67,0.000216982662426274
67,0.0002268640651927496
67,0.0002283879881328635
67,0.00022162144660397271
67,0.00020711204845159245
67,0.0001858168281070613
67,0.0001589831617577151
67,0.00012802689687618988
67,9.443745384007433e-05
67,5.9719019228635376e-05
67,2.5344109322656267e-05
67,-7.295076560955611e-06
67,-3.688632496283065e-05
67,-6.211153286977421e-05
67,-8.160600810128545e-05
67,-9.418404856299215e-05
67,-9.930350659453076e-05
67,-9.73658887578862e-05
67,-8.948114665405741e-05
67,-7.684296432975095e-05
67,-6.0246385893698e-05
67,-4.004368317147468e-05
67,-1.6329712844230857e-05
67,1.0912040115035805e-05
67,4.160370249366944e-05
67,7.514479858771925e-05
67,0.00011002674727271844
67,0.00014394145630645703
67,0.00017438082792535026
67,0.00019924113948193713
67,0.00021705447324607086
67,0.00022692336443645448
67,0.00022843442461071756
67,0.00022165622124461264
67,0.00020713760289557586
67,0.00018583669509704745
67,0.0001590017547129898
67,0.00012804905237584098
67,9.44678836856e-05
67,5.976185433684411e-05
67,2.5402474616682434e-05
67,-7.21953680923112e-06
67,-3.679383411384283e-05
67,-6.200429434138067e-05
67,-8.14880084326287e-05
67,-9.40605751229179e-05
67,-9.918042402140104e-05
67,-9.724889237181707e-05
67,-8.937527581431559e-05
67,-7.67523886162915e-05
67,-6.017426129164976e-05
67,-3.9992015496481064e-05
67,-1.629929032959268e-05
67,1.0921749673216814e-05
67,4.15948314487851e-05
67,7.512129603462492e-05
67,0.00010999408060024325
67,0.00014390580438722165
67,0.00017434825855004553
67,0.00019921703426859487
67,0.00021704302541207066
67,0.00022692710811249216
67,0.0002284540808401874
67,0.00022169095242615026
67,0.00020718536710898075
67,0.00018589447272435159
67,0.00015906578067119014
67,0.00012811519562721206
67,9.453205489313519e-05
67,5.982031838958792e-05
67,2.545215208643022e-05
67,-7.1807369212937715e-06
67,-3.6766831885304206e-05
67,-6.198890368438157e-05
67,-8.148302510426759e-05
67,-9.406370065944429e-05
67,-9.918824415718405e-05
67,-9.725724246491882e-05
67,-8.937994898553603e-05
67,-7.674981052279445e-05
67,-6.016184587061056e-05
67,-3.996824169013427e-05
67,-1.626372417423263e-05
67,1.0968397824992266e-05
67,4.165077457778205e-05
67,7.518401673190124e-05
67,0.00011006081232581133
67,0.00014397381075358068
67,0.0001744148174693063
67,0.00019927946285156622
67,0.00021709906492496276
67,0.00022697546842204757
67,0.00022849467652660802
67,0.00022172474916009097
67,0.00020721416783861662
67,0.00018592082106880277
67,0.00015909281508893987
67,0.00012814631818500245
67,9.4570529410944e-05
67,5.9868935510049e-05
67,2.5512924423332366e-05
67,-7.106912617880717e-06
67,-3.668046134876577e-05
67,-6.189199059911518e-05
67,-8.137891103570245e-05
67,-9.395663771771032e-05
67,-9.90827705685401e-05
67,-9.715760163017402e-05
67,-8.928979007476374e-05
67,-7.667212204560313e-05
67,-6.009889859893006e-05
67,-3.9921488815780875e-05
67,-1.6233748060444232e-05
67,1.0981964064269298e-05
67,4.16494980441827e-05
67,7.517091167510203e-05
67,0.00011004017273696674
67,0.00014395057304094947
67,0.0001743938536489114
67,0.0001992650842180375
67,0.00021709464255432738
67,0.00022698310583700977
67,0.00022851510443890863
67,0.00022175750900986266
67,0.00020725787445192957
67,0.0001859733384501502
67,0.0001591514321441594
67,0.00012820802292906686
67,9.463229674647589e-05
67,5.992794377388104e-05
67,2.5566766983910552e-05
67,-7.0599928577986496e-06
67,-3.664145560160718e-05
67,-6.1861187515777e-05
67,-8.13559384121936e-05
67,-9.394031978298126e-05
67,-9.90709996839719e-05
67,-9.714755155546833e-05
67,-8.927847573390821e-05
67,-7.665697583305415e-05
67,-6.0078076718513605e-05
67,-3.989392711285333e-05
67,-1.6199172642967534e-05
67,1.1023002658467772e-05
67,4.169572550128302e-05
67,7.522066982881825e-05
67,0.00011009181036181477
67,0.00014400258688810423
67,0.00017444476094800166
67,0.00019931336019400066
67,0.00021713898500717556
67,0.0002270228459987675
67,0.00022855038851867193
67,0.00022178918909218496
67,0.00020728735822093348
67,0.00018600252624069246
67,0.00015918261506415107
67,0.00012824364183186405
67,9.467464630976253e-05
67,5.997892515783111e-05
67,2.5627667231238038e-05
67,-6.988745664208061e-06
67,-3.6560514077153475e-05
67,-6.177237547217797e-05
67,-8.12621221463326e-05
67,-9.384502015019623e-05
67,-9.89778325368383e-05
67,-9.705975521537946e-05
67,-8.919873622540793e-05
67,-7.658746170327195e-05
67,-6.0020445975268635e-05
67,-3.98492592768576e-05
67,-1.6167931099217133e-05
67,1.104102850031537e-05
67,4.1701649805658e-05
67,7.521677995886859e-05
67,0.00011008149599693704
67,0.0001439898277254107
67,0.00017443350566486118
67,0.00019930708826555737
67,0.00021714041798694415
67,0.00022703372901448758
67,0.00022857142806566877
67,0.0002218201919908461
67,0.00020732743008817307
67,0.00018605020773582954
67,0.00015923601100449657
67,0.00012830061247492703
67,9.47330022692258e-05
67,6.0036570702747625e-05
67,2.568274630655921e-05
67,-6.937684144655849e-06
67,-3.6514445808814814e-05
67,-6.173186414090085e-05
67,-8.122733390195396e-05
67,-9.381554303736697e-05
67,-9.895248004448762e-05
67,-9.703667052649549e-05
67,-8.917583585496567e-05
67,-7.656292770635254e-05
67,-5.9992987831251576e-05
67,-3.981815350069641e-05
67,-1.613302809872445e-05
67,1.1079279689487336e-05
67,4.17423180228646e-05
67,7.525878147093663e-05
67,0.00011012392046327529
67,0.00014403198726090695
67,0.00017447473745384388
67,0.00019934663604288737
67,0.00021717761057945926
67,0.00022706829259708567
67,0.00022860362793203928
67,0.00022185075907082022
67,0.0002073574622806274
67,0.00018608113622061394
67,0.00015926953249647654
67,0.00012833851273285802
67,9.477693313286221e-05
67,6.008785978122505e-05
67,2.5742229455741163e-05
67,-6.869847339607691e-06
67,-3.64389501991414e-05
67,-6.165034532031747e-05
67,-8.11422606312724e-05
67,-9.372985930872866e-05
67,-9.886909777938542e-05
67,-9.69580808049953e-05
67,-8.910402476029403e-05
67,-7.649947917603311e-05
67,-5.9939129847807985e-05
67,-3.9774707998316294e-05
67,-1.610038176900272e-05
67,1.1101218878587815e-05
67,4.175433149872088e-05
67,7.526261813463656e-05
67,0.00011012228740014731
67,0.00014402812545959384
67,0.00017447186802078642
67,0.00019934757297691434
67,0.00021718454510443066
67,0.0002270826570817085
67,0.00022862606571561603
67,0.00022188123102080988
67,0.00020739539887165655
67,0.0001861255459318524
67,0.0001593190985442181
67,0.00012839172618547576
67,9.483222274889062e-05
67,6.01436836623311e-05
67,2.579717289611215e-05
67,-6.816960105441551e-06
67,-3.638902411966814e-05
67,-6.160408312048185e-05
67,-8.110016164598259e-05
67,-9.369201489190182e-05
67,-9.883494831092329e-05
67,-9.692644222623668e-05
67,-8.907344693214339e-05
67,-7.646867442364763e-05
67,-5.99072003696035e-05
67,-3.974117300980204e-05
67,-1.6065181468853473e-05
67,1.1137706078205718e-05
67,4.1791417172382624e-05
67,7.52996242125595e-05
67,0.00011015882230136614
67,0.00014406406457697984
67,0.00017450710575722404
67,0.0001993818652721323
67,0.00021721762836685222
67,0.00022711449277895617
67,0.00022865695776726005
67,0.00022191178214431832
67,0.00020742645194809516
67,0.0001861581725766754
67,0.00015935455572793424
67,0.00012843132504131093
67,9.48771567048832e-05
67,6.019487825083277e-05
67,2.585515621166613e-05
67,-6.752198280813303e-06
67,-3.631817884372939e-05
67,-6.152861787059918e-05
67,-8.102221790241535e-05
67,-9.361408031483676e-05
67,-9.875939307432046e-05
67,-9.685519484003113e-05
67,-8.900797530346574e-05
67,-7.641013394158803e-05
67,-5.985650389107199e-05
67,-3.969895083170299e-05
67,-1.603175738265189e-05
67,1.1162347379669147e-05
67,4.180782519505599e-05
67,7.530916369867547e-05
67,0.00011016370562163292
67,0.00014406699055217263
67,0.00017451075633663816
67,0.00019938855721822777
67,0.00021722915066952185
67,0.00022713202890864382
67,0.00022868107787347308
67,0.00022194252725764573
67,0.00020746345516462695
67,0.00018620075047957532
67,0.00015940178466810237
67,0.00012848213439695658
67,9.49304126268443e-05
67,6.024943756796454e-05
67,2.5909927775647167e-05
67,-6.6981827250597425e-06
67,-3.626576196853601e-05
67,-6.147858886510725e-05
67,-8.09752986681682e-05
67,-9.357070290500867e-05
67,-9.871942493444831e-05
67,-9.681791317433939e-05
67,-8.89723676084179e-05
67,-7.637528212530572e-05
67,-5.982178584133246e-05
67,-3.9664056130139e-05
67,-1.59966863674349e-05
67,1.1197274127577183e-05
67,4.184210424709449e-05
67,7.534242083572651e-05
67,0.00011019593253106835
67,0.00014409847269932134
67,0.00017454178753355875
67,0.00019941925544504174
67,0.00021725953646861874
67,0.00022716222292975207
67,0.0002287114008909203
67,0.00022197347712290999
67,0.0002074956761489756
67,0.000186235037813615
67,0.000159439059496808
67,0.0001285233466809494
67,9.497640801947086e-05
67,6.0300838126137044e-05
67,2.5967031172726717e-05
67,-6.635512554358514e-06
67,-3.619821974046142e-05
67,-6.14075110564967e-05
67,-8.090258641534135e-05
67,-9.349850907878437e-05
67,-9.864972153014138e-05
67,-9.675221366587953e-05
67,-8.891175586162725e-05
67,-7.632059447665227e-05
67,-5.977369932447161e-05
67,-3.9623055982313007e-05
67,-1.5963045322829917e-05
67,1.1223521818399845e-05
67,4.186134833476011e-05
67,7.535575953226958e-05
67,0.00011020523488060041
67,0.00014410606115079376
67,0.00017454996840505469
67,0.00019942999643083763
67,0.00021727434126181928
67,0.00022718209571125588
67,0.00022873685557999834
67,0.00022200460644854084
67,0.00020753225114827543
67,0.000186276587221301
67,0.00015948493136059102
67,0.00012857277294837585
67,9.502855518333608e-05
67,6.0354834371589105e-05
67,2.6022002420010667e-05
67,-6.580399741322517e-06
67,-3.6143775021399606e-05
67,-6.135459400093012e-05
67,-8.085208325647974e-05
67,-9.345109746388388e-05
67,-9.860557366142691e-05
67,-9.67109342406862e-05
67,-8.887264219433041e-05
67,-7.628298948674461e-05
67,-5.973717469857104e-05
67,-3.958741924435431e-05
67,-1.592833484084073e-05
67,1.125703314290254e-05
67,4.18932972212862e-05
67,7.538599879032863e-05
67,0.0001102340421482202
67,0.00014413402886227108
67,0.00017457769082225642
67,0.00019945786533241363
67,0.00021730259408220715
67,0.00022721097801391504
67,0.00022876670729892587
67,0.00022203585281676622
67,0.00020756539208697727
67,0.00018631221391719814
67,0.00015952371528996068
67,0.00012861539425190402
67,9.507559819809121e-05
67,6.040669097880301e-05
67,2.6078792002175143e-05
67,-6.518916994254334e-06
67,-3.607830724995308e-05
67,-6.128639979019111e-05
67,-8.078290287942948e-05
67,-9.338285190065555e-05
67,-9.853995301366518e-05
67,-9.664915354374918e-05
67,-8.88155063213235e-05
67,-7.6231101886377e-05
67,-5.9691040202610414e-05
67,-3.9547417085650406e-05
67,-1.589469948621671e-05
67,1.1284234219570682e-05
67,4.191434314677971e-05
67,7.54018029846076e-05
67,0.00011024623638157694
67,0.00014414467646727287
67,0.00017458884007933004
67,0.00019947124455406168
67,0.00021731951284056786
67,0.00022723232219786662
67,0.00022879296038336803
67,0.00022206715310109175
67,0.0002076016154282414
67,0.00018635304363506523
67,0.000159568692946281
67,0.00012866396385684836
67,9.512713372005779e-05
67,6.046050524142725e-05
67,2.6134155688939155e-05
67,-6.4627516331987355e-06
67,-3.602213701511898e-05
67,-6.123114550877564e-05
67,-8.072957954709931e-05
67,-9.333232381828515e-05
67,-9.849261971616717e-05
67,-9.660486025145457e-05
67,-8.877377479952807e-05
67,-7.619146210867239e-05
67,-5.965320170640713e-05
67,-3.9511270800489476e-05
67,-1.5860310248639415e-05
67,1.1316628141936226e-05
67,4.1944479702195816e-05
67,7.542970017241614e-05
67,0.00011027238233362168
67,0.0001441698925291807
67,0.0001746139469504642
67,0.00019949684187274184
67,0.00021734600440116464
67,0.0002272600527249057
67,0.00022882229186140895
67,0.00022209846580401922
67,0.00020763531156576176
67,0.00018638957223355272
67,0.00015960854859726125
67,0.0001287076330212733
67,9.517501050556787e-05
67,6.0512810955529474e-05
67,2.6190874083964454e-05
67,-6.40194394463604e-06
67,-3.5957967321688836e-05
67,-6.116482562171946e-05
67,-8.066274270132719e-05
67,-9.326673203333705e-05
67,-9.842976692745288e-05
67,-9.65457518001386e-05
67,-8.871901814192611e-05
67,-7.614149505494614e-05
67,-5.960840615856796e-05
67,-3.9471950044989126e-05
67,-1.5826671129057544e-05
67,1.134449440106456e-05
67,4.19667726005203e-05
67,7.544720030796208e-05
67,0.0001102865519215196
67,0.0001441826113987897
67,0.00017462708261838916
67,0.00019951195693143116
67,0.00021736427626726877
67,0.00022728229000912618
67,0.00022884896362140714
67,0.00022212974974590623
67,0.00020767116438206152
67,0.00018642979255753252
67,0.0001596528200219493
67,0.00012875555374228364
67,9.522610425906662e-05
67,6.056652273041805e-05
67,2.624657673709598e-05
67,-6.344939838331846e-06
67,-3.5900453859969916e-05
67,-6.110777328362314e-05
67,-8.060726537573645e-05
67,-9.321383459686921e-05
67,-9.838001796650989e-05
67,-9.649917364651877e-05
67,-8.867529662901714e-05
67,-7.61002963494041e-05
67,-5.9569540258653486e-05
67,-3.9435369194134314e-05
67,-1.579246059670907e-05
67,1.1376119781465024e-05
67,4.1995622096530045e-05
67,7.547340954902947e-05
67,0.00011031075998009618
67,0.00014420580476629061
67,0.00017465024625151198
67,0.00019953584206094623
67,0.0002173894091132631
67,0.00022730909021853737
67,0.0002288778134751541
67,0.00022216100216386993
67,0.00020770515636559783
67,0.00018646687557150705
67,0.00015969336531476724
67,0.00012879991128779872
67,9.527453307055025e-05
67,6.061912217507843e-05
67,2.630323298790929e-05
67,-6.284610786813978e-06
67,-3.583719391491603e-05
67,-6.104276194977434e-05
67,-8.05420610221679e-05
67,-9.315008797655817e-05
67,-9.831908559957783e-05
67,-9.644191357529879e-05
67,-8.862217703182525e-05
67,-7.605163762774282e-05
67,-5.95256369113095e-05
67,-3.939647060191397e-05
67,-1.5758754569044737e-05
67,1.1404523595278826e-05
67,4.2018863878398276e-05
67,7.549217184576702e-05
67,0.00011032638068399491
67,0.00014422003012085177
67,0.00017466481311923857
67,0.00019955219390710929
67,0.00021740862873920687
67,0.00022733193134122476
67,0.00022890473585383833
67,0.00022219221349023316
67,0.0002077406737850273
67,0.00018650658360615802
67,0.00015973705309784114
67,0.0001288472914167599
67,9.532524026494786e-05
67,6.06726991739982e-05
67,2.6359128073017736e-05
67,-6.227043840356651e-06
67,-3.5778743027560176e-05
67,-6.098443277151394e-05
67,-8.048503829324648e-05
67,-9.309547788156298e-05
67,-9.82675791746214e-05
67,-9.639366198960214e-05
67,-8.857698584909595e-05
67,-7.600927262587508e-05
67,-5.948598169059692e-05
67,-3.93595224805892e-05
67,-1.572461427313768e-05
67,1.1435657236994098e-05
67,4.2046850067431536e-05
67,7.551722865253236e-05
67,0.00011034925294701984
67,0.0001442418201332742
67,0.00017468662130324525
67,0.00019957487851332515
67,0.00021743280278405688
67,0.00022735806775086312
67,0.00022893323139982575
67,0.0002222234017267637
67,0.00020777484552172325
67,0.00018654402129157614
67,0.0001597780409236395
67,0.0001288920833486201
67,9.537400075437082e-05
67,6.0725442790138145e-05
67,2.6415673777086428e-05
67,-6.167120875372961e-06
67,-3.5716192809584686e-05
67,-6.092040960972077e-05
67,-8.042104528185644e-05
67,-9.303308490738634e-05
67,-9.82080436499784e-05
67,-9.633773617497342e-05
67,-8.852503816271482e-05
67,-7.596153955845241e-05
67,-5.944269546241973e-05
67,-3.9320894333840555e-05
67,-1.5690819027967013e-05
67,1.1464495868216585e-05
67,4.207082852401424e-05
67,7.553695740025348e-05
67,0.00011036597836352896
67,0.0001442571898536745
67,0.00017470227543492972
67,0.0001995921720304374
67,0.00021745274783218526
67,0.0002273813763912871
67,0.00022896035514732773
67,0.00022225456897433658
67,0.0002078101167172715
67,0.00018658334316030856
67,0.00015982127944025944
67,0.0001289390347327055
67,9.542438121839303e-05
67,6.077886735160563e-05
67,2.6471647230539676e-05
67,-6.109211153896362e-06
67,-3.565712900485081e-05
67,-6.086121988525856e-05
67,-8.036296279324888e-05
67,-9.297728675337937e-05
67,-9.815530779105e-05
67,-9.628830603346247e-05
67,-8.847880544065393e-05
67,-7.591834181486245e-05
67,-5.940246934668303e-05
67,-3.928366966565199e-05
67,-1.5656707758443046e-05
67,1.1495306121063507e-05
67,4.209823216348366e-05
67,7.556123050898624e-05
67,0.00011038794002279516
67,0.00014427802351277497
67,0.00017472316236314138
67,0.000199614045245953
67,0.00021747628056694801
67,0.00022740707772091507
67,0.00022898863024694405
67,0.0002222857357670839
67,0.0002078444315898248
67,0.00018662103834168902
67,0.0001598625765779388
67,0.00012898411942062382
67,9.547335107081069e-05
67,6.08316774582635e-05
67,2.6528069913588246e-05
67,-6.049628268030424e-06
67,-3.559513981740538e-05
67,-6.0797958484748636e-05
67,-8.029989031481334e-05
67,-9.291591284400868e-05
67,-9.809681690758517e-05
67,-9.623337324562778e-05
67,-8.84277268412704e-05
67,-7.587129333123837e-05
67,-5.935963837017803e-05
67,-3.9245239976474355e-05
67,-1.5622844697842306e-05
67,1.1524468905825237e-05
67,4.212275964343587e-05
67,7.558168085103726e-05
67,0.00011040549274899883
67,0.00014429425381188627
67,0.000174739638972764
67,0.00019963205765147665
67,0.0002174967883064926
67,0.0002274307612173063
67,0.0002290159335140715
67,0.0002223169006376675
67,0.00020787954835202552
67,0.00018666009737768708
67,0.00015990549838731808
67,0.00012903076006181527
67,9.55234855572437e-05
67,6.088497346085307e-05
67,2.6584073947247876e-05
67,-5.991503295452627e-06
67,-3.553567042283574e-05
67,-6.0738187396282316e-05
67,-8.024108388248755e-05
67,-9.285929763936365e-05
67,-9.804323206560306e-05
67,-9.61831274343851e-05
67,-8.838077286405288e-05
67,-7.582751978001592e-05
67,-5.9319019671723254e-05
67,-3.920782909720213e-05
67,-1.5588761494001584e-05
67,1.1555045035234924e-05
67,4.2149748492748785e-05
67,7.560540013547519e-05
67,0.00011042681463769285
67,0.00014431441953701143
67,0.0001747598870802971
67,0.00019965337383256296
67,0.0002175198878546967
67,0.00022745617792770085
67,0.000229044077381373
67,0.0002223480772272373
67,0.00020791398829738168
67,0.00018669799593075452
67,0.00015994703150318647
67,0.0001290760635998146
67,9.557260868428279e-05
67,6.093782833617652e-05
67,2.664039945823596e-05
67,-5.932178924438806e-06
67,-3.547410316404368e-05
67,-6.0675495794133075e-05
67,-8.017869774920388e-05
67,-9.279868216300434e-05
67,-9.79855182362753e-05
67,-9.612893398430145e-05
67,-8.833034318277236e-05
67,-7.578098565282395e-05
67,-5.9276535751320545e-05
67,-3.9169558973654436e-05
67,-1.5554863280637104e-05
67,1.1584430908887914e-05
67,4.217466460926678e-05
67,7.562636711888901e-05
67,0.00011044496385207793
67,0.00014433127391543058
67,0.00017477696382516656
67,0.00019967191502702226
67,0.0002175408147466838
67,0.000227480147566767
67,0.00022907152763749537
67,0.00022237925875908863
67,0.0002079490119815126
67,0.00018673688271096905
67,0.00015998974035131666
67,0.00012912249299732714
67,9.562257546204549e-05
67,6.099103769340465e-05
67,2.6696427677043102e-05
67,-5.8739006955367795e-06
67,-3.541434730353947e-05
67,-6.061531522463857e-05
67,-8.011938220904162e-05
67,-9.274149318787605e-05
67,-9.793133829952497e-05
67,-9.607811801455193e-05
67,-8.82828873096569e-05
67,-7.573681467440677e-05
67,-5.923565090424727e-05
67,-3.9132029566687576e-05
67,-1.5520814530107612e-05
67,1.161482586990258e-05
67,4.2201344178199136e-05
67,7.564967918523633e-05
67,0.00011046581890045292
67,0.00014435095485437735
67,0.00017479675049332825
67,0.00019969283105270654
67,0.00021756360567549022
67,0.00022750536491345332
67,0.00022909958473981605
67,0.0002224104520462406
67,0.00020798355314473666
67,0.0001867749398373673
67,0.00016003145587692696
67,0.00012916796633504775
67,9.567182027664035e-05
67,6.104393468846042e-05
67,2.6752691230936148e-05
67,-5.81475665610053e-06
67,-3.5353080450009615e-05
67,-6.055303299437989e-05
67,-8.005749185283921e-05
67,-9.268142782097995e-05
67,-9.787419027271522e-05
67,-9.602446520824126e-05
67,-8.823293473664684e-05
67,-7.569066187660954e-05
67,-5.9193428588760416e-05
67,-3.9093886502083926e-05
67,-1.54869033577634e-05
67,1.1644360104604426e-05
67,4.2226528164177065e-05
67,7.567100671770051e-05
67,0.00011048438692781248
67,0.00014436824904363307
67,0.0001748142513404046
67,0.00019971174684804707
67,0.00021758483032342885
67,0.00022752953876289267
67,0.00022912714130072923
67,0.00022244164832705934
67,0.00020801851473156827
67,0.0001868137094353105
67,0.00016007401978271652
67,0.0001292142530872882
67,9.572167623852449e-05
67,6.109709143127192e-05
67,2.6808745848215157e-05
67,-5.756360386862751e-06
67,-3.529311231387787e-05
67,-6.049255347126042e-05
67,-7.999780760219917e-05
67,-9.262382558644594e-05
67,-9.781958368899291e-05
67,-9.597324239583588e-05
67,-8.818512279034613e-05
67,-7.56462113053301e-05
67,-5.915235960530544e-05
67,-3.9056279946804264e-05
67,-1.545288806714234e-05
67,1.167461573902274e-05
67,4.225297603269583e-05
67,7.569401641898638e-05
67,0.0001105048965538421
67,0.0001443875716925823
67,0.00017483369692362295
67,0.00019973236670100413
67,0.0002176073921292252
67,0.00022755460709865776
67,0.0002291551321480949
67,0.00022247285168931373
67,0.00020805312872439297
67,0.00018685188254620254
67,0.00016011587015475804
67,0.00012925985364192758
67,9.577101478503321e-05
67,6.115002566231751e-05
67,2.6864972037211876e-05
67,-5.697339103453179e-06
67,-3.523205525875307e-05
67,-6.0430560398721245e-05
67,-7.993626976466598e-05
67,-9.256415322328722e-05
67,-9.776284149072762e-05
67,-9.591997884688785e-05
67,-8.813551514289401e-05
67,-7.5600335703766e-05
67,-5.911032934850804e-05
67,-3.901823298579747e-05
67,-1.5418972938905288e-05
67,1.1704250835173983e-05
67,4.22783464231668e-05
67,7.571559655647795e-05
67,0.00011052375859976171
67,0.0001444051746125811
67,0.00017485149504345296
67,0.00019975154428678824
67,0.00021762882371086206
67,0.00022757892132669054
67,0.00022918275971424123
67,0.00022250405441962565
67,0.00020808804293030405
67,0.00018689056661964744
67,0.00016015832998476253
67,0.00012930603924135367
67,9.582079353733973e-05
67,6.120314784378108e-05
67,2.6921049388908106e-05
67,-5.638854073733932e-06
67,-3.51719307210983e-05
67,-6.036986243124762e-05
67,-7.987631735524533e-05
67,-9.250625143292748e-05
67,-9.77079265800664e-05
67,-9.586846286836545e-05
67,-8.808744735622795e-05
67,-7.555568499467633e-05
67,-5.906912944223165e-05
67,-3.898057285761189e-05
67,-1.538498390244898e-05
67,1.1734403835639902e-05
67,4.2304624894732903e-05
67,7.573838556716909e-05
67,0.00011054401597849955
67,0.00014442423514336478
67,0.0001748706903627077
67,0.00019977194583250217
67,0.00021765121529913043
67,0.00022760387714537816
67,0.00022921069786474435
67,0.00022253526049458206
67,0.00020812270544928377
67,0.00018692882008952577
67,0.00016020027514805887
67,0.00012935172998062707
67,9.587019898072769e-05
67,6.12561089544498e-05
67,2.6977249209863096e-05
67,-5.579920345754511e-06
67,-3.511102373617853e-05
67,-6.030807651638796e-05
67,-7.981503231952086e-05
67,-9.244686113699269e-05
67,-9.765147591797355e-05
67,-9.581547926515721e-05
67,-8.803808808773495e-05
67,-7.55100092606154e-05
67,-5.902723788928102e-05
67,-3.894259554360966e-05
67,-1.5351066313852473e-05
67,1.1764111278891176e-05
67,4.2330129279810506e-05
67,7.576014722427858e-05
67,0.00011056308897468782
67,0.00014444205904885936
67,0.00017488870063467034
67,0.00019979130952227473
67,0.00021767279309806438
67,0.00022762828938130254
67,0.00022923837329685482
67,0.00022256646453206721
67,0.0002081575822437994
67,0.0001869674394068228
67,0.0001602426570201788
67,0.00012939783989558687
67,9.591991945887557e-05
67,6.130920371227614e-05
67,2.7033340486190732e-05
67,-5.5213738027156385e-06
67,-3.505078896014243e-05
67,-6.024722357660266e-05
67,-7.975488900731645e-05
67,-9.238874566894426e-05
67,-9.759634084969477e-05
67,-9.576375389702528e-05
67,-8.79898375761882e-05
67,-7.546521557249332e-05
67,-5.8985944364179865e-05
67,-3.890489696023865e-05
67,-1.5317095708349512e-05
67,1.179419150157567e-05
67,4.235628747476323e-05
67,7.57827793139712e-05
67,0.00011058316663924927
67,0.00014446093242607224
67,0.00017490771686506815
67,0.00019981155442808768
67,0.00021769506203406848
67,0.00022765316343347476
67,0.00022926627214053542
67,0.0002225976706593804
67,0.0002081922773418726
67,0.00018700574797784298
67,0.00016028466733218196
67,0.00012944359217313488
67,9.596936942485239e-05
67,6.136218032792818e-05
67,2.7089517295958643e-05
67,-5.462507302167609e-06
67,-3.4989994298576985e-05
67,-6.018559100727443e-05
67,-7.969378993363947e-05
67,-9.232956208533013e-05
67,-9.754010340121618e-05
67,-9.571097482585184e-05
67,-8.794065968506116e-05
67,-7.541968574676596e-05
67,-5.894415403809818e-05
67,-3.886697041548459e-05
67,-1.5283176133325494e-05
67,1.1823952141734361e-05
67,4.238189023311093e-05
67,7.580467409517682e-05
67,0.00011060239416885311
67,0.00014447891805025937
67,0.00017492588227497382
67,0.00019983105413928266
67,0.0002177167466523367
67,0.00022767764720272712
67,0.0002292939823743423
67,0.00022262887531595706
67,0.0002082271261898747
67,0.0001870443189616828
67,0.0001603269906784636
67,0.00012948964453831204
67,9.601904426071847e-05
67,6.141525105705349e-05
67,2.714561373472784e-05
67,-5.403921855161816e-06
67,-3.4929685904413484e-05
67,-6.0124632381561446e-05
67,-7.963351496514789e-05
67,-9.227129827670861e-05
67,-9.748481492723491e-05
67,-9.565910329758204e-05
67,-8.789228157356894e-05
67,-7.53747923077391e-05
67,-5.890279540755742e-05
67,-3.8829245411640774e-05
67,-1.524921892853527e-05
67,1.1853980998460904e-05
67,4.240796394116715e-05
67,7.582719613303442e-05
67,0.00011062234585367775
67,0.00014449766025759707
67,0.0001749447730446454
67,0.00019985118946675969
67,0.00021773893005601523
67,0.00022770246460443978
67,0.00022932185446769514
67,0.00022266008228671088
67,0.0002082618447522045
67,0.00018708266638027275
67,0.0001603690462294104
67,0.00012953543861050792
67,9.606852295161193e-05
67,6.146823473224051e-05
67,2.720176914969568e-05
67,-5.345109217631064e-06
67,-3.4868978050830245e-05
67,-6.0063116414167054e-05
67,-7.95725559837302e-05
67,-9.221226952079474e-05
67,-9.742873665347143e-05
67,-9.560647671884138e-05
67,-8.784323893397252e-05
67,-7.532937145577896e-05
67,-5.8861081003742625e-05
67,-3.879135747155713e-05
67,-1.5215298883967725e-05
67,1.1883780147792428e-05
67,4.2433638871867943e-05
67,7.584918902430151e-05
67,0.00011064168750302723
67,0.0001445157654944067
67,0.00017496305345164284
67,0.00019987079036465986
67,0.00021776069461996065
67,0.0002277270025404795
67,0.0002293495919271649
67,0.0002226912889671318
67,0.0002082966743738877
67,0.00018712120268122602
67,0.00016041132670078338
67,0.00012958144790186933
67,9.611816235818895e-05
67,6.15212846622419e-05
67,2.7257864904814184e-05
67,-5.2865009913536845e-06
67,-3.480862257447354e-05
67,-6.00020880708608e-05
67,-7.951219276990154e-05
67,-9.215390539134928e-05
67,-9.73733439875622e-05
67,-9.555450585132627e-05
67,-8.779477430648738e-05
67,-7.528441080062662e-05
67,-5.881967918792181e-05
67,-3.875361613007555e-05
67,-1.5181352875508737e-05
67,1.1913771722279971e-05
67,4.2459652631452117e-05
67,7.587163367006491e-05
67,0.00011066155098143301
67,0.00014453441614233336
67,0.00017498185697975205
67,0.00019989084991775319
67,0.0002177828194231199
67,0.0002277517818546661
67,0.000229377447073282
67,0.00022272249836339706
67,0.00020833141105594413
67,0.00018715957861511917
67,0.00016045341459668453
67,0.00012962727101219866
67,9.616765982582622e-05
67,6.15742706451725e-05
67,2.7314001268921976e-05
67,-5.22773162128183e-06
67,-3.4747982433515546e-05
67,-5.994066176081219e-05
67,-7.945134059984422e-05
67,-9.209499411383342e-05
67,-9.731738624540544e-05
67,-9.550199476607593e-05
67,-8.774583433743606e-05
67,-7.523907311318612e-05
67,-5.877802341014568e-05
67,-3.871575906592483e-05
67,-1.5147434549564571e-05
67,1.1943597662190731e-05
67,4.248537966444976e-05
67,7.5893698232948e-05
67,0.00011068097648852432
67,0.00014455260961672182
67,0.00017500022255096875
67,0.0001999105261652442
67,0.00021780464404653555
67,0.0002277763611701556
67,0.00022940520629002517
67,0.00022275370833184277
67,0.00020836622822921762
67,0.0001871980907948465
67,0.00016049566441182227
67,0.00012967324878004487
67,9.621727241389349e-05
67,6.162730342843556e-05
67,2.737009345854646e-05
67,-5.169110945353569e-06
67,-3.4687597778031314e-05
67,-5.987958852150739e-05
67,-7.939091950171374e-05
67,-9.203656355146145e-05
67,-9.726192434992103e-05
67,-9.544995800830889e-05
67,-8.769731270735548e-05
67,-7.519406880822185e-05
67,-5.873659453272775e-05
67,-3.867800911855517e-05
67,-1.5113498756387511e-05
67,1.1973561317093885e-05
67,4.251135024307871e-05
67,7.591608801729336e-05
67,0.00011070077793542786
67,0.0001445711962000216
67,0.00017501896534444895
67,0.00019993053336117133
67,0.0002178267288677297
67,0.00022780111516155797
67,0.00022943305112922474
67,0.00022278492109590982
67,0.0002084009792217276
67,0.00018723648806891248
67,0.00016053777586813256
67,0.00012971909245163135
67,9.626678235476274e-05
67,6.168028927461291e-05
67,2.7426213515841046e-05
67,-5.110376113811235e-06
67,-3.4627010490534e-05
67,-5.9818231436417626e-05
67,-7.933014927944437e-05
67,-9.197774207510041e-05
67,-9.720605864655055e-05
67,-9.539753526482691e-05
67,-8.764845161922114e-05
67,-7.514879552426492e-05
67,-5.869498488525532e-05
67,-3.864017746738867e-05
67,-1.5079583986591272e-05
67,1.2003405193797108e-05
67,4.253711439952641e-05
67,7.593820458137967e-05
67,0.0001107202647473767
67,0.00014458945447818497
67,0.00017503739373934355
67,0.00019995026549310643
67,0.00021784859840896445
67,0.00022782572591201647
67,0.0002294608275415991
67,0.00022281613477004381
67,0.000208435788505609
67,0.000187274983600946
67,0.00016058000385908586
67,0.00012976504719612852
67,9.631637465423279e-05
67,6.173330801994104e-05
67,2.7482300680160246e-05
67,-5.051749734414691e-06
67,-3.456660883237115e-05
67,-5.9757130453147766e-05
67,-7.926969145260857e-05
67,-9.191926883381128e-05
67,-9.71505521495397e-05
67,-9.534545627161018e-05
67,-8.75998939444595e-05
67,-7.510376438002908e-05
67,-5.865354052740765e-05
67,-3.860242461719619e-05
67,-1.504565800517387e-05
67,1.2033347233746091e-05
67,4.256305329048912e-05
67,7.596055499721512e-05
67,0.00011074002215544482
67,0.0001446079958680531
67,0.0001750560939282157
67,0.00019997023621354335
67,0.00021787065568411014
67,0.0002278504628727931
67,0.00022948866607011098
67,0.0002228473509178874
67,0.000208470550545501
67,0.00018731339669306895
67,0.00016062213235280517
67,0.00012981090528214493
67,9.636589264772572e-05
67,6.178629221684459e-05
67,2.753840675183468e-05
67,-4.99304273697803e-06
67,-3.450606324057635e-05
67,-5.9695827369637324e-05
67,-7.920898473028739e-05
67,-9.18605167263759e-05
67,-9.709475754892683e-05
67,-9.529310197484419e-05
67,-8.755109433216059e-05
67,-7.505854180427843e-05
67,-5.861196791922906e-05
67,-3.856461443482833e-05
67,-1.50117481821427e-05
67,1.2063202517457258e-05
67,4.258884352112398e-05
67,7.598270903381117e-05
67,0.0001107595535959159
67,0.0001446263015534244
67,0.00017507456845729266
67,0.00019999000958209802
67,0.00021789255859550697
67,0.00022787509724361393
67,0.00022951645575901828
67,0.00022287856802324007
67,0.00020850535471758923
67,0.00018735188053463331
67,0.00016066434458113343
67,0.00012985684298027524
67,9.641546936844854e-05
67,6.183929929853558e-05
67,2.7594488086172845e-05
67,-4.934415144274213e-06
67,-3.444565287154604e-05
67,-5.9634710449788075e-05
67,-7.9148504832621e-05
67,-9.180201732149558e-05
67,-9.70392235986307e-05
67,-9.524099722218272e-05
67,-8.75025151811731e-05
67,-7.50134954480163e-05
67,-5.8570516005777044e-05
67,-3.8526862426058116e-05
67,-1.4977831407282242e-05
67,1.2093127732000904e-05
67,4.261475919022358e-05
67,7.600503137321886e-05
67,0.0001107792799838928
67,0.00014464481131268477
67,0.00017509323899280723
67,0.00020000995510413032
67,0.00021791459707254905
67,0.00022789982288174784
67,0.00022954429054668557
67,0.0002229097872482546
67,0.00020854012513318523
67,0.0001873903051485705
67,0.00016070648512363494
67,0.00012990271080610662
67,9.646499202476671e-05
67,6.189228061023558e-05
67,2.7650581776635352e-05
67,-4.875731137586024e-06
67,-3.4385140845324136e-05
67,-5.957345026228306e-05
67,-7.908784813956793e-05
67,-9.17433196113856e-05
67,-9.698348470202601e-05
67,-9.518869669090555e-05
67,-8.745376413249524e-05
67,-7.496831330714709e-05
67,-5.8528973461070067e-05
67,-3.848907044624122e-05
67,-1.4943927108965281e-05
67,1.2122990144644586e-05
67,4.264056795175545e-05
67,7.602721280004302e-05
67,0.00011079884437318654
67,0.0001446631521600183
67,0.00017511174786325525
67,0.00020002975930620033
67,0.00021793652510069275
67,0.00022792447523196317
67,0.00022957209060548426
67,0.00022294100743964972
67,0.00020857492599724717
67,0.00018742878063759423
67,0.00016074868568129018
67,0.00012994863545038666
67,9.65145562327841e-05
67,6.194527742486584e-05
67,2.7706656407430562e-05
67,-4.817105839130955e-06
67,-3.432472797089563e-05
67,-5.951232608244461e-05
67,-7.902735682991687e-05
67,-9.16848059691711e-05
67,-9.692793561691729e-05
67,-9.513657795255739e-05
67,-8.740517385084493e-05
67,-7.492325991886813e-05
67,-5.848751945480965e-05
67,-3.845132168919346e-05
67,-1.4910018781103403e-05
67,1.2152902347027761e-05
67,4.2666466875728996e-05
67,7.604951557475229e-05
67,0.00011081854950578317
67,0.00014468164044159252
67,0.0001751303984223664
67,0.00020004968805155724
67,0.00021795855132572013
67,0.00022794919385150556
67,0.0002295999236282846
67,0.000222972229546624
67,0.00020860970280739015
67,0.00018746721355529657
67,0.0001607908344742878
67,0.00012999450936806284
67,9.656408078777875e-05
67,6.199825461623814e-05
67,2.7762738497172163e-05
67,-4.758441733801004e-06
67,-3.4264244052712687e-05
67,-5.945110115398417e-05
67,-7.896674078327802e-05
67,-9.16261521665641e-05
67,-9.68722415841348e-05
67,-9.50843207929148e-05
67,-8.735646218314565e-05
67,-7.487811088921643e-05
67,-5.844600197720941e-05
67,-3.841354552807477e-05
67,-1.4876120345984847e-05
67,1.2182768922244286e-05
67,4.269228889862451e-05
67,7.607171734536422e-05
67,0.00011083813868433519
67,0.00014470000790278646
67,0.00017514893341584922
67,0.00020006951586303728
67,0.00021798049877731442
67,0.00022797386034357383
67,0.00022962773215208997
67,0.0002230034527080463
67,0.00020864450172775384
67,0.00018750568309212464
67,0.00016083302625040954
67,0.00013004042372756516
67,9.66136345238281e-05
67,6.205124194301486e-05
67,2.7818805536541635e-05
67,-4.6998215274737855e-06
67,-3.420383342636132e-05
67,-5.938997625859933e-05
67,-7.890624603612022e-05
67,-9.156763316062335e-05
67,-9.681668649139669e-05
67,-9.503219677163216e-05
67,-8.730786841508151e-05
67,-7.483305651903894e-05
67,-5.8404549941673985e-05
67,-3.837580185515855e-05
67,-1.4842219985328295e-05
67,1.221267080987412e-05
67,4.2718175731243305e-05
67,7.609400672035463e-05
67,0.00011085782965041346
67,0.00014471848209376915
67,0.0001751675710747731
67,0.00020008943402735982
67,0.0002180025176022689
67,0.00022799857517131954
67,0.0002296555649485285
67,0.0002230346776768938
67,0.00020867928361462828
67,0.00018754412207741514
67,0.0001608751806248465
67,0.0001300863011641748
67,9.666315900885074e-05
67,6.210421410648168e-05
67,2.7874876550001404e-05
67,-4.641175146505804e-06
67,-3.4143373749212746e-05
67,-5.932878117189274e-05
67,-7.884566396809709e-05
67,-9.150901579033067e-05
67,-9.676102959066452e-05
67,-9.497997558073582e-05
67,-8.725918959504463e-05
67,-7.478793539008497e-05
67,-5.836305398694753e-05
67,-3.8338039841642746e-05
67,-1.4808327679469328e-05
67,1.224253941632141e-05
67,4.274400723750921e-05
67,7.611622378248366e-05
67,0.00011087743777492832
67,0.00014473687006271392
67,0.00017518612634406504
67,0.0002001092803308762
67,0.00021802448046690686
67,0.00022802325313120114
67,0.0002296833806492169
67,0.0002230659038080635
67,0.00020871408167166483
67,0.00018758258749518916
67,0.0001609173657977736
67,0.0001301322073343393
67,9.671270385397865e-05
67,6.215719262609598e-05
67,2.7930935480760705e-05
67,-4.582561926003739e-06
67,-3.408296866908799e-05
67,-5.926766013262745e-05
67,-7.878517136719628e-05
67,-9.145049765104548e-05
67,-9.670547490865986e-05
67,-9.492785238846936e-05
67,-8.721059768437465e-05
67,-7.474288423041467e-05
67,-5.832160667917258e-05
67,-3.830030239793129e-05
67,-1.4774434752756119e-05
67,1.2272433142157694e-05
67,4.276988554396239e-05
67,7.613850440820225e-05
67,0.00011089711990526773
67,0.00014475533572033428
67,0.00017520475643344739
67,0.00020012919260756635
67,0.00021804649561031852
67,0.0002280479667035877
67,0.0002297112145243989
67,0.00022309713179292053
67,0.0002087488678213004
67,0.0001876210310447062
67,0.0001609595239132117
67,0.00013017808649424888
67,9.676222689642838e-05
67,6.22101591480858e-05
67,2.7986995826571865e-05
67,-4.52393167351586e-06
67,-3.402253041339501e-05
67,-5.920649094372406e-05
67,-7.872461842313211e-05
67,-9.139191125808816e-05
67,-9.664984947343868e-05
67,-9.487566170683645e-05
67,-8.716194685555363e-05
67,-7.469778708031787e-05
67,-5.828012950308591e-05
67,-3.826255311694226e-05
67,-1.4740548545519932e-05
67,1.2302302477100176e-05
67,4.2795724064105296e-05
67,7.616073339807228e-05
67,0.00011091674306212582
67,0.00014477374010304713
67,0.00017522332806662577
67,0.00020014905401326383
67,0.00021806847129589462
67,0.00022807265449392903
67,0.0002297390367485033
67,0.00022312836113393185
67,0.00020878366595213736
67,0.0001876594937467187
67,0.00016100170406697524
67,0.00013022398590842337
67,9.68117638448099e-05
67,6.226312915618723e-05
67,2.8043046024662613e-05
67,-4.465327107002704e-06
67,-3.396213360375856e-05
67,-5.914537745521067e-05
67,-7.866413243848195e-05
67,-9.133339892867883e-05
67,-9.659430027038331e-05
67,-9.482354417912809e-05
67,-8.711336107658056e-05
67,-7.465274257306012e-05
67,-5.823868932520963e-05
67,-3.822482313776153e-05
67,-1.4706663084137126e-05
67,1.2332189168327764e-05
67,4.282159600887843e-05
67,7.618300825692954e-05
67,0.00011093641985794927
67,0.00014479220093010454
67,0.0001752419541694779
67,0.00020016896355781706
67,0.00021809048525784405
67,0.00022809736852359488
67,0.00022976687258472096
67,0.0002231595922383073
67,0.0002088184558226123
67,0.00018769794085615136
67,0.0001610438646809526
67,0.0001302698655676075
67,9.686128448891472e-05
67,6.231608958103796e-05
67,2.809909593641751e-05
67,-4.406711949655552e-06
67,-3.3901714913209056e-05
67,-5.90842315523013e-05
67,-7.860360541093573e-05
67,-9.127483994195005e-05
67,-9.653870263878689e-05
67,-9.477138054603321e-05
67,-8.706473525835566e-05
67,-7.46076671271971e-05
67,-5.8197229517040897e-05
67,-3.818708614334324e-05
67,-1.4672783541530172e-05
67,1.2362057685672585e-05
67,4.284743914331235e-05
67,7.620524613209523e-05
67,0.00011095605461803075
67,0.0001448106181841327
67,0.00017526053879203643
67,0.00020018883711660478
67,0.0002181124714379573
67,0.00022812206455649945
67,0.00022979470051043727
67,0.00022319082468276314
67,0.00020885325453949473
67,0.00018773640180282607
67,0.0001610860410094991
67,0.000130315759426819
67,9.691081450172089e-05
67,6.236905158025574e-05
67,2.8155137287535192e-05
67,-4.348116868382735e-06
67,-3.384132795368899e-05
67,-5.902312788347117e-05
67,-7.85431288643469e-05
67,-9.121633661272854e-05
67,-9.648316224475678e-05
67,-9.47192719062354e-05
67,-8.701615849140081e-05
67,-7.45626316012329e-05
67,-5.81557980960124e-05
67,-3.81493644686883e-05
67,-1.4638905563346285e-05
67,1.2391938125322146e-05
67,4.287330621038748e-05
67,7.62275172417288e-05
67,0.00011097572842260121
67,0.00014482907662296298
67,0.00017527916323810833
67,0.00020020874595966478
67,0.00021813448578306927
67,0.0002281467800385753
67,0.0002298225387218182
67,0.00022322205878966029
67,0.00020888804757318073
67,0.0001877748516165396
67,0.000161128203148304
67,0.00013036163868450874
67,9.696033211228755e-05
67,6.242200570776989e-05
67,2.8211177127637046e-05
67,-4.289515808672222e-06
67,-3.37809271962669e-05
67,-5.896200306359618e-05
67,-7.848262509268252e-05
67,-9.115780208346786e-05
67,-9.642758939406538e-05
67,-9.466713244226795e-05
67,-8.696755513705939e-05
67,-7.451757581538404e-05
67,-5.811435425810856e-05
67,-3.8111639097103555e-05
67,-1.4605032775291138e-05
67,1.2421805019626848e-05
67,4.2899152522270106e-05
67,7.624976206227783e-05
67,0.00011099537252679632
67,0.00014484750438169662
67,0.0001752977585649657
67,0.00020022862963498715
67,0.0002181564808203656
67,0.00022817148317736693
67,0.000229850371742286
67,0.0002232532942372506
67,0.00020892284720393263
67,0.00018781331144324324
67,0.00016117037644248458
67,0.00013040752776913425
67,9.700985580297173e-05
67,6.247496000333899e-05
67,2.826720951183451e-05
67,-4.230930829170943e-06
67,-3.37205512028659e-05
67,-5.890091078081958e-05
67,-7.842215992247781e-05
67,-9.10993099413953e-05
67,-9.637206007795508e-05
67,-9.461503486175674e-05
67,-8.691898928459769e-05
67,-7.447255076469545e-05
67,-5.8072932576859265e-05
67,-3.80739261288481e-05
67,-1.4571162076070206e-05
67,1.2451679993384022e-05
67,4.2925016006443546e-05
67,7.627203110559968e-05
67,0.00011101504526446124
67,0.00014486596244349254
67,0.00017531638328590254
67,0.00020024853947155015
67,0.00021817849688563466
67,0.00022819620101456863
67,0.00022987821277480213
67,0.00022328453136532134
67,0.00020895764307093741
67,0.0001878517633944652
67,0.0001612125394368403
67,0.00013045340599322587
67,9.705936992343133e-05
67,6.25279076820813e-05
67,2.8323239524653414e-05
67,-4.172343180816745e-06
67,-3.3660167236098924e-05
67,-5.8839805482372245e-05
67,-7.836167751373907e-05
67,-9.104079776038508e-05
67,-9.631650983025301e-05
67,-9.456291748740734e-05
67,-8.687040656903216e-05
67,-7.442751318907111e-05
67,-5.803150371595851e-05
67,-3.803621189679701e-05
67,-1.4537296091844978e-05
67,1.2481544701119422e-05
67,4.295086448585302e-05
67,7.629428152389877e-05
67,0.00011103469715044128
67,0.00014488439906358536
67,0.00017533498774225582
67,0.00020026843189647944
67,0.0002182004997216065
67,0.00022822091056918072
67,0.00022990605057999206
67,0.00022331576985134
67,0.00020899244393154964
67,0.00018789022261112974
67,0.00016125471029573423
67,0.00013049929087513405
67,9.710888772027166e-05
67,6.258085445948578e-05
67,2.837926281076748e-05
67,-4.11376879703922e-06
67,-3.3599803084900685e-05
67,-5.877872582124242e-05
67,-7.830122523784317e-05
67,-9.098231850001079e-05
67,-9.626099334355444e-05
67,-9.451083264122467e-05
67,-8.682185310589397e-05
67,-7.438249978340906e-05
67,-5.799009255954578e-05
67,-3.799850799186002e-05
67,-1.4503432586442317e-05
67,1.251141471404652e-05
67,4.29767252528178e-05
67,7.631654965181594e-05
67,0.00011105437015058989
67,0.00014490285812039796
67,0.0001753536140322567
67,0.00020028834383845607
67,0.00021822251834981244
67,0.0002282456312865309
67,0.00022993389462844238
67,0.0002233470098949057
67,0.0002090272422757924
67,0.0001879286761630665
67,0.0001612968735210527
67,0.0001305451674675238
67,9.715839787819807e-05
67,6.263379541148544e-05
67,2.8435282988295484e-05
67,-4.055194230891388e-06
67,-3.353943522996964e-05
67,-5.871763904559302e-05
67,-7.824076293372842e-05
67,-9.092382724315253e-05
67,-9.620546420943212e-05
67,-9.445873590785181e-05
67,-8.677328973380152e-05
67,-7.433747937614661e-05
67,-5.7948677962033655e-05
67,-3.7960804547466134e-05
67,-1.4469573419276776e-05
67,1.2541276864531146e-05
67,4.300257519807993e-05
67,7.633880470283881e-05
67,0.00011107402869490893
67,0.00014492130242100187
67,0.00017537222647068596
67,0.00020030824399536854
67,0.00021824452817572023
67,0.0002282703466933147
67,0.00022996173690923187
67,0.00022337825134732673
67,0.00020906204448840006
67,0.00018796713502367116
67,0.00016133904225379078
67,0.0001305910484318167
67,9.720790997183864e-05
67,6.268673469665077e-05
67,2.8491296976966858e-05
67,-3.996630897744353e-06
67,-3.3479083634047125e-05
67,-5.865657295825067e-05
67,-7.818032469623421e-05
67,-9.086536211843098e-05
67,-9.614996181979276e-05
67,-9.4406664991534e-05
67,-8.672474970615797e-05
67,-7.429247844552402e-05
67,-5.790727789615124e-05
67,-3.792310997441068e-05
67,-1.4435717066776138e-05
67,1.2571142256030278e-05
67,4.302843385124598e-05
67,7.636107271801193e-05
67,0.0001110937028826012
67,0.0001449397634453243
67,0.000175390855262522
67,0.00020032815885121088
67,0.00021826654999200195
67,0.00022829507070437635
67,0.0002299895841759168
67,0.00022340949430757205
67,0.00020909684514014713
67,0.0001880055898880063
67,0.00016138120536588656
67,0.00013063692305565622
67,9.725741590767048e-05
67,6.273966881481001e-05
67,2.8547307416506865e-05
67,-3.938069089787685e-06
67,-3.341873133483973e-05
67,-5.8595503935507775e-05
67,-7.811988155774537e-05
67,-9.080689074302755e-05
67,-9.60944527344369e-05
67,-9.435458789204952e-05
67,-8.667620480217436e-05
67,-7.424747452228762e-05
67,-5.786587710530265e-05
67,-3.788541712258527e-05
67,-1.4401864810221952e-05
67,1.2601001471798808e-05
67,4.305428464556615e-05
67,7.638333161024048e-05
67,0.00011111336718143557
67,0.0001449582144817492
67,0.00017540947477656974
67,0.0002003480659379543
67,0.00021828856616153434
67,0.00022831979150994008
67,0.00023001743067916017
67,0.00022344073866224022
67,0.00020913164880603704
67,0.000188044048624403
67,0.00016142337228267062
67,0.00013068280042133232
67,9.730692255478408e-05
67,6.279260074838118e-05
67,2.8603312091204053e-05
67,-3.879517012299368e-06
67,-3.3358392686519716e-05
67,-5.8534451975161215e-05
67,-7.805945803841788e-05
67,-9.074844051856074e-05
67,-9.603896524224773e-05
67,-9.430253167631274e-05
67,-8.662767888150484e-05
67,-7.420248658692957e-05
67,-5.7824488456495866e-05
67,-3.7847731987272653e-05
67,-1.43680154947554e-05
67,1.2630862568889442e-05
67,4.308014170680339e-05
67,7.64056001854456e-05
67,0.00011113304330872139
67,0.00014497667823808625
67,0.0001754281067993485
67,0.0002003679843568049
67,0.00021831059168607027
67,0.00022834451916157935
67,0.00023004528132803938
67,0.00022347198453355564
67,0.00020916645162316432
67,0.00018808250456187135
67,0.000161465534995386
67,0.0001307286728031961
67,9.735642406322528e-05
67,6.284552794370966e-05
67,2.8659312859631944e-05
67,-3.82096771999977e-06
67,-3.329805553066358e-05
67,-5.84734001370875e-05
67,-7.799903336192214e-05
67,-9.068998822351937e-05
67,-9.598347536343985e-05
67,-9.425047339113434e-05
67,-8.657915170354148e-05
67,-7.415749852903846e-05
67,-5.778310102063114e-05
67,-3.781004947005134e-05
67,-1.4334170084849933e-05
67,1.2660718735699121e-05
67,4.310599307741299e-05
67,7.642786251532355e-05
67,0.00011115271287358061
67,0.00014499513549217616
67,0.00017544673288909026
67,0.0002003878979340399
67,0.00021833261386172573
67,0.00022836924515525766
67,0.000230073131980957
67,0.00022350323184301284
67,0.0002092012568934185
67,0.0001881209633829651
67,0.0001615077003153784
67,0.0001307745467632071
67,9.740592540089573e-05
67,6.289845256588457e-05
67,2.871530813327457e-05
67,-3.7624271177047727e-06
67,-3.32377301893316e-05
67,-5.841236279314173e-05
67,-7.793862515309467e-05
67,-9.063155356301672e-05
67,-9.592800344965115e-05
67,-9.419843251692373e-05
67,-8.653064044877125e-05
67,-7.411252402634558e-05
67,-5.774172407641131e-05
67,-3.777237389823315e-05
67,-1.4300327761706632e-05
67,1.2690575752700011e-05
67,4.313184890219983e-05
67,7.645013211326262e-05
67,0.00011117239148499217
67,0.00014501360256464243
67,0.00017546536870893418
67,0.00020040782041402797
67,0.0002183546434925181
67,0.00022839397673557035
67,0.00023010098617207142
67,0.00022353448066922532
67,0.00020923606182196526
67,0.00018815942027206717
67,0.0001615498624755473
67,0.00013082041674797142
67,9.745542235926491e-05
67,6.295137278073997e-05
67,2.8771299260742922e-05
67,-3.7038902056047825e-06
67,-3.317740792140323e-05
67,-5.8351327772227e-05
67,-7.787821848753818e-05
67,-9.05731198457019e-05
67,-9.587253225775353e-05
67,-9.414639255238006e-05
67,-8.648213057044344e-05
67,-7.406755150601162e-05
67,-5.7700349786950266e-05
67,-3.7734701637504026e-05
67,-1.4266489254987542e-05
67,1.2720428684091904e-05
67,4.315770054975643e-05
67,7.647239749569521e-05
67,0.00011119206587930183
67,0.00014503206558586304
67,0.00017548400095421018
67,0.0002004277401310099
67,0.0002183766714130016
67,0.0002284187077607408
67,0.00023012884091747345
67,0.00022356573096402575
67,0.0002092708687922099
67,0.00018819787930487945
67,0.00016159202635199825
67,0.00013086628746838367
67,9.750491850565716e-05
67,6.3004290137186e-05
67,2.8827285103332544e-05
67,-3.645361212418005e-06
67,-3.311709613052265e-05
67,-5.8290305396606075e-05
67,-5.949737831341506e-05
