67,0.0
67,3.7775572321913375e-05
67,3.7775572321913375e-05
67,3.777521198882747e-05
67,3.7755294684854305e-05
67,3.7694777129207464e-05
67,3.7586542279759985e-05
67,3.7457211300226465e-05
67,3.7434743897968074e-05
67,3.768383886558884e-05
67,3.829675683367334e-05
67,3.932018949249283e-05
67,4.083031025848222e-05
67,4.29029694666963e-05
67,4.553021282666925e-05
67,4.858447084174107e-05
67,5.184233333280168e-05
67,5.504351400400378e-05
67,5.7959537479008354e-05
67,6.042911965790152e-05
67,6.234440023592738e-05
67,6.366392199843752e-05
67,6.442597417972997e-05
67,6.46602061624707e-05
67,6.431324320616156e-05
67,6.329578563724822e-05
67,6.158753756320846e-05
67,5.934510005987841e-05
67,5.6886878805618036e-05
67,5.449641135834373e-05
67,5.226280435859843e-05
67,5.011732252264262e-05
67,4.79707044409285e-05
67,4.5816026800056196e-05
67,4.3772718639913664e-05
67,4.210647370883163e-05
67,4.117603483771672e-05
67,4.1261415785343055e-05
67,4.238901448374612e-05
67,4.431550795369366e-05
67,4.6698656435876094e-05
67,4.927825995535898e-05
67,5.1887063356198346e-05
67,5.439709271171556e-05
67,5.677234718817181e-05
67,5.912590177383328e-05
67,6.162471237724135e-05
67,6.428228844072506e-05
67,6.678808267530958e-05
67,6.855947867709043e-05
67,6.906428991687718e-05
67,6.812960727481797e-05
67,6.594580649497434e-05
67,6.285644560686957e-05
67,5.9171795507310395e-05
67,5.5071258045100006e-05
67,5.0591040560113086e-05
67,4.5707907851755734e-05
67,4.0469262320208e-05
67,3.509722330357245e-05
67,3.0014776431950527e-05
67,2.5743576268856504e-05
67,2.269934023860711e-05
67,2.1019058269624247e-05
67,2.052991555104764e-05
67,2.0879195213150557e-05
67,2.175463154338994e-05
67,2.3034426286603005e-05
67,2.4770147244733918e-05
67,2.7074839950048525e-05
67,3.0007515573032176e-05
67,3.348153320881106e-05
67,3.725322420373971e-05
67,4.103156872910939e-05
67,4.4600681049108e-05
67,4.7808001570103246e-05
67,5.0475823058972594e-05
67,5.24250715260618e-05
67,5.360894006220406e-05
67,5.415979553889986e-05
67,5.425782258097944e-05
67,5.3930969035299845e-05
67,5.2968989258184896e-05
67,5.105367271707717e-05
67,4.799173687034705e-05
67,4.381645752289573e-05
67,3.8714059863129206e-05
67,3.2939317370910305e-05
67,2.679702779230099e-05
67,2.0625138342821397e-05
67,1.4754117154781564e-05
67,9.478553769981491e-06
67,5.0632706624564194e-06
67,1.772818346488802e-06
67,-1.2194868055542474e-07
67,-3.960154587055943e-07
67,1.0460844647692097e-06
67,4.088476744102346e-06
67,8.345252046555123e-06
67,1.3220010839404561e-05
67,1.8153632422109433e-05
67,2.2891229587605124e-05
67,2.749060000988083e-05
67,3.2066870880904515e-05
67,3.6575506582284104e-05
67,4.08494239988362e-05
67,4.477541431350732e-05
67,4.8347900788132626e-05
67,5.150039224273095e-05
67,5.391730496043161e-05
67,5.51237297729122e-05
67,5.4805493250887815e-05
67,5.29699204840008e-05
67,4.979844840836561e-05
67,4.546278303456103e-05
67,4.010934942085591e-05
67,3.392938020079637e-05
67,2.719191097288474e-05
67,2.022125353121768e-05
67,1.336763439325094e-05
67,7.009773384711034e-06
67,1.5447827368420372e-06
67,-2.6948266827998515e-06
67,-5.554314346255747e-06
67,-7.103285394739648e-06
67,-7.55533350290473e-06
67,-7.069069095934309e-06
67,-5.566606123433474e-06
67,-2.7551912396438035e-06
67,1.6437461980153056e-06
67,7.637307399813859e-06
67,1.4822622393050538e-05
67,2.243637895576802e-05
67,2.963105782343388e-05
67,3.58540126970656e-05
67,4.100847664049151e-05
67,4.523924517145393e-05
67,4.862108662243384e-05
67,5.109643140711488e-05
67,5.260709409917639e-05
67,5.3160189030650575e-05
67,5.2783212729415896e-05
67,5.148471782972677e-05
67,4.9272558900964834e-05
67,4.619557082499739e-05
67,4.234130141462827e-05
67,3.777029392800326e-05
67,3.247396884698393e-05
67,2.6428602517921377e-05
67,1.9696011257872824e-05
67,1.2498008558491187e-05
67,5.244632787996097e-06
67,-1.4868136712844947e-06
67,-7.023164801128283e-06
67,-1.071767175226966e-05
67,-1.2102488992069774e-05
67,-1.0999181876905291e-05
67,-7.535205576506641e-06
67,-2.1126620070617886e-06
67,4.633138716331182e-06
67,1.1972223443670521e-05
67,1.935966002869917e-05
67,2.6638703743124354e-05
67,3.389210445064035e-05
67,4.105231424990014e-05
67,4.7716124686817886e-05
67,5.337508169873113e-05
67,5.778486460601786e-05
67,6.106325284438151e-05
67,6.342181602283633e-05
67,6.485288947222966e-05
67,6.513943212264648e-05
67,6.411608369991152e-05
67,6.178991908955143e-05
67,5.8215785094002366e-05
67,5.339062531437724e-05
67,4.7316348171604875e-05
67,4.012479086946528e-05
67,3.2135230478479966e-05
67,2.380428369893229e-05
67,1.5625060367650654e-05
67,8.064208244195277e-06
67,1.5355511190761317e-06
67,-3.6486252145765773e-06
67,-7.340027268177461e-06
67,-9.563966552967003e-06
67,-1.043480970559615e-05
67,-1.0004775851766746e-05
67,-8.16229822150207e-06
67,-4.69959669801612e-06
67,4.77986771253804e-07
67,7.151686696786005e-06
67,1.4728118730799605e-05
67,2.2395433300981614e-05
67,2.947613489472095e-05
67,3.5713547142051354e-05
67,4.116524075250454e-05
67,4.580313388462762e-05
67,4.931988501767096e-05
67,5.1349774885086156e-05
67,5.175461711264974e-05
67,5.064296405022033e-05
67,4.820824742495836e-05
67,4.461435013228273e-05
67,3.999923959370121e-05
67,3.452034336540444e-05
67,2.8345749054367236e-05
67,2.1604048980991943e-05
67,1.4386062516387863e-05
67,6.799679556275078e-06
67,-1.001644087183227e-06
67,-8.828168183098342e-06
67,-1.645336764489411e-05
67,-2.357800819019551e-05
67,-2.9782396609430692e-05
67,-3.4540236609539935e-05
67,-3.7332110777837364e-05
67,-3.778187648753596e-05
67,-3.5732773307152284e-05
67,-3.1291145310423466e-05
67,-2.486138082615578e-05
67,-1.7076194896313207e-05
67,-8.579098697473851e-06
67,1.5307674468205273e-07
67,8.745577368801495e-06
67,1.6742643000104397e-05
67,2.3621981965060734e-05
67,2.905115540559538e-05
67,3.307454238237561e-05
67,3.5973925651997316e-05
67,3.792744935754631e-05
67,3.8834459824291546e-05
67,3.848419628624831e-05
67,3.682795641897179e-05
67,3.402233355491913e-05
67,3.0261650634529022e-05
67,2.5645254714357627e-05
67,2.018670657572326e-05
67,1.3906515634020316e-05
67,6.920821826260882e-06
67,-5.261794198977339e-07
67,-8.074194327816941e-06
67,-1.5262678247362378e-05
67,-2.156217137468136e-05
67,-2.64632779588342e-05
67,-2.960491578453428e-05
67,-3.0868166540802196e-05
67,-3.0372240808070566e-05
67,-2.8368715371309533e-05
67,-2.5099258780421935e-05
67,-2.0699484564681565e-05
67,-1.5205579109475046e-05
67,-8.674886346002065e-06
67,-1.3329456663556486e-06
67,6.420596225410315e-06
67,1.4184638713302491e-05
67,2.1690024003806667e-05
67,2.8697704094738442e-05
67,3.481958577184629e-05
67,3.957509366853786e-05
67,4.266295790050433e-05
67,4.411042104325977e-05
67,4.413668960849597e-05
67,4.291958599815375e-05
67,4.050447299996763e-05
67,3.689319245152269e-05
67,3.2174285810256464e-05
67,2.6547794958663254e-05
67,2.025311817693738e-05
67,1.3520612673073959e-05
67,6.585423261534542e-06
67,-3.037193729507781e-07
67,-6.920936272068964e-06
67,-1.3110236059864515e-05
67,-1.8776190917884384e-05
67,-2.3789944843364137e-05
67,-2.7882984107538883e-05
67,-3.063610055674549e-05
67,-3.1573720524738687e-05
67,-3.0303963540319246e-05
67,-2.6677800089017993e-05
67,-2.091570028544772e-05
67,-1.357121611487465e-05
67,-5.304600265427706e-06
67,3.3280518549990995e-06
67,1.1881044846047738e-05
67,1.9924540802080985e-05
67,2.706981540714677e-05
67,3.3101652714723904e-05
67,3.800995585229152e-05
67,4.1835279242609174e-05
67,4.448623990128724e-05
67,4.574017829878319e-05
67,4.543213008927464e-05
67,4.361409829281847e-05
67,4.0523211400197476e-05
67,3.643447775746812e-05
67,3.155109801744015e-05
67,2.5986782527526242e-05
67,1.981538611766542e-05
67,1.3135222162499179e-05
67,6.1060224996613126e-06
67,-1.031339472475159e-06
67,-7.932065678332847e-06
67,-1.415174743288922e-05
67,-1.921612328989764e-05
67,-2.2739075898316563e-05
67,-2.453005469527044e-05
67,-2.463122903532714e-05
67,-2.3250363756711932e-05
67,-2.0612876409985788e-05
67,-1.6829903661836218e-05
67,-1.1901794377294033e-05
67,-5.8790640600144265e-06
67,9.704527428771316e-07
67,8.18776424963995e-06
67,1.5337022053730728e-05
67,2.2159747196173385e-05
67,2.8487577600245584e-05
67,3.405978194608934e-05
67,3.851856833922104e-05
67,4.158932091605978e-05
67,4.320211100376937e-05
67,4.342356129404597e-05
67,4.23155202005194e-05
67,3.9885317502107066e-05
67,3.615700760795144e-05
67,3.125414750794562e-05
67,2.5384458161991716e-05
67,1.875953203976712e-05
67,1.1571785670525917e-05
67,4.0583241744788154e-06
67,-3.4436786162883335e-06
67,-1.0540928495109077e-05
67,-1.6907997090497596e-05
67,-2.2370479344859908e-05
67,-2.68530284083901e-05
67,-3.025002853788637e-05
67,-3.236150131734786e-05
67,-3.294838275089958e-05
67,-3.185359011150707e-05
67,-2.9114529551865086e-05
67,-2.4980855479485182e-05
67,-1.978177701117138e-05
67,-1.3752143146961722e-05
67,-7.0278664147132394e-06
67,1.7427758670364888e-07
67,7.435067486404495e-06
67,1.423997367044646e-05
67,2.0189963027114297e-05
67,2.5087453831567594e-05
67,2.8845829336837502e-05
67,3.136801042756018e-05
67,3.254027719544453e-05
67,3.2317712044415694e-05
67,3.076467988685097e-05
67,2.8005255404421852e-05
67,2.416966881335666e-05
67,1.9400096335492735e-05
67,1.3886220170110834e-05
67,7.873032027758139e-06
67,1.6168935917598647e-06
67,-4.673607025125861e-06
67,-1.0845037198435411e-05
67,-1.6742305606503337e-05
67,-2.2148997198165214e-05
67,-2.6782069442220463e-05
67,-3.034081632495999e-05
67,-3.2573150800219596e-05
67,-3.3318142839198154e-05
67,-3.2501964231533146e-05
67,-3.0106075683140662e-05
67,-2.6166046787879208e-05
67,-2.0840678928132393e-05
67,-1.4496212628587146e-05
67,-7.67241428314326e-06
67,-8.759076167787452e-07
67,5.646036964671424e-06
67,1.1915414542652462e-05
67,1.799123329237224e-05
67,2.374439239845311e-05
67,2.8861927275396228e-05
67,3.301574770047121e-05
67,3.598467318322657e-05
67,3.765184533162238e-05
67,3.7957351484383044e-05
67,3.688920306920375e-05
67,3.451105484844788e-05
67,3.096530951074685e-05
67,2.6420304286495714e-05
67,2.1017531982474425e-05
67,1.4893795728322887e-05
67,8.26736242226562e-06
67,1.4978676343536216e-06
67,-4.953169640648983e-06
67,-1.0641397790800844e-05
67,-1.5242193156480774e-05
67,-1.8568360730500147e-05
67,-2.0530819005754554e-05
67,-2.1106521392866765e-05
67,-2.0333633055968195e-05
67,-1.8319473880457368e-05
67,-1.5234805721482956e-05
67,-1.1255253719245893e-05
67,-6.465579688001442e-06
67,-8.47926365808386e-07
67,5.566061113836298e-06
67,1.2511693158982377e-05
67,1.9493347633976423e-05
67,2.5988985311318036e-05
67,3.165330680094129e-05
67,3.634709431026368e-05
67,4.002092448806084e-05
67,4.260800427560257e-05
67,4.402316375512861e-05
67,4.421893843750799e-05
67,4.320323148640561e-05
67,4.1012713294884705e-05
67,3.7701972468202e-05
67,3.337013987897525e-05
67,2.8193314171180996e-05
67,2.2423023867714658e-05
67,1.6338377492739885e-05
67,1.0186898054890009e-05
67,4.167296598047258e-06
67,-1.537276903783255e-06
67,-6.717470031159823e-06
67,-1.1125129383362522e-05
67,-1.4495444445844329e-05
67,-1.659263655542317e-05
67,-1.7258343588659446e-05
67,-1.643452172381799e-05
67,-1.4154999107926505e-05
67,-1.054073430976487e-05
67,-5.825385386048748e-06
67,-3.6756338842684473e-07
67,5.422214864850754e-06
67,1.1221474839750654e-05
67,1.6874952404670647e-05
67,2.2323516418406318e-05
67,2.7460715328679664e-05
67,3.2076298635479006e-05
67,3.592860448446649e-05
67,3.8837667313585054e-05
67,4.0702396333374774e-05
67,4.145991105569847e-05
67,4.105722947031809e-05
67,3.946833510030156e-05
67,3.673188399239455e-05
67,3.2960262187054236e-05
67,2.8304795928544337e-05
67,2.2918728751032955e-05
67,1.696473606250562e-05
67,1.066077242873867e-05
67,4.312329353931615e-06
67,-1.7119926497160823e-06
67,-7.0519872627091455e-06
67,-1.142156046088528e-05
67,-1.4626793279550969e-05
67,-1.654065228616822e-05
67,-1.70699805746016e-05
67,-1.6154561441513806e-05
67,-1.3815278312751454e-05
67,-1.0210315019421754e-05
67,-5.622039545486283e-06
67,-3.652966473889507e-07
67,5.287874153119207e-06
67,1.1095231854049605e-05
67,1.680091555898195e-05
67,2.2155190637679217e-05
67,2.698134321857437e-05
67,3.119424558741938e-05
67,3.473584496139905e-05
67,3.7498013800244034e-05
67,3.9321007295538426e-05
67,4.0071295804169404e-05
67,3.9714418788224496e-05
67,3.831060368889109e-05
67,3.595132231028497e-05
67,3.2708713663027064e-05
67,2.864236273275181e-05
67,2.3848266870749992e-05
67,1.8496766105431135e-05
67,1.2822359111786101e-05
67,7.085523155261436e-06
67,1.5533375228198275e-06
67,-3.492712436586612e-06
67,-7.75668018794341e-06
67,-1.0963800005662942e-05
67,-1.2925446196454826e-05
67,-1.3598356087416663e-05
67,-1.3086224346609293e-05
67,-1.155579107997508e-05
67,-9.121003604021181e-06
67,-5.804607598666234e-06
67,-1.6192100396952448e-06
67,3.319237536089849e-06
67,8.761129945152096e-06
67,1.4388075036490817e-05
67,1.988780030013935e-05
67,2.497637813948298e-05
67,2.939672004562788e-05
67,3.294910699697147e-05
67,3.55391402439683e-05
67,3.717700187703827e-05
67,3.791251839482057e-05
67,3.776665743146647e-05
67,3.6721282910676314e-05
67,3.476760777362991e-05
67,3.195974384669098e-05
67,2.8421508913492956e-05
67,2.430951638466816e-05
67,1.9780730940370503e-05
67,1.4995652513048823e-05
67,1.013936344294856e-05
67,5.424113522732791e-06
67,1.0635517573517157e-06
67,-2.753448759616941e-06
67,-5.855535970431417e-06
67,-8.05115449857565e-06
67,-9.10303493374553e-06
67,-8.759419442120768e-06
67,-6.852535214363107e-06
67,-3.420054193006634e-06
67,1.244295547625379e-06
67,6.680063450258041e-06
67,1.243665573684354e-05
67,1.8193323899494418e-05
67,2.374860261032784e-05
67,2.8949836132312984e-05
67,3.366167896441659e-05
67,3.7777479439551124e-05
67,4.121774481344766e-05
67,4.390020892209847e-05
67,4.572189184916866e-05
67,4.658704429500759e-05
67,4.645986508867139e-05
67,4.538740020957031e-05
67,4.3469552386149686e-05
67,4.08094051576708e-05
67,3.7490826925154e-05
67,3.3596905398175386e-05
67,2.924409559131053e-05
67,2.459742777374242e-05
67,1.985981192839539e-05
67,1.525999751732286e-05
67,1.1054312075923547e-05
67,7.52162783463705e-06
67,4.925110991932028e-06
67,3.446223839451216e-06
67,3.1266859371065383e-06
67,3.862846438040531e-06
67,5.477958336143862e-06
67,7.837735464497392e-06
67,1.0912378372554922e-05
67,1.4716165967117261e-05
67,1.9177182847679654e-05
67,2.406748009062283e-05
67,2.9057347331678833e-05
67,3.3826892598205063e-05
67,3.8126346196230904e-05
67,4.175830288307823e-05
67,4.454842110166717e-05
67,4.636126406158054e-05
67,4.7135654262700944e-05
67,4.688495739891674e-05
67,4.566180148952641e-05
67,4.35315114571458e-05
67,4.057976123172592e-05
67,3.693651147892844e-05
67,3.278033627306391e-05
67,2.830972661036464e-05
67,2.370652392217888e-05
67,1.9125063557486985e-05
67,1.470849253282464e-05
67,1.06037654761457e-05
67,6.95512357920777e-06
67,3.888322481253049e-06
67,1.5121490433119322e-06
67,-6.004974679934678e-08
67,-6.977919516351633e-07
67,-2.764350280862553e-07
67,1.2686427858138304e-06
67,3.887075297518953e-06
67,7.398675787767931e-06
67,1.1545139071150018e-05
67,1.6078805882434913e-05
67,2.080823035744281e-05
67,2.5559050107318275e-05
67,3.0109702885730487e-05
67,3.419015644244472e-05
67,3.754951699393942e-05
67,4.002195522642444e-05
67,4.153805358301766e-05
67,4.209319575952529e-05
67,4.171541002349099e-05
67,4.045662977397505e-05
67,3.8398526408049936e-05
67,3.565282891445393e-05
67,3.235032386989763e-05
67,2.862820733605474e-05
67,2.46260097549591e-05
67,2.0490646951590405e-05
67,1.6381468988957456e-05
67,1.2466800269856573e-05
67,8.914970415267504e-06
67,5.888183278678424e-06
67,3.537995243588354e-06
67,1.9939282463461615e-06
67,1.3450728788371423e-06
67,1.6252070201421812e-06
67,2.8119294990055223e-06
67,4.843929622097447e-06
67,7.647747792921211e-06
67,1.1147342084693343e-05
67,1.5235121394732243e-05
67,1.97278096828129e-05
67,2.4364164204245767e-05
67,2.8867108489310214e-05
67,3.3021839636220334e-05
67,3.670000466653373e-05
67,3.981506602443329e-05
67,4.2262571442799116e-05
67,4.390577740537437e-05
67,4.4611800865344856e-05
67,4.429705955016917e-05
67,4.294904214034387e-05
67,4.062449484440214e-05
67,3.7439344927483675e-05
67,3.3560989611578594e-05
67,2.920195531284587e-05
67,2.460511216931223e-05
67,2.0016288485265186e-05
67,1.56567045957576e-05
67,1.171233608714082e-05
67,8.34128415223195e-06
67,5.683314453677206e-06
67,3.85772269429534e-06
67,2.950473438080134e-06
67,3.0001385243494132e-06
67,3.989871195095123e-06
67,5.848551088319096e-06
67,8.461530002437983e-06
67,1.168787084040321e-05
67,1.538011085769757e-05
67,1.9403641937065753e-05
67,2.3645961408600817e-05
67,2.799924172678926e-05
67,3.231858912620063e-05
67,3.639333039950177e-05
67,3.996884193539594e-05
67,4.2809270903771065e-05
67,4.475296077411729e-05
67,4.5725836837703916e-05
67,4.571841129906008e-05
67,4.475527691533105e-05
67,4.288156203894601e-05
67,4.017147656226406e-05
67,3.6744531497899206e-05
67,3.276913756728044e-05
67,2.8445893992205696e-05
67,2.398209805214906e-05
67,1.9576189526519286e-05
67,1.5418678908671713e-05
67,1.1697652173449546e-05
67,8.593033697950347e-06
67,6.258334997766611e-06
67,4.8037058333803345e-06
67,4.292427931971862e-06
67,4.747891454464859e-06
67,6.157226257297957e-06
67,8.462992406623458e-06
67,1.1551420204871658e-05
67,1.5255877417654676e-05
67,1.9381200551124013e-05
67,2.373149073357573e-05
67,2.8123378095950526e-05
67,3.238889355641149e-05
67,3.638103408717811e-05
67,3.997906081056355e-05
67,4.307986235304394e-05
67,4.557608988170859e-05
67,4.7341815804538784e-05
67,4.8244894173716205e-05
67,4.818151326009588e-05
67,4.7108129968238256e-05
67,4.505022652529531e-05
67,4.20885720475464e-05
67,3.833984284199755e-05
67,3.394929157709619e-05
67,2.9100020320004457e-05
67,2.402439227682399e-05
67,1.899638005584247e-05
67,1.4300248052625275e-05
67,1.0193911380133443e-05
67,6.887997633528294e-06
67,4.5425581684765765e-06
67,3.2660303315750733e-06
67,3.1040943028457767e-06
67,4.025039677415203e-06
67,5.922371211634335e-06
67,8.646064495403013e-06
67,1.2045371183132852e-05
67,1.5989196366733084e-05
67,2.034901109445112e-05
67,2.496564265436442e-05
67,2.963381971238174e-05
67,3.41165246384345e-05
67,3.817522100793813e-05
67,4.1598831443447e-05
67,4.422605300577102e-05
67,4.5959611810546755e-05
67,4.676579448153084e-05
67,4.6655097683487865e-05
67,4.565370820235494e-05
67,4.378469608721651e-05
67,4.107190096496842e-05
67,3.756404539017979e-05
67,3.3362000372883036e-05
67,2.8628501305754474e-05
67,2.357225331152133e-05
67,1.84180793724728e-05
67,1.3383743102344665e-05
67,8.674644357482827e-06
67,4.489732499493313e-06
67,1.0233478215177524e-06
67,-1.544144058834663e-06
67,-3.0605088180506494e-06
67,-3.4124710136974327e-06
67,-2.536450274292519e-06
67,-4.4013524323158206e-07
67,2.764903289575116e-06
67,6.843268861818053e-06
67,1.1462837276423298e-05
67,1.6275505554955262e-05
67,2.100709599971674e-05
67,2.5494355421296903e-05
67,2.965221801943897e-05
67,3.341349929070546e-05
67,3.6690776382372315e-05
67,3.9372300952849015e-05
67,4.133500301148568e-05
67,4.2460867090762265e-05
67,4.2656020711663314e-05
67,4.187195039584761e-05
67,4.0118668629425004e-05
67,3.7459314793061404e-05
67,3.3990814324110894e-05
67,2.982864996754645e-05
67,2.5109328146992665e-05
67,2.0007144891769884e-05
67,1.474818742758622e-05
67,9.604976433000156e-06
67,4.869828634506359e-06
67,8.205553533435917e-07
67,-2.306745563770395e-06
67,-4.3348086875744885e-06
67,-5.158468732182176e-06
67,-4.757157732360903e-06
67,-3.1984478122038956e-06
67,-6.184376796059821e-07
67,2.822799528306321e-06
67,6.984931789654859e-06
67,1.1751565620278469e-05
67,1.6985788819483675e-05
67,2.2478870308581642e-05
67,2.7947330585197843e-05
67,3.308746613601924e-05
67,3.7641153820714955e-05
67,4.142398325632897e-05
67,4.431309643084245e-05
67,4.622781150989408e-05
67,4.712426319861684e-05
67,4.699534507533109e-05
67,4.586371477087277e-05
67,4.377355474193979e-05
67,4.079236345643259e-05
67,3.7021373777181214e-05
67,3.2602822589938064e-05
67,2.7715629534817693e-05
67,2.2561631745615262e-05
67,1.7350932652423175e-05
67,1.2292446688662196e-05
67,7.5895058491725375e-06
67,3.4375002421940937e-06
67,2.1956469086682303e-08
67,-2.482798501920493e-06
67,-3.916404498344104e-06
67,-4.1433410830293495e-06
67,-3.0778434844035606e-06
67,-7.193144663964298e-07
67,2.8166478189937648e-06
67,7.292847805837267e-06
67,1.2388385249213623e-05
67,1.777418718417166e-05
67,2.3183485692727273e-05
67,2.8425679921550065e-05
67,3.334027007439154e-05
67,3.774676580203882e-05
67,4.144360671351002e-05
67,4.424999689480118e-05
67,4.6044890577732594e-05
67,4.677442652680109e-05
67,4.643623091338369e-05
67,4.506220793634859e-05
67,4.270935984377087e-05
67,3.94556031869941e-05
67,3.53982267951798e-05
67,3.0657362459584585e-05
67,2.5384191017091165e-05
67,1.9767996940206138e-05
67,1.4036085432995851e-05
67,8.444896167815194e-06
67,3.2647044208860056e-06
67,-1.2383649744101224e-06
67,-4.821217817374296e-06
67,-7.28377393005297e-06
67,-8.48854185648152e-06
67,-8.375010212456156e-06
67,-6.9639240330074655e-06
67,-4.349170617711584e-06
67,-6.789541273823743e-07
67,3.86477321359365e-06
67,9.073716148904822e-06
67,1.4703226646223251e-05
67,2.0466570535271845e-05
67,2.6062383625814528e-05
67,3.123024440330625e-05
67,3.578967004368222e-05
67,3.962696156652691e-05
67,4.2647133334254025e-05
67,4.474180779893629e-05
67,4.58002662102674e-05
67,4.574401371071086e-05
67,4.4551027003631604e-05
67,4.225870240412869e-05
67,3.8955732260991754e-05
67,3.477315744928144e-05
67,2.987737808956099e-05
67,2.4464955768783482e-05
67,1.875822037449758e-05
67,1.2999403412723222e-05
67,7.440925258454102e-06
67,2.331550863474547e-06
67,-2.098767309290356e-06
67,-5.650905205619607e-06
67,-8.163142755466275e-06
67,-9.51537137808942e-06
67,-9.637025243273996e-06
67,-8.519585557066069e-06
67,-6.225471266362642e-06
67,-2.8845767199388223e-06
67,1.3217515673665657e-06
67,6.1841499424828925e-06
67,1.1489924529278756e-05
67,1.7036948112410038e-05
67,2.2623330027646013e-05
67,2.8020613204842727e-05
67,3.296428710813648e-05
67,3.718546263459235e-05
67,4.046482930460806e-05
67,4.2666554122871694e-05
67,4.373248653864704e-05
67,4.365395645237399e-05
67,4.2449529796597956e-05
67,4.016117428037927e-05
67,3.686274864477938e-05
67,3.266908222661396e-05
67,2.773813487454202e-05
67,2.226455704485589e-05
67,1.6467684146702337e-05
67,1.0579747153591913e-05
67,4.838242501755773e-06
67,-5.187651286226774e-07
67,-5.258345346467844e-06
67,-9.161374188228951e-06
67,-1.203285752801553e-05
67,-1.3711719526567788e-05
67,-1.4080513002988717e-05
67,-1.3079166363362271e-05
67,-1.0725106711518841e-05
67,-7.1317230406693165e-06
67,-2.5087912766591176e-06
67,2.8628372210188856e-06
67,8.670740059225202e-06
67,1.460739305599544e-05
67,2.0397984003191478e-05
67,2.581990217885362e-05
67,3.0706730828829556e-05
67,3.492994647330251e-05
67,3.8369884909794636e-05
67,4.090137093008876e-05
67,4.240740231787346e-05
67,4.2808143775451696e-05
67,4.2080881953219105e-05
67,4.025877463356614e-05
67,3.741519374821895e-05
67,3.3648632821295745e-05
67,2.9079223705214926e-05
67,2.3857947381086624e-05
67,1.8179281209478365e-05
67,1.2284768229649933e-05
67,6.4523170313093505e-06
67,9.762505412533216e-07
67,-3.854037641679506e-06
67,-7.773931814467304e-06
67,-1.0564201676802678e-05
67,-1.2073915212604769e-05
67,-1.2240713358816777e-05
67,-1.1096906773461856e-05
67,-8.752443457767303e-06
67,-5.361425327529593e-06
67,-1.0943034330432968e-06
67,3.8674968890682334e-06
67,9.321962984120316e-06
67,1.5043362329826713e-05
67,2.0794120068573927e-05
67,2.6340723256450852e-05
67,3.146292712234906e-05
67,3.595966233241162e-05
67,3.965862503340417e-05
67,4.242576130049077e-05
67,4.416513947539714e-05
67,4.480940008624928e-05
67,4.431303883246036e-05
67,4.265927862844897e-05
67,3.987777304851941e-05
67,3.605944021953771e-05
67,3.135701396938367e-05
67,2.5972126114434676e-05
67,2.0139047266137078e-05
67,1.4113048435828728e-05
67,8.1618938108305e-06
67,2.5536741277787507e-06
67,-2.4607388395291465e-06
67,-6.6630205543398154e-06
67,-9.871633935196293e-06
67,-1.1936386783897681e-05
67,-1.2736041739658982e-05
67,-1.2191876977259845e-05
67,-1.0297360274160853e-05
67,-7.146510983206084e-06
67,-2.935323413661946e-06
67,2.074284155419171e-06
67,7.606625866459748e-06
67,1.3403911023207841e-05
67,1.922422396432913e-05
67,2.4828197745855836e-05
67,2.9981346238713542e-05
67,3.447255071203738e-05
67,3.8130052737733806e-05
67,4.082474211512623e-05
67,4.2467793146723834e-05
67,4.3011721064646826e-05
67,4.245261042992931e-05
67,4.082585808769546e-05
67,3.81956572608906e-05
67,3.4647039948408394e-05
67,3.0286949141398114e-05
67,2.525163479915845e-05
67,1.9712178923161277e-05
67,1.3872754738297567e-05
67,7.963745266866217e-06
67,2.2356996271367e-06
67,-3.0445620618922806e-06
67,-7.602105773910982e-06
67,-1.1173738949724059e-05
67,-1.3539111532375422e-05
67,-1.4552774954161178e-05
67,-1.4163258393161534e-05
67,-1.2411167677036539e-05
67,-9.411565164818431e-06
67,-5.336938583159444e-06
67,-4.123722217280286e-07
67,5.086371653892852e-06
67,1.0854157802173624e-05
67,1.6601536734552188e-05
67,2.2095565359979648e-05
67,2.7164432940899696e-05
67,3.1668444840281556e-05
67,3.5471680654147085e-05
67,3.844019255245628e-05
67,4.0459592815665196e-05
67,4.1449425262036817e-05
67,4.136506682077214e-05
67,4.019501769820647e-05
67,3.796206282187043e-05
67,3.472723311815141e-05
67,3.059148485519028e-05
67,2.569493262202166e-05
67,2.0217848237904222e-05
67,1.4383929031104592e-05
67,8.458774944916468e-06
67,2.7353084361045023e-06
67,-2.4933384010770633e-06
67,-6.962116491095948e-06
67,-1.0451320248090735e-05
67,-1.279169722291774e-05
67,-1.38670820740967e-05
67,-1.362288384845526e-05
67,-1.2078302163289937e-05
67,-9.331747935097666e-06
67,-5.548853986793486e-06
67,-9.327605377648988e-07
67,4.306174610143769e-06
67,9.957341738801523e-06
67,1.5790908458857148e-05
67,2.154206560566258e-05
67,2.6928646200372323e-05
67,3.169620141700608e-05
67,3.565487372770314e-05
67,3.86833867292092e-05
67,4.070902211793655e-05
67,4.168843785458897e-05
67,4.160192581260399e-05
67,4.045623958580259e-05
67,3.828849177412424e-05
67,3.517007614516136e-05
67,3.1210775166751176e-05
67,2.6559388151320846e-05
67,2.139729187064017e-05
67,1.5926585714934686e-05
67,1.0358927296197392e-05
67,4.9103936127245695e-06
67,-1.9788403673066454e-07
67,-4.7391784786290096e-06
67,-8.486972951028053e-06
67,-1.1228774468578507e-05
67,-1.278545950790206e-05
67,-1.3032917964432623e-05
67,-1.1922392457104458e-05
67,-9.494207070244345e-06
67,-5.88037995431772e-06
67,-1.2955321509954124e-06
67,3.983890054170963e-06
67,9.653993592918022e-06
67,1.5426180643377092e-05
67,2.1058311820625114e-05
67,2.6354903240329318e-05
67,3.1142327649653144e-05
67,3.52484498697946e-05
67,3.850846118499874e-05
67,4.0789574490681994e-05
67,4.2011129473186256e-05
67,4.214691116391053e-05
67,4.121468200111545e-05
67,3.9264348637003383e-05
67,3.637117783070858e-05
67,3.263434342143712e-05
67,2.8178693515794858e-05
67,2.3157699488238113e-05
67,1.7755991012209143e-05
67,1.2189692732487155e-05
67,6.702301669141494e-06
67,1.554517792761875e-06
67,-2.991347077285872e-06
67,-6.690094956372215e-06
67,-9.333599828733772e-06
67,-1.0770241089963718e-05
67,-1.0919901558009784e-05
67,-9.779640331315677e-06
67,-7.419007698488853e-06
67,-3.968603642339917e-06
67,3.9419929793203086e-07
67,5.459125817415457e-06
67,1.099199558033791e-05
67,1.673779577080368e-05
67,2.2426392354687092e-05
67,2.7791315011762625e-05
67,3.259806957674647e-05
67,3.6664569910081136e-05
67,3.9861429199103893e-05
67,4.209816268288709e-05
67,4.3311338960397096e-05
67,4.3463743043031225e-05
67,4.255094798619086e-05
67,4.060688767997477e-05
67,3.770411462880506e-05
67,3.395000248549691e-05
67,2.9482519375400597e-05
67,2.4468213965455393e-05
67,1.9101581023908482e-05
67,1.3601674258309373e-05
67,8.202788093554287e-06
67,3.141018435216367e-06
67,-1.3580400958174857e-06
67,-5.087246065900363e-06
67,-7.863569175855362e-06
67,-9.536900979053261e-06
67,-1.000562399649255e-05
67,-9.235389044297895e-06
67,-7.2701366871821585e-06
67,-4.225855530647637e-06
67,-2.7001621864372145e-07
67,4.399647016674227e-06
67,9.56715452779849e-06
67,1.5003373321327379e-05
67,2.0470953925652125e-05
67,2.5731045717365825e-05
67,3.0550899046513706e-05
67,3.471423444339781e-05
67,3.80365594770173e-05
67,4.038150559172635e-05
67,4.166925961449452e-05
67,4.187218276437941e-05
67,4.100259591400601e-05
67,3.91032258143431e-05
67,3.624684375536619e-05
67,3.254247449830225e-05
67,2.8139320683073333e-05
67,2.3221401115198077e-05
67,1.7994062016946758e-05
67,1.2670187492553773e-05
67,7.462760593768782e-06
67,2.5833607283583538e-06
67,-1.7591603483151248e-06
67,-5.364662071255096e-06
67,-8.052484280334513e-06
67,-9.673797688888038e-06
67,-1.0122635693258108e-05
67,-9.345433281716718e-06
67,-7.351204579012853e-06
67,-4.222630234648477e-06
67,-1.2155816557768452e-07
67,4.7216473835545485e-06
67,1.003764049093645e-05
67,1.5554262089176134e-05
67,2.1021808298874828e-05
67,2.622072885172361e-05
67,3.095882520306827e-05
67,3.50675751367818e-05
67,3.840108059189186e-05
67,4.083718848362499e-05
67,4.2281434295461475e-05
67,4.267488069736137e-05
67,4.200331189262094e-05
67,4.0301581056260906e-05
67,3.7648742674060755e-05
67,3.415653291152554e-05
67,2.995932522996999e-05
67,2.521214192217713e-05
67,2.0095505504225416e-05
67,1.4818973309505064e-05
67,9.616023249418328e-06
67,4.730695817441624e-06
67,4.024482024158753e-07
67,-3.1464962233107538e-06
67,-5.7237936795247765e-06
67,-7.184378567721529e-06
67,-7.451534654074647e-06
67,-6.531868917529923e-06
67,-4.511654173628004e-06
67,-1.5309295011178407e-06
67,2.251245682637835e-06
67,6.677177582495274e-06
67,1.1584626258599857e-05
67,1.6787139838282274e-05
67,2.206505316647712e-05
67,2.717828846114569e-05
67,3.1890758306641426e-05
67,3.5990517363897775e-05
67,3.930082779828123e-05
67,4.168682791904001e-05
67,4.30600899783826e-05
67,4.3377781136105765e-05
67,4.26357002823566e-05
67,4.0861695326137326e-05
67,3.8116539978154013e-05
67,3.450136230166839e-05
67,3.01633174095777e-05
67,2.5292090860419318e-05
67,2.0107221609612824e-05
67,1.48422964625955e-05
67,9.731565471614988e-06
67,4.999742253511809e-06
67,8.529539730133297e-07
67,-2.52940370152474e-06
67,-4.999583498325164e-06
67,-6.442339374351858e-06
67,-6.775478028768182e-06
67,-5.955887445439697e-06
67,-3.993178583123194e-06
67,-9.66032184807992e-07
67,2.969901111620043e-06
67,7.593875614220196e-06
67,1.2652308559847419e-05
67,1.789555241578698e-05
67,2.3098295707968872e-05
67,2.8058084693338464e-05
67,3.2586276707913353e-05
67,3.650764083524061e-05
67,3.966985169794653e-05
67,4.195294880206401e-05
67,4.327249021555928e-05
67,4.357923886490795e-05
67,4.286028152696905e-05
67,4.1141642947387284e-05
67,3.848907103742783e-05
67,3.500549820284488e-05
67,3.0826888177446716e-05
67,2.6118497482653586e-05
67,2.1071403331161267e-05
67,1.58975048073744e-05
67,1.0822023640070139e-05
67,6.0748343869065386e-06
67,1.8824809958209113e-06
67,-1.5401976467215084e-06
67,-4.002972939713477e-06
67,-5.359894102527913e-06
67,-5.531242334746332e-06
67,-4.517844521455342e-06
67,-2.3989368729269695e-06
67,6.872249803585248e-07
67,4.569991986302364e-06
67,9.064701710768342e-06
67,1.3975101797122485e-05
67,1.9088648674350892e-05
67,2.418073957726465e-05
67,2.9031958267286502e-05
67,3.344585986397432e-05
67,3.7254590135010486e-05
67,4.0314539139702894e-05
67,4.250415280898448e-05
67,4.373003968513014e-05
67,4.3936109393700425e-05
67,4.310824335108567e-05
67,4.127357734829656e-05
67,3.8498259395143e-05
67,3.488609870571137e-05
67,3.057741215167664e-05
67,2.5746570281541663e-05
67,2.0597422365742688e-05
67,1.5356172705056595e-05
67,1.0261348669260024e-05
67,5.551041232257573e-06
67,1.4489052567903616e-06
67,-1.8484419234944314e-06
67,-4.18069973035829e-06
67,-5.430731550252308e-06
67,-5.531814501604694e-06
67,-4.476045714824559e-06
67,-2.3203800131021506e-06
67,8.145709493390984e-07
67,4.755166484658629e-06
67,9.293397547014052e-06
67,1.4208612867028084e-05
67,1.9283920073373668e-05
67,2.431064243110606e-05
67,2.908416307926075e-05
67,3.3403386155122735e-05
67,3.7082048202938625e-05
67,3.996680051981504e-05
67,4.194977428931899e-05
67,4.296908092996847e-05
67,4.300099280801803e-05
67,4.205188237837656e-05
67,4.0155120570900104e-05
67,3.737318950577901e-05
67,3.380200127117e-05
67,2.9573496497100597e-05
67,2.4853889724812096e-05
67,1.983761820663079e-05
67,1.4739001130941436e-05
67,9.7833876420582e-06
67,5.198150009263465e-06
67,1.2029617382297154e-06
67,-2.001262441585034e-06
67,-4.24491284376114e-06
67,-5.402815748800581e-06
67,-5.40583920232843e-06
67,-4.2485588896314695e-06
67,-1.9912076618268992e-06
67,1.2451157029552314e-06
67,5.289586399677496e-06
67,9.93617984036453e-06
67,1.4957756922103401e-05
67,2.011898197684413e-05
67,2.5190094778697397e-05
67,2.996075146411023e-05
67,3.424861750299095e-05
67,3.789926824223493e-05
67,4.078145910838e-05
67,4.278564375470666e-05
67,4.3829124294269806e-05
67,4.386422574359583e-05
67,4.288395381703112e-05
67,4.09229441366184e-05
67,3.805512960558162e-05
67,3.439057212174443e-05
67,3.0073034431057057e-05
67,2.5278056166463174e-05
67,2.0209312272116035e-05
67,1.509077847398287e-05
67,1.0154777897536584e-05
67,5.629129313226026e-06
67,1.7269351565646648e-06
67,-1.3605837089754664e-06
67,-3.4714607707639156e-06
67,-4.484335853289336e-06
67,-4.333571443258861e-06
67,-3.022082520257124e-06
67,-6.238743528790163e-07
67,2.726365273579805e-06
67,6.850994545323856e-06
67,1.1546039169835033e-05
67,1.659278446955627e-05
67,2.1765731715417663e-05
67,2.6839474100772094e-05
67,3.159593005762616e-05
67,3.583282972826698e-05
67,3.93736357321208e-05
67,4.2077165694542326e-05
67,4.384377187027112e-05
67,4.461605120798201e-05
67,4.437515399209823e-05
67,4.3136243861868655e-05
67,4.0946435172156527e-05
67,3.7885701602257744e-05
67,3.40680941553686e-05
67,2.9639961733795092e-05
67,2.477449698487084e-05
67,1.9665128579648673e-05
67,1.4520411157307507e-05
67,9.559941741575402e-06
67,5.008145275224529e-06
67,1.0836454134993238e-06
67,-2.014738798961033e-06
67,-4.12223830695389e-06
67,-5.120384770295795e-06
67,-4.947093288970781e-06
67,-3.6048610666795923e-06
67,-1.1654515316777752e-06
67,2.2329607812842236e-06
67,6.399588016619702e-06
67,1.1113684052449738e-05
67,1.6147421274032294e-05
67,2.1279976215997187e-05
67,2.6301171631632054e-05
67,3.101071322886456e-05
67,3.521976837881207e-05
67,3.8756800179763364e-05
67,4.147563690352849e-05
67,4.326340617610349e-05
67,4.404687502619052e-05
67,4.379585966098353e-05
67,4.25226079873245e-05
67,4.027775776260436e-05
67,3.714564618396576e-05
67,3.324207163441168e-05
67,2.87152366732956e-05
67,2.3747108012037575e-05
67,1.8550588404327727e-05
67,1.3359658456228895e-05
67,8.414151494974102e-06
67,3.944306388565386e-06
67,1.5938005351324063e-07
67,-2.7597954439997165e-06
67,-4.667995805115814e-06
67,-5.4654310358626305e-06
67,-5.108614631998028e-06
67,-3.6166594478052713e-06
67,-1.0682661798465207e-06
67,2.4091582832044256e-06
67,6.6509935067289255e-06
67,1.146181040333566e-05
67,1.6619205923198755e-05
67,2.1882722945153728e-05
67,2.701068355574697e-05
67,3.177872004890938e-05
67,3.599163291988878e-05
67,3.948681593246536e-05
67,4.213409154316742e-05
67,4.383640977390639e-05
67,4.45313992502652e-05
67,4.419206404759002e-05
67,4.282704018609714e-05
67,4.048212638449092e-05
67,3.724274191592179e-05
67,3.323435916473741e-05
67,2.861842746715419e-05
67,2.3584471271364015e-05
67,1.8341360738743303e-05
67,1.3109888065939413e-05
67,8.11610998072776e-06
67,3.5835987969814157e-06
67,-2.760212787202608e-07
67,-3.2731527883201743e-06
67,-5.250153197316827e-06
67,-6.092180781923436e-06
67,-5.740118191171096e-06
67,-4.203556162156296e-06
67,-1.5679419457723177e-06
67,2.0106847267284356e-06
67,6.325618428600334e-06
67,1.1148264885617183e-05
67,1.625323420967775e-05
67,2.142892898366513e-05
67,2.6474033557785946e-05
67,3.119118128295153e-05
67,3.5388589950410525e-05
67,3.8890423355891754e-05
67,4.154898919764612e-05
67,4.3253104268787e-05
67,4.393214087413785e-05
67,4.35574730688141e-05
67,4.214198347467721e-05
67,3.9737783140787905e-05
67,3.643340567976548e-05
67,3.235209647259421e-05
67,2.765118987182414e-05
67,2.252062384785531e-05
67,1.7178285120626765e-05
67,1.1861226688739466e-05
67,6.813741473826341e-06
67,2.2744066828551205e-06
67,-1.536314219417763e-06
67,-4.427862148703513e-06
67,-6.251476841609546e-06
67,-6.911883751511207e-06
67,-6.376506470502913e-06
67,-4.678848233760191e-06
67,-1.9139023218298575e-06
67,1.7729202130278694e-06
67,6.198360657570641e-06
67,1.1151272957854275e-05
67,1.640134817681989e-05
67,2.17113052157492e-05
67,2.6852873182704696e-05
67,3.161997104676715e-05
67,3.583303660488728e-05
67,3.933674152026482e-05
67,4.199896521338606e-05
67,4.3715276316075114e-05
67,4.441580653778701e-05
67,4.406934817013895e-05
67,4.2683560813928036e-05
67,4.030389565988173e-05
67,3.7013321141048656e-05
67,3.2932452003995236e-05
67,2.8218595510125736e-05
67,2.306269313256153e-05
67,1.7683629826194504e-05
67,1.2319493861537e-05
67,7.21586745687876e-06
67,2.6124404152168992e-06
67,-1.2697910775720554e-06
67,-4.239174840389775e-06
67,-6.142661763270085e-06
67,-6.875963351446333e-06
67,-6.395072092575086e-06
67,-4.725472935834631e-06
67,-1.963335853583957e-06
67,1.734370666521317e-06
67,6.168660049352569e-06
67,1.111973772358176e-05
67,1.6363054478817053e-05
67,2.1676123043877337e-05
67,2.6839229239249014e-05
67,3.1638078071405316e-05
67,3.5873226678018336e-05
67,3.937299136176941e-05
67,4.2002621468757724e-05
67,4.366638283848692e-05
67,4.4305107577027415e-05
67,4.3893617624816065e-05
67,4.2440378183006965e-05
67,3.9989306233667486e-05
67,3.662240650364691e-05
67,3.24612992494742e-05
67,2.766579567466075e-05
67,2.242895490431286e-05
67,1.6969581265877444e-05
67,1.1523398235385272e-05
67,6.333358078021718e-06
67,1.6390941560623049e-06
67,-2.3342068687043574e-06
67,-5.38707734761438e-06
67,-7.357186141285372e-06
67,-8.131295352634889e-06
67,-7.657462852827996e-06
67,-5.955146864950871e-06
67,-3.1188014215722483e-06
67,6.8891718385746e-07
67,5.254031339642582e-06
67,1.0333234080218163e-05
67,1.5675180377454236e-05
67,2.103781686850888e-05
67,2.6200231287943926e-05
67,3.09676080339251e-05
67,3.5169664294120175e-05
67,3.86568796417324e-05
67,4.130035796984103e-05
67,4.2997405425875165e-05
67,4.3679401607631163e-05
67,4.3316868939065555e-05
67,4.191971559509814e-05
67,3.9534504006162175e-05
67,3.624183071844221e-05
67,3.215556246836301e-05
67,2.742354072223233e-05
67,2.2227745800245226e-05
67,1.6781512602592986e-05
67,1.1322433338069127e-05
67,6.101360045527358e-06
67,1.3691374134689719e-06
67,-2.6373948549520283e-06
67,-5.709629792849328e-06
67,-7.68193595178779e-06
67,-8.446445157567143e-06
67,-7.965035369801584e-06
67,-6.273840115576908e-06
67,-3.477282973232983e-06
67,2.664554848410671e-07
67,4.762733958861035e-06
67,9.795213752275036e-06
67,1.5136287010559723e-05
67,2.05543586125041e-05
67,2.5820327621639507e-05
67,3.071529762707277e-05
67,3.5039942887683615e-05
67,3.8623837940270284e-05
67,4.133216737436531e-05
67,4.306835689857607e-05
67,4.377320508052301e-05
67,4.342259048643188e-05
67,4.202610866290467e-05
67,3.9627917210767114e-05
67,3.6309073694020376e-05
67,3.2189110829812267e-05
67,2.742487209492677e-05
67,2.2206328484859177e-05
67,1.675019815451537e-05
67,1.1291688540363796e-05
67,6.074004819966714e-06
67,1.3360947957901416e-06
67,-2.699322417560119e-06
67,-5.835468240629356e-06
67,-7.909427394448222e-06
67,-8.801184824827507e-06
67,-8.445962585030396e-06
67,-6.847787773285024e-06
67,-4.08772587975046e-06
67,-3.199818894425486e-07
67,4.245304109141773e-06
67,9.366175332215514e-06
67,1.479065412379388e-05
67,2.0271203853416023e-05
67,2.5573226589791198e-05
67,3.0481286659715078e-05
67,3.4804668302623765e-05
67,3.838177091089234e-05
67,4.1083172538879674e-05
67,4.281413084783624e-05
67,4.351668733893335e-05
67,4.3170332588191825e-05
67,4.1790555001689325e-05
67,3.942636758244437e-05
67,3.6158788283003246e-05
67,3.210103919104597e-05
67,2.7399205217384227e-05
67,2.2231211582671425e-05
67,1.6802821603705283e-05
67,1.1340931896189413e-05
67,6.085310349593947e-06
67,1.279420965097472e-06
67,-2.8402386021234487e-06
67,-6.0574665180676135e-06
67,-8.192681678424602e-06
67,-9.12048439129855e-06
67,-8.784456069134838e-06
67,-7.204438917439529e-06
67,-4.473614477685395e-06
67,-7.46898147440406e-07
67,3.7748540221261676e-06
67,8.86113597149143e-06
67,1.4267574894676204e-05
67,1.9750764138179773e-05
67,2.508000748746742e-05
67,3.0043774649928585e-05
67,3.4451854981861635e-05
67,3.8137134874522776e-05
67,4.095990896246106e-05
67,4.2813841954481976e-05
67,4.363045694873951e-05
67,4.3380397013161104e-05
67,4.207248944026405e-05
67,3.9752638037446974e-05
67,3.650333489914153e-05
67,3.244315930327772e-05
67,2.772547836446548e-05
67,2.2536026247553687e-05
67,1.7088823727872272e-05
67,1.1619185161842686e-05
67,6.372884390111849e-06
67,1.5925471556008382e-06
67,-2.495722256495992e-06
67,-5.693039796299016e-06
67,-7.836363139165937e-06
67,-8.807948337668267e-06
67,-8.5471062037262e-06
67,-7.061299483852747e-06
67,-4.430393643172155e-06
67,-7.994024980119922e-07
67,3.638929849028225e-06
67,8.664267968174187e-06
67,1.404343796410097e-05
67,1.9537802016203984e-05
67,2.490840483130238e-05
67,2.9924755172497865e-05
67,3.4377255567807876e-05
67,3.808831872808219e-05
67,4.0918394259315906e-05
67,4.2767540920028034e-05
67,4.357508123727505e-05
67,4.331851064455668e-05
67,4.201170312767975e-05
67,3.970313955101845e-05
67,3.647532576265798e-05
67,3.244521055654907e-05
67,2.776376189521044e-05
67,2.2612939200707183e-05
67,1.7199837362944655e-05
67,1.1749055820363552e-05
67,6.494433816752634e-06
67,1.6705439418982195e-06
67,-2.496458308163311e-06
67,-5.799367479968857e-06
67,-8.062368284333663e-06
67,-9.155153753660111e-06
67,-9.007070232031672e-06
67,-7.617880978299914e-06
67,-5.061163413358607e-06
67,-1.4783701431040333e-06
67,2.9349578450053424e-06
67,7.947397027646747e-06
67,1.3311108033557616e-05
67,1.877961367334597e-05
67,2.4120452238928332e-05
67,2.9120724978363444e-05
67,3.3587776732753544e-05
67,3.7350279939238375e-05
67,4.0263131409192e-05
67,4.221473568876717e-05
67,4.313260102589711e-05
67,4.298486553997605e-05
67,4.177874155102711e-05
67,3.95583665377605e-05
67,3.640356977751436e-05
67,3.2429419066241036e-05
67,2.778556034506813e-05
67,2.2654289013793627e-05
67,1.7246418056594392e-05
67,1.1794215250968392e-05
67,6.541332902552014e-06
67,1.730776317769792e-06
67,-2.4073349855578296e-06
67,-5.667198344751851e-06
67,-7.878653533525128e-06
67,-8.919669204442188e-06
67,-8.729225373870271e-06
67,-7.316714809523095e-06
67,-4.763063296649897e-06
67,-1.2115314275979641e-06
67,3.149088948940324e-06
67,8.102704192330596e-06
67,1.3419888712295888e-05
67,1.8866397559889664e-05
67,2.4209720366936395e-05
67,2.9227425811555225e-05
67,3.371701874060084e-05
67,3.7503989433452037e-05
67,4.044612452460053e-05
67,4.243535733356042e-05
67,4.3399220144149074e-05
67,4.330229158769564e-05
67,4.2146950681331895e-05
67,3.9973380108405904e-05
67,3.685937212819572e-05
67,3.291990483615459e-05
67,2.8305683205375582e-05
67,2.319992080908632e-05
67,1.7813070435607085e-05
67,1.2375315648851758e-05
67,7.126812592110061e-06
67,2.3063937743435372e-06
67,-1.8598851514973741e-06
67,-5.169362328697821e-06
67,-7.4529472340229955e-06
67,-8.586201043251332e-06
67,-8.501547855442567e-06
67,-7.198812306977832e-06
67,-4.749027577752781e-06
67,-1.2880379882255377e-06
67,2.998612550001296e-06
67,7.893984803250987e-06
67,1.3165976611201487e-05
67,1.8579351460870426e-05
67,2.3903987621671325e-05
67,2.8920740161856682e-05
67,3.3426685227291746e-05
67,3.724138446461494e-05
67,4.021443301027929e-05
67,4.2232505427670296e-05
67,4.322330469172265e-05
67,4.31553305050237e-05
67,4.203499768439744e-05
67,3.990397355591259e-05
67,3.683854397115655e-05
67,3.2950461481616336e-05
67,2.838710275992658e-05
67,2.3328954495748157e-05
67,1.798389886760365e-05
67,1.25790866609125e-05
67,7.3515518287915e-06
67,2.5383805179517216e-06
67,-1.6332664700441666e-06
67,-4.956541129584175e-06
67,-7.25644942526725e-06
67,-8.402985798517678e-06
67,-8.324629314524522e-06
67,-7.018822485581744e-06
67,-4.5554577476100916e-06
67,-1.0712739917837172e-06
67,3.2438160547679173e-06
67,8.164976055512376e-06
67,1.3450979320714512e-05
67,1.8859702731836013e-05
67,2.415932494273301e-05
67,2.9135750038910257e-05
67,3.359735246268886e-05
67,3.737801898352553e-05
67,4.033947292861248e-05
67,4.2373771755016775e-05
67,4.3406136768119925e-05
67,4.339742117081328e-05
67,4.234548449558816e-05
67,4.0285410640774976e-05
67,3.7288975720464344e-05
67,3.3463708867332564e-05
67,2.8951669968528596e-05
67,2.392776200138584e-05
67,1.8596719160138615e-05
67,1.3187290560564637e-05
67,7.942656800532208e-06
67,3.1078722710065266e-06
67,-1.0834639697953944e-06
67,-4.421631539701919e-06
67,-6.732600336224371e-06
67,-7.890574257942426e-06
67,-7.83094311234263e-06
67,-6.559932273143857e-06
67,-4.155581465326014e-06
67,-7.575158532178028e-07
67,3.451020303604084e-06
67,8.261330095405636e-06
67,1.345188119987935e-05
67,1.8795384464585096e-05
67,2.406434461236856e-05
67,2.9038263524772074e-05
67,3.35124210931965e-05
67,3.7306447526894786e-05
67,4.027148395670795e-05
67,4.229547744272565e-05
67,4.330593875568421e-05
67,4.3269622275874935e-05
67,4.219011681707305e-05
67,4.0105810723410934e-05
67,3.709001323864554e-05
67,3.325250025488741e-05
67,2.8739884378594442e-05
67,2.373264096136716e-05
67,1.84385393248936e-05
67,1.3083704215656935e-05
67,7.902698513052917e-06
67,3.128467164376759e-06
67,-1.0174749390952716e-06
67,-4.334570485893973e-06
67,-6.6529716761602635e-06
67,-7.84438512951151e-06
67,-7.834016937805438e-06
67,-6.61146643803263e-06
67,-4.236688404054034e-06
67,-8.376727460418126e-07
67,3.4008837736539605e-06
67,8.255590995048902e-06
67,1.348462178393088e-05
67,1.8845315498504316e-05
67,2.4105987121389742e-05
67,2.905214421346283e-05
67,3.348993815082638e-05
67,3.724968363178442e-05
67,4.019030461165879e-05
67,4.220377377391185e-05
67,4.321825257555928e-05
67,4.3199362801317056e-05
67,4.2149904355846366e-05
67,4.010877078383049e-05
67,3.714970819262663e-05
67,3.338016961544632e-05
67,2.8940125236691373e-05
67,2.400035417191477e-05
67,1.8759376710444513e-05
67,1.3438008081896923e-05
67,8.271037914939488e-06
67,3.496679762808732e-06
67,-6.548833108021606e-07
67,-3.9732205862642136e-06
67,-6.28034796536995e-06
67,-7.445138852920339e-06
67,-7.397946761789127e-06
67,-6.140952767188995e-06
67,-3.749111031724741e-06
67,-3.5996063459475993e-07
67,3.843837410064643e-06
67,8.652097461550885e-06
67,1.383983078959182e-05
67,1.917556554036766e-05
67,2.4429004693929052e-05
67,2.938005482914727e-05
67,3.382778201842726e-05
67,3.759718421327012e-05
67,4.054381171716456e-05
67,4.255754568649019e-05
67,4.356564175432423e-05
67,4.353385665733893e-05
67,4.2465391312784355e-05
67,4.039922946675446e-05
67,3.7409552715950455e-05
67,3.3606109801381945e-05
67,2.9133903204228904e-05
67,2.4170686248633224e-05
67,1.892176740746553e-05
67,1.3612288306616388e-05
67,8.47739393599334e-06
67,3.7510812734675958e-06
67,-3.4505195829369416e-07
67,-3.612167488682555e-06
67,-5.883852289321697e-06
67,-7.0363519259580486e-06
67,-6.999886711475331e-06
67,-5.7688943581975705e-06
67,-3.4068555211660064e-06
67,-4.223625625650149e-08
67,4.144306717955797e-06
67,8.937765573367317e-06
67,1.4106636057756205e-05
67,1.941682364596743e-05
67,2.464037205649709e-05
67,2.9560832593487415e-05
67,3.3978412182049755e-05
67,3.771663160919355e-05
67,4.0629632636353006e-05
67,4.260794594921027e-05
67,4.3581220824707114e-05
67,4.351803866027645e-05
67,4.242417557987365e-05
67,4.034092302419258e-05
67,3.73443340376756e-05
67,3.354504803745314e-05
67,2.9087482195619938e-05
67,2.414721016186583e-05
67,1.8926011862318854e-05
67,1.3644710100152212e-05
67,8.534294977048282e-06
67,3.8261032478801e-06
67,-2.582214017911105e-07
67,-3.516937683129563e-06
67,-5.779406542810868e-06
67,-6.918937128218507e-06
67,-6.866082711235939e-06
67,-5.618774568797798e-06
67,-3.244953602446585e-06
67,1.2436350450959343e-07
67,4.309487115555679e-06
67,9.098853327768598e-06
67,1.4263775847698795e-05
67,1.9570036595701442e-05
67,2.4787640092034937e-05
67,2.969955182749884e-05
67,3.410869519525866e-05
67,3.7842713583402526e-05
67,4.0757624783716506e-05
67,4.2741823370798445e-05
67,4.372020100389261e-05
67,4.3656757718327816e-05
67,4.255482579089537e-05
67,4.045577410791858e-05
67,3.743757920820478e-05
67,3.361366853429663e-05
67,2.9131407974630325e-05
67,2.416936840334279e-05
67,1.893266352690064e-05
67,1.3645840456535222e-05
67,8.543319811214169e-06
67,3.858303089333995e-06
67,-1.883616152816867e-07
67,-3.3984907407292145e-06
67,-5.6067034626935515e-06
67,-6.691774814518926e-06
67,-6.589029295074074e-06
67,-5.300447672714501e-06
67,-2.8974946765877485e-06
67,4.860735791452834e-07
67,4.66933674266098e-06
67,9.441811156313625e-06
67,1.4578544858114215e-05
67,1.9850810884007884e-05
67,2.5033432739198864e-05
67,2.9910941015692757e-05
67,3.4284170869546735e-05
67,3.797750353103212e-05
67,4.084580910914305e-05
67,4.2779778703096794e-05
67,4.37086681710054e-05
67,4.360038011660282e-05
67,4.2459984547489666e-05
67,4.032837374430608e-05
67,3.728202488979283e-05
67,3.343327817897172e-05
67,2.8929548447401894e-05
67,2.3950261126214292e-05
67,1.8701330423828577e-05
67,1.340755293416041e-05
67,8.303278606689448e-06
67,3.6218111443808823e-06
67,-4.1568732357878943e-07
67,-3.611107767604837e-06
67,-5.800207485678273e-06
67,-6.863904420662541e-06
67,-6.73967295948987e-06
67,-5.430535494532344e-06
67,-3.0078160727578142e-06
67,3.949177366845862e-07
67,4.595787231221565e-06
67,9.382136440937286e-06
67,1.4526708709756699e-05
67,1.9799742456153833e-05
67,2.4977259030001517e-05
67,2.9847243881719728e-05
67,3.4215048439925164e-05
67,3.790857563681142e-05
67,4.0783481937815704e-05
67,4.272825952574361e-05
67,4.366835759038282e-05
67,4.356827651507978e-05
67,4.243147441913434e-05
67,4.029914974471584e-05
67,3.7249160812709e-05
67,3.3395376288591616e-05
67,2.888666050352849e-05
67,2.3904284371181852e-05
67,1.8656768930554028e-05
67,1.3371774549703739e-05
67,8.285592052045057e-06
67,3.6317097222921482e-06
67,-3.699894420220096e-07
67,-3.5230188236123826e-06
67,-5.664253518835115e-06
67,-6.675479447033562e-06
67,-6.495857986214308e-06
67,-5.1315581494710205e-06
67,-2.6577239895734304e-06
67,7.89324734403213e-07
67,5.0270088128567515e-06
67,9.843139012380607e-06
67,1.5010222899768611e-05
67,2.029665409680873e-05
67,2.5475916679828137e-05
67,3.0334550536342346e-05
67,3.467871690499723e-05
67,3.8339328715299575e-05
67,4.117635424756546e-05
67,4.308272933089936e-05
67,4.398736621954332e-05
67,4.385646406231131e-05
67,4.2693320299728824e-05
67,4.053783553028112e-05
67,3.7466505579080374e-05
67,3.359235553952383e-05
67,2.9063579317987183e-05
67,2.4060180782425444e-05
67,1.8788691133773642e-05
67,1.3475109684744105e-05
67,8.355935227159628e-06
67,3.6674082447621082e-06
67,-3.661885874744801e-07
67,-3.5441557038588984e-06
67,-5.700775732293855e-06
67,-6.71711700956373e-06
67,-6.532970362506055e-06
67,-5.156199189334003e-06
67,-2.6651573005812285e-06
67,7.98706851710249e-07
67,5.046797149901124e-06
67,9.862703233133873e-06
67,1.5018964348947465e-05
67,2.0288088997901282e-05
67,2.5448743049672313e-05
67,3.0290311968290295e-05
67,3.461832091933425e-05
67,3.8261000685189154e-05
67,4.10758525995981e-05
67,4.295495744510556e-05
67,4.38281779017836e-05
67,4.366393695773935e-05
67,4.2468133307840306e-05
67,4.0282602354391245e-05
67,3.718440911620065e-05
67,3.3286030719821184e-05
67,2.8735199565518548e-05
67,2.3712829269602798e-05
67,1.8427987549507886e-05
67,1.3109733882122076e-05
67,7.99650649733631e-06
67,3.3244252813352976e-06
67,-6.840975170144395e-07
67,-3.830975729234129e-06
67,-5.953076738065467e-06
67,-6.933814627719811e-06
67,-6.714978014241033e-06
67,-5.30553711339171e-06
67,-2.7832646577235924e-06
67,7.12717312399784e-07
67,4.996273695160524e-06
67,9.850817135011614e-06
67,1.5044407110249853e-05
67,2.0342335184271556e-05
67,2.5517495503083917e-05
67,3.0358457273169243e-05
67,3.467496046411013e-05
67,3.830155562934645e-05
67,4.110095380365175e-05
67,4.2967864300364206e-05
67,4.383243465505923e-05
67,4.3661954705064876e-05
67,4.246077496986353e-05
67,4.0269687202158876e-05
67,3.7165744371562274e-05
67,3.32621849920242e-05
67,2.8707347408681824e-05
67,2.3681732463268538e-05
67,1.8392918155072136e-05
67,1.3068215915051586e-05
67,7.945110999847185e-06
67,3.260100996231042e-06
67,-7.628783509194343e-07
67,-3.9235784490820666e-06
67,-6.056474283408445e-06
67,-7.042711816094809e-06
67,-6.822535732114704e-06
67,-5.404922395330808e-06
67,-2.869702036078405e-06
67,6.404443177617922e-07
67,4.93615946334917e-06
67,9.800195279698178e-06
67,1.500322187510948e-05
67,2.0314344619413117e-05
67,2.5507845929708923e-05
67,3.0369175710712744e-05
67,3.470182414911892e-05
67,3.833450267758317e-05
67,4.1127241099523146e-05
67,4.297558841525549e-05
67,4.381275204339432e-05
67,4.36098214918996e-05
67,4.237472356859329e-05
67,4.015108982967572e-05
67,3.701790137769336e-05
67,3.3089563922563954e-05
67,2.8515112105207364e-05
67,2.34753896489893e-05
67,1.8177818265448843e-05
67,1.2848890023904268e-05
67,7.724745528397261e-06
67,3.040509734116183e-06
67,-9.8071842534119e-07
67,-4.1387392115142785e-06
67,-6.26742383486051e-06
67,-7.246907533245883e-06
67,-7.0161420680738335e-06
67,-5.5826708215118636e-06
67,-3.0252142930246765e-06
67,5.134932070392488e-07
67,4.84198942383621e-06
67,9.738590414236143e-06
67,1.4968298957006133e-05
67,2.0295872811871427e-05
67,2.549513408832684e-05
67,3.0355382354071832e-05
67,3.468588713815844e-05
67,3.8319724931139135e-05
67,4.1118133306989886e-05
67,4.2975390369347464e-05
67,4.382278288570077e-05
67,4.363013672270323e-05
67,4.2404935399898986e-05
67,4.019060039014866e-05
67,3.7065461779402455e-05
67,3.3142583544871437e-05
67,2.8569378876304906e-05
67,2.3525680779545915e-05
67,1.8219314413816986e-05
67,1.2878751770714559e-05
67,7.743089194272167e-06
67,3.0503656751409833e-06
67,-9.743815058488165e-07
67,-4.130531597453807e-06
67,-6.253192186469873e-06
67,-7.225213690789399e-06
67,-6.989140995971619e-06
67,-5.555775180169899e-06
67,-3.0051531463480587e-06
67,5.217915692480981e-07
67,4.838404894675137e-06
67,9.729229883552552e-06
67,1.4964395953319344e-05
67,2.0310262238196646e-05
67,2.5537662149661086e-05
67,3.0429489690630693e-05
67,3.4788128667514394e-05
67,3.844213059924234e-05
67,4.1251528407494886e-05
67,4.3111589917277626e-05
67,4.395489500185313e-05
67,4.3751714881466634e-05
67,4.2509300285601454e-05
67,4.027122610711182e-05
67,3.711741996518951e-05
67,3.316422703637975e-05
67,2.8563168616451792e-05
67,2.3497505893399995e-05
67,1.8176515030508123e-05
67,1.28276894257638e-05
67,7.687159611925821e-06
67,2.989011067966702e-06
67,-1.0454318521129452e-06
67,-4.217752457328715e-06
67,-6.362678255375698e-06
67,-7.359681917194237e-06
67,-7.145753069560244e-06
67,-5.726147314444383e-06
67,-3.1780761305551235e-06
67,3.559916795787743e-07
67,4.684107137747416e-06
67,9.584305680608833e-06
67,1.4821955020531718e-05
67,2.016219427166889e-05
67,2.537811349793188e-05
67,3.0256714639824927e-05
67,3.4604142671461934e-05
67,3.825077109935463e-05
67,4.105627714206395e-05
67,4.291440972800723e-05
67,4.375650668333043e-05
67,4.355276009832933e-05
67,4.231131444244252e-05
67,4.007656413011234e-05
67,3.692806324960943e-05
67,3.2980209486034537e-05
67,2.8381619642206633e-05
67,2.3312871180902245e-05
67,1.7981820706827726e-05
67,1.2616338745307753e-05
67,7.4547988231627166e-06
67,2.7350979783296563e-06
67,-1.3168515096747407e-06
67,-4.498681116275462e-06
67,-6.64349551540234e-06
67,-7.632545131373177e-06
67,-7.407512388559404e-06
67,-5.979072385411494e-06
67,-3.427773720408963e-06
67,1.0431440023239422e-07
67,4.428772130398277e-06
67,9.328008011234806e-06
67,1.4570419963774764e-05
67,1.9922094963813407e-05
67,2.5155594251708092e-05
67,3.0056845436767775e-05
67,3.4430889092294125e-05
67,3.810706230280861e-05
67,4.094402967083576e-05
67,4.2834432281683e-05
67,4.3708175000105385e-05
67,4.353353594347637e-05
67,4.231650503532089e-05
67,4.0099751539852984e-05
67,3.696222421528558e-05
67,3.301907237500411e-05
67,2.8420728126992293e-05
67,2.335013918304304e-05
67,1.8017632075369306e-05
67,1.2653168051607026e-05
67,7.4961441739864175e-06
67,2.7837045980191185e-06
67,-1.2608721653861918e-06
67,-4.438740989605142e-06
67,-6.585631784358269e-06
67,-7.583014578877042e-06
67,-7.370230696454823e-06
67,-5.954423445491842e-06
67,-3.413345956297097e-06
67,1.1193218847657379e-07
67,4.432684157927985e-06
67,9.330990397572566e-06
67,1.4575504832700571e-05
67,1.9932478990077675e-05
67,2.5173548419956933e-05
67,3.0082650920913918e-05
67,3.4462950105449214e-05
67,3.814318993711904e-05
67,4.098286830780951e-05
67,4.2876128766478655e-05
67,4.375421575959012e-05
67,4.358617322527777e-05
67,4.2378089662624174e-05
67,4.01720792877845e-05
67,3.704601336166254e-05
67,3.311370997538721e-05
67,2.8524222875847806e-05
67,2.3458999793523346e-05
67,1.8126517791076212e-05
67,1.2754623768615729e-05
67,7.581058339084666e-06
67,2.8428464561752165e-06
67,-1.2346665742994646e-06
67,-4.448779516560793e-06
67,-6.63085291323165e-06
67,-7.658793924400746e-06
67,-7.469785456999042e-06
67,-6.0700238063930475e-06
67,-3.537128112440659e-06
67,-1.2875066479975761e-08
67,4.312015059260145e-06
67,9.21628796762564e-06
67,1.4465073630223959e-05
67,1.9822913422680827e-05
67,2.5062788378239863e-05
67,2.9972218493655826e-05
67,3.4357846225114216e-05
67,3.804982966371978e-05
67,4.0906752857237575e-05
67,4.282061790507226e-05
67,4.372055654437461e-05
67,4.357417225799889e-05
67,4.2386819509351375e-05
67,4.0200274203123215e-05
67,3.709200189513913e-05
67,3.317497376185647e-05
67,2.8596998460632585e-05
67,2.3538453932413055e-05
67,1.8207689731995965e-05
67,1.2833738943483157e-05
67,7.656463646861798e-06
67,2.915020645584962e-06
67,-1.163971254447813e-06
67,-4.377723324659693e-06
67,-6.558491796389471e-06
67,-7.58568965595866e-06
67,-7.398311753753128e-06
67,-6.0043299944928084e-06
67,-3.4825025158058413e-06
67,2.570889795243138e-08
67,4.331918213993419e-06
67,9.218833590819732e-06
67,1.445552884608894e-05
67,1.980836150394885e-05
67,2.504903112558174e-05
67,2.996177506832291e-05
67,3.4350254347117764e-05
67,3.804358956710812e-05
67,4.090122699801505e-05
67,4.2816749297192846e-05
67,4.372044415363306e-05
67,4.3580156426745356e-05
67,4.2400636713764063e-05
67,4.022257674585374e-05
67,3.712236614106447e-05
67,3.321231035976609e-05
67,2.8640027259088023e-05
67,2.358585456351946e-05
67,1.8257787363506155e-05
67,1.2883924955155298e-05
67,7.70270972626503e-06
67,2.951747360206083e-06
67,-1.1436109284166803e-06
67,-4.381181287176223e-06
67,-6.592781846690024e-06
67,-7.655994958610149e-06
67,-7.5065353575364474e-06
67,-6.148191563110037e-06
67,-3.6557680278333783e-06
67,-1.68265170227667e-07
67,4.126150675251978e-06
67,9.00840676551267e-06
67,1.4245008057921277e-05
67,1.9600416102152096e-05
67,2.4845751652710712e-05
67,2.976538867485605e-05
67,3.416274014128069e-05
67,3.786585956585861e-05
67,4.073288003405516e-05
67,4.2656712096830896e-05
67,4.356799683129733e-05
67,4.3435683080236065e-05
67,4.226581850518645e-05
67,4.010010457580128e-05
67,3.7015370524463654e-05
67,3.312370483899419e-05
67,2.8571915078032373e-05
67,2.3539048702912477e-05
67,1.8231428224813037e-05
67,1.2875255200232696e-05
67,7.707204024535218e-06
67,2.963787702152392e-06
67,-1.1295701622095154e-06
67,-4.3693589463233125e-06
67,-6.58528880905163e-06
67,-7.652872732704988e-06
67,-7.506473687916016e-06
67,-6.1494202223323425e-06
67,-3.6566867454072244e-06
67,-1.6773246228272087e-07
67,4.128711369996949e-06
67,9.012960222725935e-06
67,1.4250939553489911e-05
67,1.9606776733416696e-05
67,2.485187512502736e-05
67,2.9771837893583018e-05
67,3.417213493457758e-05
67,3.788293647447776e-05
67,4.076351876140856e-05
67,4.270638322035206e-05
67,4.3640476303027925e-05
67,4.353261210609183e-05
67,4.238706808074428e-05
67,4.024445018293222e-05
67,3.718094246669042e-05
67,3.3307985040537356e-05
67,2.877148383676731e-05
67,2.3749557884783094e-05
67,1.8448149913563795e-05
67,1.3094074371295257e-05
67,7.92547897130433e-06
67,3.1804872335241567e-06
67,-9.146042123016599e-07
67,-4.1566336549111555e-06
67,-6.376733086792872e-06
67,-7.4523082690289076e-06
67,-7.319409957166758e-06
67,-5.982315310082364e-06
67,-3.5157462624216043e-06
67,-5.725635875107274e-08
67,4.20813772279262e-06
67,9.065654745260646e-06
67,1.428582620594661e-05
67,1.9635342606386685e-05
67,2.4885054885128133e-05
67,2.981709933194638e-05
67,3.423194198658928e-05
67,3.795507677707339e-05
67,4.084291568023093e-05
67,4.278742343435377e-05
67,4.371883164402739e-05
67,4.360597579176442e-05
67,4.2454884443171137e-05
67,4.030723455691144e-05
67,3.723988006562817e-05
67,3.3365104481081694e-05
67,2.883008248817422e-05
67,2.3814188483966356e-05
67,1.8523694030768215e-05
67,1.3184085736201612e-05
67,8.030547553971435e-06
67,3.2974184785299583e-06
67,-7.924402302000487e-07
67,-4.0379480947074505e-06
67,-6.270389849092879e-06
67,-7.36526621647297e-06
67,-7.254969252318691e-06
67,-5.9392001939121605e-06
67,-3.488608172875556e-06
67,-3.883242938672026e-08
67,4.223843575857078e-06
67,9.080680747959157e-06
67,1.4297592825440961e-05
67,1.9638438850901745e-05
67,2.487438327268496e-05
67,2.979059626607069e-05
67,3.419162390364675e-05
67,3.790629471672228e-05
67,4.079254258129509e-05
67,4.2741916254006535e-05
67,4.3682911487075974e-05
67,4.3582289989450344e-05
67,4.244452857435747e-05
67,4.031056078045071e-05
67,3.72569043206509e-05
67,3.33952157569542e-05
67,2.8871391736237638e-05
67,2.386321286646188e-05
67,1.8575857633320767e-05
67,1.3234933642473838e-05
67,8.077107600525817e-06
67,3.3391128860569133e-06
67,-7.536471235601385e-07
67,-3.998202151068086e-06
67,-6.225306540296604e-06
67,-7.311780500646421e-06
67,-7.19318495625708e-06
67,-5.8734351847326565e-06
67,-3.4268247607431223e-06
67,9.776457763313836e-09
67,4.252286928877688e-06
67,9.086926315780441e-06
67,1.4285110577015134e-05
67,1.9614324077730674e-05
67,2.4846367280742223e-05
67,2.9764677074188923e-05
67,3.41711817869969e-05
67,3.789240879548178e-05
67,4.078477562000347e-05
67,4.273906997378158e-05
67,4.36835647899267e-05
67,4.3585040469899394e-05
67,4.244796311198295e-05
67,4.031319639113347e-05
67,3.7257429927099156e-05
67,3.3393121456571705e-05
67,2.8867673954807706e-05
67,2.3860670980258475e-05
67,1.8578701626283098e-05
67,1.3247799623915239e-05
67,8.103820542136997e-06
67,3.381539783308312e-06
67,-6.963945885377948e-07
67,-3.9299643148378126e-06
67,-6.152220721116946e-06
67,-7.24074050427034e-06
67,-7.1298583696797975e-06
67,-5.820710629769031e-06
67,-3.3845336562009608e-06
67,4.364009174029594e-08
67,4.279552019411277e-06
67,9.10774552567555e-06
67,1.4297972544200435e-05
67,1.9617409362292367e-05
67,2.4839043084782402e-05
67,2.9748014682303036e-05
67,3.414742931855154e-05
67,3.786419412104383e-05
67,4.0754699630443114e-05
67,4.2709706962047504e-05
67,4.365754495888195e-05
67,4.356503150045044e-05
67,4.243656892709439e-05
67,4.0312782002261756e-05
67,3.726982619504834e-05
67,3.341925140038873e-05
67,2.890727414297293e-05
67,2.391227176220634e-05
67,1.8639887961213966e-05
67,1.3315660030972718e-05
67,8.175494416944796e-06
67,3.4548186860603636e-06
67,-6.224999520320562e-07
67,-3.854919489335184e-06
67,-6.074206978841709e-06
67,-7.157500065093148e-06
67,-7.039793246054021e-06
67,-5.723623154855141e-06
67,-3.2815635300760438e-06
67,1.508118283381466e-07
67,4.389642350816792e-06
67,9.220224715127675e-06
67,1.4412564860513527e-05
67,1.973326776050169e-05
67,2.49545198188921e-05
67,2.9861416842894702e-05
67,3.425816589633738e-05
67,3.79733345892187e-05
67,4.086453385995359e-05
67,4.2822724733667045e-05
67,4.377552992751671e-05
67,4.368865186291696e-05
67,4.25654504049232e-05
67,4.044587818925441e-05
67,3.740588190921129e-05
67,3.355717533107496e-05
67,2.9046326326346776e-05
67,2.405211871869464e-05
67,1.8780650081410482e-05
67,1.3457991514353359e-05
67,8.320592233462586e-06
67,3.604222177674286e-06
67,-4.67322371077327e-07
67,-3.693011347537558e-06
67,-5.905363276663109e-06
67,-6.982257849428846e-06
67,-6.859367534212753e-06
67,-5.540011926502565e-06
67,-3.097799099849902e-06
67,3.3057088524674664e-07
67,4.5605286343559555e-06
67,9.377670762775756e-06
67,1.4553528617837414e-05
67,1.9856953150582757e-05
67,2.5062025033434433e-05
67,2.995446584289436e-05
67,3.4337795238181526e-05
67,3.803940627192837e-05
67,4.091622878489534e-05
67,4.28594613721613e-05
67,4.379763274465756e-05
67,4.369746228674183e-05
67,4.256297651015311e-05
67,4.043427075342934e-05
67,3.738703036298344e-05
67,3.3532595089795024e-05
67,2.9017297321655963e-05
67,2.4019863842556313e-05
67,1.87463625432119e-05
67,1.3422703363276254e-05
67,8.285025719013365e-06
67,3.5687403052955614e-06
67,-5.026908644302887e-07
67,-3.72857588877972e-06
67,-5.941816685481202e-06
67,-7.020603461084483e-06
67,-6.900539877821855e-06
67,-5.5842403288266e-06
67,-3.1440935304887204e-06
67,2.843544141493105e-07
67,4.51689764031719e-06
67,9.338313994766244e-06
67,1.4518377724867842e-05
67,1.9824051537536332e-05
67,2.502832335436129e-05
67,2.991708672701118e-05
67,3.4295023032747336e-05
67,3.799091739239282e-05
67,4.086265212473273e-05
67,4.28017465282181e-05
67,4.373666300104789e-05
67,4.3634051422846744e-05
67,4.24981179236119e-05
67,4.036938859180982e-05
67,3.732401454503772e-05
67,3.347356108936376e-05
67,2.8964213500091706e-05
67,2.397427377314526e-05
67,1.8709316894509968e-05
67,1.3394832814126985e-05
67,8.26663229878905e-06
67,3.5598915791679425e-06
67,-5.019771485984043e-07
67,-3.718032137303092e-06
67,-5.920683321650564e-06
67,-6.987732844128918e-06
67,-6.854976551641962e-06
67,-5.526027207395864e-06
67,-3.0747716605001864e-06
67,3.619542234726704e-07
67,4.599478830798968e-06
67,9.423021339358689e-06
67,1.460324282338531e-05
67,1.990782068088488e-05
67,2.510995268004628e-05
67,2.9995355626782464e-05
67,3.4368537550592127e-05
67,3.8058443414367975e-05
67,4.092350310423895e-05
67,4.285596894933178e-05
67,4.378492707404564e-05
67,4.36773209688582e-05
67,4.253727352091877e-05
67,4.0404995010897814e-05
67,3.735633613798459e-05
67,3.3502760961942526e-05
67,2.8990547899839263e-05
67,2.3998140491102668e-05
67,1.8731198159136426e-05
67,1.3415288645689659e-05
67,8.286410541772549e-06
67,3.580023517982854e-06
67,-4.802955491893349e-07
67,-3.693802699208077e-06
67,-5.893479043895451e-06
67,-6.9577653241905855e-06
67,-6.822758755294896e-06
67,-5.491889876956061e-06
67,-3.0386534276924934e-06
67,4.0025474211217527e-07
67,4.639848768791627e-06
67,9.464857920623207e-06
67,1.4645770231303328e-05
67,1.995060614934666e-05
67,2.515310517465787e-05
67,3.0039179549438266e-05
67,3.441290391103597e-05
67,3.8102351896670354e-05
67,4.096510849145297e-05
67,4.289300957962589e-05
67,4.381531833930758e-05
67,4.3699689835525755e-05
67,4.2551277599529104e-05
67,4.041134250800351e-05
67,3.735654457208309e-05
67,3.3498831350265806e-05
67,2.898475238917371e-05
67,2.3992964513014344e-05
67,1.872928114674036e-05
67,1.3419182335887643e-05
67,8.298167025051044e-06
67,3.600845254739373e-06
67,-4.501016602471581e-07
67,-3.6545540698252183e-06
67,-5.845763590995928e-06
67,-6.902261622347119e-06
67,-6.7602640730735994e-06
67,-5.423349572142872e-06
67,-2.964980964562235e-06
67,4.785082229643666e-07
67,4.722624385542349e-06
67,9.552206899643137e-06
67,1.4737098196983596e-05
67,2.004414292158935e-05
67,2.5246137070549296e-05
67,3.0128968744885685e-05
67,3.449764806860522e-05
67,3.818156007302013e-05
67,4.103928558910622e-05
67,4.2962996699000825e-05
67,4.3881695404337645e-05
67,4.376245273481393e-05
67,4.260982879262909e-05
67,4.0464740533039015e-05
67,3.7403867368060236e-05
67,3.35394453311807e-05
67,2.901835197795322e-05
67,2.4019444092969763e-05
67,1.8748648273632184e-05
67,1.3431665460372688e-05
67,8.304458688258607e-06
67,3.6022597876249487e-06
67,-4.517276504194071e-07
67,-3.657182421972702e-06
67,-5.847507608447275e-06
67,-6.901629005798275e-06
67,-6.756313662313741e-06
67,-5.415866934179855e-06
67,-2.954672187798741e-06
67,4.89997008907654e-07
67,4.733112436489351e-06
67,9.559821642828635e-06
67,1.474113237688705e-05
67,2.0045279976554905e-05
67,2.5245747444322405e-05
67,3.0127899912471227e-05
67,3.449534130501842e-05
67,3.8176021625081895e-05
67,4.102776465610375e-05
67,4.2942829934770515e-05
67,4.385089065957829e-05
67,4.371990365044925e-05
67,4.2555250817782445e-05
67,4.039846987790521e-05
67,3.732667310829348e-05
67,3.3452473642467977e-05
67,2.8923202940063812e-05
67,2.3918239669648745e-05
67,1.864392334951091e-05
67,1.3326044063985693e-05
67,8.200252567718834e-06
67,3.5011902786323263e-06
67,-5.4858243994477e-07
67,-3.749271557795001e-06
67,-5.934643253904192e-06
67,-6.983827818252434e-06
67,-6.8336166461505615e-06
67,-5.488141726894444e-06
67,-3.0215157031541105e-06
67,4.290863313999608e-07
67,4.678240956068021e-06
67,9.51009886746864e-06
67,1.4694415103499658e-05
67,1.9998654823836462e-05
67,2.5196666845979746e-05
67,3.0075324789289504e-05
67,3.44401558550064e-05
67,3.812051114027772e-05
67,4.097459074619452e-05
67,4.289413531117131e-05
67,4.380788006471203e-05
67,4.368286616320767e-05
67,4.252380841333116e-05
67,4.0371845117487205e-05
67,3.730384760853091e-05
67,3.34322210841052e-05
67,2.890410238126213e-05
67,2.3898818262549712e-05
67,1.86229824960234e-05
67,1.3303060550936967e-05
67,8.175656108474087e-06
67,3.4763716875977526e-06
67,-5.715364833211541e-07
67,-3.7680095947301297e-06
67,-5.947027962625786e-06
67,-6.988389640711075e-06
67,-6.829906361360164e-06
67,-5.476839946420948e-06
67,-3.004144539118012e-06
67,4.508570830579371e-07
67,4.703448851280627e-06
67,9.539076019233692e-06
67,1.4728715437029429e-05
67,2.0040246454245976e-05
67,2.5246787145422785e-05
67,3.0133680215184476e-05
67,3.4504942431860857e-05
67,3.818915576454618e-05
67,4.104466192915367e-05
67,4.296389330448685e-05
67,4.387630538043324e-05
67,4.374935384881323e-05
67,4.258783282352569e-05
67,4.043282165573354e-05
67,3.736125000947506e-05
67,3.3485832944501704e-05
67,2.8954180131995265e-05
67,2.3946001468932144e-05
67,1.866797181473932e-05
67,1.3346243555348604e-05
67,8.216878020619952e-06
67,3.5149431877118034e-06
67,-5.366168814381217e-07
67,-3.737687352449536e-06
67,-5.921746439031053e-06
67,-6.967664568342371e-06
67,-6.8121061882299775e-06
67,-5.459402991568797e-06
67,-2.9843277770497206e-06
67,4.749170494039587e-07
67,4.731859660255107e-06
67,9.569993097796306e-06
67,1.4758994584728535e-05
67,2.006665109809858e-05
67,2.526713852607763e-05
67,3.014738761121495e-05
67,3.4512753268117374e-05
67,3.8192433708956495e-05
67,4.104469554035622e-05
67,4.296157397345879e-05
67,4.387219287001743e-05
67,4.374391508414387e-05
67,4.258159060675677e-05
67,4.042625503658105e-05
67,3.735447769058764e-05
67,3.347828595747801e-05
67,2.8944511112171052e-05
67,2.3932342353584742e-05
67,1.8648444534548618e-05
67,1.3319511656622773e-05
67,8.182557286477753e-06
67,3.4737822103354794e-06
67,-5.828217605634784e-07
67,-3.7864667699021334e-06
67,-5.9705945859841475e-06
67,-7.014769018296933e-06
67,-6.856849907836288e-06
67,-5.502321020725761e-06
67,-3.0264594219035464e-06
67,4.3294742364064606e-07
67,4.690473752784099e-06
67,9.53060244370698e-06
67,1.4723314837589684e-05
67,2.003585421119878e-05
67,2.52413687018628e-05
67,3.0125863537514977e-05
67,3.449428235452677e-05
67,3.8175968316690793e-05
67,4.1029641554713566e-05
67,4.294777280067254e-05
67,4.385967239737034e-05
67,4.373258979162589e-05
67,4.257109551131693e-05
67,4.041601689486681e-05
67,3.7343973823112384e-05
67,3.3467309634495374e-05
67,2.8933264066869678e-05
67,2.3921308203204806e-05
67,1.8638133615592454e-05
67,1.3310194881967514e-05
67,8.174047251350917e-06
67,3.465286149705106e-06
67,-5.927093113480703e-07
67,-3.7995233995764217e-06
67,-5.9884527496815625e-06
67,-7.038294024809748e-06
67,-6.885751767262148e-06
67,-5.535285822362462e-06
67,-3.061781882995087e-06
67,3.9660610411826004e-07
67,4.653690467845901e-06
67,9.49337620714452e-06
67,1.4685591659140178e-05
67,1.9997911531067077e-05
67,2.5203765188711245e-05
67,3.0089075022303795e-05
67,3.4458381759256566e-05
67,3.8140592016415604e-05
67,4.099421398917637e-05
67,4.291181527579124e-05
67,4.3823051274754405e-05
67,4.3695629656210114e-05
67,4.253451738992701e-05
67,4.0380707030528345e-05
67,3.731067302000213e-05
67,3.3436360952802894e-05
67,2.890449912915327e-05
67,2.3894045633081866e-05
67,1.8611225769635045e-05
67,1.3282121972553598e-05
67,8.143122808467673e-06
67,3.4299953691175604e-06
67,-6.333486859733974e-07
67,-3.845768169770524e-06
67,-6.039912871241259e-06
67,-7.094182949504813e-06
67,-6.945075469953512e-06
67,-5.596815004598919e-06
67,-3.123890836687111e-06
67,3.359602367334666e-07
67,4.59663253426131e-06
67,9.44151601008197e-06
67,1.4639566486627902e-05
67,1.9957448674233324e-05
67,2.5168248915071142e-05
67,3.0058192561783755e-05
67,3.443240313817474e-05
67,3.812019653988196e-05
67,4.09801199304947e-05
67,4.290450401441955e-05
67,4.3822689773927356e-05
67,4.3702138156424766e-05
67,4.254769530185849e-05
67,4.040034114274573e-05
67,3.733655900864975e-05
67,3.3468215486692765e-05
67,2.8941833974701644e-05
67,2.3936128353503172e-05
67,1.8657188320746686e-05
67,1.3331145213116034e-05
67,8.194551964329215e-06
67,3.4833047008061575e-06
67,-5.786860574189203e-07
67,-3.7903771230954846e-06
67,-5.984517528458077e-06
67,-7.039574384853025e-06
67,-6.892142150585435e-06
67,-5.546625379843737e-06
67,-3.077676856709988e-06
67,3.7708378379200407e-07
67,4.63220046777108e-06
67,9.472218201665693e-06
67,1.4667325221823109e-05
67,1.9984879933219283e-05
67,2.5197767818543825e-05
67,3.0091307776619678e-05
67,3.4469574175497815e-05
67,3.816117471312528e-05
67,4.102440151756878e-05
67,4.295159908769556e-05
67,4.3872159111152885e-05
67,4.375350435884368e-05
67,4.260034382923113e-05
67,4.045349339453201e-05
67,3.738936454563283e-05
67,3.351993864762084e-05
67,2.899202117657071e-05
67,2.3984625634528612e-05
67,1.8703970003689242e-05
67,1.337603915633012e-05
67,8.236999553850358e-06
67,3.522246574277531e-06
67,-5.447869335721837e-07
67,-3.763390827770597e-06
67,-5.966367256557843e-06
67,-7.031805411641504e-06
67,-6.89541745504298e-06
67,-5.560359145987819e-06
67,-3.1000472562565585e-06
67,3.4865458501112583e-07
67,4.600276620477533e-06
67,9.438672538668592e-06
67,1.4633112456847718e-05
67,1.995032943358816e-05
67,2.516309643049669e-05
67,3.0056929746692272e-05
67,3.443602834920663e-05
67,3.812884608859572e-05
67,4.0993338541233626e-05
67,4.292156727480343e-05
67,4.3842859798974176e-05
67,4.3724814363761196e-05
67,4.257247105557708e-05
67,4.0426992684904975e-05
67,3.7364999088113066e-05
67,3.349843391357657e-05
67,2.897381291517549e-05
67,2.3969695798792444e-05
67,1.8691804695648594e-05
67,1.3365695212699685e-05
67,8.227263349173837e-06
67,3.5118761372993994e-06
67,-5.567759849409338e-07
67,-3.777500387526468e-06
67,-5.98258987620592e-06
67,-7.049859126628765e-06
67,-6.915141183325237e-06
67,-5.58203366811285e-06
67,-3.124430251214904e-06
67,3.206118823904649e-07
67,4.567861545832381e-06
67,9.401739415746475e-06
67,1.4592145250353644e-05
67,1.9906280515146765e-05
67,2.5117201362737977e-05
67,3.0010659916955722e-05
67,3.4391142901403035e-05
67,3.808736094889316e-05
67,4.095729844639533e-05
67,4.2892693913735346e-05
67,4.3822249583608366e-05
67,4.371280330075211e-05
67,4.256867183773461e-05
67,4.04304452490912e-05
67,3.737436828873715e-05
67,3.351220446551427e-05
67,2.899046454664222e-05
67,2.3987877500145117e-05
67,1.8710522657614137e-05
67,1.3384467174130763e-05
67,8.246130354787152e-06
67,3.531185729778046e-06
67,-5.367767907325314e-07
67,-3.7570812474296454e-06
67,-5.962738580251303e-06
67,-7.0321534857328876e-06
67,-6.901365140059337e-06
67,-5.5737349342554274e-06
67,-3.12258752196366e-06
67,3.1577003006758257e-07
67,4.556931753369357e-06
67,9.386139498873566e-06
67,1.4573984570976246e-05
67,1.9888034324274465e-05
67,2.5101203966048277e-05
67,2.9998582424415696e-05
67,3.438370224980966e-05
67,3.808440929249763e-05
67,4.0958219074563256e-05
67,4.289686356814932e-05
67,4.3829340383560574e-05
67,4.37228440207439e-05
67,4.25819355160195e-05
67,4.0447295280613146e-05
67,3.739517373075655e-05
67,3.3537352552224496e-05
67,2.9020394797842303e-05
67,2.402300951691058e-05
67,1.8751012167334666e-05
67,1.3429873659183946e-05
67,8.295193662705882e-06
67,3.581883245679785e-06
67,-4.868740807167173e-07
67,-3.7102977646726177e-06
67,-5.920827758351621e-06
67,-6.9960085856105334e-06
67,-6.8709363252202905e-06
67,-5.548136003584725e-06
67,-3.100392782804292e-06
67,3.360452868772949e-07
67,4.576272215826151e-06
67,9.40462896390259e-06
67,1.4590816827199959e-05
67,1.9902008280837323e-05
67,2.511148844053333e-05
67,3.0005353344551546e-05
67,3.438832587465958e-05
67,3.808911880130848e-05
67,4.0965502949954374e-05
67,4.290887943898781e-05
67,4.384757623086585e-05
67,4.374807622420448e-05
67,4.261438417074213e-05
67,4.0486804628591645e-05
67,3.744127275132932e-05
67,3.358917108016913e-05
67,2.907655556130525e-05
67,2.4081674808365005e-05
67,1.8810175131606074e-05
67,1.348781026628559e-05
67,8.350869200155261e-06
67,3.6351253561957428e-06
67,-4.3549667957474724e-07
67,-3.659822831123299e-06
67,-5.8703507609268665e-06
67,-6.94512226044789e-06
67,-6.82005166366601e-06
67,-5.498563178592332e-06
67,-3.054072347794768e-06
67,3.7715960506286114e-07
67,4.610974010576006e-06
67,9.432994572385116e-06
67,1.4614197036118621e-05
67,1.9922453531650213e-05
67,2.5130932005578194e-05
67,2.5514673094562946e-05
