67,0.0
67,4.267241595482826e-05
67,4.267241595482826e-05
67,4.267231548212715e-05
67,4.266049337422802e-05
67,4.261187742089086e-05
67,4.2524837723909855e-05
67,4.239207899416062e-05
67,4.224356199906156e-05
67,4.219231864962053e-05
67,4.237686709712126e-05
67,4.287510379307701e-05
67,4.371668016190156e-05
67,4.4949830294572163e-05
67,4.665104036478227e-05
67,4.887427176366826e-05
67,5.1595891801421043e-05
67,5.4688921106442004e-05
67,5.793225550992263e-05
67,6.105267545386547e-05
67,6.380735610335861e-05
67,6.603617159456456e-05
67,6.762931022878519e-05
67,6.851671522244891e-05
67,6.870514481880887e-05
67,6.826964053058691e-05
67,6.732753714525112e-05
67,6.600975979905012e-05
67,6.437604514243208e-05
67,6.238047977660162e-05
67,5.998934885150142e-05
67,5.731911264479576e-05
67,5.463654078232314e-05
67,5.223153107475602e-05
67,5.02784677157514e-05
67,4.878065739915867e-05
67,4.76147220527857e-05
67,4.664420104450024e-05
67,4.582258567781086e-05
67,4.520326716984271e-05
67,4.49087578468488e-05
67,4.5143028282088495e-05
67,4.6170065243847136e-05
67,4.819302285370138e-05
67,5.125074282111943e-05
67,5.522801311814456e-05
67,5.989982893577453e-05
67,6.490843818705688e-05
67,6.97236604736333e-05
67,7.372678798051442e-05
67,7.64338300745423e-05
67,7.769101514204666e-05
67,7.76849562823177e-05
67,7.677073466120246e-05
67,7.524664397472128e-05
67,7.32307721742e-05
67,7.070089086871183e-05
67,6.761260378625163e-05
67,6.397921569399522e-05
67,5.9882108987884513e-05
67,5.545189027003433e-05
67,5.086346926332981e-05
67,4.6339210406399326e-05
67,4.211948166638456e-05
67,3.837525196589114e-05
67,3.508732283140046e-05
67,3.200258342593206e-05
67,2.8794330307734705e-05
67,2.536721787904848e-05
67,2.2037250053842503e-05
67,1.9403307742542726e-05
67,1.803825190262015e-05
67,1.827235160903731e-05
67,2.017687137166958e-05
67,2.364321462464877e-05
67,2.843634855918786e-05
67,3.4197413314866556e-05
67,4.0411994306018315e-05
67,4.639500765581673e-05
67,5.140037706333617e-05
67,5.48704805028045e-05
67,5.6640033549618656e-05
67,5.691707478961016e-05
67,5.6083915806663216e-05
67,5.449180589797509e-05
67,5.2365388449078274e-05
67,4.9816473169292585e-05
67,4.6900287552946286e-05
67,4.365253225851377e-05
67,4.009922500884452e-05
67,3.627903627839256e-05
67,3.229051566853689e-05
67,2.830682938194063e-05
67,2.4509120743180616e-05
67,2.0979847721643455e-05
67,1.764844788453642e-05
67,1.433716810946099e-05
67,1.0879844920038513e-05
67,7.251204995363272e-06
67,3.640053058807705e-06
67,4.1256937367058735e-07
67,-2.0218200350544073e-06
67,-3.345490950804301e-06
67,-3.3925086700062304e-06
67,-2.156175095757341e-06
67,2.1387073259175744e-07
67,3.430225194596274e-06
67,7.1029103193288225e-06
67,1.0776533759060305e-05
67,1.399363183932029e-05
67,1.6418385063592937e-05
67,1.7970062010071244e-05
67,1.8847523398966164e-05
67,1.9405263293628793e-05
67,1.9976965699530182e-05
67,2.075335125701846e-05
67,2.1740248239309762e-05
67,2.2781471937523926e-05
67,2.362864746803167e-05
67,2.4036658415544974e-05
67,2.38523377670337e-05
67,2.305937591644472e-05
67,2.1768589110375786e-05
67,2.016868298275609e-05
67,1.845166487541888e-05
67,1.6733983625381104e-05
67,1.5009460914899263e-05
67,1.3162985130000433e-05
67,1.1057778627891096e-05
67,8.675748521383447e-06
67,6.22003535643518e-06
67,4.075715625598313e-06
67,2.6485427369842177e-06
67,2.2226559802759717e-06
67,2.925706699456115e-06
67,4.753137481944055e-06
67,7.573478840707647e-06
67,1.1108163996157641e-05
67,1.4938116964799735e-05
67,1.8590980020391377e-05
67,2.170806213982351e-05
67,2.4200196132148136e-05
67,2.6264258627273678e-05
67,2.823065961212028e-05
67,3.0358172253766775e-05
67,3.271145243117603e-05
67,3.515766968983398e-05
67,3.744401647651502e-05
67,3.930930051045237e-05
67,4.059574673592955e-05
67,4.133271823803365e-05
67,4.175889063405972e-05
67,4.225803816773327e-05
67,4.322562172618092e-05
67,4.492381516262526e-05
67,4.73817486918924e-05
67,5.036824445349608e-05
67,5.343829903929194e-05
67,5.605563281847823e-05
67,5.779985992863031e-05
67,5.8604656940645305e-05
67,5.886754875857669e-05
67,5.92955968012343e-05
67,6.055833292677758e-05
67,6.298959551811836e-05
67,6.65192842015003e-05
67,7.081955471884936e-05
67,7.55137138599094e-05
67,8.029028335114546e-05
67,8.487603007043185e-05
67,8.897531506435601e-05
67,9.231030831602819e-05
67,9.473738101035292e-05
67,9.628591859289053e-05
67,9.706093502817463e-05
67,9.711977723325576e-05
67,9.643732993790348e-05
67,9.495855651354153e-05
67,9.26799151746924e-05
67,8.972078959870244e-05
67,8.636221750695441e-05
67,8.30281419102506e-05
67,8.020074282939765e-05
67,7.830035523637862e-05
67,7.758119820102455e-05
67,7.807435745020476e-05
67,7.958134262271722e-05
67,8.171195707621478e-05
67,8.396401240499913e-05
67,8.586049608827137e-05
67,8.715811359792795e-05
67,8.804818125464224e-05
67,8.915708267209656e-05
67,9.123920202705836e-05
67,9.473987460269118e-05
67,9.954973986510593e-05
67,0.00010509299124968927
67,0.00011063135613140895
67,0.00011556309795162647
67,0.00011953743836928424
67,0.00012234836365523758
67,0.00012377193801507323
67,0.00012356367632938327
67,0.00012161765689621258
67,0.00011807031577768185
67,0.0001132144613603443
67,0.00010732889662117946
67,0.0001005898773812852
67,9.310431481089702e-05
67,8.500207035111648e-05
67,7.651632290926699e-05
67,6.800717208183659e-05
67,5.991129850119908e-05
67,5.2634221150713056e-05
67,4.643329855050785e-05
67,4.134359418850273e-05
67,3.717500472260897e-05
67,3.358545138996621e-05
67,3.021119570570755e-05
67,2.6806050729555638e-05
67,2.3345951528936428e-05
67,2.009039736225026e-05
67,1.757676132084418e-05
67,1.6473247396549796e-05
67,1.727647794213446e-05
67,2.0010754901326406e-05
67,2.414465314024323e-05
67,2.878771970958861e-05
67,3.3042290757521534e-05
67,3.631176397293194e-05
67,3.839869465651832e-05
67,3.93606980067227e-05
67,3.928520400926452e-05
67,3.8199484746957904e-05
67,3.614507243861375e-05
67,3.324317192320803e-05
67,2.9630289099804506e-05
67,2.534764183796068e-05
67,2.0325464372335387e-05
67,1.4479610161185032e-05
67,7.833143057433617e-06
67,5.8319486203035e-07
67,-6.91689372770567e-06
67,-1.4256500851538581e-05
67,-2.1111204015919994e-05
67,-2.7358450569170334e-05
67,-3.310127851552083e-05
67,-3.859436529078035e-05
67,-4.4110256519448596e-05
67,-4.979229832301561e-05
67,-5.5548726567203995e-05
67,-6.103626990060996e-05
67,-6.574234103886525e-05
67,-6.91392012501294e-05
67,-7.086460166894803e-05
67,-7.085792495126436e-05
67,-6.93792529493814e-05
67,-6.690272566597187e-05
67,-6.394688065041857e-05
67,-6.091068814705018e-05
67,-5.79646523732264e-05
67,-5.50456850504415e-05
67,-5.1967710208427386e-05
67,-4.857150293004386e-05
67,-4.4804221232933394e-05
67,-4.07055212097985e-05
67,-3.637688742833108e-05
67,-3.199217978535748e-05
67,-2.7811340454345863e-05
67,-2.4131914974135144e-05
67,-2.1184356239225868e-05
67,-1.903995782062881e-05
67,-1.758647336034389e-05
67,-1.657981283146298e-05
67,-1.5753831071129073e-05
67,-1.4951224505888355e-05
67,-1.421357982953768e-05
67,-1.377679963847533e-05
67,-1.397181850288874e-05
67,-1.5076376880101325e-05
67,-1.717155920610935e-05
67,-2.004661916569156e-05
67,-2.3185488779675936e-05
67,-2.5865527483804568e-05
67,-2.7377111416980953e-05
67,-2.728696527826699e-05
67,-2.5581728366416766e-05
67,-2.2585066785026238e-05
67,-1.872409624728442e-05
67,-1.432567196139907e-05
67,-9.551221106828973e-06
67,-4.4487320571503644e-06
67,9.607312513921889e-07
67,6.631618387332159e-06
67,1.2498526059515171e-05
67,1.850601246826335e-05
67,2.4618001198390695e-05
67,3.079538745223317e-05
67,3.6972015309991784e-05
67,4.306665139383314e-05
67,4.9039978104273135e-05
67,5.496245119630147e-05
67,6.103423796090994e-05
67,6.75217795446326e-05
67,7.463475128912194e-05
67,8.241031083438962e-05
67,9.066288859245578e-05
67,9.901339640163162e-05
67,0.00010697586413025224
67,0.0001140742217971846
67,0.00011996662379657219
67,0.00012455264385702295
67,0.0001280453164543331
67,0.00013098918979962646
67,0.00013416107885129788
67,0.0001382838046262055
67,0.00014363924162702496
67,0.00014985893420712762
67,0.000156100391240651
67,0.00016149244625485013
67,0.00016551721157486313
67,0.00016809715201381186
67,0.0001694112652600217
67,0.00016964100479259606
67,0.000168848597562417
67,0.00016703876281544232
67,0.00016428285615621152
67,0.00016076319188066933
67,0.00015673008067712636
67,0.0001524687571716367
67,0.00014832800497608035
67,0.00014476116433739935
67,0.00014230323363181936
67,0.0001414536470633224
67,0.00014249821568295708
67,0.00014536563357722796
67,0.00014963348559337788
67,0.00015471178005829094
67,0.00016008502082358412
67,0.00016545394311008542
67,0.00017073673209113424
67,0.00017600224360316203
67,0.00018140102182100936
67,0.00018712047144006148
67,0.00019336849808653927
67,0.00020032249581253072
67,0.0002079446716157964
67,0.00021572447329248806
67,0.00022262078513408164
67,0.00022738359968690552
67,0.0002290692364444118
67,0.00022737298560508324
67,0.0002225841132972949
67,0.000215263275295756
67,0.00020589456515606654
67,0.00019472916843573052
67,0.0001818643867838709
67,0.00016742007684133724
67,0.0001516484127693984
67,0.00013494110747545981
67,0.00011779973656460168
67,0.00010080615934287145
67,8.456706508065912e-05
67,6.961637791464396e-05
67,5.63057612048275e-05
67,4.472478538763784e-05
67,3.4685536261186645e-05
67,2.5810185070987705e-05
67,1.7724489976346746e-05
67,1.0265899779413558e-05
67,3.573230077820624e-06
67,-1.9860614363063123e-06
67,-5.985194512092723e-06
67,-8.119698929150304e-06
67,-8.335206124515352e-06
67,-6.8482742710668085e-06
67,-4.078036061864817e-06
67,-5.907278691854239e-07
67,2.8972364787212125e-06
67,5.562178977468585e-06
67,6.66485695802935e-06
67,5.8077785037384e-06
67,3.0618387328101366e-06
67,-1.1412705447422934e-06
67,-6.28968406070895e-06
67,-1.2082427988918432e-05
67,-1.8564945833584746e-05
67,-2.6044394827888977e-05
67,-3.486947847837579e-05
67,-4.5233274107667545e-05
67,-5.7098525954571265e-05
67,-7.023452348694728e-05
67,-8.43046913719156e-05
67,-9.896104827427282e-05
67,-0.00011391752644596293
67,-0.0001289772454494129
67,-0.00014401850972089713
67,-0.00015897453412406256
67,-0.00017381220995476207
67,-0.00018846855356346174
67,-0.0002027387274451583
67,-0.0002161938591648239
67,-0.00022821008755236758
67,-0.00023810839102826197
67,-0.0002453472953386693
67,-0.0002496994182127987
67,-0.00025133322670411903
67,-0.0002507401020440108
67,-0.000248529636678432
67,-0.000245198934248681
67,-0.00024098194782884414
67,-0.0002358210799870888
67,-0.0002294469921995314
67,-0.00022152755260434394
67,-0.00021183940543653652
67,-0.00020041453596080367
67,-0.0001876111346616612
67,-0.00017406602004829843
67,-0.00016053296550921217
67,-0.00014768072318723242
67,-0.00013595210246353015
67,-0.00012553837542832186
67,-0.00011644636568912444
67,-0.00010860123990233881
67,-0.00010194807624357045
67,-9.653327305595779e-05
67,-9.253361173281618e-05
67,-9.020067201167506e-05
67,-8.973469343312905e-05
67,-9.115291659739152e-05
67,-9.421683206040607e-05
67,-9.843671531434453e-05
67,-0.00010313015443244234
67,-0.00010750296855647526
67,-0.00011074089865913613
67,-0.00011212991459958884
67,-0.00011122190401258057
67,-0.00010799221186842186
67,-0.00010284795133737467
67,-9.638550421116862e-05
67,-8.90044816792051e-05
67,-8.065702756562124e-05
67,-7.09134766019863e-05
67,-5.92513985827425e-05
67,-4.5337767316757025e-05
67,-2.9167768795986965e-05
67,-1.106085485173305e-05
67,8.442863941670216e-06
67,2.8749104874523818e-05
67,4.938889515905549e-05
67,7.014111502609864e-05
67,9.10435314026229e-05
67,0.00011229520418169916
67,0.00013411071764278952
67,0.0001565918775590292
67,0.00017963632301456843
67,0.0002028716963173202
67,0.00022563770751545364
67,0.0002470873765083264
67,0.0002664423371926938
67,0.0002833013052580842
67,0.0002977972234690918
67,0.00031047257678453165
67,0.0003219560483334788
67,0.0003326717010054822
67,0.00034275476048034636
67,0.00035214952659271584
67,0.00036071188287680166
67,0.0003681847131024427
67,0.0003741250549130231
67,0.00037798513642330495
67,0.00037938742850906397
67,0.00037836527712274194
67,0.0003753361361322463
67,0.00037085089896544336
67,0.0003653540698370469
67,0.00035910629688900913
67,0.00035225379593712346
67,0.00034496706418994595
67,0.0003375811907004733
67,0.00033067397118089495
67,0.0003250296106122233
67,0.0003214903859650785
67,0.00032076771364686834
67,0.000323303402599387
67,0.0003292236715072522
67,0.0003383596882601058
67,0.0003502791426119677
67,0.0003643100231154506
67,0.0003796076019804761
67,0.00039533073278464215
67,0.0004108916802695238
67,0.00042610246889194186
67,0.000441044504810917
67,0.00045569877873452363
67,0.0004696026559062127
67,0.00048180877169336824
67,0.0004911876767311365
67,0.0004968352006333662
67,0.0004982643477338464
67,0.0004952740294659815
67,0.00048769918626994627
67,0.00047532332623239325
67,0.000457999325910997
67,0.0004357864529499292
67,0.00040894859972622996
67,0.00037785888405505574
67,0.0003429464096807166
67,0.00030474714245663635
67,0.00026401596454430016
67,0.00022180881847572403
67,0.00017944848944863957
67,0.0001383395078597826
67,9.969499817096166e-05
67,6.431808783228528e-05
67,3.25563910789985e-05
67,4.4321663077080945e-06
67,-2.0151181868364397e-05
67,-4.124867719545071e-05
67,-5.884239035933358e-05
67,-7.294201257208295e-05
67,-8.372112799956259e-05
67,-9.155291903344348e-05
67,-9.690459640769406e-05
67,-0.00010021076199863482
67,-0.00010188379310822467
67,-0.00010246224867737379
67,-0.00010270905925219136
67,-0.00010347493179563835
67,-0.00010537460833126141
67,-0.00010856214015783065
67,-0.00011285454267716163
67,-0.00011812555147131483
67,-0.00012461203551436065
67,-0.00013287556359922953
67,-0.0001435285643795296
67,-0.00015702907810413957
67,-0.00017367811545118152
67,-0.00019369383626037187
67,-0.00021719885607564734
67,-0.0002441062649514038
67,-0.0002740110243282394
67,-0.00030619860174442494
67,-0.0003398124247714078
67,-0.000374116671112793
67,-0.00040870425403735763
67,-0.000443516172045502
67,-0.0004786617385132707
67,-0.0005141449419789612
67,-0.0005496295353983472
67,-0.0005843518578277864
67,-0.0006172503963369693
67,-0.0006472803023303312
67,-0.0006737223110869167
67,-0.0006962370802927151
67,-0.000714609600298575
67,-0.0007284401373717406
67,-0.0007371127060778581
67,-0.0007400824192033407
67,-0.0007371849323698943
67,-0.0007286643324440974
67,-0.0007149276717271605
67,-0.0006963058522940998
67,-0.0006730472660685619
67,-0.0006454848729409746
67,-0.0006141520868492048
67,-0.0005797588431508554
67,-0.0005431475817663611
67,-0.0005053263790532224
67,-0.00046749453026162627
67,-0.0004309325998986384
67,-0.0003967749931230948
67,-0.0003658040591659535
67,-0.00033838377122085377
67,-0.0003145675103711831
67,-0.00029433963213625064
67,-0.00027787756378341925
67,-0.0002656790426510273
67,-0.00025845200970541155
67,-0.00025679108457452737
67,-0.0002607680051855829
67,-0.00026960594822273836
67,-0.0002816179181963033
67,-0.0002945313188056346
67,-0.0003061049392803092
67,-0.0003146702491314128
67,-0.0003192302171425091
67,-0.00031914749746307354
67,-0.00031384265218697743
67,-0.00030284108147322794
67,-0.0002860660497605257
67,-0.0002639860858877111
67,-0.0002373695036174792
67,-0.00020679607329461103
67,-0.00017232441009558896
67,-0.00013356957241975889
67,-9.007314500349023e-05
67,-4.1651735018705613e-05
67,1.1460070078203998e-05
67,6.86486479735627e-05
67,0.0001290615538583234
67,0.00019178960288231516
67,0.0002560125544804669
67,0.00032103244131741904
67,0.0003862050667774009
67,0.00045085241527976344
67,0.0005142018844416798
67,0.0005753325931777214
67,0.0006331352343766085
67,0.0006863642277826503
67,0.0007338469564107273
67,0.0007748173580421934
67,0.0008092601123331955
67,0.0008380915632292656
67,0.0008629545862716256
67,0.0008855323171121461
67,0.0009066842341538584
67,0.0009260144525533625
67,0.0009422187095070858
67,0.00095389541238086
67,0.0009601643179609504
67,0.0009607446101553423
67,0.000955694249405993
67,0.0009452414834275659
67,0.0009299022261022235
67,0.0009106852685987115
67,0.0008890738820658665
67,0.0008667416972603767
67,0.0008452597032817511
67,0.0008260183385542742
67,0.0008103192292632681
67,0.0007994409690047826
67,0.0007945623895208428
67,0.0007965629956756034
67,0.000805797608607463
67,0.0008219836711390433
67,0.0008443194730266325
67,0.0008718006087783237
67,0.0009035159950734005
67,0.0009387072881120293
67,0.0009765906997598285
67,0.0010161248130741132
67,0.001055909806192601
67,0.0010943162362502016
67,0.0011298147040961304
67,0.001161259571338111
67,0.0011877656790337816
67,0.0012081424609389356
67,0.0012204140569362458
67,0.0012220288748992108
67,0.001210722486411269
67,0.0011853582042860049
67,0.0011461279037391868
67,0.001094092829277867
67,0.0010305388292972217
67,0.000956626873855342
67,0.00087344520279815
67,0.0007822245558478688
67,0.0006844700659047932
67,0.0005819810972498699
67,0.000476836548559964
67,0.00037133549464425804
67,0.00026782644242222893
67,0.0001684551700432499
67,7.495626677962608e-05
67,-1.1431098181785272e-05
67,-8.993328125994995e-05
67,-0.0001601185263349694
67,-0.00022169341125485902
67,-0.00027431301278628667
67,-0.0003175686562413126
67,-0.000351224435017445
67,-0.00037559124375504093
67,-0.000391829595415588
67,-0.00040196784186887944
67,-0.0004084986524895467
67,-0.00041368586048275336
67,-0.00041905450002481103
67,-0.0004254749832267704
67,-0.00043366977052542404
67,-0.0004445283515940184
67,-0.00045889852961286936
67,-0.0004771579128280157
67,-0.0004990892681280662
67,-0.0005242363281727123
67,-0.000552459405347762
67,-0.0005842676424807812
67,-0.0006207322468366073
67,-0.0006631185240435376
67,-0.0007125051497082694
67,-0.0007695430927082644
67,-0.0008343605699210915
67,-0.0009065893029381374
67,-0.0009854880231721574
67,-0.0010700836708055913
67,-0.0011592253167023241
67,-0.0012515515521552088
67,-0.0013454995734751255
67,-0.0014394344011182105
67,-0.0015317912112769879
67,-0.0016210671287197446
67,-0.0017056646811418783
67,-0.0017837641929837069
67,-0.0018534028100525908
67,-0.001912804365212821
67,-0.0019608055717034996
67,-0.001997035176870664
67,-0.0020215737833619795
67,-0.00203427514245073
67,-0.0020343312945479844
67,-0.002020467198030763
67,-0.001991537190018588
67,-0.0019469995192508357
67,-0.0018870305911018602
67,-0.0018124443932950745
67,-0.0017246679503679409
67,-0.0016258291209656779
67,-0.001518815053378214
67,-0.0014071491547298122
67,-0.0012946733014686704
67,-0.0011851428820770977
67,-0.0010818557398298318
67,-0.0009873919416122866
67,-0.0009035201516166934
67,-0.0008313071094825117
67,-0.0007713813814078094
67,-0.000724190189262389
67,-0.0006900804983929735
67,-0.0006691742691361075
67,-0.0006611496632523276
67,-0.0006650402265471965
67,-0.0006790813953690389
67,-0.0007006148046327047
67,-0.0007261062795472964
67,-0.0007513686550002858
67,-0.0007720830094475688
67,-0.0007845916221197036
67,-0.0007866258650334068
67,-0.0007774191665664227
67,-0.000756985458073268
67,-0.0007250738804804184
67,-0.0006806372332861514
67,-0.0006221463311517522
67,-0.0005483223390352958
67,-0.00045865231441606354
67,-0.0003534513477561444
67,-0.00023366740853753067
67,-0.00010069539821629144
67,4.372051123625764e-05
67,0.00019756810766316957
67,0.0003586981286225972
67,0.0005249970388396724
67,0.0006945526516902363
67,0.0008657533548567162
67,0.0010372489715242633
67,0.0012077101139653748
67,0.0013754225530751337
67,0.0015379396164725847
67,0.0016921185080768096
67,0.0018346969331222353
67,0.0019631803806554257
67,0.0020765270188378214
67,0.002175206422985478
67,0.0022606193102033354
67,0.0023342837392803842
67,0.0023972822848571437
67,0.002450134141042853
67,0.0024928360314906426
67,0.0025248009776891603
67,0.0025448310715131183
67,0.0025514886057243892
67,0.0025438628643118517
67,0.0025222054451140576
67,0.002487951355188872
67,0.0024432296207223
67,0.002390383463152662
67,0.002331859190588494
67,0.0022703940592823683
67,0.0022092154705781845
67,0.002152042277402713
67,0.0021028388115063054
67,0.002065380530197175
67,0.002042772726728042
67,0.002037118151855764
67,0.0020494728485355275
67,0.0020800538395070105
67,0.002128482283604451
67,0.0021938148616512925
67,0.00227431063599112
67,0.0023671630585762726
67,0.0024685354885774645
67,0.002574032656559326
67,0.0026793407052369614
67,0.0027805323855975158
67,0.002873766051368775
67,0.002954694186443001
67,0.003018294388078247
67,0.0030595471953453893
67,0.0030745661427329283
67,0.0030612547669616828
67,0.0030189555090566187
67,0.002947489729020864
67,0.0028464799573264333
67,0.0027154396929850526
67,0.0025543448370539215
67,0.002364121817004917
67,0.0021468338195237456
67,0.0019057152036850325
67,0.0016452021393886986
67,0.0013708960696857866
67,0.001089295199402168
67,0.0008072208113127326
67,0.0005310311193664412
67,0.00026588567632823316
67,1.5407811366409602e-05
67,-0.0002180415061862532
67,-0.00043260545216190023
67,-0.0006261515538613967
67,-0.0007960121665524227
67,-0.0009395372473718243
67,-0.0010552835025466679
67,-0.0011442023455285704
67,-0.0012100355318662155
67,-0.001258516266789085
67,-0.0012957807675086795
67,-0.0013269889683665962
67,-0.0013558979159536467
67,-0.0013851954868824702
67,-0.0014167700515686941
67,-0.001451480565595153
67,-0.0014889208623512441
67,-0.001527966681000303
67,-0.001568107310803596
67,-0.0016105912066367307
67,-0.0016584449405013272
67,-0.0017154587245742775
67,-0.001785078630202259
67,-0.0018699391809851632
67,-0.001971964193073996
67,-0.00209253414795921
67,-0.0022324185969468022
67,-0.0023915416697227266
67,-0.0025688200099267776
67,-0.0027622772223630638
67,-0.002969463810473381
67,-0.00318796014866482
67,-0.003415597001217837
67,-0.003650172321641381
67,-0.0038887993517437575
67,-0.004127321253504684
67,-0.004360279668982482
67,-0.004581689262004487
67,-0.004786370994963568
67,-0.004971015044868565
67,-0.005134005073472603
67,-0.005273839643180922
67,-0.005387313700151959
67,-0.005469099922159645
67,-0.005513221278123836
67,-0.005515191912013963
67,-0.005473124546528171
67,-0.005387274684925394
67,-0.0052589579232632895
67,-0.005090045544292613
67,-0.004883276723464834
67,-0.00464270419853972
67,-0.004373719157819885
67,-0.004082840184294644
67,-0.0037776752357338607
67,-0.003466969702554494
67,-0.003160267879747724
67,-0.002866971436325066
67,-0.002595103872392517
67,-0.0023503509522002984
67,-0.002135856941702624
67,-0.0019529352670560904
67,-0.0018023728025210138
67,-0.0016855702603496446
67,-0.0016047253962576551
67,-0.0015617659427919458
67,-0.0015564668874413219
67,-0.001584702798041349
67,-0.0016378745270768486
67,-0.0017041147137276792
67,-0.0017708661189654725
67,-0.0018273344597532337
67,-0.001865291331676031
67,-0.0018781985447436686
67,-0.0018602377036363396
67,-0.0018066799131246512
67,-0.00171524431197511
67,-0.0015867446809954935
67,-0.0014239050758453656
67,-0.0012290441494554087
67,-0.0010024458202700995
67,-0.0007425597762958449
67,-0.0004475442443029129
67,-0.00011681018498504829
67,0.00024824534358540787
67,0.0006442255474116564
67,0.0010660853266364248
67,0.0015076955613648772
67,0.00196252114836377
67,0.002424200425119792
67,0.0028868488662914197
67,0.003345062752728339
67,0.003793645883125257
67,0.004227097393502517
67,0.0046390987709700165
67,0.005022489035612869
67,0.0053701305517902306
67,0.005676585921089871
67,0.0059399811659250215
67,0.006163052651662849
67,0.006352324203321791
67,0.00651510713625181
67,0.006655656902995635
67,0.006773004059077147
67,0.006862000328640293
67,0.006916514743964917
67,0.006932171390124254
67,0.006907085075746216
67,0.006841273388084007
67,0.0067363662735738395
67,0.006596244339416557
67,0.006427766555035759
67,0.006240508180834293
67,0.006045523591511977
67,0.0058541054984642266
67,0.005677214340963021
67,0.005525287894606425
67,0.0054077814207572905
67,0.00533226662095918
67,0.005303475962007289
67,0.005322810023420228
67,0.005388646506611294
67,0.005497451061743831
67,0.005645190380912535
67,0.005828161229066422
67,0.0060425870830054925
67,0.006283200832083249
67,0.006541799410793709
67,0.006806821643713813
67,0.007064461811169403
67,0.007300950219677029
67,0.0075046221309717585
67,0.007666115380695263
67,0.007776472757339257
67,0.007825175655010973
67,0.007800563520580856
67,0.007692775385260798
67,0.007496786486146864
67,0.007213120004800897
67,0.006846098234510283
67,0.006401490205094247
67,0.005885376500940965
67,0.005304518019854135
67,0.004667260107736407
67,0.003984064272323823
67,0.0032675106782238967
67,0.0025319072148304992
67,0.0017924090888160019
67,0.0010635967901301577
67,0.00035798876033347256
67,-0.00031472104726758916
67,-0.0009473050054699113
67,-0.0015338434811449375
67,-0.0020684850214064414
67,-0.002544812784338727
67,-0.002956290297077868
67,-0.003297889838588633
67,-0.0035684138057130517
67,-0.0037725016810019885
67,-0.003921249207805075
67,-0.004030713633353957
67,-0.0041183024582065976
67,-0.004198320145465695
67,-0.004279091539809604
67,-0.004363443363818722
67,-0.0044517239965899775
67,-0.0045445400618061614
67,-0.00464329321521822
67,-0.004749238218909185
67,-0.004863088923905122
67,-0.004986098622193958
67,-0.00512170149707519
67,-0.005276213454196459
67,-0.005458044761066481
67,-0.005676097737182475
67,-0.005938288928328734
67,-0.006250561873896572
67,-0.006616301708705385
67,-0.00703610689509725
67,-0.007507944891189601
67,-0.008027498456263188
67,-0.008588358146480983
67,-0.009182002211036122
67,-0.009797912791731202
67,-0.010424117396734968
67,-0.011047966468856956
67,-0.011656724200851395
67,-0.012237844469501978
67,-0.012779178128822639
67,-0.013269406314547734
67,-0.013698746514379266
67,-0.01405950286056137
67,-0.014345621031755369
67,-0.014550886439967999
67,-0.01466690589079958
67,-0.014682893151844165
67,-0.014587994331951213
67,-0.014374584980575785
67,-0.014040287185544655
67,-0.013587991660568897
67,-0.013024948003924992
67,-0.012362242836813985
67,-0.011614972414108969
67,-0.010802484029757715
67,-0.009948000712342649
67,-0.009077431861269096
67,-0.008217508573957427
67,-0.007393451347284019
67,-0.006626571186224573
67,-0.005932571051280191
67,-0.005321339142316051
67,-0.004798355349101136
67,-0.004366859238646131
67,-0.004029454183564893
67,-0.003788216246235108
67,-0.0036432478468469967
67,-0.003590361066441099
67,-0.00361894059046403
67,-0.0037109976012133887
67,-0.0038419842346791707
67,-0.0039833347122444525
67,-0.004106265777593053
67,-0.00418595400687001
67,-0.0042045906053349985
67,-0.004151729746885789
67,-0.004021746462293046
67,-0.0038103100956592656
67,-0.0035123710198071475
67,-0.00312251591702761
67,-0.002636492382314196
67,-0.00205227087577567
67,-0.0013701367557446904
67,-0.0005924191075433865
67,0.00027647104123284724
67,0.001229664477386557
67,0.0022575516566396424
67,0.0033479724908074817
67,0.004486998026205783
67,0.005660195117471142
67,0.006853962694955541
67,0.008056192721390944
67,0.00925556234456908
67,0.010439529204618658
67,0.011592226636985878
67,0.012694003469247612
67,0.013723640975374107
67,0.0146626387367704
67,0.015499519720152162
67,0.016231850169424848
67,0.016864819825246673
67,0.01740715087380905
67,0.017866514195754055
67,0.018246443121949556
67,0.018545316686313536
67,0.018756931829135307
67,0.018872282090675447
67,0.018882442437744885
67,0.018781931616745944
67,0.018571204242046
67,0.01825724947830491
67,0.017852580175494105
67,0.017373879637665773
67,0.016841344089319393
67,0.016278740527901448
67,0.015713410070588355
67,0.015175383204871924
67,0.014695218036646657
67,0.01430080557302993
67,0.014014063993761549
67,0.0138488521903075
67,0.01381106739944281
67,0.013900706857716005
67,0.014114425576537295
67,0.014446801790243317
67,0.014889470780108192
67,0.015428862846266884
67,0.016044340687847578
67,0.016708304950719535
67,0.017388441916771948
67,0.018050689458223017
67,0.018661043320488773
67,0.01918568843111022
67,0.019590996132061538
67,0.01984537302059647
67,0.019922920491820175
67,0.019806435408236643
67,0.01948728108888348
67,0.018962282032390244
67,0.018230318500949565
67,0.017291204248210946
67,0.01614714429197631
67,0.014805158180796843
67,0.01327893447282232
67,0.011589775690410068
67,0.009766865745642755
67,0.007846688365454357
67,0.005871015111914972
67,0.0038832041996017717
67,0.0019234661799111185
67,2.469804471850589e-05
67,-0.001789179704897656
67,-0.0035012733410797864
67,-0.005096946722343227
67,-0.006558972964171101
67,-0.007865942659210812
67,-0.008995832315687484
67,-0.009933783691987831
67,-0.01068039141171429
67,-0.011255759268365941
67,-0.011696265061169582
67,-0.012044993588632157
67,-0.01234076554808737
67,-0.012611304083519287
67,-0.012872451224962778
67,-0.013130860412051623
67,-0.013386662166277753
67,-0.013635477518498954
67,-0.013871671325383333
67,-0.014093603739860093
67,-0.014308453099418472
67,-0.014533218177107315
67,-0.014791277150701655
67,-0.015107338446083111
67,-0.01550407139712046
67,-0.016001207421939095
67,-0.016615571891191314
67,-0.01736040988780144
67,-0.018243764842782742
67,-0.019266876663574427
67,-0.020423805298482367
67,-0.02170278978395311
67,-0.02308861402184903
67,-0.024564300227910375
67,-0.02611070964667815
67,-0.027704174971269816
67,-0.02931405678073619
67,-0.030902748905042143
67,-0.03242953460306049
67,-0.03385718777842249
67,-0.03515753517427814
67,-0.03631145471860434
67,-0.03730194958300915
67,-0.0381048418650549
67,-0.03868492218651547
67,-0.039001620030815164
67,-0.039020191562427343
67,-0.03872009105057445
67,-0.038095779910598954
67,-0.03715240520933429
67,-0.03590210646324511
67,-0.034363875694330644
67,-0.03256533392708389
67,-0.0305436901145189
67,-0.028345454742860786
67,-0.026026042347680974
67,-0.023649132782246052
67,-0.021283936593948033
67,-0.018999143328828662
67,-0.016854874557310627
67,-0.014895966552167418
67,-0.013149867931173238
67,-0.011630427318839008
67,-0.010345752987926069
67,-0.009305654860748988
67,-0.008523747598378085
67,-0.008011913915166084
67,-0.007769214423275417
67,-0.007770894132113402
67,-0.007963896284167042
67,-0.008272648799048361
67,-0.00861340889408588
67,-0.008909780228539195
67,-0.00910101387445366
67,-0.009140846724339092
67,-0.008992825957778436
67,-0.00862956267812388
67,-0.00803648622938722
67,-0.007213664315382429
67,-0.006170302728165561
67,-0.004914199845090642
67,-0.0034439934862291865
67,-0.0017497025430641712
67,0.0001800828812590508
67,0.0023503120656300424
67,0.004755043767766329
67,0.007376580699651875
67,0.01018666857338613
67,0.0131490666944804
67,0.016223249589044284
67,0.019368281660276
67,0.02254537964208434
67,0.02571814090170889
67,0.028850386157251464
67,0.03190261425998843
67,0.03482918511337648
67,0.03757897935750232
67,0.04010132540836486
67,0.04235629030730084
67,0.04432537938602398
67,0.046016846050959126
67,0.04746039888949386
67,0.04869060562672547
67,0.04972622942951146
67,0.05055809022076992
67,0.05115353231855281
67,0.051473128924829546
67,0.05148682509087116
67,0.0511805878135938
67,0.05055531156304223
67,0.04962537999075716
67,0.04842061867390539
67,0.046988756012862974
67,0.045394035923543755
67,0.043711910674380836
67,0.04202344634305495
67,0.04041163825674333
67,0.03895797105821237
67,0.037736657149410685
67,0.036806858900148134
67,0.03620614654512831
67,0.035948623900112234
67,0.03602894957914324
67,0.03643052137999505
67,0.037133623200567366
67,0.03811866165445752
67,0.03936197090479732
67,0.04082633998400552
67,0.0424522465138475
67,0.04415591726033729
67,0.045836800260424776
67,0.047391646083925314
67,0.048727541933143666
67,0.04976585998423685
67,0.05043614927394915
67,0.050668820744796776
67,0.050397182481803235
67,0.049569433033683656
67,0.048160217350250285
67,0.04617158040307681
67,0.043623571200536185
67,0.04054358063175133
67,0.0369626025364299
67,0.03291897297079591
67,0.028464412057327294
67,0.02366768470424985
67,0.018614576862366783
67,0.01340427842457552
67,0.008141835428147934
67,0.0029274339776345646
67,-0.0021537528895781786
67,-0.007036046870134091
67,-0.011669549001948658
67,-0.016010539146512487
67,-0.02001182339619695
67,-0.023619125795547796
67,-0.026776973840933475
67,-0.029443165067506473
67,-0.03160637005548001
67,-0.033298887897026175
67,-0.03459751548432652
67,-0.035609479747717186
67,-0.036446423418797856
67,-0.03719641741445455
67,-0.03790764687804256
67,-0.03859178874687502
67,-0.03924173041254757
67,-0.03984920574871496
67,-0.040412426944323676
67,-0.0409359690402371
67,-0.041431299188888736
67,-0.04192165717500259
67,-0.04244725016694837
67,-0.0430650448174084
67,-0.04384232659782615
67,-0.04484797560892191
67,-0.046145130830156186
67,-0.04778562680449326
67,-0.0498052043101875
67,-0.05221991760919511
67,-0.05502517953209462
67,-0.058197601011017994
67,-0.0616979483156144
67,-0.06547347149283453
67,-0.06945927414872742
67,-0.07357939773205452
67,-0.0777482678609881
67,-0.08187305117280075
67,-0.08585753820499788
67,-0.08960751489138427
67,-0.09303627539501808
67,-0.09606807463764425
67,-0.09863726982997745
67,-0.10068201747893714
67,-0.10213501098612904
67,-0.10291842052777131
67,-0.10294990440452159
67,-0.10215849720734119
67,-0.10050062123967488
67,-0.09796700821731158
67,-0.09458015248520278
67,-0.09038914557872715
67,-0.08546795424818349
67,-0.07991746583293755
67,-0.07386762695046137
67,-0.06747627793002185
67,-0.06092320411785926
67,-0.05439875145521007
67,-0.048087085358284494
67,-0.042147042631948115
67,-0.0366972973475275
67,-0.031812973210384045
67,-0.027535726061869933
67,-0.023891593995689613
67,-0.020906056310877302
67,-0.01860707261191891
67,-0.017013342379622723
67,-0.016112887296361574
67,-0.015842475392635093
67,-0.01607870252073449
67,-0.016646334122632035
67,-0.01734175281503092
67,-0.017963445522063755
67,-0.018339449017508266
67,-0.0183431704770796
67,-0.017893819361866157
67,-0.01694484931594086
67,-0.015468974760526447
67,-0.01344717534460357
67,-0.010863360663654788
67,-0.007702256787410348
67,-0.003948642173308338
67,0.00041148933390839325
67,0.005386753002504966
67,0.010973892449958934
67,0.017151398043364068
67,0.02387557687347648
67,0.03108039033656429
67,0.03868166073519452
67,0.04658536255676917
67,0.054697460628889916
67,0.06293017064409584
67,0.07119976269926094
67,0.07941579255817723
67,0.0874684177296128
67,0.09522398786445857
67,0.10253586449262486
67,0.10926883760958621
67,0.11532684246791788
67,0.1206702140934896
67,0.12531276672592379
67,0.12929885829691617
67,0.1326708634673799
67,0.13544179736094664
67,0.13758391049364097
67,0.13903549079596494
67,0.13972046170315203
67,0.13957184844978707
67,0.13855107209774062
67,0.13665894106992674
67,0.1339386865774684
67,0.13047405049699035
67,0.1263856627658192
67,0.12182772333868945
67,0.11698523682001107
67,0.11207004258702702
67,0.10731228888748236
67,0.10294429794370785
67,0.09917722032566506
67,0.09617651377786017
67,0.09404616032501743
67,0.09282937975719419
67,0.09252520711069868
67,0.0931108527535118
67,0.09455601373745004
67,0.09682025822312994
67,0.09983531909411705
67,0.10348387183989434
67,0.10758888720529101
67,0.11192095700426696
67,0.11621928540257062
67,0.12021415387117483
67,0.12364152708610837
67,0.12625138451299023
67,0.12781877239610145
67,0.12816180479641276
67,0.12715868296588262
67,0.12475023948310995
67,0.1209232523739183
67,0.11568505344644534
67,0.10904662832251537
67,0.10102353179299632
67,0.09165062651459893
67,0.08100040325139854
67,0.06919745163112204
67,0.05642597882271958
67,0.042927807491936684
67,0.028987524015152866
67,0.01490423629031131
67,0.0009562384004578508
67,-0.012628596517984541
67,-0.02568313688444522
67,-0.038086099624936746
67,-0.049729332711520885
67,-0.06048629176326096
67,-0.0702027679383488
67,-0.07872055286383434
67,-0.08592688852747457
67,-0.09180696622589055
67,-0.09647183111726225
67,-0.10014316575583877
67,-0.1030970622950574
67,-0.10559150134763519
67,-0.10781168373157408
67,-0.1098541474156816
67,-0.11174428256306743
67,-0.11346550117542675
67,-0.1149841964036921
67,-0.11627067794044768
67,-0.11732199541124151
67,-0.11818375407101497
67,-0.11895939751150866
67,-0.11980028933700995
67,-0.12088363227540938
67,-0.12239207840416638
67,-0.12450194708211854
67,-0.12737558759594203
67,-0.13115016596390025
67,-0.1359216563631614
67,-0.14173087172852591
67,-0.14856015258766114
67,-0.15634349093754787
67,-0.164983902701258
67,-0.17436645809419027
67,-0.18435796098047427
67,-0.1947940021661612
67,-0.20546487348307257
67,-0.21611535364057244
67,-0.22646524501585433
67,-0.23624217168558856
67,-0.2452067153980688
67,-0.2531522081107602
67,-0.2598786593276924
67,-0.2651622509505126
67,-0.26875019133291894
67,-0.2703931723696367
67,-0.26989564360368073
67,-0.26714801062402443
67,-0.26212205304473457
67,-0.2548437763146932
67,-0.2453733739004209
67,-0.23380856762245367
67,-0.22030474234347772
67,-0.20509639378000147
67,-0.1885106931969307
67,-0.1709698639852115
67,-0.152976720672316
67,-0.13507598225107303
67,-0.11779283741077438
67,-0.10156591026041825
67,-0.08670116217558575
67,-0.07336763057967594
67,-0.06163710242111269
67,-0.05154773969234259
67,-0.043158259432856914
67,-0.03656211497409914
67,-0.03184980158708402
67,-0.029034044760310303
67,-0.027974661995188516
67,-0.028344486653115127
67,-0.02965895971100024
67,-0.03135758512729629
67,-0.032896590850097954
67,-0.03381114838274119
67,-0.03373516632740256
67,-0.032400562996533266
67,-0.029642163524835393
67,-0.02540613762974156
67,-0.019734865507642838
67,-0.012712599203473555
67,-0.004393994904026501
67,0.00524082291332174
67,0.01627955494396354
67,0.028832046217212297
67,0.04297748073004277
67,0.05872627171681105
67,0.07600076310935525
67,0.09463346854929806
67,0.11438433774096204
67,0.1349750710988141
67,0.1561272576297258
67,0.17758430739559522
67,0.19910456615388658
67,0.2204314277736585
67,0.24126323095915814
67,0.2612492001684574
67,0.2800233371454494
67,0.29726364958007695
67,0.31274730483583807
67,0.32637649617556985
67,0.3381673514642167
67,0.3482061460159034
67,0.35658132435872064
67,0.363311060981059
67,0.3683018979987882
67,0.3713673479334975
67,0.37229674091089116
67,0.37092847645661375
67,0.3671876273619155
67,0.36108818546959925
67,0.35273008781229265
67,0.3423126609672496
67,0.33015694379367333
67,0.3167150922472482
67,0.30255595477380615
67,0.2883310376139601
67,0.27472594190082644
67,0.2623964960560894
67,0.25189369163665976
67,0.2435973254435331
67,0.23768751015070128
67,0.23417214200499042
67,0.23296107669586927
67,0.23395135919181942
67,0.2370787380182363
67,0.24230565649465718
67,0.2495504324573203
67,0.25859843120784554
67,0.26904652670917983
67,0.2803045399878034
67,0.2916362148132174
67,0.30220923652315457
67,0.31114792758456467
67,0.31760768737659834
67,0.32088079825671695
67,0.32050449061281
67,0.31631302657162347
67,0.3083896838124471
67,0.29693066233137777
67,0.28209154342289994
67,0.26389976681391136
67,0.2422727070286736
67,0.21711915681865307
67,0.188468784986896
67,0.15657809635650982
67,0.12197949421321735
67,0.08545550163405072
67,0.047938245054073
67,0.010362227894343636
67,-0.026475209058157
67,-0.06198864809996254
67,-0.09578704359037793
67,-0.12758438348921486
67,-0.15709916046012318
67,-0.18400845264864982
67,-0.20798277302763224
67,-0.22877011248089385
67,-0.24627224699046585
67,-0.2605824195453105
67,-0.271990234538913
67,-0.2809605255164378
67,-0.28807166043146337
67,-0.29390558797318217
67,-0.2989260847672807
67,-0.30341222230367115
67,-0.3074830877072997
67,-0.31117742950719474
67,-0.3145141269162076
67,-0.317500592570631
67,-0.320127973447314
67,-0.32240775259946464
67,-0.3244483588379596
67,-0.32651553603704575
67,-0.3290312810556131
67,-0.332520347828912
67,-0.33754064856228533
67,-0.34461358828358113
67,-0.35414869463301807
67,-0.36637187830293805
67,-0.3812944425201899
67,-0.39875250859237404
67,-0.41849929595940905
67,-0.4402895995102411
67,-0.46389778894275957
67,-0.4890577287693581
67,-0.5153717690410223
67,-0.5422648365089922
67,-0.5690301494195927
67,-0.5949319855001328
67,-0.6192584848224612
67,-0.6412539000760171
67,-0.6600206292436803
67,-0.6745791320049034
67,-0.6841265090632103
67,-0.6882851640091386
67,-0.6870966003844039
67,-0.6807492502169682
67,-0.6692759076104745
67,-0.652460795416491
67,-0.6299762208474141
67,-0.6015877807205057
67,-0.5672973050551268
67,-0.5274312607120726
67,-0.4827361385523545
67,-0.43445160704858227
67,-0.3842580824494422
67,-0.3340750643098331
67,-0.2857864704106853
67,-0.2409703222756242
67,-0.20068993978149252
67,-0.1654015939173505
67,-0.13501572211938495
67,-0.10911287273628062
67,-0.08725279689314219
67,-0.06924105775784742
67,-0.05521538537716438
67,-0.0454979653097746
67,-0.0402809039666678
67,-0.03933225968642197
67,-0.04191014316421465
67,-0.046897548127421626
67,-0.05298246094319205
67,-0.05871217192262206
67,-0.06246957556270162
67,-0.06259858575246734
67,-0.05779396871815222
67,-0.047559312030387116
67,-0.032360465906213554
67,-0.013284317823857597
67,0.008587888743229063
67,0.03267694900763363
67,0.05904803171211907
67,0.08828405591182548
67,0.1212398992964294
67,0.15870828159790484
67,0.20102386062639493
67,0.24778314640228433
67,0.29791025844795294
67,0.3500869312652874
67,0.4032522898404869
67,0.45679718807773106
67,0.5103454810357232
67,0.5633504962653967
67,0.6148434477421371
67,0.6635501395036912
67,0.7083404436152627
67,0.7486951178777131
67,0.7847794246156704
67,0.816986841972672
67,0.8453203518786331
67,0.8691868105508898
67,0.8877670936047584
67,0.9005620523533929
67,0.9076397465545123
67,0.9094671037931993
67,0.9065408069518314
67,0.8991011942306992
67,0.8870587633334759
67,0.8700555291768822
67,0.8475720396570405
67,0.8191857553968342
67,0.785079552094937
67,0.7465438998655703
67,0.7059927056255905
67,0.6663641410805543
67,0.6303295094559103
67,0.5997925284505412
67,0.575775636981473
67,0.5584833376081236
67,0.5473639677353381
67,0.541250573382381
67,0.5388207242225649
67,0.5393627567608003
67,0.543349499667092
67,0.5522432916798637
67,0.5675159469552843
67,0.5895452460667528
67,0.6172048746509892
67,0.64837086752182
67,0.680684055151585
67,0.7116822454591193
67,0.7382903477973409
67,0.7567394348385115
67,0.7637807517567861
67,0.7585424330010517
67,0.7432707768619276
67,0.7217638285048101
67,0.6963295677325766
67,0.6659586013645123
67,0.6275249069288432
67,0.5784686940163994
67,0.5180153613230527
67,0.446509963846354
67,0.36481679382683097
67,0.27467636695189995
67,0.1789531861133784
67,0.0810056616621659
67,-0.016203282430318586
67,-0.11046090534826672
67,-0.2000269175399395
67,-0.2830460667959051
67,-0.35723106904699836
67,-0.42044967363140273
67,-0.47210107151134606
67,-0.514072057024479
67,-0.5499327447878589
67,-0.5825047162514981
67,-0.6118936545038262
67,-0.63596401281955
67,-0.6526445335346722
67,-0.6617096334294043
67,-0.6647386273439874
67,-0.6638953202351672
67,-0.6610511289206964
67,-0.6581946141212865
67,-0.6582464005100847
67,-0.6643082907034172
67,-0.6772904542545229
67,-0.6945906018710879
67,-0.711710990745304
67,-0.7253515984821862
67,-0.7351484185536659
67,-0.7430068731422304
67,-0.7514270140684695
67,-0.7626687163054581
67,-0.778881689066578
67,-0.8019551127154257
67,-0.8326289303093436
67,-0.8699306901636875
67,-0.911910999284975
67,-0.9570704326271042
67,-1.005092142831764
67,-1.0565204019905907
67,-1.1120222405914382
67,-1.1715141904334583
67,-1.233276749148831
67,-1.2940543842276377
67,-1.3507753713461963
67,-1.4020386218615557
67,-1.4470170490975651
67,-1.483336900595361
67,-1.5077846167648876
67,-1.519513811624411
67,-1.521111852149808
67,-1.515331898404633
67,-1.5011896538358158
67,-1.474581327083154
67,-1.4328647866993036
67,-1.3771168807765242
67,-1.3088694660341402
67,-1.2265405466181545
67,-1.1275566356858233
67,-1.0133518949490263
67,-0.8902089725603981
67,-0.7655207422677475
67,-0.6450136585964298
67,-0.5336937361839414
67,-0.4376628507130218
67,-0.3629171331602703
67,-0.31117580039924114
67,-0.2769144504862546
67,-0.24934337929563308
67,-0.21879245650507287
67,-0.1826028488649588
67,-0.1455952399472153
67,-0.11564246905295153
67,-0.09854269215259999
67,-0.09515011571041601
67,-0.10232432073341541
67,-0.11689633353287891
67,-0.13803876537316434
67,-0.16463345229137666
67,-0.19073165307372883
67,-0.20530129722027873
67,-0.19804171041366014
67,-0.16634425318792553
67,-0.1167725956142146
67,-0.05982211181696734
67,-0.0036513786165297338
67,0.04781676770784324
67,0.09476703475802911
67,0.1433215902210327
67,0.20455359411321392
67,0.28611022118649077
67,0.3851706082971248
67,0.49230040783423157
67,0.6010705396448995
67,0.7122360165391727
67,0.8293059630182982
67,0.951910413871092
67,1.0750424334043467
67,1.1941441873537988
67,1.307753803329874
67,1.4138606515081418
67,1.507200309372913
67,1.583438868155375
67,1.6445456781391503
67,1.6979814639201
67,1.750078363101523
67,1.7990695233487697
67,1.8351102119889842
67,1.8494868677291065
67,1.843174517467343
67,1.824515220180711
67,1.800679807581137
67,1.773341616119953
67,1.7401028334821664
67,1.6976685471580713
67,1.6427667846314236
67,1.5712409383338148
67,1.4814476110420411
67,1.3803720547548257
67,1.2822885034486586
67,1.199809211025324
67,1.1380521663267804
67,1.0967512147066194
67,1.0738520909350797
67,1.0644356309431857
67,1.0592960770406183
67,1.0496385692608938
67,1.0337395279168093
67,1.0172964458575597
67,1.0078456783808445
67,1.0097311343581667
67,1.0231154712392045
67,1.0455813061924097
67,1.0745579536666752
67,1.1103048443251802
67,1.1563303682300068
67,1.2141479482862376
67,1.2768857032138294
67,1.329566880395532
67,1.358119665086163
67,1.3598841320913935
67,1.344093966381753
67,1.3209239017930225
67,1.2922616068496884
67,1.253759504806603
67,1.2007453604582619
67,1.1282233696986874
67,1.0295150421563513
67,0.901242178561224
67,0.7481330735888279
67,0.5782950225067874
67,0.3951384179253947
67,0.19823694177000223
67,-0.009396373745847508
67,-0.2202649409211935
67,-0.4257943556075313
67,-0.6133920220701452
67,-0.7648501161725452
67,-0.8674860085156126
67,-0.9252278258833659
67,-0.958581392063221
67,-0.9975416588036085
67,-1.063632503204648
67,-1.1514290631504829
67,-1.2349288180219795
67,-1.2893492013025754
67,-1.30129449313541
67,-1.268740838875598
67,-1.2078820667633556
67,-1.1553255263365478
67,-1.1398692477552503
67,-1.1536040414833788
67,-1.1718592729520134
67,-1.1901717223474475
67,-1.2189972270528127
67,-1.2563321424361302
67,-1.2882863055712623
67,-1.3067992726415876
67,-1.3124680042971117
67,-1.3079387655900043
67,-1.2947756351806214
67,-1.2762635595869025
67,-1.2642635167939171
67,-1.2767068079536943
67,-1.3225582196306642
67,-1.3936425186054673
67,-1.472171079545402
67,-1.5438334728066185
67,-1.6068477290660483
67,-1.6715011880918
67,-1.751120881196822
67,-1.8513418771109593
67,-1.9657424966115098
67,-2.080858933130899
67,-2.1804917044254357
67,-2.2481936917262746
67,-2.2807454481906473
67,-2.2958117576128094
67,-2.3144852842570898
67,-2.346676335178307
67,-2.3939585322496204
67,-2.445929375280468
67,-2.478009398884975
67,-2.4690995487424754
67,-2.4169015221798897
67,-2.330928742089878
67,-2.2188931032449677
67,-2.0854887371983137
67,-1.9340660260083848
67,-1.7616842212865595
67,-1.5616381525984295
67,-1.3360506836622004
67,-1.1011564373539524
67,-0.8825727615591838
67,-0.7074624455068963
67,-0.5930475599394708
67,-0.5377868835331904
67,-0.5222373985886631
67,-0.5170189248129674
67,-0.49674851417424726
67,-0.4518124661009301
67,-0.38465476405763643
67,-0.2981392892180429
67,-0.1949171134173106
67,-0.08625359835748793
67,0.0033049563792100223
67,0.042519956413601685
67,0.016950558630725834
67,-0.050132828688386394
67,-0.11703221821472828
67,-0.1532971748972994
67,-0.1355967707206541
67,-0.055904564367418114
67,0.05245067820375442
67,0.14539299991027638
67,0.21581676247290876
67,0.27234164919050835
67,0.3162949410143142
67,0.3714033761392523
67,0.47275963950287714
67,0.6064151799763015
67,0.7262998987749264
67,0.8357290812463442
67,0.9830550669492796
67,1.1753098052885447
67,1.3595145964193267
67,1.503312366612357
67,1.649299167575717
67,1.855682047580981
67,2.1101402918927765
67,2.3450890642659794
67,2.514917218784023
67,2.6313969039941094
67,2.720254914529895
67,2.7823767427147845
67,2.8311876758219534
67,2.9041386496660104
67,3.0118290686157922
67,3.120274920527787
67,3.189594802314473
67,3.2099426515863936
67,3.2029621509608157
67,3.203090216166393
67,3.222141440058837
67,3.223198425300383
67,3.1564792832988062
67,3.005323674319179
67,2.7877624651183974
67,2.5532472068477565
67,2.3559220567174415
67,2.2037733436846567
67,2.075473778598862
67,1.968006962121246
67,1.882411005607677
67,1.810316218802858
67,1.7568727888833893
67,1.7341894916897855
67,1.739718823924778
67,1.761508482211783
67,1.7744220964206108
67,1.7258599863587956
67,1.5761634451938216
67,1.3593154212575256
67,1.1746905790700917
67,1.0933059911599978
67,1.0873206916356268
67,1.1006470063967293
67,1.1254647552793668
67,1.1699850038143407
67,1.225714629255211
67,1.2784698708445255
67,1.304137574663715
67,1.276876324161375
67,1.2160794931662915
67,1.1729949702179034
67,1.151669170745007
67,1.1140543795684248
67,1.0439724272109183
67,0.949017219487258
67,0.8319270048251095
67,0.678155693257104
67,0.46614405996474756
67,0.19459608770969544
67,-0.1115608255456424
67,-0.4246896090316347
67,-0.7300458449492153
67,-1.0244280561958545
67,-1.3051602842446752
67,-1.556923836557802
67,-1.7490911245988934
67,-1.866151231001296
67,-1.9397630569744877
67,-2.0148979698120275
67,-2.0976513552959966
67,-2.1801164319725195
67,-2.279185407229627
67,-2.4070270850507005
67,-2.5278835354633817
67,-2.5966867351854686
67,-2.618763058174089
67,-2.6319489392246607
67,-2.665034775478427
67,-2.7105717755537464
67,-2.718642173178631
67,-2.6508742674812966
67,-2.5173997139248723
67,-2.337179741100098
67,-2.1256664961053335
67,-1.9216522642647185
67,-1.7700932207707352
67,-1.68283465139543
67,-1.627506169218423
67,-1.5675540497438456
67,-1.525574892048737
67,-1.5459956475230465
67,-1.6209147038451666
67,-1.7238265087869435
67,-1.8374652761949433
67,-1.9203926821606505
67,-1.9201491594469493
67,-1.8336366321385922
67,-1.7337740376641102
67,-1.693879608675997
67,-1.705630530089014
67,-1.7454764566487468
67,-1.823410253335245
67,-1.9197843693931467
67,-2.0049488033171325
67,-2.1016845276153915
67,-2.250808136725727
67,-2.437594140703337
67,-2.5946786989535777
67,-2.6892885613769417
67,-2.7505192688593
67,-2.8035230846280976
67,-2.8394476519990417
67,-2.8475683834530776
67,-2.8051203177008057
67,-2.6769024132461237
67,-2.485577711717736
67,-2.296051098482077
67,-2.1126096134273866
67,-1.9048660034920029
67,-1.6685961219721568
67,-1.391852457581736
67,-1.1016049808311612
67,-0.8574492763524426
67,-0.6243430646287218
67,-0.3543841114325544
67,-0.13348776177015848
67,-0.043080916533342326
67,-0.0509845523406635
67,-0.09331003573238367
67,-0.0890882285157109
67,0.025391505272480713
67,0.21500409964854722
67,0.3928631528478716
67,0.5155438907514164
67,0.5815234464763419
67,0.573854134667888
67,0.49956091058270996
67,0.44216151868395825
67,0.4588287651746337
67,0.5121672109442367
67,0.565391764080548
67,0.6250802348291805
67,0.6666245173346516
67,0.6590790138043087
67,0.6530928895737746
67,0.7210579547920999
67,0.8522332957617216
67,0.9767479330071591
67,1.0612505160327932
67,1.1499550329187778
67,1.294350873678546
67,1.4511077553977425
67,1.5261092891264603
67,1.5267468492059546
67,1.5719365261545253
67,1.7282744539590515
67,1.9258582719496797
67,2.0661922046437615
67,2.1470715659843536
67,2.2671028426318633
67,2.516086053453256
67,2.84211085709636
67,3.086159874009298
67,3.1773590680264037
67,3.2005709059416896
67,3.27885256582111
67,3.4026005437601814
67,3.5063671404788543
67,3.6088640994686743
67,3.7261354619916447
67,3.780964567653106
67,3.733630953784603
67,3.6516365572503013
67,3.5852999153813774
67,3.4864220493850873
67,3.3286373503767765
67,3.1735662498887476
67,3.016310882246855
67,2.8001802999117134
67,2.545684395735443
67,2.3082021007940208
67,2.105810338558267
67,1.951107216565658
67,1.8307062938576044
67,1.6980082554855827
67,1.551138027106298
67,1.4335783340700203
67,1.3649238798937264
67,1.3238796120186838
67,1.2798033742830066
67,1.187061969139205
67,1.0157735292499637
67,0.8071518182748421
67,0.611154262548734
67,0.4399694693700661
67,0.32657152013043883
67,0.31301218462364383
67,0.36532271201337485
67,0.400125400056544
67,0.3800299247511117
67,0.3066488616113312
67,0.1726451346937829
67,0.004966404515527295
67,-0.11610118650772139
67,-0.16673951424467431
67,-0.19672016167124015
67,-0.23662445094510273
67,-0.3240807702786196
67,-0.5109028243505843
67,-0.7625575054847009
67,-0.9930386736796939
67,-1.1916956858750236
67,-1.3936879151209403
67,-1.57427319486863
67,-1.7148319130853558
67,-1.8955918160852179
67,-2.167684703813992
67,-2.471967789645286
67,-2.7483800199667634
67,-2.9670198434514843
67,-3.115525266391819
67,-3.19397264370455
67,-3.2079303547639926
67,-3.225361253816589
67,-3.3411320768518897
67,-3.516894024540429
67,-3.651488309524849
67,-3.732613485069316
67,-3.801485798420112
67,-3.8617877340904982
67,-3.892533016686852
67,-3.9222053142834854
67,-3.961003982007269
67,-3.944480304082947
67,-3.8300582997861765
67,-3.6880395266654227
67,-3.5614375317938602
67,-3.3805753187266467
67,-3.1402415746025083
67,-2.927744684204364
67,-2.761303955100422
67,-2.5816984413159654
67,-2.3741238038354013
67,-2.1415529432977003
67,-1.8925685527268858
67,-1.7418859272230922
67,-1.7888134095343537
67,-1.9563341505605334
67,-2.048296440246352
67,-1.943088332335025
67,-1.729746933041516
67,-1.5364216358097937
67,-1.3699735692506738
67,-1.2111446924699463
67,-1.077524984004991
67,-0.9947479552413121
67,-0.9639511313092156
67,-0.9578532465188124
67,-0.9336368948644433
67,-0.8243689023072812
67,-0.6290961448373541
67,-0.49917042045556936
67,-0.5103003817833343
67,-0.4879924243852719
67,-0.31903886539911974
67,-0.1273486771827024
67,0.01781021253587836
67,0.19440488916323032
67,0.4428622788493024
67,0.7119483268160174
67,0.9090987420053716
67,0.9854689976871397
67,1.070177171950791
67,1.3451785704253238
67,1.754754276311127
67,2.1028746055118703
67,2.3260392254829867
67,2.481471372189839
67,2.6288464495394024
67,2.7762459548577816
67,2.889755677842106
67,2.972465122210102
67,3.09099494502908
67,3.239625544693825
67,3.307957071528683
67,3.2869727682142917
67,3.315371379429452
67,3.4108823647321236
67,3.455706979783976
67,3.436927066035819
67,3.422574295488267
67,3.4193930461334037
67,3.3467650770569612
67,3.1960862672051245
67,3.049784085478254
67,2.903037007279821
67,2.6773901273445433
67,2.3936467499037444
67,2.18167152177128
67,2.0882184431504167
67,2.0402394140167472
67,1.9776359234331746
67,1.8816529960436832
67,1.767835210309122
67,1.7105643042717742
67,1.7422995494900315
67,1.7564821442646834
67,1.6622441501539533
67,1.5452396547624951
67,1.5143394021659864
67,1.522448312118255
67,1.483060770867087
67,1.4057248038069536
67,1.3370358854528004
67,1.2942358252210144
67,1.2748033204923013
67,1.2769537988382391
67,1.310340898748102
67,1.385581558623144
67,1.4967452737648876
67,1.6161428319866262
67,1.7119755439681297
67,1.7390753107468013
67,1.6626023877478702
67,1.5452914429462186
67,1.4804604514627147
67,1.4395529757524355
67,1.3446533495627822
67,1.1877919921514166
67,0.9775372308000053
67,0.6928838332028585
67,0.35192564141255733
67,0.0552715571525742
67,-0.14339782215992636
67,-0.2970150926198842
67,-0.4606241039375155
67,-0.6290007387212471
67,-0.7595235177140316
67,-0.8193906934067189
67,-0.8205852007436438
67,-0.8166684004274134
67,-0.8665238848808116
67,-0.9833106564904573
67,-1.1299624757589877
67,-1.2835550855336364
67,-1.4514261968471658
67,-1.6221406605201125
67,-1.7180249582219305
67,-1.6093873071270952
67,-1.4943088556981192
67,-1.5992737965843917
67,-1.7102924052563246
67,-1.7822832598546572
67,-1.7792115434827915
67,-1.6870383894669494
67,-1.6855637904790872
67,-1.7664890220384781
67,-1.7314717379251845
67,-1.590874199843798
67,-1.4991521109241026
67,-1.4737531953821335
67,-1.4439291436124142
67,-1.403078969672149
67,-1.423912078149561
67,-1.5100479636367998
67,-1.5958919155461855
67,-1.7382652533555523
67,-1.9779181138518855
67,-2.0291140364169764
67,-1.9698274587408182
67,-2.074987051021472
67,-2.1584507407833087
67,-2.2416333574543232
67,-2.389205307211964
67,-2.43407711861034
67,-2.4237283213971654
67,-2.3477744968059246
67,-2.2036755562801456
67,-2.125691923801381
67,-2.1740231439409827
67,-2.2524588269645287
67,-2.253906970040495
67,-2.1806811854908537
67,-2.070715350011991
67,-1.8681307485373677
67,-1.580294083996737
67,-1.3556675467338883
67,-1.2282294193422467
67,-1.0697391918602701
67,-0.7888490365233833
67,-0.42963070666781794
67,-0.09841787672057428
67,0.14283839911341562
67,0.32648919227355133
67,0.47995776395091816
67,0.5329310121769617
67,0.5105604038875353
67,0.5736754990516824
67,0.700355540649636
67,0.7165503530198375
67,0.6162209910247505
67,0.5369528805216238
67,0.5556842192133875
67,0.6352635829592611
67,0.715147705564091
67,0.773126220661407
67,0.8170728417534773
67,0.8737774651837656
67,0.9510114788554274
67,0.9985924987999335
67,1.0025510765523258
67,1.054502584453419
67,1.181939848461113
67,1.2798911047915744
67,1.294284517403982
67,1.279230244142178
67,1.3038474464809149
67,1.3956045506632437
67,1.5106000841069995
67,1.5879429459139336
67,1.6413783937392763
67,1.7312770665251611
67,1.8693595839819213
67,1.971635514693896
67,1.9743349205216414
67,1.9769545203934522
67,2.1128644294172436
67,2.3545885811802254
67,2.6132850081531234
67,2.8386866812008735
67,2.9821237448376743
67,3.046336378275791
67,3.103575004522317
67,3.15373975689753
67,3.1654371663967846
67,3.215904903394695
67,3.355371581906429
67,3.4489660881101063
67,3.403117479125088
67,3.2921956228235913
67,3.207013189299863
67,3.1461530963964863
67,3.0898141905583447
67,3.0606645186592485
67,3.020994318494189
67,2.8973244746651976
67,2.6804619090905613
67,2.424117849247872
67,2.1883461916710254
67,1.9941932187352969
67,1.8005560247256769
67,1.5861967238867531
67,1.3780567958888956
67,1.1877266836802927
67,1.0251169901382888
67,0.9120263702510568
67,0.8436007878887892
67,0.7919039279995693
67,0.7479941969703723
67,0.7079244195518164
67,0.6212857556100962
67,0.439004879493885
67,0.240025878361544
67,0.16941476931506316
67,0.21007119963204085
67,0.2465976357139524
67,0.2632764393471596
67,0.2509051053619231
67,0.14278372603190487
67,-0.07207618561794962
67,-0.32984092639942864
67,-0.5556688379305208
67,-0.7053445407085355
67,-0.794088818049797
67,-0.8836430212039963
67,-1.0141043193119574
67,-1.1639736787222064
67,-1.3184077946029136
67,-1.5057646930901236
67,-1.7190596807578877
67,-1.9082329975302534
67,-2.0573614276559615
67,-2.163160623771494
67,-2.220355391079822
67,-2.312946503697411
67,-2.527406466174227
67,-2.7998448419624884
67,-3.0368130411530814
67,-3.2127306484571148
67,-3.322307290969849
67,-3.3550922826496867
67,-3.337270863679637
67,-3.357117517703513
67,-3.462276857191762
67,-3.609629451247173
67,-3.732382392161034
67,-3.7760941905592014
67,-3.7503032966455065
67,-3.7149010889324185
67,-3.691791323970913
67,-3.6942338275083633
67,-3.731697959526179
67,-3.7382040323642336
67,-3.6378236318563624
67,-3.4225838265964934
67,-3.1430317735846454
67,-2.883713008543728
67,-2.682210423332707
67,-2.5031058328154385
67,-2.3230431165407825
67,-2.1562742993234205
67,-2.0093083631353497
67,-1.8571644152675766
67,-1.6680389879798863
67,-1.4678012240546439
67,-1.3325601966249279
67,-1.2917991429569915
67,-1.302653587570393
67,-1.2810081142685597
67,-1.145887786795488
67,-0.9122061132215402
67,-0.6737463075879916
67,-0.4812648683561152
67,-0.32631993048086044
67,-0.21479340177724066
67,-0.164032017517064
67,-0.15964846813386266
67,-0.17164528066140625
67,-0.16496741790609856
67,-0.10200531101579453
67,0.0074668453432000514
67,0.09988113762789187
67,0.16485652927377586
67,0.26609808030848103
67,0.40525532777563017
67,0.5345130976754758
67,0.6908119906325105
67,0.9254883814472337
67,1.185725536012506
67,1.3985052422332134
67,1.5760305842029565
67,1.760536865685661
67,1.9546915879275821
67,2.1554506164474017
67,2.3545640986150196
67,2.5384770472969582
67,2.7260636405239196
67,2.9147035534788173
67,3.0461690159090513
67,3.097079621525664
67,3.102786014667648
67,3.113005866985414
67,3.188666884318486
67,3.3335487079644346
67,3.4571172625216025
67,3.5093877629616244
67,3.532415712459085
67,3.5548770948834045
67,3.566181336236343
67,3.586560696801523
67,3.648138446505118
67,3.713933877741981
67,3.7035328085169033
67,3.584636061755818
67,3.3952320072593967
67,3.173096730460033
67,2.9518958032388922
67,2.7750762488602243
67,2.6224636628136047
67,2.452224202629999
67,2.2813419125283962
67,2.1300459312333078
67,1.9709691022647609
67,1.7867163243954736
67,1.609006488138155
67,1.470543546987531
67,1.392851174858186
67,1.3935977470893255
67,1.431947690416872
67,1.4140954089326832
67,1.3001523862095359
67,1.1361277613908598
67,0.9781158702403739
67,0.8522401696735868
67,0.7580272146199489
67,0.6835774207664246
67,0.6378482082294725
67,0.6214394654479685
67,0.5927156171645654
67,0.515390746224699
67,0.41734098291776695
67,0.36967345753767267
67,0.3605350134777754
67,0.2794207641471163
67,0.11267373983827814
67,-0.018810165723933348
67,-0.07478414752024622
67,-0.1427829991628825
67,-0.3068523327564158
67,-0.5867587366369735
67,-0.8828211308123219
67,-1.0784736884691142
67,-1.2440146934481908
67,-1.5000345890256974
67,-1.8100091274723222
67,-2.0662884337795724
67,-2.2277799820073048
67,-2.3494206082836993
67,-2.4827975636263075
67,-2.5936564613723547
67,-2.6405785151106134
67,-2.6484596726774337
67,-2.7290041127276847
67,-2.9188239861624012
67,-3.0536761723411963
67,-3.061830702779753
67,-3.058216468196353
67,-3.0926498862064458
67,-3.1146449563772385
67,-3.127865636787283
67,-3.140789407386049
67,-3.1158768059009643
67,-3.0227706243175936
67,-2.8492214969942453
67,-2.62860512724786
67,-2.4149729368367865
67,-2.2429498584634673
67,-2.1360778466894637
67,-2.115156790480806
67,-2.1180121883293928
67,-2.0429071017436695
67,-1.8860043263408295
67,-1.7014137392552433
67,-1.5555248862456548
67,-1.5142564448898512
67,-1.5458884984885184
67,-1.5015349317112905
67,-1.3122462974172193
67,-1.131408389709831
67,-1.0904036673047979
67,-1.091153447059571
67,-1.0449656564499934
67,-1.0302988355483336
67,-1.106021074980831
67,-1.2208035876269967
67,-1.3366546465853841
67,-1.4323168936481943
67,-1.4843087776549013
67,-1.499325251114693
67,-1.4918161847479008
67,-1.452070305579975
67,-1.3800025137115688
67,-1.3191759928061235
67,-1.2993759638736173
67,-1.2670664563357492
67,-1.1523652872483512
67,-0.976045200934087
67,-0.7746394335181948
67,-0.5172705314951767
67,-0.1966919508253802
67,0.09603659432131123
67,0.31300600358472996
67,0.5336457485326349
67,0.801180302436883
67,1.027900786945761
67,1.1449583698741448
67,1.1938691154582892
67,1.2416425057011344
67,1.2840503782984045
67,1.3226240175716404
67,1.4057611145440119
67,1.5282439601063682
67,1.655836915381055
67,1.774019538847976
67,1.8584037827520135
67,1.8982524553211084
67,1.9068227456635582
67,1.8918093032802517
67,1.8888801017133483
67,1.9494474986804609
67,2.006268033297965
67,1.931408904463284
67,1.8097468940247239
67,1.6801084178537213
67,1.6267418045606497
67,1.5645893594092493
67,1.4128482884991587
67,1.3324478460941418
67,1.2782835918478013
67,1.2292167731774089
67,1.222144238123778
67,1.2255719507238283
67,1.1284603788431036
67,1.043441357269643
67,1.181847219905038
67,1.4063157264537733
67,1.466803353289935
67,1.372986390198453
67,1.2685515247556454
67,1.2196054821080418
67,1.238014064068536
67,1.2789854189242704
67,1.2611579161166224
67,1.2379666676950616
67,1.2716146170777682
67,1.3330200351296755
67,1.4310033878736121
67,1.469058721438451
67,1.3386787881779405
67,1.1950234705005212
67,1.1998497609323648
67,1.2615578763442163
67,1.2955904028210625
67,1.3455249742406146
67,1.369988872976978
67,1.163595906160972
67,0.7590247918749071
67,0.42738053765233036
67,0.1487216545985625
67,-0.13802946194157853
67,-0.38231971495459705
67,-0.591057389585956
67,-0.795046088751165
67,-1.0749363097378872
67,-1.3408470510297965
67,-1.4589434608437701
67,-1.4258031008293217
67,-1.3294665867961497
67,-1.210152953797392
67,-1.1013905962683126
67,-1.0954332789259378
67,-1.2484771261800913
67,-1.4352129832929323
67,-1.483086831888118
67,-1.4241028083578442
67,-1.3638050376648732
67,-1.3200715219839667
67,-1.297377581117455
67,-1.3264838976273998
67,-1.4319508229725404
67,-1.5895684880691376
67,-1.702649356091408
67,-1.687925015012312
67,-1.5857316106179042
67,-1.5424713451850767
67,-1.6198059293472424
67,-1.7221761600747465
67,-1.7627268920842882
67,-1.7191085122518077
67,-1.6020909171949216
67,-1.5035401205757364
67,-1.5143979174159072
67,-1.5779345965466378
67,-1.6239961879051297
67,-1.6927919055341334
67,-1.7981314668852708
67,-1.8960467774527374
67,-2.000869726199145
67,-2.1327037693941784
67,-2.2580453594846768
67,-2.3794235363092233
67,-2.540286398021075
67,-2.7003679466569923
67,-2.7826654429503415
67,-2.792410442013938
67,-2.769398104924567
67,-2.754654805498777
67,-2.7981145134574974
67,-2.8788881843072542
67,-2.9304108509934164
67,-2.946385285460871
67,-2.933622419598081
67,-2.8609343137608834
67,-2.715151628489424
67,-2.552187996644398
67,-2.433124563921533
67,-2.300475630040389
67,-2.08517378887887
67,-1.8179193408414653
67,-1.4934778454216464
67,-1.0870442634214703
67,-0.6956001913525538
67,-0.4117149551552138
67,-0.1878939414766876
67,0.018010742542289487
67,0.20791819730643196
67,0.41307195445919404
67,0.6139029911172438
67,0.7505333397355447
67,0.8005234909941364
67,0.7841617149663369
67,0.772306664579838
67,0.8329020765530473
67,0.9499829098737916
67,1.0526127530352123
67,1.0911984919492792
67,1.0688170670339157
67,1.0303650285106425
67,1.0127985353235711
67,1.016423145628034
67,1.0627714222007736
67,1.2000673142032108
67,1.4142488497479948
67,1.6413619926787277
67,1.843564733826737
67,1.994026708500725
67,2.057330976378931
67,2.0309358600474394
67,1.9924886896619978
67,2.039910754807889
67,2.158416573272803
67,2.278340505805632
67,2.3965390966988154
67,2.54115592896278
67,2.705628924452619
67,2.8558676144550414
67,2.9684650443118743
67,3.062254427752937
67,3.197534816838074
67,3.3919092344033213
67,3.552292088388655
67,3.6027882973998584
67,3.5759804410492295
67,3.533747554039286
67,3.500074758347868
67,3.4867412119459167
67,3.5059959141953505
67,3.548299762937345
67,3.5883524664808495
67,3.600746585113875
67,3.5886976616867687
67,3.5714148335834093
67,3.554092712014765
67,3.5628317793285844
67,3.5790405459713996
67,3.4979477133314947
67,3.2503446900731667
67,2.892537174467167
67,2.5810312004969647
67,2.3729099202199997
67,2.1581764989521464
67,1.8617390046197815
67,1.5398343812824056
67,1.2726372864054412
67,1.0306295977311473
67,0.764168334495253
67,0.5422252511811032
67,0.43541509387357014
67,0.4397403127274127
67,0.5118174951310938
67,0.5410034221611693
67,0.4333876541464304
67,0.21000703665215648
67,-0.041286525903815485
67,-0.23010393708694254
67,-0.3450537225462972
67,-0.44692433147480987
67,-0.548866771916621
67,-0.6210177714882816
67,-0.647874778695168
67,-0.6480893850013958
67,-0.7421897323578792
67,-1.0305074757207544
67,-1.3410567332467767
67,-1.460562983545646
67,-1.487325278186144
67,-1.6268927347071713
67,-1.8688236012056956
67,-2.0966269299395064
67,-2.250791576397543
67,-2.3803957964212783
67,-2.5638948112394853
67,-2.7589491397304067
67,-2.902506342831496
67,-3.0232029295352505
67,-3.1522270665827503
67,-3.2870587315349726
67,-3.4209930127935277
67,-3.5395155576836275
67,-3.6289022782421996
67,-3.6795277396124173
67,-3.679175155767585
67,-3.6316359837066194
67,-3.5871498544154816
67,-3.60939606404988
67,-3.688650315055608
67,-3.72368398049929
67,-3.665080999481273
67,-3.58749074318706
67,-3.5406557998057013
67,-3.483716327474056
67,-3.43510458468922
67,-3.456022229671983
67,-3.512216664992818
67,-3.4857290746945364
67,-3.3017392510596264
67,-2.960042538786076
67,-2.557929671133103
67,-2.2353826613779324
67,-2.005179809006878
67,-1.8297774013312784
67,-1.6886412582200472
67,-1.5227132817280904
67,-1.307602255443259
67,-1.0676621640393855
67,-0.805079132547511
67,-0.5487730435393856
67,-0.3702206366994638
67,-0.297111650913283
67,-0.2673603008290149
67,-0.19061676758067256
67,-0.05249123765330979
67,0.07681172152941451
67,0.1509509957135376
67,0.2215141652632675
67,0.3429315752624488
67,0.488228310339614
67,0.6098324523382329
67,0.673869904412729
67,0.673775232976338
67,0.7004013354520737
67,0.8729198147305394
67,1.1701298339931374
67,1.4798715269512457
67,1.75253208706209
67,1.994098713501788
67,2.1780748266984946
67,2.279761283631834
67,2.3418768352225396
67,2.422162964982898
67,2.5214134731553663
67,2.6293104603205295
67,2.7986670020813205
67,3.053876546589918
67,3.300305607815872
67,3.4708346319784726
67,3.5987929909711114
67,3.7248333165957663
67,3.8533507783395997
67,3.9630420913969355
67,4.016235416889237
67,4.00935413188207
67,3.9897043828951713
67,3.978935007847769
67,3.971349416387717
67,3.9859864503460996
67,4.03627864223656
67,4.068842858843925
67,4.034595308668356
67,3.975494407430511
67,3.946980854967292
67,3.940136945639567
67,3.9466140091511237
67,3.9375834957247133
67,3.8333144234813474
67,3.59512874062465
67,3.2839699761529326
67,3.023951157263498
67,2.8698695714817313
67,2.742692913140865
67,2.559604578842282
67,2.3485229165513584
67,2.1871337259829717
67,2.0477714135359553
67,1.8080716432566313
67,1.4597754947480173
67,1.1184860189103205
67,0.8729881752835988
67,0.7563658338856326
67,0.7544417919938711
67,0.7602806584892243
67,0.673298236982238
67,0.5457051777745603
67,0.4288845488208548
67,0.26344211517875815
67,0.060038617811201705
67,-0.0730334270854176
67,-0.11643817795794034
67,-0.14401876414823084
67,-0.19075852024979426
67,-0.2774950549885989
67,-0.4380383268502406
67,-0.68231071783972
67,-1.0105420515695456
67,-1.328494691064801
67,-1.4993354079295502
67,-1.5751376008463207
67,-1.7084221159950634
67,-1.9140001413171568
67,-2.144288530576691
67,-2.406764503850935
67,-2.698339016584812
67,-2.95464625843231
67,-3.1523220812256487
67,-3.354548749516807
67,-3.585163139141874
67,-3.7879185871066445
67,-3.942720796255416
67,-4.072174299704421
67,-4.186259335710661
67,-4.281355193182583
67,-4.321057232594755
67,-4.297863982207068
67,-4.321009626319695
67,-4.438297541401025
67,-4.520990201408952
67,-4.532226626396543
67,-4.544610178336406
67,-4.57264442066679
67,-4.572400577847453
67,-4.540179087712758
67,-4.519301876256425
67,-4.516235382020992
67,-4.485327159390997
67,-4.394429520659613
67,-4.278795237728495
67,-4.182366883657346
67,-4.040649757432024
67,-3.8434406937172088
67,-3.6425876431328907
67,-3.4048043865486517
67,-3.122423200698718
67,-2.8301909954881825
67,-2.5479027704634207
67,-2.276182902043578
67,-2.039079922786897
67,-1.85848912464803
67,-1.721087436147549
67,-1.627556891927199
67,-1.5508001938937082
