  0.000,0.0
  1.000,0.017212862882709214
  0.000,0.017212862882709214
 1.4810E-05,0.01782588433866173
 2.9620E-05,0.019822228952860482
 4.4430E-05,0.02262438097940677
 5.9240E-05,0.026706562064060312
 7.4050E-05,0.031940843813309985
 8.8860E-05,0.0370291013104568
 1.0367E-04,0.04064042196003256
 1.1848E-04,0.04217937446107809
 1.3329E-04,0.041489991845558516
 1.4810E-04,0.03831437720653358
 1.6291E-04,0.03285693819761935
 1.7772E-04,0.0264683455093311
 1.9253E-04,0.020549792388368317
 2.0734E-04,0.01559754192339338
 2.2215E-04,0.011882291339296787
 2.3696E-04,0.009827928926284495
 2.5177E-04,0.00919760474146976
 2.6658E-04,0.008841879897908552
 2.8139E-04,0.007831446581313295
 2.9620E-04,0.00608111305013999
 3.1101E-04,0.003600136880034338
 3.2582E-04,0.0003360966418030874
 3.4063E-04,-0.0029946386111255386
 3.5544E-04,-0.005076748791825285
 3.7025E-04,-0.00509304537651513
 3.8506E-04,-0.0029394320593056525
 3.9987E-04,0.0013671480404356842
 4.1468E-04,0.007594492346780913
 4.2949E-04,0.01474096922235547
 4.4430E-04,0.021423742135144114
 4.5911E-04,0.02674709093451219
 4.7392E-04,0.030382751365091866
 4.8873E-04,0.03219455342129427
 5.0354E-04,0.0323244737481465
 5.1835E-04,0.031544228101695666
 5.3316E-04,0.03091698577237951
 5.4797E-04,0.030977662354424562
 5.6278E-04,0.03169240770504901
 5.7759E-04,0.03294863259718452
 5.9240E-04,0.03437148736390577
 6.0721E-04,0.03499984075424399
 6.2202E-04,0.03387134299513589
 6.3683E-04,0.0307106871749127
 6.5164E-04,0.02572202342192528
 6.6645E-04,0.019261763250324346
 6.8126E-04,0.012108148816637843
 6.9607E-04,0.005498056952981455
 7.1088E-04,0.0004903617299488027
 7.2569E-04,-0.0024660374331299463
 7.4050E-04,-0.00334890394553678
 7.5531E-04,-0.002388097788523314
 7.7012E-04,-0.00021638936566356452
 7.8493E-04,0.0021886306101163966
 7.9974E-04,0.004049201919392563
 8.1455E-04,0.005153713473858443
 8.2936E-04,0.005650903001560662
 8.4417E-04,0.005869698000611502
 8.5898E-04,0.006458066182055729
 8.7379E-04,0.008251358514859234
 8.8860E-04,0.011720986772085832
 9.0341E-04,0.016728639122269698
 9.1822E-04,0.022792935391194
 9.3303E-04,0.029220430498663692
 9.4784E-04,0.035005507514221726
 9.6265E-04,0.03908885385384819
 9.7746E-04,0.04088395776988127
 9.9227E-04,0.040397465109328165
 1.0071E-03,0.03797951031019269
 1.0219E-03,0.03425533103166341
 1.0367E-03,0.03014679700397859
 1.0515E-03,0.02654457472561372
 1.0663E-03,0.023878854509949966
 1.0811E-03,0.022094589491676184
 1.0959E-03,0.020864752228335098
 1.1108E-03,0.01965144926918822
 1.1256E-03,0.01776155435193603
 1.1404E-03,0.014669580466383128
 1.1552E-03,0.010354357571047398
 1.1700E-03,0.005268452679975536
 1.1848E-03,0.00010831961121278433
 1.1996E-03,-0.00427351662617309
 1.2144E-03,-0.0069676289694063625
 1.2292E-03,-0.007351812143101814
 1.2440E-03,-0.005376503554197066
 1.2589E-03,-0.001470289473492346
 1.2737E-03,0.0036761369294852184
 1.2885E-03,0.009181112186196013
 1.3033E-03,0.01412677669481543
 1.3181E-03,0.017911656026003357
 1.3329E-03,0.02044815394753996
 1.3477E-03,0.02203361067881207
 1.3625E-03,0.023171809753440565
 1.3773E-03,0.024483677941550267
 1.3921E-03,0.0265172024440211
 1.4070E-03,0.029448527476771305
 1.4218E-03,0.03296913540275288
 1.4366E-03,0.03644754262883684
 1.4514E-03,0.03912060111882024
 1.4662E-03,0.04021613801452733
 1.4810E-03,0.0391655554703412
 1.4958E-03,0.03587250968586357
 1.5106E-03,0.030764907213559338
 1.5254E-03,0.024601470302801458
 1.5402E-03,0.01827976030587589
 1.5551E-03,0.012696127515561881
 1.5699E-03,0.008514768384052167
 1.5847E-03,0.005936319844107422
 1.5995E-03,0.00470288543933982
 1.6143E-03,0.004294367551648357
 1.6291E-03,0.004097901798392178
 1.6439E-03,0.0035524287449365003
 1.6587E-03,0.002368044221591338
 1.6735E-03,0.0006908744723435152
 1.6883E-03,-0.000963755105487704
 1.7032E-03,-0.001919502270912584
 1.7180E-03,-0.001513704950787972
 1.7328E-03,0.0007396907076345147
 1.7476E-03,0.004947641279738388
 1.7624E-03,0.010730428844203381
 1.7772E-03,0.017330996202060446
 1.7920E-03,0.023836025297308255
 1.8068E-03,0.02936456825150927
 1.8216E-03,0.033247005238391775
 1.8364E-03,0.035217510715029536
 1.8513E-03,0.035485380049176736
 1.8661E-03,0.0345990124602629
 1.8809E-03,0.033228054104774654
 1.8957E-03,0.03198751905183657
 1.9105E-03,0.03126991516768982
 1.9253E-03,0.03108871870116438
 1.9401E-03,0.03106745276156213
 1.9549E-03,0.030610893168589105
 1.9697E-03,0.029119706680285632
 1.9845E-03,0.02616094720103794
 1.9993E-03,0.021625481660369032
 2.0142E-03,0.01583794583326518
 2.0290E-03,0.009507587935558018
 2.0438E-03,0.00352662205793577
 2.0586E-03,-0.0012526116214724228
 2.0734E-03,-0.004195631060988326
 2.0882E-03,-0.005037305958869404
 2.1030E-03,-0.0039626021070369435
 2.1178E-03,-0.0015296740493141985
 2.1326E-03,0.0015348552051340815
 2.1474E-03,0.004545642052579974
 2.1623E-03,0.007022323235794246
 2.1771E-03,0.008818860703250365
 2.1919E-03,0.010166376749138907
 2.2067E-03,0.011562325937878275
 2.2215E-03,0.013559746959896937
 2.2363E-03,0.016572460820001196
 2.2511E-03,0.020732256383540662
 2.2659E-03,0.025794497052878458
 2.2807E-03,0.03114795232702116
 2.2956E-03,0.03597014368739331
 2.3104E-03,0.03945545276295613
 2.3252E-03,0.041012698043884806
 2.3400E-03,0.040404919808070816
 2.3548E-03,0.03782305759787426
 2.3696E-03,0.033841191221148724
 2.3844E-03,0.029239198992185023
 2.3992E-03,0.02477709390076115
 2.4140E-03,0.021011568780681444
 2.4288E-03,0.018176266015775214
 2.4437E-03,0.016138279471317893
 2.4585E-03,0.014472490564110492
 2.4733E-03,0.01264704304974564
 2.4881E-03,0.010232035264527747
 2.5029E-03,0.007053438692196132
 2.5177E-03,0.0032761964459994894
 2.5325E-03,-0.0005978767836240452
 2.5473E-03,-0.003848347415663992
 2.5621E-03,-0.0057444126843336565
 2.5769E-03,-0.0057522461637070895
 2.5918E-03,-0.0036762288305227683
 2.6066E-03,0.00027762164766818734
 2.6214E-03,0.005532357813085833
 2.6362E-03,0.011284200186103058
 2.6510E-03,0.016718712401410107
 2.6658E-03,0.02121124678214221
 2.6806E-03,0.024456629970512383
 2.6954E-03,0.026515653449587718
 2.7102E-03,0.027762560858381167
 2.7250E-03,0.0287287351170721
 2.7399E-03,0.029896385492039892
 2.7547E-03,0.031526046852425396
 2.7695E-03,0.03356342794180869
 2.7843E-03,0.035634333972933974
 2.7991E-03,0.037137604602144374
 2.8139E-03,0.03742700400739721
 2.8287E-03,0.03601910305647081
 2.8435E-03,0.03274852262147055
 2.8583E-03,0.02783385739209631
 2.8731E-03,0.021848902439600873
 2.8880E-03,0.01559611684320217
 2.9028E-03,0.009905723298256112
 2.9176E-03,0.0054299350273093305
 2.9324E-03,0.0025023496151089022
 2.9472E-03,0.0010893031907007718
 2.9620E-03,0.000834902587252723
 2.9768E-03,0.0011963049888005979
 2.9916E-03,0.0016362088945831384
 3.0064E-03,0.0018028406766108103
 3.0212E-03,0.0016368526787801
 3.0361E-03,0.0013853098598461005
 3.0509E-03,0.0015246629724651585
 3.0657E-03,0.002604544348494088
 3.0805E-03,0.005054843135507933
 3.0953E-03,0.009025251410758214
 3.1101E-03,0.014309024960105299
 3.1249E-03,0.02036359883275268
 3.1397E-03,0.026421356239498994
 3.1545E-03,0.0316709316364709
 3.1693E-03,0.035459121830618015
 3.1842E-03,0.03744498300715652
 3.1990E-03,0.037661485053391494
 3.2138E-03,0.03647797167116778
 3.2286E-03,0.03447561512450875
 3.2434E-03,0.03226451866892977
 3.2582E-03,0.030298599573978954
 3.2730E-03,0.028751874496941214
 3.2878E-03,0.027489943622662237
 3.3026E-03,0.02613553898989885
 3.3174E-03,0.024209788978781115
 3.3323E-03,0.021313422166536904
 3.3471E-03,0.01728965320977813
 3.3619E-03,0.012311942335198323
 3.3767E-03,0.006872488456494395
 3.3915E-03,0.0016799145604055304
 3.4063E-03,-0.002508421691012579
 3.4211E-03,-0.0050771154897778555
 3.4359E-03,-0.005708077202139267
 3.4507E-03,-0.004451597617362218
 3.4655E-03,-0.001697888891033228
 3.4804E-03,0.0019371442876521838
 3.4952E-03,0.005782644866947746
 3.5100E-03,0.009294480079279556
 3.5248E-03,0.012190866268704668
 3.5396E-03,0.014499663927050627
 3.5544E-03,0.016509418406982865
 3.5692E-03,0.018643423604512575
 3.5840E-03,0.021291521805563256
 3.5988E-03,0.024648842070494968
 3.6136E-03,0.028615309414486395
 3.6285E-03,0.03278909289922232
 3.6433E-03,0.03655307001531925
 3.6581E-03,0.039228781885637845
 3.6729E-03,0.040257809192959265
 3.6877E-03,0.039358588539226344
 3.7025E-03,0.036608353575406885
 3.7173E-03,0.03242542136741638
 3.7321E-03,0.027461174360902126
 3.7469E-03,0.022433933492076955
 3.7617E-03,0.01794943627011039
 3.7766E-03,0.014359567627213039
 3.7914E-03,0.011702479730177018
 3.8062E-03,0.009738890636077953
 3.8210E-03,0.008067969296468162
 3.8358E-03,0.006287051279494811
 3.8506E-03,0.004149427151207516
 3.8654E-03,0.001671298808088765
 3.8802E-03,-0.0008477768997854069
 3.8950E-03,-0.002896678305478768
 3.9098E-03,-0.003893186787373901
 3.9247E-03,-0.0033531296471184637
 3.9395E-03,-0.0010410988302184832
 3.9543E-03,0.002942821246684839
 3.9691E-03,0.008168397434220228
 3.9839E-03,0.013970634298588698
 3.9987E-03,0.01960670018397554
 4.0135E-03,0.02443160421190723
 4.0283E-03,0.028044538810658128
 4.0431E-03,0.03036291300061493
 4.0579E-03,0.03160246230543056
 4.0727E-03,0.03217295487198467
 4.0876E-03,0.03252372019504463
 4.1024E-03,0.032984686099223164
 4.1172E-03,0.033649870432263126
 4.1320E-03,0.034340018164140756
 4.1468E-03,0.0346565209778612
 4.1616E-03,0.03410876715433386
 4.1764E-03,0.032275938025937916
 4.1912E-03,0.0289561885464879
 4.2060E-03,0.024258548510694963
 4.2208E-03,0.018607534833029547
 4.2357E-03,0.012657583416408867
 4.2505E-03,0.00714307016566831
 4.2653E-03,0.002707057033338775
 4.2801E-03,-0.0002442335997085007
 4.2949E-03,-0.0016209118127304594
 4.3097E-03,-0.0016404729728585912
 4.3245E-03,-0.0007350312985240035
 4.3393E-03,0.0005952404273254214
 4.3541E-03,0.0019386774712919588
 4.3689E-03,0.0030936336982785913
 4.3838E-03,0.004119109675225207
 4.3986E-03,0.005298948372221694
 4.4134E-03,0.007031447931009902
 4.4282E-03,0.009679393872553654
 4.4430E-03,0.013425780975606164
 4.4578E-03,0.01817812514693687
 4.4726E-03,0.023551566992190458
 4.4874E-03,0.028938572621773753
 4.5022E-03,0.033646225192390966
 4.5170E-03,0.03706163805245009
 4.5319E-03,0.03879877707314609
 4.5467E-03,0.03878536093981758
 4.5615E-03,0.03726464530444068
 4.5763E-03,0.034711882711883246
 4.5911E-03,0.031691682114701324
 4.6059E-03,0.028699560359888954
 4.6207E-03,0.026033656769117838
 4.6355E-03,0.02373294666369047
 4.6503E-03,0.021599245672124196
 4.6651E-03,0.01929511203569419
 4.6800E-03,0.016486170016444812
 4.6948E-03,0.012983508691353986
 4.7096E-03,0.008842877631610254
 4.7244E-03,0.0043900393069340295
 4.7392E-03,0.00016279058665787279
 4.7540E-03,-0.0032146422139988098
 4.7688E-03,-0.005188315583392104
 4.7836E-03,-0.005417296391615248
 4.7984E-03,-0.00386230749440893
 4.8132E-03,-0.0007953827401433523
 4.8281E-03,0.0032724933524520424
 4.8429E-03,0.007724926722451319
 4.8577E-03,0.011995939045597936
 4.8725E-03,0.01570343718238664
 4.8873E-03,0.018722992686050956
 4.9021E-03,0.021181849864670692
 4.9169E-03,0.023376377019389417
 4.9317E-03,0.02563949725670025
 4.9465E-03,0.02819977965656184
 4.9613E-03,0.03107553012921266
 4.9762E-03,0.03403623913066536
 4.9910E-03,0.036644178386075046
 5.0058E-03,0.03836532735720662
 5.0206E-03,0.0387174299073765
 5.0354E-03,0.03741132497519196
 5.0502E-03,0.034443818664292636
 5.0650E-03,0.03011464698082199
 5.0798E-03,0.024961934676078643
 5.0946E-03,0.01963442287905864
 5.1094E-03,0.014737560180573268
 5.1243E-03,0.010697684428487834
 5.1391E-03,0.007682002146794013
 5.1539E-03,0.005595191241484542
 5.1687E-03,0.004151360580491273
 5.1835E-03,0.002998202987553265
 5.1983E-03,0.0018547606319596665
 5.2131E-03,0.000620646793494178
 5.2279E-03,-0.0005761997113981883
 5.2427E-03,-0.001407667674035999
 5.2575E-03,-0.0014415746978685615
 5.2724E-03,-0.00027734611730436494
 5.2872E-03,0.002319259693685938
 5.3020E-03,0.006322633558304846
 5.3168E-03,0.01142308580654406
 5.3316E-03,0.017080215527264353
 5.3464E-03,0.022640132629453753
 5.3612E-03,0.02748406147003046
 5.3760E-03,0.031166272864905416
 5.3908E-03,0.03350243007997309
 5.4056E-03,0.03458421290600257
 5.4205E-03,0.03471767644929297
 5.4353E-03,0.03430508275042118
 5.4501E-03,0.03370659490548341
 5.4649E-03,0.03312385521954333
 5.4797E-03,0.032540158909113354
 5.4945E-03,0.03173447432565699
 5.5093E-03,0.030364533582535505
 5.5241E-03,0.028093635003525616
 5.5389E-03,0.02472239430977141
 5.5537E-03,0.020284899587083245
 5.5686E-03,0.015079408783117802
 5.5834E-03,0.009623254819991971
 5.5982E-03,0.004543865132295822
 5.6130E-03,0.00043644772349672387
 5.6278E-03,-0.0022714091132349026
 5.6426E-03,-0.0034102813892161886
 5.6574E-03,-0.0030900913843544043
 5.6722E-03,-0.0016474978371660632
 5.6870E-03,0.0004640499685729896
 5.7018E-03,0.0028089355046350952
 5.7167E-03,0.005089072435796126
 5.7315E-03,0.007213845086066338
 5.7463E-03,0.00930066318688574
 5.7611E-03,0.011607324871163477
 5.7759E-03,0.014417625909672953
 5.7907E-03,0.017915608862485034
 5.8055E-03,0.022087377885598954
 5.8203E-03,0.0266812593427595
 5.8351E-03,0.031239793315301658
 5.8499E-03,0.03519591661966417
 5.8648E-03,0.038006746297584756
 5.8796E-03,0.039286880396630246
 5.8944E-03,0.03890274724694583
 5.9092E-03,0.037000812200644474
 5.9240E-03,0.03396197514307697
 5.9388E-03,0.030296105922471978
 5.9536E-03,0.026507911583402887
 5.9684E-03,0.022973259294198023
 5.9832E-03,0.019861354843235646
 5.9980E-03,0.017123966727044432
 6.0129E-03,0.014552701817218038
 6.0277E-03,0.011885276968097947
 6.0425E-03,0.008927429175272885
 6.0573E-03,0.00565257068782096
 6.0721E-03,0.002248036734762589
 6.0869E-03,-0.0009070796306761032
 6.1017E-03,-0.0033269788877008455
 6.1165E-03,-0.004542923463908351
 6.1313E-03,-0.00423014157827875
 6.1461E-03,-0.0023012306859459455
 6.1610E-03,0.0010610012645558245
 6.1758E-03,0.005440942906208467
 6.1906E-03,0.010287478081638173
 6.2054E-03,0.015043812434084279
 6.2202E-03,0.01927320332793479
 6.2350E-03,0.02274521567574951
 6.2498E-03,0.025458840842519273
 6.2646E-03,0.027597650661949337
 6.2794E-03,0.02943233495323547
 6.2942E-03,0.03120139196019998
 6.3091E-03,0.0330069467673085
 6.3239E-03,0.03475790056011971
 6.3387E-03,0.03617824765913257
 6.3535E-03,0.03687873378824948
 6.3683E-03,0.03647096120015003
 6.3831E-03,0.03469015502689879
 6.3979E-03,0.03148984824495039
 6.4127E-03,0.02707973906376144
 6.4275E-03,0.02189468862018712
 6.4423E-03,0.016503141141395915
 6.4572E-03,0.011480876997540492
 6.4720E-03,0.007285741955301661
 6.4868E-03,0.004168209609776594
 6.5016E-03,0.002141769804891981
 6.5164E-03,0.0010194879231818243
 6.5312E-03,0.0005038751261319852
 6.5460E-03,0.0003020050421230854
 6.5608E-03,0.0002308752268290998
 6.5756E-03,0.0002812904796067788
 6.5905E-03,0.0006211736686857928
 6.6053E-03,0.0015375184505736872
 6.6201E-03,0.00333466024814171
 6.6349E-03,0.0062196241423783435
 6.6497E-03,0.010209274647392052
 6.6645E-03,0.015087826464248232
 6.6793E-03,0.020428776010789913
 6.6941E-03,0.02567662790999994
 6.7089E-03,0.030266325406175056
 6.7237E-03,0.033747141394266586
 6.7386E-03,0.03587626019855588
 6.7534E-03,0.03665598767313059
 6.7682E-03,0.036305054767186075
 6.7830E-03,0.03517388279649768
 6.7978E-03,0.0336300010441142
 6.8126E-03,0.031948131846655285
 6.8274E-03,0.030237455124846515
 6.8422E-03,0.02842699361751867
 6.8570E-03,0.026312413198499966
 6.8718E-03,0.023649043707161498
 6.8867E-03,0.02026206127499756
 6.9015E-03,0.016139600279113382
 6.9163E-03,0.011479586044150916
 6.9311E-03,0.006674822572385436
 6.9459E-03,0.0022392263502319706
 6.9607E-03,-0.0013044964393003882
 6.9755E-03,-0.0035441903680995513
 6.9903E-03,-0.0042711624734334645
 7.0051E-03,-0.0035209536373180393
 7.0199E-03,-0.0015512427830946412
 7.0348E-03,0.0012359252515352602
 7.0496E-03,0.004404640509175612
 7.0644E-03,0.007596309626567061
 7.0792E-03,0.010609660298807251
 7.0940E-03,0.013427194944637729
 7.1088E-03,0.016181796090307916
 7.1236E-03,0.019075109442818122
 7.1384E-03,0.02227371544500808
 7.1532E-03,0.025815655088362928
 7.1680E-03,0.02955674047422321
 7.1829E-03,0.03317425710578924
 7.1977E-03,0.03622861092998847
 7.2125E-03,0.03826614140408671
 7.2273E-03,0.038933818214888546
 7.2421E-03,0.038072636373414445
 7.2569E-03,0.03576248202488874
 7.2717E-03,0.03230535516659057
 7.2865E-03,0.028151877772037422
 7.3013E-03,0.023792499872384184
 7.3161E-03,0.019644759535923272
 7.3310E-03,0.015968493279038404
 7.3458E-03,0.01283209268947199
 7.3606E-03,0.010137535809023646
 7.3754E-03,0.007694541551427497
 7.3902E-03,0.00531984607556095
 7.4050E-03,0.0029304326003209225
 7.4198E-03,0.0006016316460448158
 7.4346E-03,-0.001428291805988018
 7.4494E-03,-0.0028093243076115566
 7.4642E-03,-0.0031721868623334083
 7.4791E-03,-0.002235261162694005
 7.4939E-03,0.00010531772478930123
 7.5087E-03,0.003728981463055681
 7.5235E-03,0.008301695573721601
 7.5383E-03,0.013342377660114205
 7.5531E-03,0.018326708748515833
 7.5679E-03,0.022799528225865475
 7.5827E-03,0.026464552128037465
 7.5975E-03,0.029226847076330803
 7.6123E-03,0.031177449397728457
 7.6272E-03,0.03252661472366795
 7.6420E-03,0.03350727654995721
 7.6568E-03,0.03427883989091966
 7.6716E-03,0.03486092650109282
 7.6864E-03,0.03511737189488549
 7.7012E-03,0.03479548934258581
 7.7160E-03,0.033608885589753265
 7.7308E-03,0.03133885947548657
 7.7456E-03,0.027923581057441586
 7.7604E-03,0.02350762249163517
 7.7753E-03,0.018436012411141643
 7.7901E-03,0.013193307714010928
 7.8049E-03,0.008304274299913709
 7.8197E-03,0.004223822033964476
 7.8345E-03,0.0012466600842478623
 7.8493E-03,-0.0005389151124161719
 7.8641E-03,-0.00124165627782815
 7.8789E-03,-0.0011070217765237972
 7.8937E-03,-0.00042496050863802227
 7.9085E-03,0.0005661988643201138
 7.9234E-03,0.00175110127378311
 7.9382E-03,0.0031630366696312217
 7.9530E-03,0.00495687969850685
 7.9678E-03,0.0073381555559371555
 7.9826E-03,0.0104703054920549
 7.9974E-03,0.014388854748562815
 8.0122E-03,0.018949322800203013
 8.0270E-03,0.02382595417531773
 8.0418E-03,0.028563540103321305
 8.0566E-03,0.032669016701956946
 8.0715E-03,0.03571768437890879
 8.0863E-03,0.03744432542503762
 8.1011E-03,0.03779367883457018
 8.1159E-03,0.036916525261994126
 8.1307E-03,0.035113530703646194
 8.1455E-03,0.03274418175788254
 8.1603E-03,0.030128038393493234
 8.1751E-03,0.027467226422983583
 8.1899E-03,0.024812212544463957
 8.2047E-03,0.022079623514627673
 8.2196E-03,0.019115179234324584
 8.2344E-03,0.01578132086334019
 8.2492E-03,0.012041766957712401
 8.2640E-03,0.008016178212594358
 8.2788E-03,0.00398706895722214
 8.2936E-03,0.00035537441552739926
 8.3084E-03,-0.0024436339671310516
 8.3232E-03,-0.004040650195071534
 8.3380E-03,-0.0042206146893315095
 8.3528E-03,-0.002974148583642672
 8.3677E-03,-0.0004978235377342747
 8.3825E-03,0.00285652983653404
 8.3973E-03,0.006668876151557262
 8.4121E-03,0.010549601111378206
 8.4269E-03,0.0142218688781317
 8.4417E-03,0.017564918081571172
 8.4565E-03,0.02060723964009254
 8.4713E-03,0.02347355413920758
 8.4861E-03,0.026303247499702826
 8.5009E-03,0.02916632912384461
 8.5158E-03,0.032003573351814696
 8.5306E-03,0.034610159757078277
 8.5454E-03,0.03666903772341596
 8.5602E-03,0.037825261805967375
 8.5750E-03,0.03778008278658612
 8.5898E-03,0.036377343760329965
 8.6046E-03,0.03365664344001819
 8.6194E-03,0.029857287441434954
 8.6342E-03,0.025371394601247862
 8.6490E-03,0.020659304780245046
 8.6639E-03,0.01615119070437236
 8.6787E-03,0.012162362635387551
 8.6935E-03,0.008845255617602438
 8.7083E-03,0.0061899927340200046
 8.7231E-03,0.0040710728628666985
 8.7379E-03,0.0023243277553179325
 8.7527E-03,0.000829683304184501
 8.7675E-03,-0.000426092803894455
 8.7823E-03,-0.0013261943968483226
 8.7971E-03,-0.0016476193425357666
 8.8120E-03,-0.0011253127838834142
 8.8268E-03,0.0004623022876801082
 8.8416E-03,0.0032118755096702664
 8.8564E-03,0.007042306418496755
 8.8712E-03,0.011687023025741955
 8.8860E-03,0.01673496709976869
 8.9008E-03,0.021709908349524798
 8.9156E-03,0.02616662397787564
 8.9304E-03,0.02977753843540648
 8.9452E-03,0.03238615915849307
 8.9601E-03,0.03401336099805568
 8.9749E-03,0.03481642058960023
 8.9897E-03,0.0350145240769655
 9.0045E-03,0.034804103008938055
 9.0193E-03,0.034289936781721125
 9.0341E-03,0.03345279837834425
 9.0489E-03,0.03216312569675727
 9.0637E-03,0.03023616380999047
 9.0785E-03,0.02751140265883509
 9.0933E-03,0.02393166054986883
 9.1082E-03,0.019597062427165544
 9.1230E-03,0.01477647613752649
 9.1378E-03,0.009871501755889007
 9.1526E-03,0.005342068821529122
 9.1674E-03,0.0016138948668609166
 9.1822E-03,-0.001006776127040075
 9.1970E-03,-0.002387996168486982
 9.2118E-03,-0.002582215271237704
 9.2266E-03,-0.001790216202660161
 9.2414E-03,-0.0002905219526879578
 9.2563E-03,0.0016444653502642945
 9.2711E-03,0.0038209226343044736
 9.2859E-03,0.006163775234620254
 9.3007E-03,0.0087135894444439
 9.3155E-03,0.011582301518278909
 9.3303E-03,0.01488231071351331
 9.3451E-03,0.018651508599339135
 9.3599E-03,0.022798134330013688
 9.3747E-03,0.02708357732288046
 9.3895E-03,0.031150094658656473
 9.4044E-03,0.03458711642662436
 9.4192E-03,0.037018256246619176
 9.4340E-03,0.03818474943760928
 9.4488E-03,0.03800177378717093
 9.4636E-03,0.03657183434363516
 9.4784E-03,0.03415184200969146
 9.4932E-03,0.031083932131580255
 9.5080E-03,0.027710399855627135
 9.5228E-03,0.024297308622042664
 9.5376E-03,0.020988209504800962
 9.5525E-03,0.017800042050020025
 9.5673E-03,0.014660525903771683
 9.5821E-03,0.011473975494790482
 9.5969E-03,0.008194091522036089
 9.6117E-03,0.004880334767026761
 9.6265E-03,0.0017195190647161102
 9.6413E-03,-0.0009952454589956957
 9.6561E-03,-0.002923319171416586
 9.6709E-03,-0.003756766678740327
 9.6857E-03,-0.0032993295242539668
 9.7006E-03,-0.0015215693423553894
 9.7154E-03,0.0014237166199516447
 9.7302E-03,0.005230496952244848
 9.7450E-03,0.009505076800614794
 9.7598E-03,0.013850089870479684
 9.7746E-03,0.01794366210106199
 9.7894E-03,0.021592119176862455
 9.8042E-03,0.024742546430709618
 9.8190E-03,0.027453457852414466
 9.8338E-03,0.029834239444356054
 9.8487E-03,0.031973186984928154
 9.8635E-03,0.033877136683790346
 9.8783E-03,0.0354419777924011
 9.8931E-03,0.03646387667145899
 9.9079E-03,0.03668864900903665
 9.9227E-03,0.035885056980356
 9.9375E-03,0.033920343917163844
 9.9523E-03,0.030815301484776
 9.9671E-03,0.026761936736449148
 9.9819E-03,0.02209765259050462
 9.9968E-03,0.017242497962945382
 1.0012E-02,0.012616671487806163
 1.0026E-02,0.00856093447353852
 1.0041E-02,0.005281384743979677
 1.0056E-02,0.002832654860316365
 1.0071E-02,0.0011422917865318903
 1.0086E-02,6.717241950228046e-05
 1.0100E-02,-0.0005362637210261494
 1.0115E-02,-0.0007498380117478882
 1.0130E-02,-0.0005585880908756688
 1.0145E-02,0.00014648249132415245
 1.0160E-02,0.0015287315836535345
 1.0174E-02,0.003741385229398501
 1.0189E-02,0.0068579405866614615
 1.0204E-02,0.010818964308271716
 1.0219E-02,0.015412247816452566
 1.0234E-02,0.020293754400831206
 1.0249E-02,0.025045023210529038
 1.0263E-02,0.029252073642232215
 1.0278E-02,0.03258448498275747
 1.0293E-02,0.034853138782881064
 1.0308E-02,0.03603124315011317
 1.0323E-02,0.03623393886599677
 1.0337E-02,0.03566382805503638
 1.0352E-02,0.03453954151872525
 1.0367E-02,0.033029050682906846
 1.0382E-02,0.03120751699600475
 1.0397E-02,0.029051703867007766
 1.0411E-02,0.026471722128703083
 1.0426E-02,0.0233694965785354
 1.0441E-02,0.019705192983739756
 1.0456E-02,0.015550336739934091
 1.0471E-02,0.01111022416585335
 1.0485E-02,0.006707306596603817
 1.0500E-02,0.002728777909146803
 1.0515E-02,-0.0004478450194266336
 1.0530E-02,-0.0025309023133244057
 1.0545E-02,-0.0033717534780213017
 1.0560E-02,-0.002987588766648848
 1.0574E-02,-0.0015443202776561592
 1.0589E-02,0.0006947651705544488
 1.0604E-02,0.003439375543008892
 1.0619E-02,0.006441283837572793
 1.0634E-02,0.009542571705224379
 1.0648E-02,0.012690000739065475
 1.0663E-02,0.015912746763069325
 1.0678E-02,0.019271773023537553
 1.0693E-02,0.022797637459770655
 1.0708E-02,0.026437004602908584
 1.0722E-02,0.03002555094022453
 1.0737E-02,0.03329708690799461
 1.0752E-02,0.035927880984380114
 1.0767E-02,0.03760454204292493
 1.0782E-02,0.038096540198127034
 1.0796E-02,0.037312722208532705
 1.0811E-02,0.03532557769611038
 1.0826E-02,0.03235625876336969
 1.0841E-02,0.028724672266408707
 1.0856E-02,0.024778936678127923
 1.0871E-02,0.020824150108694813
 1.0885E-02,0.017070135282101138
 1.0900E-02,0.01361180101053573
 1.0915E-02,0.010445862193005985
 1.0930E-02,0.007516845757923581
 1.0945E-02,0.004776741228814137
 1.0959E-02,0.0022388096396924527
 1.0974E-02,8.03817926441899e-06
 1.0989E-02,-0.0017220914722509597
 1.1004E-02,-0.0027066173851220633
 1.1019E-02,-0.002709749118213159
 1.1033E-02,-0.0015717844025853048
 1.1048E-02,0.0007372080110633809
 1.1063E-02,0.004092891651197171
 1.1078E-02,0.008229143291601886
 1.1093E-02,0.012784876588072269
 1.1108E-02,0.017372857677459413
 1.1122E-02,0.021651951022526917
 1.1137E-02,0.025383359955687905
 1.1152E-02,0.028456201883661592
 1.1167E-02,0.030876820786528283
 1.1182E-02,0.03272691132264614
 1.1196E-02,0.03410461840861061
 1.1211E-02,0.03506756841608147
 1.1226E-02,0.03559587698070322
 1.1241E-02,0.035586873801163134
 1.1256E-02,0.03488349158835356
 1.1270E-02,0.0333279042083427
 1.1285E-02,0.030824148191246684
 1.1300E-02,0.027390467375030494
 1.1315E-02,0.02318489280438917
 1.1330E-02,0.01849528700584992
 1.1344E-02,0.013695417698814653
 1.1359E-02,0.009178468890862641
 1.1374E-02,0.005285824937128333
 1.1389E-02,0.002250136595133198
 1.1404E-02,0.00016735550252711335
 1.1419E-02,-0.000996037366969865
 1.1433E-02,-0.0013644798411167574
 1.1448E-02,-0.0010961430486627751
 1.1463E-02,-0.00032483076603701867
 1.1478E-02,0.0008815048785688164
 1.1493E-02,0.002533429207754025
 1.1507E-02,0.004700566406803644
 1.1522E-02,0.0074665400230265935
 1.1537E-02,0.01087269001875573
 1.1552E-02,0.014868512113194142
 1.1567E-02,0.019285011605949177
 1.1581E-02,0.023840606433680352
 1.1596E-02,0.028179755086227918
 1.1611E-02,0.03193486641598806
 1.1626E-02,0.034795085054342596
 1.1641E-02,0.03656332212132101
 1.1655E-02,0.037186135563718574
 1.1670E-02,0.03674884693043134
 1.1685E-02,0.03543830172908031
 1.1700E-02,0.03348492729667314
 1.1715E-02,0.031101446091480762
 1.1730E-02,0.028436096307513523
 1.1744E-02,0.025553418310654677
 1.1759E-02,0.022447078667329923
 1.1774E-02,0.019079408383131304
 1.1789E-02,0.015434231541623081
 1.1804E-02,0.011565536057093317
 1.1818E-02,0.007625762074455262
 1.1833E-02,0.003863570587553074
 1.1848E-02,0.0005900693257518156
 1.1863E-02,-0.001878115211636929
 1.1878E-02,-0.0032836058251848495
 1.1892E-02,-0.0034831289033982926
 1.1907E-02,-0.0024773926245774697
 1.1922E-02,-0.0004079120273596478
 1.1937E-02,0.002478051255327591
 1.1952E-02,0.005884402547429759
 1.1966E-02,0.009528987450502863
 1.1981E-02,0.013194886083664975
 1.1996E-02,0.016756566996687955
 1.2011E-02,0.020174883527057576
 1.2026E-02,0.023464258332831223
 1.2041E-02,0.026643703418313944
 1.2055E-02,0.02968809438922696
 1.2070E-02,0.03249594981432006
 1.2085E-02,0.03488492161228781
 1.2100E-02,0.036617779803440935
 1.2115E-02,0.03745236547274132
 1.2129E-02,0.03720155043077921
 1.2144E-02,0.03578591037006762
 1.2159E-02,0.03326361924822392
 1.2174E-02,0.029828497273834218
 1.2189E-02,0.025776272581884987
 1.2203E-02,0.021448198908885573
 1.2218E-02,0.017167493837181705
 1.2233E-02,0.013185785960229636
 1.2248E-02,0.009653458217412637
 1.2263E-02,0.006620511630340147
 1.2277E-02,0.004065536610596962
 1.2292E-02,0.0019422195794556165
 1.2307E-02,0.00022788818744958264
 1.2322E-02,-0.0010416880435223353
 1.2337E-02,-0.0017626227913244198
 1.2352E-02,-0.0017819775329739988
 1.2366E-02,-0.0009403589615737534
 1.2381E-02,0.0008744222928270308
 1.2396E-02,0.00367868684629148
 1.2411E-02,0.007364146692479285
 1.2426E-02,0.011698530876054396
 1.2440E-02,0.01635674511723184
 1.2455E-02,0.02097505185705401
 1.2470E-02,0.025214168654119067
 1.2485E-02,0.02881462245257192
 1.2500E-02,0.03162995934210969
 1.2514E-02,0.033629872874747856
 1.2529E-02,0.034874083001537604
 1.2544E-02,0.035466256461251434
 1.2559E-02,0.03550287752050135
 1.2574E-02,0.03503309315794625
 1.2589E-02,0.03404187315165448
 1.2603E-02,0.03246148023856721
 1.2618E-02,0.03020744945664748
 1.2633E-02,0.027227653315761664
 1.2648E-02,0.023548849813465295
 1.2663E-02,0.019305620240604986
 1.2677E-02,0.014741648754743663
 1.2692E-02,0.01018135581574693
 1.2707E-02,0.005978549357586688
 1.2722E-02,0.002455426569952828
 1.2737E-02,-0.00015199080404618886
 1.2751E-02,-0.0017278105767022255
 1.2766E-02,-0.0022813664369728745
 1.2781E-02,-0.0019233978227441132
 1.2796E-02,-0.0008213346370592872
 1.2811E-02,0.0008526241607038499
 1.2825E-02,0.0029653007372853106
 1.2840E-02,0.00544569034916613
 1.2855E-02,0.008281440625938245
 1.2870E-02,0.011490828566376034
 1.2885E-02,0.015079914619594187
 1.2900E-02,0.01899914529647457
 1.2914E-02,0.02311399840177284
 1.2929E-02,0.02720022396763714
 1.2944E-02,0.030967008605922084
 1.2959E-02,0.03410308988321845
 1.2974E-02,0.03633390831448389
 1.2988E-02,0.037474375608220034
 1.3003E-02,0.03746284115413756
 1.3018E-02,0.03636709876312275
 1.3033E-02,0.03436124168772561
 1.3048E-02,0.031680458672820995
 1.3062E-02,0.028566984808950247
 1.3077E-02,0.025222574254195215
 1.3092E-02,0.021780463625836837
 1.3107E-02,0.018303626627964205
 1.3122E-02,0.01480806024599795
 1.3136E-02,0.011302290128273072
 1.3151E-02,0.007829456342241779
 1.3166E-02,0.004497641326601631
 1.3181E-02,0.0014877089430251006
 1.3196E-02,-0.0009652580284417486
 1.3211E-02,-0.0026128467824774915
 1.3225E-02,-0.003245666404562295
 1.3240E-02,-0.0027426926136916094
 1.3255E-02,-0.0011037292870162544
 1.3270E-02,0.0015443012994275493
 1.3285E-02,0.004969284077395123
 1.3299E-02,0.008878271183858408
 1.3314E-02,0.012972317676466148
 1.3329E-02,0.016997081163816447
 1.3344E-02,0.020775956992883298
 1.3359E-02,0.024217829511496477
 1.3373E-02,0.02729910500890729
 1.3388E-02,0.03002730685875916
 1.3403E-02,0.0323988908731925
 1.3418E-02,0.03436548248800219
 1.3433E-02,0.03582000096071544
 1.3447E-02,0.03660794671825572
 1.3462E-02,0.03656133347004768
 1.3477E-02,0.03554566881536856
 1.3492E-02,0.03350614346980073
 1.3507E-02,0.030499065083971863
 1.3522E-02,0.026698623735265107
 1.3536E-02,0.022376094947498364
 1.3551E-02,0.017856463359750212
 1.3566E-02,0.013463830423386542
 1.3581E-02,0.009469981337873181
 1.3596E-02,0.006059300333846536
 1.3610E-02,0.003318264862982698
 1.3625E-02,0.0012505287168212463
 1.3640E-02,-0.00018875227793005412
 1.3655E-02,-0.001051064833365031
 1.3670E-02,-0.0013587133879451093
 1.3684E-02,-0.0010864098338407373
 1.3699E-02,-0.0001661269557038979
 1.3714E-02,0.0014861804599646507
 1.3729E-02,0.003930192459203191
 1.3744E-02,0.007159752039108337
 1.3758E-02,0.011073527009938872
 1.3773E-02,0.015467771308961969
 1.3788E-02,0.020054928867915617
 1.3803E-02,0.024504426693334108
 1.3818E-02,0.0284955743024801
 1.3833E-02,0.031768911150712925
 1.3847E-02,0.03416270504762096
 1.3862E-02,0.03562553717750495
 1.3877E-02,0.03620278389594562
 1.3892E-02,0.036002278783656166
 1.3907E-02,0.03515027604509387
 1.3921E-02,0.03375130449657627
 1.3936E-02,0.03186389537431957
 1.3951E-02,0.02949900936114961
 1.3966E-02,0.026640850557113238
 1.3981E-02,0.023282778775062962
 1.3995E-02,0.019466293148177494
 1.4010E-02,0.015309963338010962
 1.4025E-02,0.01101804607350135
 1.4040E-02,0.006864476788182205
 1.4055E-02,0.0031551797226071964
 1.4070E-02,0.00017803435837763582
 1.4084E-02,-0.001846500821206788
 1.4099E-02,-0.0028012066069438325
 1.4114E-02,-0.00268524443510109
 1.4129E-02,-0.0016018320174256313
 1.4144E-02,0.0002752895032504506
 1.4158E-02,0.00274658738489614
 1.4173E-02,0.0056298329084056515
 1.4188E-02,0.008789627002362313
 1.4203E-02,0.01214578088939592
 1.4218E-02,0.01565951157313991
 1.4232E-02,0.01930319212670193
 1.4247E-02,0.023024413118297452
 1.4262E-02,0.026716877945745735
 1.4277E-02,0.03020864869659221
 1.4292E-02,0.03327307007640436
 1.4306E-02,0.035660852897396636
 1.4321E-02,0.03714531621219767
 1.4336E-02,0.0375685996655508
 1.4351E-02,0.036876036774541425
 1.4366E-02,0.03512904335959699
 1.4381E-02,0.032492898573257406
 1.4395E-02,0.029202879495373563
 1.4410E-02,0.025518233494671756
 1.4425E-02,0.02167665291514875
 1.4440E-02,0.01786135183913027
 1.4455E-02,0.0141887647523192
 1.4469E-02,0.010718553864116239
 1.4484E-02,0.007480921380899273
 1.4499E-02,0.004511142198971823
 1.4514E-02,0.0018792337386360236
 1.4529E-02,-0.00029567813590027775
 1.4543E-02,-0.0018519683574446716
 1.4558E-02,-0.0026123029000916804
 1.4573E-02,-0.002423575977410901
 1.4588E-02,-0.0011987806670616106
 1.4603E-02,0.001051309031740288
 1.4617E-02,0.004206154523625081
 1.4632E-02,0.008047304742842072
 1.4647E-02,0.012291628180393446
 1.4662E-02,0.016637539120954628
 1.4677E-02,0.020812273187601097
 1.4692E-02,0.02460812392167063
 1.4706E-02,0.027898889314593084
 1.4721E-02,0.030633631718119326
 1.4736E-02,0.032811499677329076
 1.4751E-02,0.03444681932726872
 1.4766E-02,0.03553631220069263
 1.4780E-02,0.03603935869350283
 1.4795E-02,0.03587800103585865
 1.4810E-02,0.03495714299977608
 1.4825E-02,0.033199025364176696
 1.4840E-02,0.03058144626655525
 1.4854E-02,0.027167739556574227
 1.4869E-02,0.023118666382088513
 1.4884E-02,0.018681476960279362
 1.4899E-02,0.014157929451172585
 1.4914E-02,0.009859059002783901
 1.4928E-02,0.006058202360367868
 1.4943E-02,0.0029541464178218634
 1.4958E-02,0.0006532349221163997
 1.4973E-02,-0.0008262248813476654
 1.4988E-02,-0.001530241956831691
 1.5003E-02,-0.0015344286591532702
 1.5017E-02,-0.00090943817406229
 1.5032E-02,0.0003027844797240408
 1.5047E-02,0.0020948879476637445
 1.5062E-02,0.004480754700624673
 1.5077E-02,0.0074675568208945
 1.5091E-02,0.011022519317296465
 1.5106E-02,0.015045536012954344
 1.5121E-02,0.019357310113002218
 1.5136E-02,0.023708314414028507
 1.5151E-02,0.02780785068811824
 1.5165E-02,0.03136658346732084
 1.5180E-02,0.03414186644004964
 1.5195E-02,0.03597418848670831
 1.5210E-02,0.03680546841887175
 1.5225E-02,0.03667503673506663
 1.5239E-02,0.03569544743718391
 1.5254E-02,0.034015881431564206
 1.5269E-02,0.031784164442251815
 1.5284E-02,0.029118379640247063
 1.5299E-02,0.026095763363542183
 1.5314E-02,0.02276105349970338
 1.5328E-02,0.019150381915834812
 1.5343E-02,0.015321977333391388
 1.5358E-02,0.01138279879679219
 1.5373E-02,0.0075013751782435035
 1.5388E-02,0.0039012216676461023
 1.5402E-02,0.0008350058284138928
 1.5417E-02,-0.0014545865844539686
 1.5432E-02,-0.0027772831871550963
 1.5447E-02,-0.003029790752710723
 1.5462E-02,-0.0022133714096995473
 1.5476E-02,-0.00042992951463439663
 1.5491E-02,0.002142019834800195
 1.5506E-02,0.0052846873240782214
 1.5521E-02,0.00878137015743887
 1.5536E-02,0.01244905140691888
 1.5551E-02,0.016155052703991073
 1.5565E-02,0.019814499930011175
 1.5580E-02,0.02337119463568846
 1.5595E-02,0.02676947748071391
 1.5610E-02,0.029927341691360618
 1.5625E-02,0.03272061234128761
 1.5639E-02,0.03498458421025195
 1.5654E-02,0.03653412344037531
 1.5669E-02,0.037197486865196645
 1.5684E-02,0.03685471502720168
 1.5699E-02,0.03546973803894802
 1.5713E-02,0.03310683300623037
 1.5728E-02,0.02992635694368061
 1.5743E-02,0.02616047360950828
 1.5758E-02,0.0220751641575211
 1.5773E-02,0.017928508036482632
 1.5787E-02,0.013935975522447486
 1.5802E-02,0.01025111483401955
 1.5817E-02,0.006965294026132942
 1.5832E-02,0.004124493879317019
 1.5847E-02,0.001756210493787675
 1.5862E-02,-0.00010325498878868732
 1.5876E-02,-0.0013906805991726076
 1.5891E-02,-0.0020135162430682915
 1.5906E-02,-0.0018647439560952033
 1.5921E-02,-0.0008511225407290106
 1.5936E-02,0.0010733672209277045
 1.5950E-02,0.0038789582366342474
 1.5965E-02,0.007445436770416294
 1.5980E-02,0.011566697950176466
 1.5995E-02,0.01597452742188646
 1.6010E-02,0.020376247147997135
 1.6024E-02,0.024496971377503396
 1.6039E-02,0.028115949452403043
 1.6054E-02,0.03108821847543324
 1.6069E-02,0.03334705839710364
 1.6084E-02,0.03488828257976756
 1.6098E-02,0.03574256392563955
 1.6113E-02,0.03594525330583879
 1.6128E-02,0.0355135339820073
 1.6143E-02,0.03443817964136212
 1.6158E-02,0.032692437744166934
 1.6173E-02,0.03025507890024876
 1.6187E-02,0.02714008324721686
 1.6202E-02,0.02342314591967339
 1.6217E-02,0.01925586161699901
 1.6232E-02,0.014861888578625472
 1.6247E-02,0.010514561441983438
 1.6261E-02,0.006500775230165161
 1.6276E-02,0.003079916998712383
 1.6291E-02,0.00044803577433621304
 1.6306E-02,-0.0012840587868707101
 1.6321E-02,-0.002094015015921542
 1.6335E-02,-0.0020329282719154696
 1.6350E-02,-0.0011975269905729299
 1.6365E-02,0.00030169429893809946
 1.6380E-02,0.002366905782558449
 1.6395E-02,0.004926482241915504
 1.6409E-02,0.007932392308241809
 1.6424E-02,0.011343289022160485
 1.6439E-02,0.015099668312540455
 1.6454E-02,0.019100042778093435
 1.6469E-02,0.023186958464235755
 1.6484E-02,0.027148889037300363
 1.6498E-02,0.030739385989677473
 1.6513E-02,0.03370970722750538
 1.6528E-02,0.03584701140218662
 1.6543E-02,0.037008330344491455
 1.6558E-02,0.03714149989895804
 1.6572E-02,0.03628777798230205
 1.6587E-02,0.03456596385002148
 1.6602E-02,0.03214294019967605
 1.6617E-02,0.02919917122856878
 1.6632E-02,0.025898749078146457
 1.6646E-02,0.022371810509138
 1.6661E-02,0.018713114809654204
 1.6676E-02,0.01499551256538868
 1.6691E-02,0.011292457364694947
 1.6706E-02,0.007700970116313958
 1.6720E-02,0.004356354446293301
 1.6735E-02,0.0014324939925440378
 1.6750E-02,-0.0008740313376386895
 1.6765E-02,-0.0023728103385988438
 1.6780E-02,-0.0029141953064391025
 1.6795E-02,-0.002420416944834824
 1.6809E-02,-0.0009047026731104984
 1.6824E-02,0.001526985083143353
 1.6839E-02,0.004692303838020399
 1.6854E-02,0.008362817351295286
 1.6869E-02,0.012300358885312997
 1.6883E-02,0.016290162762294072
 1.6898E-02,0.02016266048130476
 1.6913E-02,0.02379935382368256
 1.6928E-02,0.027122974154663845
 1.6943E-02,0.030076796582277084
 1.6957E-02,0.03260111690571957
 1.6972E-02,0.03461558766285532
 1.6987E-02,0.036014148251104015
 1.7002E-02,0.03667526430991802
 1.7017E-02,0.036485317992744654
 1.7032E-02,0.0353687249555196
 1.7046E-02,0.03331598136903719
 1.7061E-02,0.030401089369232918
 1.7076E-02,0.02678261194974355
 1.7091E-02,0.022687135991429942
 1.7106E-02,0.01837882306243163
 1.7120E-02,0.014122547575505032
 1.7135E-02,0.010149749188294378
 1.7150E-02,0.006635119752662172
 1.7165E-02,0.0036889466313963005
 1.7180E-02,0.0013653454212329817
 1.7194E-02,-0.00031791079373053575
 1.7209E-02,-0.0013554120441653873
 1.7224E-02,-0.001734315043794602
 1.7239E-02,-0.0014254537506981852
 1.7254E-02,-0.00038847445623486107
 1.7268E-02,0.0014104117592641451
 1.7283E-02,0.00397356660101132
 1.7298E-02,0.0072479239216432755
 1.7313E-02,0.011109922872498582
 1.7328E-02,0.015365143866074231
 1.7343E-02,0.01976436672892696
 1.7357E-02,0.024033138298207267
 1.7372E-02,0.027908064910819173
 1.7387E-02,0.031171071934824098
 1.7402E-02,0.03367339586375583
 1.7417E-02,0.035343962544563
 1.7431E-02,0.036181217907982795
 1.7446E-02,0.036232109623302755
 1.7461E-02,0.03556539334251798
 1.7476E-02,0.03424773044985143
 1.7491E-02,0.03232979200644457
 1.7505E-02,0.029846187889077013
 1.7520E-02,0.02682853936854303
 1.7535E-02,0.023326766117868852
 1.7550E-02,0.01943093776087612
 1.7565E-02,0.015285656002842648
 1.7579E-02,0.01109099503599777
 1.7594E-02,0.007087912680958603
 1.7609E-02,0.0035305900314684213
 1.7624E-02,0.0006520163985833972
 1.7639E-02,-0.0013688157036979205
 1.7654E-02,-0.0024300795697263676
 1.7668E-02,-0.0025152216213318746
 1.7683E-02,-0.0016846734586253571
 1.7698E-02,-5.423883281419203e-05
 1.7713E-02,0.0022333118869064593
 1.7728E-02,0.0050353621009064375
 1.7742E-02,0.00822800453086284
 1.7757E-02,0.011711644665623492
 1.7772E-02,0.015403393678207679
 1.7787E-02,0.019220135176946367
 1.7802E-02,0.02305907853662724
 1.7816E-02,0.026783455234758315
 1.7831E-02,0.030219518915823137
 1.7846E-02,0.03316761120954035
 1.7861E-02,0.03542575495431279
 1.7876E-02,0.036820310282615565
 1.7890E-02,0.03723585405562797
 1.7905E-02,0.03663634620429343
 1.7920E-02,0.03507187843969613
 1.7935E-02,0.03266921060593024
 1.7950E-02,0.029608727009419012
 1.7965E-02,0.026094074337505768
 1.7979E-02,0.02232250935989974
 1.7994E-02,0.018463394856338085
 1.8009E-02,0.014649551501625824
 1.8024E-02,0.010982145989767987
 1.8039E-02,0.007545681515090181
 1.8053E-02,0.0044266706546566194
 1.8068E-02,0.0017285790615072694
 1.8083E-02,-0.00042309812641996283
 1.8098E-02,-0.0018886246309437838
 1.8113E-02,-0.0025336100591779034
 1.8127E-02,-0.0022555504316280556
 1.8142E-02,-0.0010100950178248836
 1.8157E-02,0.00117047724685784
 1.8172E-02,0.004172200071356736
 1.8187E-02,0.007809881584137026
 1.8201E-02,0.011851023966156058
 1.8216E-02,0.016047528917392702
 1.8231E-02,0.020167494549987737
 1.8246E-02,0.02401956364902946
 1.8261E-02,0.02746457660629709
 1.8276E-02,0.030413048002142052
 1.8290E-02,0.03281111472550494
 1.8305E-02,0.03462087225477026
 1.8320E-02,0.035802455895622184
 1.8335E-02,0.03630441543852174
 1.8350E-02,0.03606612888134186
 1.8364E-02,0.035032053500985476
 1.8379E-02,0.03317371168309372
 1.8394E-02,0.030512631632694662
 1.8409E-02,0.02713682078746527
 1.8424E-02,0.02320494320376996
 1.8438E-02,0.018935729239873328
 1.8453E-02,0.014584265198493283
 1.8468E-02,0.01041046949927933
 1.8483E-02,0.006647189923725166
 1.8498E-02,0.0034753537571345647
 1.8513E-02,0.0010115056284595346
 1.8527E-02,-0.0006904804753236553
 1.8542E-02,-0.0016256814774616678
 1.8557E-02,-0.0018177797310853167
 1.8572E-02,-0.0012990395254466706
 1.8587E-02,-9.704205997677776e-05
 1.8601E-02,0.0017677965936707496
 1.8616E-02,0.004273484931363088
 1.8631E-02,0.007379743575262193
 1.8646E-02,0.011009272220664267
 1.8661E-02,0.0150338552673791
 1.8675E-02,0.019271003444802006
 1.8690E-02,0.023493923665154126
 1.8705E-02,0.027453798810756748
 1.8720E-02,0.030909753130643584
 1.8735E-02,0.033659541116170505
 1.8749E-02,0.035563632947923696
 1.8764E-02,0.03655710678369293
 1.8779E-02,0.036647099564060814
 1.8794E-02,0.035897529821325234
 1.8809E-02,0.03440621390519699
 1.8824E-02,0.0322813455733401
 1.8838E-02,0.029624067858347886
 1.8853E-02,0.02652163679371911
 1.8868E-02,0.023052152647633044
 1.8883E-02,0.019298086386846207
 1.8898E-02,0.015362982224122721
 1.8912E-02,0.011384617361030375
 1.8927E-02,0.007538866578851924
 1.8942E-02,0.004031253926686103
 1.8957E-02,0.0010768550230123679
 1.8972E-02,-0.001127252499315239
 1.8986E-02,-0.0024304437193604237
 1.9001E-02,-0.0027508725192201527
 1.9016E-02,-0.002086138879788625
 1.9031E-02,-0.0005098189480151618
 1.9046E-02,0.0018448968898305926
 1.9060E-02,0.004809874601326083
 1.9075E-02,0.008208422577725798
 1.9090E-02,0.011876681882239195
 1.9105E-02,0.015675104669556083
 1.9120E-02,0.01948828065293714
 1.9135E-02,0.02321498931432873
 1.9149E-02,0.026753343529611902
 1.9164E-02,0.029987361107033
 1.9179E-02,0.03278081677090846
 1.9194E-02,0.034981931630781976
 1.9209E-02,0.036439033125595384
 1.9223E-02,0.037023788523968995
 1.9238E-02,0.03665604075580185
 1.9253E-02,0.035323440429242126
 1.9268E-02,0.033090239487651496
 1.9283E-02,0.030092454234464276
 1.9297E-02,0.026520277776030044
 1.9312E-02,0.022592035233527083
 1.9327E-02,0.018526126027902646
 1.9342E-02,0.014517672558621846
 1.9357E-02,0.01072494711111667
 1.9371E-02,0.007267599555008531
 1.9386E-02,0.0042351777430247855
 1.9401E-02,0.0017014630850887128
 1.9416E-02,-0.00026140375770895364
 1.9431E-02,-0.0015747246389570706
 1.9446E-02,-0.0021546428284000873
 1.9460E-02,-0.00192364382504746
 1.9475E-02,-0.0008293268205955954
 1.9490E-02,0.0011349022876752843
 1.9505E-02,0.003913520467876021
 1.9520E-02,0.007382368716044076
 1.9534E-02,0.011354836117929592
 1.9549E-02,0.015600266368778802
 1.9564E-02,0.019870789216886856
 1.9579E-02,0.023930492734907008
 1.9594E-02,0.027580265101331495
 1.9608E-02,0.030672928227209028
 1.9623E-02,0.03311609031652959
 1.9638E-02,0.03486363886264758
 1.9653E-02,0.035899947355581
 1.9668E-02,0.03622274597320757
 1.9682E-02,0.03583066018907021
 1.9697E-02,0.034719652120551815
 1.9712E-02,0.032889554542300026
 1.9727E-02,0.030358493258630402
 1.9742E-02,0.02718027741843073
 1.9757E-02,0.023458620566262255
 1.9771E-02,0.019352707001026474
 1.9786E-02,0.01507094547133147
 1.9801E-02,0.01085306084100331
 1.9816E-02,0.006943981530411939
 1.9831E-02,0.0035653150184691935
 1.9845E-02,0.0008908953728432216
 1.9860E-02,-0.0009682426902172297
 1.9875E-02,-0.0019667077473856324
 1.9890E-02,-0.002115961395336874
 1.9905E-02,-0.0014674976294237313
 1.9919E-02,-9.353875954394141e-05
 1.9934E-02,0.0019289130464834009
 1.9949E-02,0.004526247451562918
 1.9964E-02,0.0076269125054471065
 1.9979E-02,0.011152010453394173
 1.9994E-02,0.015001949051354395
 2.0008E-02,0.019044693780415796
 2.0023E-02,0.023110885110012018
 2.0038E-02,0.02699917561984762
 2.0053E-02,0.030492156988497134
 2.0068E-02,0.033380061300931234
 2.0082E-02,0.03548697889496629
 2.0097E-02,0.03669337197629342
 2.0112E-02,0.03694948417405228
 2.0127E-02,0.03627662509131935
 2.0142E-02,0.03475654985547672
 2.0156E-02,0.03251229911152537
 2.0171E-02,0.029685987819534847
 2.0186E-02,0.026419518019554653
 2.0201E-02,0.022842924260464602
 2.0216E-02,0.01907244786556351
 2.0230E-02,0.015217278519686888
 2.0245E-02,0.01139114911423179
 2.0260E-02,0.007723439481951555
 2.0275E-02,0.004364581745872217
 2.0290E-02,0.0014823108043237375
 2.0305E-02,-0.0007518632409268303
 2.0319E-02,-0.0021835142533932223
 2.0334E-02,-0.002698645675937918
 2.0349E-02,-0.002243651716201301
 2.0364E-02,-0.0008366676627744186
 2.0379E-02,0.0014327873374396529
 2.0393E-02,0.004415962700365447
 2.0408E-02,0.007925875521996664
 2.0423E-02,0.011762002997967522
 2.0438E-02,0.01573276471910801
 2.0453E-02,0.019670805597196472
 2.0467E-02,0.023438397509905493
 2.0482E-02,0.02692329863469223
 2.0497E-02,0.030028251166151744
 2.0512E-02,0.032659118815255225
 2.0527E-02,0.03471692635252302
 2.0541E-02,0.03609769116390468
 2.0556E-02,0.0367013466023268
 2.0571E-02,0.03644802982539683
 2.0586E-02,0.03529745751102071
 2.0601E-02,0.03326581671879098
 2.0616E-02,0.030434957373609333
 2.0630E-02,0.026950592404697934
 2.0645E-02,0.023009126229950168
 2.0660E-02,0.01883577903611011
 2.0675E-02,0.01465895700447431
 2.0690E-02,0.010686679529002208
 2.0704E-02,0.007090086921186942
 2.0719E-02,0.003996877484834023
 2.0734E-02,0.0014946210748108505
 2.0749E-02,-0.00035887623635591503
 2.0764E-02,-0.0015228232344590925
 2.0778E-02,-0.0019633695370751404
 2.0793E-02,-0.0016501187716594825
 2.0808E-02,-0.0005608149245261197
 2.0823E-02,0.0013070164069079713
 2.0838E-02,0.003921134978836591
 2.0852E-02,0.007201381058241139
 2.0867E-02,0.011013078140088313
 2.0882E-02,0.01517031082263507
 2.0897E-02,0.019449716392060112
 2.0912E-02,0.023612535044502496
 2.0927E-02,0.027430343307412706
 2.0941E-02,0.030708829968879185
 2.0956E-02,0.03330448730638038
 2.0971E-02,0.03513104464955037
 2.0986E-02,0.036155298911830024
 2.1001E-02,0.03638486579665656
 2.1015E-02,0.035852439805942736
 2.1030E-02,0.03460180774110541
 2.1045E-02,0.032679931333073446
 2.1060E-02,0.030137199119810467
 2.1075E-02,0.02703512808531808
 2.1089E-02,0.023458229707541724
 2.1104E-02,0.019525218536643275
 2.1119E-02,0.015394696719679734
 2.1134E-02,0.0112619080578817
 2.1149E-02,0.007345682994690186
 2.1163E-02,0.003867539151600049
 2.1178E-02,0.0010272225206825044
 2.1193E-02,-0.001019901577204288
 2.1208E-02,-0.0021785864729745668
 2.1223E-02,-0.0024193238810036356
 2.1238E-02,-0.0017732393507606066
 2.1252E-02,-0.0003184087698368614
 2.1267E-02,0.0018381745237945747
 2.1282E-02,0.004577915068414127
 2.1297E-02,0.0077827755115218375
 2.1312E-02,0.011339737957667179
 2.1326E-02,0.01513761215264988
 2.1341E-02,0.019058750379556205
 2.1356E-02,0.022969919125545135
 2.1371E-02,0.026716938003274387
 2.1386E-02,0.030126614072404845
 2.1400E-02,0.03301728969093447
 2.1415E-02,0.03521663735170551
 2.1430E-02,0.036582976326343185
 2.1445E-02,0.03702506555616116
 2.1460E-02,0.03651545477747845
 2.1475E-02,0.035094030759837865
 2.1489E-02,0.032860927839791804
 2.1504E-02,0.02996073639910936
 2.1519E-02,0.026562126309147362
 2.1534E-02,0.022837971466761097
 2.1549E-02,0.018950553009596364
 2.1563E-02,0.015044612386031688
 2.1578E-02,0.011248482033933705
 2.1593E-02,0.007681009082111568
 2.1608E-02,0.0044602514206176416
 2.1623E-02,0.0017094701591615397
 2.1637E-02,-0.000443112174079495
 2.1652E-02,-0.0018722671486707406
 2.1667E-02,-0.002470370262907765
 2.1682E-02,-0.0021653355800377943
 2.1697E-02,-0.0009372163419821093
 2.1711E-02,0.0011711813193054546
 2.1726E-02,0.0040529755412761605
 2.1741E-02,0.007546165895390858
 2.1756E-02,0.011451231653055534
 2.1771E-02,0.015553535012224626
 2.1786E-02,0.019645552055534542
 2.1800E-02,0.023544196275636784
 2.1815E-02,0.027100054096398096
 2.1830E-02,0.03019776430069685
 2.1845E-02,0.0327493337083098
 2.1860E-02,0.03468413383933273
 2.1874E-02,0.03594009227694816
 2.1889E-02,0.03645995703743909
 2.1904E-02,0.03619467301290413
 2.1919E-02,0.035113428576456336
 2.1934E-02,0.033217562779046875
 2.1948E-02,0.030553990718006258
 2.1963E-02,0.02722357765815412
 2.1978E-02,0.02338104954726551
 2.1993E-02,0.019225230307628953
 2.2008E-02,0.014980993505547697
 2.2022E-02,0.010876543289526308
 2.2037E-02,0.007120850976103293
 2.2052E-02,0.0038859324937247507
 2.2067E-02,0.0012972222991813514
 2.2082E-02,-0.0005669826280570677
 2.2097E-02,-0.0016684976055069498
 2.2111E-02,-0.001998066314870267
 2.2126E-02,-0.0015643011881033824
 2.2141E-02,-0.00038659267533000096
 2.2156E-02,0.0015057530635982578
 2.2171E-02,0.004068135033611527
 2.2185E-02,0.0072312564387037
 2.2200E-02,0.01089147125242421
 2.2215E-02,0.01490504683293989
 2.2230E-02,0.01908962853686991
 2.2245E-02,0.02323427250975866
 2.2259E-02,0.027117007043200362
 2.2274E-02,0.030526691830353742
 2.2289E-02,0.03328461570335832
 2.2304E-02,0.03526120970804879
 2.2319E-02,0.036384487059399444
 2.2333E-02,0.03663900202015437
 2.2348E-02,0.03605660848931867
 2.2363E-02,0.03470236470063552
 2.2378E-02,0.032659970079860934
 2.2393E-02,0.030020842563494562
 2.2408E-02,0.026879455422424016
 2.2422E-02,0.023335319043879445
 2.2437E-02,0.019499699452105057
 2.2452E-02,0.015503506038610138
 2.2467E-02,0.01150225368269356
 2.2482E-02,0.0076747640187856125
 2.2496E-02,0.004214086590405322
 2.2511E-02,0.001311450131121483
 2.2526E-02,-0.0008637928566615043
 2.2541E-02,-0.0021839199985819293
 2.2556E-02,-0.002577835140432952
 2.2570E-02,-0.00203793901231902
 2.2585E-02,-0.0006175187123756392
 2.2600E-02,0.0015803359742530964
 2.2615E-02,0.004419230785559556
 2.2630E-02,0.00774715536536965
 2.2644E-02,0.011411174599173807
 2.2659E-02,0.0152661488960966
 2.2674E-02,0.019176532585510053
 2.2689E-02,0.023012530832353512
 2.2704E-02,0.026643671718844027
 2.2719E-02,0.02993364265136378
 2.2733E-02,0.03273981222016397
 2.2748E-02,0.03491933699663474
 2.2763E-02,0.03634159240395165
 2.2778E-02,0.03690451744569724
 2.2793E-02,0.036550976772035726
 2.2807E-02,0.03528087888059174
 2.2822E-02,0.03315567097934116
 2.2837E-02,0.03029370968873299
 2.2852E-02,0.026857332614878042
 2.2867E-02,0.023034546227049247
 2.2881E-02,0.01901949305049038
 2.2896E-02,0.014995916649793394
 2.2911E-02,0.01112671533373772
 2.2926E-02,0.0075507221072306195
 2.2941E-02,0.004385661022457146
 2.2956E-02,0.0017344567586676986
 2.2970E-02,-0.00030877091675436024
 2.2985E-02,-0.001656380127701493
 2.3000E-02,-0.0022305338107944084
 2.3015E-02,-0.001972170365959845
 2.3030E-02,-0.0008535811408069114
 2.3044E-02,0.0011088924211424443
 2.3059E-02,0.0038459669425352488
 2.3074E-02,0.007233539443362918
 2.3089E-02,0.011099354580906906
 2.3104E-02,0.01523757733998157
 2.3118E-02,0.019428584686685183
 2.3133E-02,0.023459952157255545
 2.3148E-02,0.027144371494063513
 2.3163E-02,0.03033116695671311
 2.3178E-02,0.032909912660077874
 2.3192E-02,0.03480685509875502
 2.3207E-02,0.03597676676476364
 2.3222E-02,0.03639393432412365
 2.3237E-02,0.03604590792449397
 2.3252E-02,0.03493244422647585
 2.3267E-02,0.033070137694134
 2.3281E-02,0.0305011481012645
 2.3296E-02,0.027302835586566286
 2.3311E-02,0.023594497112142655
 2.3326E-02,0.01953795288750447
 2.3341E-02,0.015330298211438569
 2.3355E-02,0.011189252593106668
 2.3370E-02,0.007333580502967073
 2.3385E-02,0.003962431235056926
 2.3400E-02,0.0012377580900227842
 2.3415E-02,-0.0007268469442757706
 2.3429E-02,-0.0018692752906333892
 2.3444E-02,-0.002174445909072397
 2.3459E-02,-0.0016646149627681079
 2.3474E-02,-0.00038793119029153795
 2.3489E-02,0.0015911942798911703
 2.3503E-02,0.004197295866140837
 2.3518E-02,0.007343739887248149
 2.3533E-02,0.010928328587640385
 2.3548E-02,0.014827247003725064
 2.3563E-02,0.018890732834024464
 2.3578E-02,0.02294354005165402
 2.3592E-02,0.026791973687088525
 2.3607E-02,0.03023736894718487
 2.3622E-02,0.03309393141632045
 2.3637E-02,0.035207428821985576
 2.3652E-02,0.03647076195579341
 2.3666E-02,0.03683309490230963
 2.3681E-02,0.03630081364111123
 2.3696E-02,0.034930647093704796
 2.3711E-02,0.03281722186188247
 2.3726E-02,0.030078567098151262
 2.3740E-02,0.026843286149554217
 2.3755E-02,0.023242229869826544
 2.3770E-02,0.019405828904209832
 2.3785E-02,0.015466287542893937
 2.3800E-02,0.011562203165645336
 2.3814E-02,0.007842343300843515
 2.3829E-02,0.004465530583938345
 2.3844E-02,0.0015947826302211482
 2.3859E-02,-0.000614332768629247
 2.3874E-02,-0.002029277958249754
 2.3889E-02,-0.002556807440694594
 2.3903E-02,-0.002156151608746784
 2.3918E-02,-0.0008459064396425355
 2.3933E-02,0.0012971413687376363
 2.3948E-02,0.004147082343224681
 2.3963E-02,0.007543778206738797
 2.3977E-02,0.011310194863821094
 2.3992E-02,0.015268409108348348
 2.4007E-02,0.01925118499442919
 2.4022E-02,0.023107515593880468
 2.4037E-02,0.026702419515973505
 2.4051E-02,0.02991300859437443
 2.4066E-02,0.032623892264087996
 2.4081E-02,0.03472504599516052
 2.4096E-02,0.03611433173427133
 2.4111E-02,0.036705204472091996
 2.4125E-02,0.036438273949962637
 2.4140E-02,0.03529388368153384
 2.4155E-02,0.03330218568254379
 2.4170E-02,0.030547547631853626
 2.4185E-02,0.027165435549669582
 2.4200E-02,0.023331790214932795
 2.4214E-02,0.019246810635495555
 2.4229E-02,0.015116421879217754
 2.4244E-02,0.011135150186573534
 2.4259E-02,0.007473544792873828
 2.4274E-02,0.004271865715561864
 2.4288E-02,0.001639931512335679
 2.4303E-02,-0.00033867014360196204
 2.4318E-02,-0.001600875223915322
 2.4333E-02,-0.0020999554078160315
 2.4348E-02,-0.0018050724775405364
 2.4362E-02,-0.0007053151880309493
 2.4377E-02,0.001182761172104748
 2.4392E-02,0.0038065092464865387
 2.4407E-02,0.007070612970840889
 2.4422E-02,0.01083546840754868
 2.4436E-02,0.014922309250110555
 2.4451E-02,0.019125158468642142
 2.4466E-02,0.023227882108835606
 2.4481E-02,0.027023236630088925
 2.4496E-02,0.0303302431789789
 2.4511E-02,0.03300666089231496
 2.4525E-02,0.03495464627164824
 2.4540E-02,0.03611949684888436
 2.4555E-02,0.03648315582907304
 2.4570E-02,0.03605538067589278
 2.4585E-02,0.03486579986725018
 2.4599E-02,0.03295941876685022
 2.4614E-02,0.030396704542217382
 2.4629E-02,0.02725762735568328
 2.4644E-02,0.02364750012774966
 2.4659E-02,0.019701612171523695
 2.4673E-02,0.015585753130097482
 2.4688E-02,0.011490746673873625
 2.4703E-02,0.007620755985816172
 2.4718E-02,0.004176900146454939
 2.4733E-02,0.0013391112780308315
 2.4748E-02,-0.0007502355507740996
 2.4762E-02,-0.001997742735541175
 2.4777E-02,-0.0023634879029120195
 2.4792E-02,-0.001858331133116225
 2.4807E-02,-0.0005354863778769621
 2.4822E-02,0.0015209285261267942
 2.4836E-02,0.004207194686494837
 2.4851E-02,0.007408439752492864
 2.4866E-02,0.01100274315842355
 2.4881E-02,0.014861020224960726
 2.4896E-02,0.018844317789637924
 2.4910E-02,0.022801114234900957
 2.4925E-02,0.026567334651037368
 2.4940E-02,0.02997102628700225
 2.4955E-02,0.032842213176576165
 2.4970E-02,0.03502678486089285
 2.4984E-02,0.03640187196577499
 2.4999E-02,0.036889448858484414
 2.5014E-02,0.03646510747558629
 2.5029E-02,0.03516002128390884
 2.5044E-02,0.03305575751871739
 2.5059E-02,0.030273323014863993
 2.5073E-02,0.026959142782972564
 2.5088E-02,0.02327119668312723
 2.5103E-02,0.019368142550912303
 2.5118E-02,0.015403074441133176
 2.5133E-02,0.011521972029355308
 2.5147E-02,0.007865376360971508
 2.5162E-02,0.004570832171137609
 2.5177E-02,0.001773458178927437
 2.5192E-02,-0.0003973121865220343
 2.5207E-02,-0.0018254482897541611
 2.5221E-02,-0.002419552110849929
 2.5236E-02,-0.0021253063083323032
 2.5251E-02,-0.0009361285994339975
 2.5266E-02,0.0011008469511627655
 2.5281E-02,0.003885383188657279
 2.5295E-02,0.007271746819103036
 2.5310E-02,0.01108204414596216
 2.5325E-02,0.015122679796737357
 2.5340E-02,0.0192006907932391
 2.5355E-02,0.023136944234704672
 2.5370E-02,0.02677422790844054
 2.5384E-02,0.029979802885515286
 2.5399E-02,0.03264357271271957
 2.5414E-02,0.03467418881805997
 2.5429E-02,0.03599581548071323
 2.5444E-02,0.03654780795376452
 2.5458E-02,0.036288364962925486
 2.5473E-02,0.035201670924499315
 2.5488E-02,0.03330662015761957
 2.5503E-02,0.030664355261118503
 2.5518E-02,0.027381825754837837
 2.5532E-02,0.023609400809587944
 2.5547E-02,0.019532014088268348
 2.5562E-02,0.015354957969813884
 2.5577E-02,0.011286801860147345
 2.5592E-02,0.0075225961286396695
 2.5606E-02,0.004230352623945262
 2.5621E-02,0.0015428304282504453
 2.5636E-02,-0.0004448057261844246
 2.5651E-02,-0.0016724180173707897
 2.5666E-02,-0.002109544979047273
 2.5681E-02,-0.001749864799334171
 2.5695E-02,-0.0006077331197231193
 2.5710E-02,0.001281967235609465
 2.5725E-02,0.0038608173844886465
 2.5740E-02,0.007042179261500132
 2.5755E-02,0.010707190737464505
 2.5769E-02,0.0147039248369392
 2.5784E-02,0.01885154371798625
 2.5799E-02,0.02295001255509989
 2.5814E-02,0.02679442346270927
 2.5829E-02,0.030191655383963838
 2.5843E-02,0.032976354246603216
 2.5858E-02,0.03502328541867794
 2.5873E-02,0.036253978660682404
 2.5888E-02,0.03663700847087547
 2.5903E-02,0.03618281821322323
 2.5918E-02,0.03493525022644499
 2.5932E-02,0.0329625263706326
 2.5947E-02,0.030350177707173617
 2.5962E-02,0.027197441392717653
 2.5977E-02,0.023617239863103573
 2.5992E-02,0.019738467359734863
 2.6006E-02,0.01570835815174853
 2.6021E-02,0.011692489313666742
 2.6036E-02,0.007870546867379327
 2.6051E-02,0.004427186125005075
 2.6066E-02,0.0015387881576226026
 2.6080E-02,-0.0006417798640511343
 2.6095E-02,-0.0019995350474998415
 2.6110E-02,-0.0024680260652562842
 2.6125E-02,-0.002034183135021488
 2.6140E-02,-0.0007366249304764279
 2.6154E-02,0.0013418172693612656
 2.6169E-02,0.004085331115470383
 2.6184E-02,0.007357401377694103
 2.6199E-02,0.011011506119562588
 2.6214E-02,0.014898404169725554
 2.6229E-02,0.018869463033416814
 2.6243E-02,0.02277684218920153
 2.6258E-02,0.0264723938574285
 2.6273E-02,0.029807558399082223
 2.6288E-02,0.03263618968554978
 2.6303E-02,0.034821249264462326
 2.6317E-02,0.03624495725457835
 2.6332E-02,0.03682069279604272
 2.6347E-02,0.036504095487387506
 2.6362E-02,0.03530069719091004
 2.6377E-02,0.03326806252798299
 2.6391E-02,0.030511656689094616
 2.6406E-02,0.027175133642213703
 2.6421E-02,0.023427020128553865
 2.6436E-02,0.01944649484075012
 2.6451E-02,0.015410931422506598
 2.6465E-02,0.01148711774535951
 2.6480E-02,0.007826824236826914
 2.6495E-02,0.004566049096941038
 2.6510E-02,0.0018262182569804778
 2.6525E-02,-0.00028483259755074245
 2.6540E-02,-0.0016739960779908396
 2.6554E-02,-0.002267155505950489
 2.6569E-02,-0.002016329436339401
 2.6584E-02,-0.0009082406846183976
 2.6599E-02,0.0010279621920187896
 2.6614E-02,0.0037162638276295036
 2.6628E-02,0.007034497990643167
 2.6643E-02,0.010820967549080476
 2.6658E-02,0.014886322974375085
 2.6673E-02,0.019028788042531615
 2.6688E-02,0.023050040405669818
 2.6702E-02,0.026768982000284006
 2.6717E-02,0.030031291287348903
 2.6732E-02,0.032713845980502386
 2.6747E-02,0.03472449264392637
 2.6762E-02,0.0359988132340917
 2.6776E-02,0.0364961575961399
 2.6791E-02,0.036197101575988724
 2.6806E-02,0.03510369900198206
 2.6821E-02,0.03324267423209423
 2.6836E-02,0.030670431476700413
 2.6851E-02,0.027477832836270685
 2.6865E-02,0.02379240857614547
 2.6880E-02,0.019776107563782324
 2.6895E-02,0.015617748923402518
 2.6910E-02,0.011520691525744673
 2.6925E-02,0.007687501102398178
 2.6939E-02,0.004304201085970755
 2.6954E-02,0.001526815787379112
 2.6969E-02,-0.000527672746069267
 2.6984E-02,-0.0017849522992671816
 2.6999E-02,-0.0022119172779388146
 2.7013E-02,-0.0018115973889547055
 2.7028E-02,-0.0006166306576399149
 2.7043E-02,0.0013165581374832175
 2.7058E-02,0.003911344728669961
 2.7073E-02,0.007071796777362593
 2.7087E-02,0.010681579875987801
 2.7102E-02,0.014602506042014598
 2.7117E-02,0.018674732554368075
 2.7132E-02,0.022720337549770517
 2.7147E-02,0.026551128669779423
 2.7162E-02,0.029980331847326794
 2.7176E-02,0.032836614162011314
 2.7191E-02,0.034978074462387106
 2.7206E-02,0.03630364039457232
 2.7221E-02,0.03675981093390071
 2.7236E-02,0.03634174410900065
 2.7250E-02,0.03508900759593883
 2.7265E-02,0.03307750546488501
 2.7280E-02,0.030409825707088573
 2.7295E-02,0.027206319635614012
 2.7310E-02,0.023598625801471523
 2.7324E-02,0.019726285885040197
 2.7339E-02,0.015735902380008153
 2.7354E-02,0.011781326090047207
 2.7369E-02,0.008022927328542668
 2.7384E-02,0.004624227794532632
 2.7399E-02,0.0017449815348139761
 2.7413E-02,-0.00046905096059345107
 2.7428E-02,-0.0018982368368992285
 2.7443E-02,-0.00246090457640867
 2.7458E-02,-0.0021224462380949128
 2.7473E-02,-0.0008996949007412964
 2.7487E-02,0.0011404330116417001
 2.7502E-02,0.0038877810154696784
 2.7517E-02,0.007199840772816053
 2.7532E-02,0.010914447354894542
 2.7547E-02,0.01486185427320419
 2.7561E-02,0.018874220528575025
 2.7576E-02,0.022791506456340815
 2.7591E-02,0.026463955626960686
 2.7606E-02,0.02975238564683672
 2.7621E-02,0.032528111836468705
 2.7635E-02,0.03467430838277205
 2.7650E-02,0.036089982259903515
 2.7665E-02,0.03669669107061391
 2.7680E-02,0.036446999100611166
 2.7695E-02,0.03533278903683582
 2.7710E-02,0.0333912066854673
 2.7724E-02,0.030706329103491636
 2.7739E-02,0.027405533186926075
 2.7754E-02,0.023650749958342272
 2.7769E-02,0.019625971802266995
 2.7784E-02,0.015523197789087777
 2.7798E-02,0.011529229223299381
 2.7813E-02,0.007815313503262096
 2.7828E-02,0.004530716703760049
 2.7843E-02,0.0018001641574448743
 2.7858E-02,-0.000275938687132566
 2.7872E-02,-0.0016202103955871314
 2.7887E-02,-0.0021776678476846537
 2.7902E-02,-0.0019169833404065239
 2.7917E-02,-0.0008339061825997337
 2.7932E-02,0.0010439084770927259
 2.7946E-02,0.0036522464662051782
 2.7961E-02,0.006887793659469719
 2.7976E-02,0.010609404964636141
 2.7991E-02,0.014644101352406649
 2.8006E-02,0.018797604066079866
 2.8021E-02,0.02286808773315912
 2.8035E-02,0.026661010575512265
 2.8050E-02,0.030002600085270975
 2.8065E-02,0.03274992201846372
 2.8080E-02,0.03479634284640273
 2.8095E-02,0.03607235789252121
 2.8109E-02,0.03654286335381354
 2.8124E-02,0.036202681769166155
 2.8139E-02,0.035072302248640976
 2.8154E-02,0.03319533912515952
 2.8169E-02,0.030638299488952213
 2.8183E-02,0.027492171559020357
 2.8198E-02,0.0238744401731002
 2.8213E-02,0.019929686354730684
 2.8228E-02,0.015827078742570628
 2.8243E-02,0.011753777643117276
 2.8257E-02,0.007904340817719999
 2.8272E-02,0.004467331757384458
 2.8287E-02,0.0016111627471861265
 2.8302E-02,-0.0005284828432048556
 2.8317E-02,-0.0018575991979505246
 2.8332E-02,-0.0023279427531886503
 2.8346E-02,-0.0019361219898784286
 2.8361E-02,-0.0007186461241693975
 2.8376E-02,0.0012553442675190456
 2.8391E-02,0.003891689425524496
 2.8406E-02,0.007077506019616289
 2.8420E-02,0.010685278656223604
 2.8435E-02,0.014574844951742612
 2.8450E-02,0.018594267894232533
 2.8465E-02,0.022581121848800602
 2.8480E-02,0.026365722471264272
 2.8494E-02,0.029777298939632914
 2.8509E-02,0.032653193932576104
 2.8524E-02,0.03485015477860087
 2.8539E-02,0.03625595783509589
 2.8554E-02,0.03679924217028169
 2.8568E-02,0.036455640351181276
 2.8583E-02,0.035249034898341615
 2.8598E-02,0.03324783199703449
 2.8613E-02,0.030557226189168164
 2.8628E-02,0.027309223151074806
 2.8643E-02,0.023652472732176424
 2.8657E-02,0.01974367510894369
 2.8672E-02,0.015741564226256784
 2.8687E-02,0.01180348650201082
 2.8702E-02,0.008083683112106823
 2.8717E-02,0.004731825713221583
 2.8731E-02,0.0018903125570409146
 2.8746E-02,-0.0003106880153088249
 2.8761E-02,-0.0017606060712124336
 2.8776E-02,-0.002377442803507039
 2.8791E-02,-0.0021167525059511416
 2.8805E-02,-0.0009786727524372597
 2.8820E-02,0.0009887835086234526
 2.8835E-02,0.0036912795572673768
 2.8850E-02,0.006994648460928822
 2.8865E-02,0.010735365782188613
 2.8880E-02,0.014733213879089704
 2.8894E-02,0.018803987009735262
 2.8909E-02,0.022770280535474002
 2.8924E-02,0.02646909642899129
 2.8939E-02,0.029755976541709663
 2.8954E-02,0.03250635655971103
 2.8968E-02,0.034615529932993924
 2.8983E-02,0.035998821168159036
 2.8998E-02,0.03659323742758994
 2.9013E-02,0.036361105789849385
 2.9028E-02,0.03529525132640976
 2.9042E-02,0.03342442752118229
 2.9057E-02,0.030817242864212946
 2.9072E-02,0.027582890109677655
 2.9087E-02,0.0238675721932107
 2.9102E-02,0.019846467563856343
 2.9116E-02,0.015712116142980924
 2.9131E-02,0.011660938237936097
 2.9146E-02,0.0078799889217739
 2.9161E-02,0.004535897501017258
 2.9176E-02,0.001767302132636205
 2.9191E-02,-0.0003188420553071605
 2.9205E-02,-0.0016476542057395223
 2.9220E-02,-0.0021746918447895103
 2.9235E-02,-0.0018838214155992399
 2.9250E-02,-0.00078589111356338
 2.9265E-02,0.001081143636436506
 2.9279E-02,0.0036508363368633204
 2.9294E-02,0.00682657926284267
 2.9309E-02,0.010481084706735684
 2.9324E-02,0.014458455735453141
 2.9339E-02,0.018579803917033826
 2.9353E-02,0.022652537177670146
 2.9368E-02,0.026482488138401303
 2.9383E-02,0.02988725744785805
 2.9398E-02,0.032708743317056886
 2.9413E-02,0.03482294279971431
 2.9427E-02,0.036145717656986
 2.9442E-02,0.03663414834347371
 2.9457E-02,0.03628408850220667
 2.9472E-02,0.03512529741259942
 2.9487E-02,0.03321585528052328
 2.9502E-02,0.030637374888436746
 2.9516E-02,0.027491888200559474
 2.9531E-02,0.02390041564392164
 2.9546E-02,0.020002394868093958
 2.9561E-02,0.015954615262635967
 2.9576E-02,0.011928241225700442
 2.9590E-02,0.008102935235079035
 2.9605E-02,0.004657886862832077
 2.9620E-02,0.001760482091367387
 2.9635E-02,-0.0004458642876612271
 2.9650E-02,-0.0018527733309285878
 2.9664E-02,-0.0023950019029868813
 2.9679E-02,-0.0020542719114303473
 2.9694E-02,-0.0008584045985728375
 2.9709E-02,0.0011236970015348566
 2.9724E-02,0.003789882443924044
 2.9738E-02,0.007013662070701405
 2.9753E-02,0.010652519893671771
 2.9768E-02,0.014554478364608388
 2.9783E-02,0.01856255571505317
 2.9798E-02,0.02251758383540519
 2.9813E-02,0.026260465028691265
 2.9827E-02,0.029635154784970315
 2.9842E-02,0.032493401533422006
 2.9857E-02,0.034701630682981856
 2.9872E-02,0.03614952546730295
 2.9887E-02,0.036759088280370125
 2.9901E-02,0.03649250443729845
 2.9916E-02,0.035357127586502106
 2.9931E-02,0.03340637801323707
 2.9946E-02,0.03073616540528945
 2.9961E-02,0.02747738567680487
 2.9975E-02,0.0237858320520261
 2.9990E-02,0.019831284092636618
 3.0005E-02,0.01578748582750025
 3.0020E-02,0.011824228392964162
 3.0035E-02,0.008101975436781223
 3.0049E-02,0.004768650906689615
 3.0064E-02,0.001957594157225067
 3.0079E-02,-0.00021454483148442179
 3.0094E-02,-0.001650986361521672
 3.0109E-02,-0.002279513507803005
 3.0124E-02,-0.0020583446274837075
 3.0138E-02,-0.0009821397943370613
 3.0153E-02,0.000913343032673598
 3.0168E-02,0.003549443558627352
 3.0183E-02,0.006806721170726527
 3.0198E-02,0.01053131281024342
 3.0212E-02,0.014544936446822206
 3.0227E-02,0.018657162164012836
 3.0242E-02,0.02267811536947901
 3.0257E-02,0.026429776855468604
 3.0272E-02,0.029754500494709533
 3.0286E-02,0.03252014868391829
 3.0301E-02,0.03462212230992709
 3.0316E-02,0.03598328260238528
 3.0331E-02,0.036553121108080164
 3.0346E-02,0.03630743521300499
 3.0361E-02,0.03524925298190968
 3.0375E-02,0.033410991129437274
 3.0390E-02,0.0308570666897415
 3.0405E-02,0.02768566014945308
 3.0420E-02,0.02402821600120378
 3.0435E-02,0.02004561162810718
 3.0449E-02,0.01592063475455774
 3.0464E-02,0.011847281619274834
 3.0479E-02,0.008018172818298792
 3.0494E-02,0.00461185843969775
 3.0509E-02,0.0017818175125650245
 3.0523E-02,-0.0003514540594778165
 3.0538E-02,-0.0017046050814975356
 3.0553E-02,-0.0022320214679364186
 3.0568E-02,-0.0019237499453229785
 3.0583E-02,-0.0008020556221535946
 3.0597E-02,0.0010820959125537538
 3.0612E-02,0.0036517421228834802
 3.0627E-02,0.006805574726101122
 3.0642E-02,0.010418994039730812
 3.0657E-02,0.014345537191389798
 3.0672E-02,0.01841982209317018
 3.0686E-02,0.022462913389957144
 3.0701E-02,0.026290433650671262
 3.0716E-02,0.02972297872260406
 3.0731E-02,0.03259767481623735
 3.0746E-02,0.03477925371336019
 3.0760E-02,0.03616896636678986
 3.0775E-02,0.036710031872731703
 3.0790E-02,0.036389028890498706
 3.0805E-02,0.035233481783712696
 3.0820E-02,0.033306635969559024
 3.0834E-02,0.030700849977744943
 3.0849E-02,0.027531043263233187
 3.0864E-02,0.023929243582591492
 3.0879E-02,0.020040611458795165
 3.0894E-02,0.016020596168787406
 3.0908E-02,0.01203232503144454
 3.0923E-02,0.008243117425692404
 3.0938E-02,0.0048192127680959165
 3.0953E-02,0.001918349208838318
 3.0968E-02,-0.0003194366631522924
 3.0983E-02,-0.001781718744704675
 3.0997E-02,-0.0023927724192634985
 3.1012E-02,-0.0021202493293668205
 3.1027E-02,-0.0009781814843991096
 3.1042E-02,0.0009742661432217822
 3.1057E-02,0.0036380498358408748
 3.1071E-02,0.006882505400904137
 3.1086E-02,0.010555116997866116
 3.1101E-02,0.014491204056706949
 3.1116E-02,0.018522240621554567
 3.1131E-02,0.022482133462265456
 3.1145E-02,0.02621151592060227
 3.1160E-02,0.029560744887331517
 3.1175E-02,0.03239263166916062
 3.1190E-02,0.034585894383124184
 3.1205E-02,0.03603990796734922
 3.1219E-02,0.036680678655400915
 3.1234E-02,0.036467287535725965
 3.1249E-02,0.035397549715322614
 3.1264E-02,0.03351148518249174
 3.1279E-02,0.030891454698621867
 3.1294E-02,0.02765841667176101
 3.1308E-02,0.023964542987058142
 3.1323E-02,0.019983173740087415
 3.1338E-02,0.015897586151427008
 3.1353E-02,0.01189016945560135
 3.1368E-02,0.008133315332090232
 3.1382E-02,0.004782748181293482
 3.1397E-02,0.001973311599253011
 3.1412E-02,-0.00018339322798288215
 3.1427E-02,-0.0016004773307569256
 3.1442E-02,-0.002217299226490619
 3.1456E-02,-0.002001676573878536
 3.1471E-02,-0.0009528131742717084
 3.1486E-02,0.0008956325061615998
 3.1501E-02,0.0034733676320108844
 3.1516E-02,0.006673352980561773
 3.1530E-02,0.010354716133100704
 3.1545E-02,0.014349102679332724
 3.1560E-02,0.018470152868568672
 3.1575E-02,0.022525084340429342
 3.1590E-02,0.026326872282688242
 3.1605E-02,0.029705387304070737
 3.1619E-02,0.03251611876485172
 3.1634E-02,0.03464570352407514
 3.1649E-02,0.03601422915292557
 3.1664E-02,0.03657497337638058
 3.1679E-02,0.03631268271601193
 3.1693E-02,0.03524156459635803
 3.1708E-02,0.03340386229647466
 3.1723E-02,0.030869308536151552
 3.1738E-02,0.027735099355542622
 3.1753E-02,0.024125506572093048
 3.1767E-02,0.02019002457224188
 3.1782E-02,0.016099103218517426
 3.1797E-02,0.01203701579775786
 3.1812E-02,0.0081921087485398
 3.1827E-02,0.0047453777293648
 3.1841E-02,0.0018588116934434773
 3.1856E-02,-0.0003348989636822075
 3.1871E-02,-0.0017399257495688564
 3.1886E-02,-0.0023013246407222296
 3.1901E-02,-0.0020054249951614884
 3.1916E-02,-0.0008771826341946493
 3.1930E-02,0.0010244256749518293
 3.1945E-02,0.0036117392346224483
 3.1960E-02,0.006773456503004426
 3.1975E-02,0.01037883314535842
 3.1990E-02,0.01428107474755987
 3.2004E-02,0.01832048343427843
 3.2019E-02,0.022328201694806926
 3.2034E-02,0.02613135300193379
 3.2049E-02,0.029560014614050823
 3.2064E-02,0.03245587898508118
 3.2078E-02,0.03468184024795185
 3.2093E-02,0.0361312717718624
 3.2108E-02,0.036735589746125855
 3.2123E-02,0.036468889649707306
 3.2138E-02,0.0353489540792568
 3.2153E-02,0.03343462347689683
 3.2167E-02,0.030820203662717607
 3.2182E-02,0.027628067633599238
 3.2197E-02,0.024000766318878625
 3.2212E-02,0.020093764460862036
 3.2227E-02,0.016069439551020137
 3.2241E-02,0.01209238076675748
 3.2256E-02,0.008325490506307934
 3.2271E-02,0.004926087913205939
 3.2286E-02,0.002041232726496368
 3.2301E-02,-0.0001981793423765305
 3.2315E-02,-0.0016844553366776676
 3.2330E-02,-0.0023405974576842094
 3.2345E-02,-0.0021271212837924566
 3.2360E-02,-0.0010469057501515781
 3.2375E-02,0.0008530412720812763
 3.2389E-02,0.003483530543487179
 3.2404E-02,0.006718806370359945
 3.2419E-02,0.010405097617141156
 3.2434E-02,0.014370858107969123
 3.2449E-02,0.01843723895212951
 3.2464E-02,0.022427479566941518
 3.2478E-02,0.02617435427659301
 3.2493E-02,0.029525431980287967
 3.2508E-02,0.032346514624261906
 3.2523E-02,0.03452403916833307
 3.2538E-02,0.035967338870639125
 3.2552E-02,0.036611438380154196
 3.2567E-02,0.03642058028408698
 3.2582E-02,0.03539210397334778
 3.2597E-02,0.033559808030315996
 3.2612E-02,0.030995686484082983
 3.2626E-02,0.02780902424636203
 3.2641E-02,0.024142253614205786
 3.2656E-02,0.020163600684065856
 3.2671E-02,0.01605721347351351
 3.2686E-02,0.012011977669770538
 3.2700E-02,0.008210451010842765
 3.2715E-02,0.004819228202556609
 3.2730E-02,0.0019816290388935663
 3.2745E-02,-0.00018698910034300282
 3.2760E-02,-0.0016015846418281085
 3.2775E-02,-0.0022081671283573473
 3.2789E-02,-0.001983779184382804
 3.2804E-02,-0.0009364350977170007
 3.2819E-02,0.0008946680161139899
 3.2834E-02,0.0034388488992304136
 3.2849E-02,0.006594170852217391
 3.2863E-02,0.010229051088033866
 3.2878E-02,0.014186039612507209
 3.2893E-02,0.01828820463593204
 3.2908E-02,0.02234800940593407
 3.2923E-02,0.026177965696009147
 3.2937E-02,0.02960187374605074
 3.2952E-02,0.03246524775852427
 3.2967E-02,0.03464364715910898
 3.2982E-02,0.03604805887675566
 3.2997E-02,0.036627088769755616
 3.3011E-02,0.03636635025048904
 3.3026E-02,0.03528591040433299
 3.3041E-02,0.033436842099240804
 3.3056E-02,0.030897794649550957
 3.3071E-02,0.027772093278209765
 3.3086E-02,0.024185346126978226
 3.3100E-02,0.020283051178101
 3.3115E-02,0.016227412391153318
 3.3130E-02,0.012192589120418542
 3.3145E-02,0.0083579183460325
 3.3160E-02,0.004899176682010266
 3.3174E-02,0.001978535490690666
 3.3189E-02,-0.0002656636991770246
 3.3204E-02,-0.0017279645241429116
 3.3219E-02,-0.002342431368735777
 3.3234E-02,-0.00208601161887917
 3.3248E-02,-0.00097836243782793
 3.3263E-02,0.0009214898810794682
 3.3278E-02,0.003520784361078626
 3.3293E-02,0.006699824777751008
 3.3308E-02,0.010318864213818054
 3.3322E-02,0.014224315424824479
 3.3337E-02,0.018254011156589506
 3.3352E-02,0.0222417317048324
 3.3367E-02,0.02602156686642816
 3.3382E-02,0.029432778091893694
 3.3397E-02,0.032325643487112206
 3.3411E-02,0.03456835964188648
 3.3426E-02,0.03605456701166214
 3.3441E-02,0.0367106196092288
 3.3456E-02,0.03650147983084652
 3.3471E-02,0.0354341707732348
 3.3485E-02,0.03355806071799788
 3.3500E-02,0.030961800232524386
 3.3515E-02,0.027767333593256362
 3.3530E-02,0.024121898867008437
 3.3545E-02,0.020189183932632068
 3.3559E-02,0.01614075977167098
 3.3574E-02,0.012148596569192219
 3.3589E-02,0.008378989326797343
 3.3604E-02,0.004987728697079125
 3.3619E-02,0.0021159988100569755
 3.3634E-02,-0.00011362965501513292
 3.3648E-02,-0.0016015881769184533
 3.3663E-02,-0.002276189630107528
 3.3678E-02,-0.002098644827093779
 3.3693E-02,-0.0010674564827148126
 3.3708E-02,0.0007787861710320506
 3.3722E-02,0.0033611352586022194
 3.3737E-02,0.006563130315456705
 3.3752E-02,0.010236832897859784
 3.3767E-02,0.014211531375607624
 3.3782E-02,0.01830410095227109
 3.3796E-02,0.022329732521602627
 3.3811E-02,0.026111769746700753
 3.3826E-02,0.029489706148042853
 3.3841E-02,0.032324901715418054
 3.3856E-02,0.03450413540690864
 3.3870E-02,0.03594155716813166
 3.3885E-02,0.03657981653549441
 3.3900E-02,0.0363910719459736
 3.3915E-02,0.035378260572660615
 3.3930E-02,0.03357654456027535
 3.3945E-02,0.031054400302911813
 3.3959E-02,0.02791353288759587
 3.3974E-02,0.02428677790909784
 3.3989E-02,0.020333416878327914
 3.4004E-02,0.016231813541806868
 3.4019E-02,0.012169844163166951
 3.4033E-02,0.008334087188134475
 3.4048E-02,0.004899020083264476
 3.4063E-02,0.0020174678512934158
 3.4078E-02,-0.00018673522055461444
 3.4093E-02,-0.0016233878546435176
 3.4107E-02,-0.0022379248033716718
 3.4122E-02,-0.0020112903847651136
 3.4137E-02,-0.0009584425780460319
 3.4152E-02,0.0008737587764623303
 3.4167E-02,0.0034087667780776645
 3.4181E-02,0.006542536317712006
 3.4196E-02,0.01014595377849548
 3.4211E-02,0.014068048633082112
 3.4226E-02,0.018140584973640926
 3.4241E-02,0.022184441259693138
 3.4256E-02,0.026017796428837715
 3.4270E-02,0.029465659399919363
 3.4285E-02,0.03236984788708197
 3.4300E-02,0.03459827241424425
 3.4315E-02,0.036052394049362786
 3.4330E-02,0.036672006166751564
 3.4344E-02,0.03643696973844623
 3.4359E-02,0.03536607878130408
 3.4374E-02,0.03351369874288294
 3.4389E-02,0.03096508205050477
 3.4404E-02,0.027831260284832005
 3.4418E-02,0.02424416011949006
 3.4433E-02,0.020352182322721242
 3.4448E-02,0.016316056301174692
 3.4463E-02,0.01230447612812776
 3.4478E-02,0.008488937610108601
 3.4492E-02,0.005037360561994189
 3.4507E-02,0.002106449459094481
 3.4522E-02,-0.00016679032739169014
 3.4537E-02,-0.0016735436400454478
 3.4552E-02,-0.0023405995013508394
 3.4567E-02,-0.0021356088824490294
 3.4581E-02,-0.0010693753829218826
 3.4596E-02,0.0008051640900814036
 3.4611E-02,0.0033970613452079905
 3.4626E-02,0.0065838814026409655
 3.4641E-02,0.010219616562002171
 3.4655E-02,0.01414291724813874
 3.4670E-02,0.018184761754280444
 3.4685E-02,0.02217506807254096
 3.4700E-02,0.02594819868468182
 3.4715E-02,0.02934768754478866
 3.4729E-02,0.03223071496421752
 3.4744E-02,0.0344728149329837
 3.4759E-02,0.03597303835238879
 3.4774E-02,0.03665940090311643
 3.4789E-02,0.03649404474307055
 3.4804E-02,0.03547727159518444
 3.4818E-02,0.0336495569127766
 3.4833E-02,0.031090860158339735
 3.4848E-02,0.027916958481940618
 3.4863E-02,0.024273041858229434
 3.4878E-02,0.02032527917596024
 3.4892E-02,0.016251370910138976
 3.4907E-02,0.01223116807712783
 3.4922E-02,0.008438253351034757
 3.4937E-02,0.005033013576691806
 3.4952E-02,0.002157298342712249
 3.4966E-02,-6.9613627909605e-05
 3.4981E-02,-0.0015542239211411783
 3.4996E-02,-0.0022316697414986875
 3.5011E-02,-0.0020684791344428733
 3.5026E-02,-0.001065140372929383
 3.5040E-02,0.0007419473993034241
 3.5055E-02,0.0032798099503808355
 3.5070E-02,0.00644022262506861
 3.5085E-02,0.010083531817204675
 3.5100E-02,0.014045095768847054
 3.5115E-02,0.018143987172943774
 3.5129E-02,0.022193152888899427
 3.5144E-02,0.02600993439977519
 3.5159E-02,0.02942579842191824
 3.5174E-02,0.03229432695219697
 3.5189E-02,0.03449691522616485
 3.5203E-02,0.03594611329790579
 3.5218E-02,0.03658698666888105
 3.5233E-02,0.036397143862920464
 3.5248E-02,0.03538611594029239
 3.5263E-02,0.03359457838741694
 3.5277E-02,0.031093553707070315
 3.5292E-02,0.027983344972097608
 3.5307E-02,0.02439165833996977
 3.5322E-02,0.020470277651712627
 3.5337E-02,0.016389797443039627
 3.5351E-02,0.012332269756555913
 3.5366E-02,0.008482080016741268
 3.5381E-02,0.0050158087867671255
 3.5396E-02,0.0020921346519837828
 3.5411E-02,-0.000157095456014944
 3.5426E-02,-0.001633678669782527
 3.5440E-02,-0.0022771774756583313
 3.5455E-02,-0.002066250350480579
 3.5470E-02,-0.001017540334567392
 3.5485E-02,0.0008172205658401898
 3.5500E-02,0.003355132335851209
 3.5514E-02,0.006486430178440651
 3.5529E-02,0.01007880542969101
 3.5544E-02,0.013981721524032863
 3.5559E-02,0.01803099233999619
 3.5574E-02,0.02205403094824729
 3.5588E-02,0.025876117890997787
 3.5603E-02,0.029327791577468728
 3.5618E-02,0.032253100463971035
 3.5633E-02,0.03451808740489932
 3.5648E-02,0.0360186169018347
 3.5662E-02,0.036686592797761236
 3.5677E-02,0.036493778186573685
 3.5692E-02,0.03545278561951717
 3.5707E-02,0.033615262216716284
 3.5722E-02,0.03106772979872052
 3.5737E-02,0.027925840415703725
 3.5751E-02,0.02432789951604191
 3.5766E-02,0.020428381656618942
 3.5781E-02,0.016391870876862537
 3.5796E-02,0.012387500636281055
 3.5811E-02,0.008583663433269759
 3.5825E-02,0.005142605115398739
 3.5840E-02,0.0022145621828988014
 3.5855E-02,-6.867153305474506e-05
 3.5870E-02,-0.0016005207577216723
 3.5885E-02,-0.0023061711409630026
 3.5899E-02,-0.002148059204026439
 3.5914E-02,-0.001129436643205197
 3.5929E-02,0.0007046990048952568
 3.5944E-02,0.0032696607461198063
 3.5959E-02,0.0064460084677856015
 3.5973E-02,0.01008680568712856
 3.5988E-02,0.014026305805052685
 3.6003E-02,0.01808904747509768
 3.6018E-02,0.022098436987235185
 3.6033E-02,0.025884185101691097
 3.6048E-02,0.029288357609954577
 3.6062E-02,0.03217017718623586
 3.6077E-02,0.0344099698423038
 3.6092E-02,0.03591271247070914
 3.6107E-02,0.03661149827790724
 3.6122E-02,0.036470947059499256
 3.6136E-02,0.03549024699913114
 3.6151E-02,0.03370524031280021
 3.6166E-02,0.031188853952204325
 3.6181E-02,0.02804927727467447
 3.6196E-02,0.024425585790716964
 3.6210E-02,0.020480929054768844
 3.6225E-02,0.01639382982404697
 3.6240E-02,0.012348465823950496
 3.6255E-02,0.00852494052378637
 3.6270E-02,0.005090465599428424
 3.6284E-02,0.002192107521859619
 3.6299E-02,-4.862293926321745e-05
 3.6314E-02,-0.001539428354646652
 3.6329E-02,-0.0022194824042860955
 3.6344E-02,-0.002060732775971728
 3.6359E-02,-0.001068604067990527
 3.6373E-02,0.0007177722489361245
 3.6388E-02,0.0032259533081763227
 3.6403E-02,0.006351588187286315
 3.6418E-02,0.00996130548948285
 3.6433E-02,0.01389747400805848
 3.6447E-02,0.01798496574203466
 3.6462E-02,0.02203968179980412
 3.6477E-02,0.025878222849249705
 3.6492E-02,0.029327803447652102
 3.6507E-02,0.032235406883756416
 3.6521E-02,0.034475288444167786
 3.6536E-02,0.035954234571160634
 3.6551E-02,0.036614393851110316
 3.6566E-02,0.036433903062722726
 3.6581E-02,0.0354258293278809
 3.6596E-02,0.0336360634357703
 3.6610E-02,0.03114071139457665
 3.6625E-02,0.028043284091074247
 3.6640E-02,0.02447166899099853
 3.6655E-02,0.02057459286373113
 3.6670E-02,0.016517146066758956
 3.6684E-02,0.012474989339381355
 3.6699E-02,0.00862709698884035
 3.6714E-02,0.005147242968571865
 3.6729E-02,0.0021948083981911714
 3.6744E-02,-9.422724479107468e-05
 3.6758E-02,-0.001615137723162899
 3.6773E-02,-0.002300268518037949
 3.6788E-02,-0.002122232341600973
 3.6803E-02,-0.001094295335004269
 3.6818E-02,0.0007318124506046234
 3.6832E-02,0.003270094876368303
 3.6847E-02,0.006405756915731784
 3.6862E-02,0.010001222640342138
 3.6877E-02,0.013902173222889532
 3.6892E-02,0.01794335905510907
 3.6907E-02,0.02195422641272011
 3.6921E-02,0.025764594284135807
 3.6936E-02,0.029210658557726157
 3.6951E-02,0.032141475049775985
 3.6966E-02,0.03442581933438826
 3.6981E-02,0.03595902105285289
 3.6995E-02,0.03666912162532702
 3.7010E-02,0.03652159282460149
 3.7025E-02,0.035521926330789745
 3.7040E-02,0.03371565411053187
 3.7055E-02,0.03118572676852111
 3.7069E-02,0.028047567576514335
 3.7084E-02,0.02444243272562885
 3.7099E-02,0.02052986588993287
 3.7114E-02,0.01648000594022307
 3.7129E-02,0.012466313673107193
 3.7143E-02,0.008658996175120802
 3.7158E-02,0.005219119793143738
 3.7173E-02,0.0022932042251132137
 3.7188E-02,8.039650114689996e-06
 3.7203E-02,-0.0015344230798907072
 3.7218E-02,-0.002262031898619241
 3.7232E-02,-0.002136896474644499
 3.7247E-02,-0.0011587902465029483
 3.7262E-02,0.0006331608304142471
 3.7277E-02,0.003161069240180472
 3.7292E-02,0.006311468719019912
 3.7306E-02,0.009941032862589258
 3.7321E-02,0.013884379931382609
 3.7336E-02,0.017963194003873938
 3.7351E-02,0.021995726766744116
 3.7366E-02,0.025805773236555706
 3.7380E-02,0.029230426222330554
 3.7395E-02,0.032126246061404705
 3.7410E-02,0.034373839418514275
 3.7425E-02,0.03588112403611929
 3.7440E-02,0.03658568983481488
 3.7454E-02,0.03645662198586384
 3.7469E-02,0.03549595502151099
 3.7484E-02,0.033739652115651615
 3.7499E-02,0.031257748107408584
 3.7514E-02,0.028153150808422747
 3.7529E-02,0.024558620870485215
 3.7543E-02,0.020631652398797964
 3.7558E-02,0.016547307181185262
 3.7573E-02,0.012489428057082481
 3.7588E-02,0.008640971362906053
 3.7603E-02,0.005174370485936889
 3.7617E-02,0.0022428285158918215
 3.7632E-02,-2.6754074605405114e-05
 3.7647E-02,-0.0015388246292235028
 3.7662E-02,-0.0022321531748487164
 3.7677E-02,-0.0020809860364974604
 3.7691E-02,-0.0010947925177271977
 3.7706E-02,0.0006829728910961559
 3.7721E-02,0.003176801593772276
 3.7736E-02,0.006281676034967224
 3.7751E-02,0.00986636080846691
 3.7766E-02,0.013777702140676609
 3.7780E-02,0.017846194028255637
 3.7795E-02,0.02189291880419947
 3.7810E-02,0.025737707873877483
 3.7825E-02,0.029208066594002918
 3.7840E-02,0.03214815379400679
 3.7854E-02,0.034426979480939535
 3.7869E-02,0.03594502834930357
 3.7884E-02,0.036638728413920484
 3.7899E-02,0.036482512147100674
 3.7914E-02,0.03548857742304257
 3.7928E-02,0.033704754367004916
 3.7943E-02,0.031211048092120112
 3.7958E-02,0.028115423661325013
 3.7973E-02,0.02454924619806198
 3.7988E-02,0.020662547792743808
 3.8002E-02,0.01661905029750454
 3.8017E-02,0.012590713877929448
 3.8032E-02,0.008751562164025384
 3.8047E-02,0.005270668099130546
 3.8062E-02,0.0023044341493174184
 3.8077E-02,-1.1406543071619622e-05
 3.8091E-02,-0.0015693934551254975
 3.8106E-02,-0.002296746570010545
 3.8121E-02,-0.0021598216523259057
 3.8136E-02,-0.001166065928448478
 3.8151E-02,0.0006367405627102313
 3.8165E-02,0.003163796347049762
 3.8180E-02,0.0062986496695703765
 3.8195E-02,0.009899926225267138
 3.8210E-02,0.013808663689335341
 3.8225E-02,0.01785561810905686
 3.8239E-02,0.021868137679303252
 3.8254E-02,0.02567646957894707
 3.8269E-02,0.029119591294575482
 3.8284E-02,0.032050771529313266
 3.8299E-02,0.034343036176761224
 3.8313E-02,0.03589455638764854
 3.8328E-02,0.036633744193719626
 3.8343E-02,0.03652361672617533
 3.8358E-02,0.03556485310242085
 3.8373E-02,0.03379697410446795
 3.8388E-02,0.03129723723630007
 3.8402E-02,0.02817712543288567
 3.8417E-02,0.024576646496666105
 3.8432E-02,0.020656966060194924
 3.8447E-02,0.016592092899656217
 3.8462E-02,0.012560377245019686
 3.8476E-02,0.008736470298668527
 3.8491E-02,0.005284169578226279
 3.8506E-02,0.002350312149926891
 3.8521E-02,5.965547572554493e-05
 3.8536E-02,-0.0014894340828251699
 3.8550E-02,-0.00222865447380972
 3.8565E-02,-0.002122845962852174
 3.8580E-02,-0.00117232649364565
 3.8595E-02,0.0005858453390164733
 3.8610E-02,0.003078111740053501
 3.8624E-02,0.006196566570307543
 3.8639E-02,0.009803252564749374
 3.8654E-02,0.013736563373580434
 3.8669E-02,0.017819384860952768
 3.8684E-02,0.021868322325771322
 3.8699E-02,0.025703184413198802
 3.8713E-02,0.02915587785454752
 3.8728E-02,0.032078014606278904
 3.8743E-02,0.03434680449167751
 3.8758E-02,0.035869128220795916
 3.8773E-02,0.03658397108140517
 3.8787E-02,0.036463572820007166
 3.8802E-02,0.03551367510712825
 3.8817E-02,0.03377313143928485
 3.8832E-02,0.03131293589115242
 3.8847E-02,0.028234505223848183
 3.8861E-02,0.024666895589348148
 3.8876E-02,0.020762610897277867
 3.8891E-02,0.01669178511720376
 3.8906E-02,0.012634769443480472
 3.8921E-02,0.008773463089887839
 3.8935E-02,0.005282010084319106
 3.8950E-02,0.002317665763895602
 3.8965E-02,1.2665575263548414e-05
 3.8980E-02,-0.001532203257152892
 3.8995E-02,-0.0022518852116215782
 3.9010E-02,-0.002119071710942898
 3.9024E-02,-0.0011441240251842334
 3.9039E-02,0.00062671010352932
 3.9054E-02,0.0031143203127666757
 3.9069E-02,0.006210585246400526
 3.9084E-02,0.0097827896018994
 3.9098E-02,0.013678529632125978
 3.9113E-02,0.017731180539440537
 3.9128E-02,0.021766057852157013
 3.9143E-02,0.02560734540495235
 3.9158E-02,0.029085697084782466
 3.9172E-02,0.03204619545888993
 3.9187E-02,0.034356136646569585
 3.9202E-02,0.035911977001006984
 3.9217E-02,0.036644772438016004
 3.9232E-02,0.03652357871548587
 3.9246E-02,0.03555653305188933
 3.9261E-02,0.03378964341927673
 3.9276E-02,0.031303595521180436
 3.9291E-02,0.02820908001242152
 3.9306E-02,0.024641202708078732
 3.9321E-02,0.02075346652213056
 3.9335E-02,0.01671164294222262
 3.9350E-02,0.012687647294685876
 3.9365E-02,0.008853367152525937
 3.9380E-02,0.005374323374251577
 3.9395E-02,0.0024030930055148115
 3.9409E-02,7.257833829644447e-05
 3.9424E-02,-0.0015105817888751312
 3.9439E-02,-0.0022719622423904144
 3.9454E-02,-0.002174046775631797
 3.9469E-02,-0.0012190585926608818
 3.9483E-02,0.0005505351326460567
 3.9498E-02,0.003054041904560186
 3.9513E-02,0.006176959362657649
 3.9528E-02,0.009777352589468765
 3.9543E-02,0.013693535711810267
 3.9558E-02,0.017752312465083075
 3.9572E-02,0.021777090648409443
 3.9587E-02,0.02559536765625671
 3.9602E-02,0.029045330548739725
 3.9617E-02,0.031981551093909856
 3.9632E-02,0.03427991651035256
 3.9646E-02,0.035841978499235184
 3.9661E-02,0.036598822681156426
 3.9676E-02,0.03651439279042409
 3.9691E-02,0.03558801215400289
 3.9706E-02,0.03385570098805023
 3.9720E-02,0.03138985026837207
 3.9735E-02,0.02829690819346879
 3.9750E-02,0.024712950284993707
 3.9765E-02,0.020797289273352552
 3.9780E-02,0.01672456482816988
 3.9794E-02,0.01267596430644589
 3.9809E-02,0.00883031298127365
 3.9824E-02,0.005355719551130461
 3.9839E-02,0.00240229253094399
 3.9854E-02,9.62085890955258e-05
 3.9869E-02,-0.0014648175685161092
 3.9883E-02,-0.0022147790950823166
 3.9898E-02,-0.0021215205313729916
 3.9913E-02,-0.0011879187957490552
 3.9928E-02,0.0005478773742906371
 3.9943E-02,0.0030132703160595286
 3.9957E-02,0.006103322921929867
 3.9972E-02,0.009684394347339585
 3.9987E-02,0.01359944601455678
 4.0002E-02,0.017674967068119364
 4.0017E-02,0.02172921807123048
 4.0031E-02,0.025581250109523376
 4.0046E-02,0.02905998969134983
 4.0061E-02,0.03201263646935464
 4.0076E-02,0.03431171709221386
 4.0091E-02,0.03586035259131038
 4.0105E-02,0.03659557425058715
 4.0120E-02,0.036489792618005584
 4.0135E-02,0.035550718889774166
 4.0150E-02,0.03382011376856247
 4.0165E-02,0.03137168900243032
 4.0180E-02,0.02830834235057473
 4.0194E-02,0.024758727114611988
 4.0209E-02,0.02087301160048997
 4.0224E-02,0.01681762919104017
 4.0239E-02,0.01276888419836436
 4.0254E-02,0.008905452721831589
 4.0268E-02,0.0054000569300322165
 4.0283E-02,0.0024108295448530314
 4.0298E-02,7.305478397469888e-05
 4.0313E-02,-0.00150797795184636
 4.0328E-02,-0.0022623598285681505
 4.0342E-02,-0.0021587495591857625
 4.0357E-02,-0.0012052056987436393
 4.0372E-02,0.0005522024308958135
 4.0387E-02,0.0030326405246467554
 4.0402E-02,0.006125120316323515
 4.0416E-02,0.00969397873304737
 4.0431E-02,0.013584826646328305
 4.0446E-02,0.0176307266990973
 4.0461E-02,0.021658518283611584
 4.0476E-02,0.02549531147075684
 4.0491E-02,0.02897518482516217
 4.0505E-02,0.03194603925512385
 4.0520E-02,0.03427640816167372
 4.0535E-02,0.03586185405446744
 4.0550E-02,0.036630452935995164
 4.0565E-02,0.03654682994157406
 4.0579E-02,0.03561428762567762
 4.0594E-02,0.033874753206740583
 4.0609E-02,0.03140652296935237
 4.0624E-02,0.0283200412155669
 4.0639E-02,0.02475215604639046
 4.0653E-02,0.020859399342032073
 4.0668E-02,0.016810827304578356
 4.0683E-02,0.012780847910645595
 4.0698E-02,0.008942296985007672
 4.0713E-02,0.005459862813292013
 4.0727E-02,0.0024838530637345383
 4.0742E-02,0.00014427960319217305
 4.0757E-02,-0.0014546910248240813
 4.0772E-02,-0.0022397391132837428
 4.0787E-02,-0.0021725156843099844
 4.0802E-02,-0.0012524555843808987
 4.0816E-02,0.0004821670182163411
 4.0831E-02,0.0029552889551669893
 4.0846E-02,0.006056360652696104
 4.0861E-02,0.0096457813991166
 4.0876E-02,0.013562076138942385
 4.0890E-02,0.01763020847170755
 4.0905E-02,0.02167031751258305
 4.0920E-02,0.025506189133598034
 4.0935E-02,0.02897291368245624
 4.0950E-02,0.03192340028893947
 4.0964E-02,0.03423365085246631
 4.0979E-02,0.035806881729150676
 4.0994E-02,0.03657667169434788
 4.1009E-02,0.03650929498675447
 4.1024E-02,0.03560528711414158
 4.1039E-02,0.03390013639913936
 4.1053E-02,0.031463857677492
 4.1068E-02,0.028399142718060554
 4.1083E-02,0.024837828739035415
 4.1098E-02,0.020935582448310532
 4.1113E-02,0.016864929214906663
 4.1127E-02,0.01280700833885259
 4.1142E-02,0.008942642060314173
 4.1157E-02,0.005443415719366421
 4.1172E-02,0.0024634535207346733
 4.1187E-02,0.00013244592990030533
 4.1201E-02,-0.0014497219927279196
 4.1216E-02,-0.0022166216578184063
 4.1231E-02,-0.0021372871600895053
 4.1246E-02,-0.0012167707072308844
 4.1261E-02,0.0005045344917723911
 4.1275E-02,0.002952643101891834
 4.1290E-02,0.006022739534693927
 4.1305E-02,0.009582991003747692
 4.1320E-02,0.013479495133965153
 4.1335E-02,0.01754240952698928
 4.1350E-02,0.02159319096104346
 4.1364E-02,0.02545269414151083
 4.1379E-02,0.028949691060284652
 4.1394E-02,0.0319292266150894
 4.1409E-02,0.03426017009943506
 4.1424E-02,0.03584137856304566
 4.1438E-02,0.03660604937174166
 4.1453E-02,0.03652406900636064
 4.1468E-02,0.03560240791852521
 4.1483E-02,0.033883809083760014
 4.1498E-02,0.03144412709638143
 4.1512E-02,0.02838867874960738
 4.1527E-02,0.024847880156869992
 4.1542E-02,0.02097231103837756
 4.1557E-02,0.016927218417417945
 4.1572E-02,0.012886400436894612
 4.1586E-02,0.009025427686827098
 4.1601E-02,0.005514266695036494
 4.1616E-02,0.0025095407394029215
 4.1631E-02,0.00014684804009842478
 4.1646E-02,-0.0014662993366170482
 4.1661E-02,-0.0022562979342099594
 4.1675E-02,-0.0021874775421240975
 4.1690E-02,-0.0012639362060424776
 4.1705E-02,0.00047096304521892975
 4.1720E-02,0.0029373155045584304
 4.1735E-02,0.006023266547418663
 4.1749E-02,0.009590968175312423
 4.1764E-02,0.013483351332245722
 4.1779E-02,0.017531223488930114
 4.1794E-02,0.021560333551259907
 4.1809E-02,0.025398205074905464
 4.1823E-02,0.028880672327387308
 4.1838E-02,0.03185812127453975
 4.1853E-02,0.03420142144759469
 4.1868E-02,0.03580744530178958
 4.1883E-02,0.03660394425676961
 4.1897E-02,0.03655343424238639
 4.1912E-02,0.03565568620112564
 4.1927E-02,0.03394845029829325
 4.1942E-02,0.03150617186197695
 4.1957E-02,0.028436659236859795
 4.1972E-02,0.024875893896464992
 4.1986E-02,0.020981377744196585
 4.2001E-02,0.016924545070158992
 4.2016E-02,0.012882801216662396
 4.2031E-02,0.009031688266628549
 4.2046E-02,0.005537547664944053
 4.2060E-02,0.00255089516418032
 4.2075E-02,0.00020059245846851433
 4.2090E-02,-0.0014111713854035046
 4.2105E-02,-0.002213072762585417
 4.2120E-02,-0.00216793918151942
 4.2134E-02,-0.0012749511335787185
 4.2149E-02,0.0004294968466566776
 4.2164E-02,0.0028725565969770473
 4.2179E-02,0.005947529112071187
 4.2194E-02,0.009518385080588084
 4.2208E-02,0.013426071062521576
 4.2223E-02,0.017496243802666907
 4.2238E-02,0.02154788466333915
 4.2253E-02,0.025402137318830266
 4.2268E-02,0.028890711885538153
 4.2283E-02,0.03186330689219158
 4.2297E-02,0.03419368803314625
 4.2312E-02,0.03578428015171453
 4.2327E-02,0.036569320550470574
 4.2342E-02,0.03651674152449973
 4.2357E-02,0.035628975273213195
 4.2371E-02,0.033942812056266286
 4.2386E-02,0.03152832675407786
 4.2401E-02,0.028486770460689547
 4.2416E-02,0.024947253617054455
 4.2431E-02,0.021062061345103394
 4.2445E-02,0.017000549404597637
 4.2460E-02,0.012941750475976128
 4.2475E-02,0.009066031661304267
 4.2490E-02,0.0055463308388062045
 4.2505E-02,0.0025396125103258576
 4.2520E-02,0.00017919285032410876
 4.2534E-02,-0.001431514231677522
 4.2549E-02,-0.0022234589489721276
 4.2564E-02,-0.0021644742071130463
 4.2579E-02,-0.001259907864537529
 4.2594E-02,0.00044842153395253893
 4.2608E-02,0.002884663374310613
 4.2623E-02,0.005942494311687684
 4.2638E-02,0.009489591585322338
 4.2653E-02,0.013372900703268855
 4.2668E-02,0.01742464363446058
 4.2682E-02,0.021469025718829353
 4.2697E-02,0.025329545020878
 4.2712E-02,0.02883669736185311
 4.2727E-02,0.031835734868676836
 4.2742E-02,0.034194018096168004
 4.2756E-02,0.03580744259929288
 4.2771E-02,0.03660544686439101
 4.2786E-02,0.036554223413778106
 4.2801E-02,0.035657937652339315
 4.2816E-02,0.03395796953337524
 4.2831E-02,0.03153038377660555
 4.2845E-02,0.028481964088533533
 4.2860E-02,0.0249451930189579
 4.2875E-02,0.021072523794787672
 4.2890E-02,0.01703019909309035
 4.2905E-02,0.012991764689362893
 4.2919E-02,0.009131345962675123
 4.2934E-02,0.005616734032479665
 4.2949E-02,0.0026023767742487376
 4.2964E-02,0.00022247508200442774
 4.2979E-02,-0.0014154865697705102
 4.2993E-02,-0.0022363374237045763
 4.3008E-02,-0.002201459970346719
 4.3023E-02,-0.0013112259190175713
 4.3038E-02,0.00039468555643452875
 4.3053E-02,0.002839197945272546
 4.3067E-02,0.00591185037280043
 4.3082E-02,0.009474567681992308
 4.3097E-02,0.013368682960953868
 4.3112E-02,0.017422640217638088
 4.3127E-02,0.02145983545707414
 4.3142E-02,0.025306165339089057
 4.3156E-02,0.02879700640529276
 4.3171E-02,0.0317834981271471
 4.3186E-02,0.03413810779290872
 4.3201E-02,0.03575948915325793
 4.3216E-02,0.036576608209916074
 4.3230E-02,0.0365520210290506
 4.3245E-02,0.0356840894678322
 4.3260E-02,0.034007855305834236
 4.3275E-02,0.03159429634596143
 4.3290E-02,0.028547774297665786
 4.3304E-02,0.025001643364072935
 4.3319E-02,0.02111218779536012
 4.3334E-02,0.017051250839186485
 4.3349E-02,0.012998061703410339
 4.3364E-02,0.009130830059088801
 4.3378E-02,0.005618650033069201
 4.3393E-02,0.0026141522348139936
 4.3408E-02,0.00024719649219942866
 4.3423E-02,-0.0013802488101876352
 4.3438E-02,-0.002198005412215146
 4.3453E-02,-0.0021703786690177775
 4.3467E-02,-0.0012976552329852405
 4.3482E-02,0.0003836335806907832
 4.3497E-02,0.002801776672870216
 4.3512E-02,0.005852397033978976
 4.3527E-02,0.009402505960434614
 4.3541E-02,0.013296093295097731
 4.3556E-02,0.01736109891163344
 4.3571E-02,0.021417436112944502
 4.3586E-02,0.025285580752640317
 4.3601E-02,0.028795141632808788
 4.3615E-02,0.03179281604588679
 4.3630E-02,0.03414921559521813
 4.3645E-02,0.03576420382321521
 4.3660E-02,0.036570581175637336
 4.3675E-02,0.03653613784856373
 4.3689E-02,0.03566422895518996
 4.3704E-02,0.03399308369280586
 4.3719E-02,0.03159403916531181
 4.3734E-02,0.02856881259852318
 4.3749E-02,0.025045831944778395
 4.3764E-02,0.021175577650443953
 4.3778E-02,0.01712488171472332
 4.3793E-02,0.013070198338191914
 4.3808E-02,0.009189993373778248
 4.3823E-02,0.0056565658953874115
 4.3838E-02,0.0026277706699451156
 4.3852E-02,0.00023921180522788483
 4.3867E-02,-0.0014025052359668345
 4.3882E-02,-0.0022249532098643655
 4.3897E-02,-0.0021931415323727392
 4.3912E-02,-0.001310705211040197
 4.3926E-02,0.00038091591265672874
 4.3941E-02,0.0028050772541207605
 4.3956E-02,0.005853974849177913
 4.3971E-02,0.009393775002730352
 4.3986E-02,0.013270506172167197
 4.4000E-02,0.017177099285693283
