67,0.0
67,2.1139856077813844e-05
67,2.1139856077813844e-05
67,2.1138420511936206e-05
67,2.1113641986159602e-05
67,2.1051010741440566e-05
67,2.098779226760816e-05
67,2.1101499521333155e-05
67,2.149833738297603e-05
67,2.2240945241109167e-05
67,2.3390802099254892e-05
67,2.4957100410991003e-05
67,2.6854432561111107e-05
67,2.8933066086923212e-05
67,3.102726036048177e-05
67,3.300699429930862e-05
67,3.480893634194915e-05
67,3.640914332793233e-05
67,3.774982854934784e-05
67,3.8689729164658586e-05
67,3.9094693487902603e-05
67,3.8989466043381914e-05
67,3.851835372424997e-05
67,3.77727942970058e-05
67,3.6716518754967373e-05
67,3.526979626853506e-05
67,3.348896189940779e-05
67,3.162413609345607e-05
67,2.995358144035408e-05
67,2.858448104244237e-05
67,2.7392906992416588e-05
67,2.6167559885478226e-05
67,2.4867461977467732e-05
67,2.3713061572803305e-05
67,2.299676400409986e-05
67,2.2840260743974617e-05
67,2.3136537224201892e-05
67,2.366705795465117e-05
67,2.4249326020512986e-05
67,2.4816969643489793e-05
67,2.5406224913468953e-05
67,2.6052504889311908e-05
67,2.6669620950702036e-05
67,2.7054671216688403e-05
67,2.7037959931329218e-05
67,2.663261288253467e-05
67,2.6059868721185403e-05
67,2.560594830689955e-05
67,2.540483689582302e-05
67,2.534909576430171e-05
67,2.5214915515991654e-05
67,2.4906286491269972e-05
67,2.457897910522959e-05
67,2.44753287049501e-05
67,2.466808888771167e-05
67,2.5022857318854348e-05
67,2.53769103642524e-05
67,2.5719549719720176e-05
67,2.621066511353828e-05
67,2.7030951610100507e-05
67,2.8198797289964847e-05
67,2.9501004377480597e-05
67,3.061804900170904e-05
67,3.13697739531441e-05
67,3.1819737820511245e-05
67,3.2126452033780284e-05
67,3.236534208101099e-05
67,3.250985660073294e-05
67,3.250272366819589e-05
67,3.229463506126592e-05
67,3.1835863272694536e-05
67,3.110501967125029e-05
67,3.0191419480835775e-05
67,2.92894551977841e-05
67,2.856892136906687e-05
67,2.807338581257783e-05
67,2.773510874738964e-05
67,2.7485037110331876e-05
67,2.7347757488419572e-05
67,2.7384112308590288e-05
67,2.755880123514594e-05
67,2.7732873449449983e-05
67,2.780217736061651e-05
67,2.782853246343575e-05
67,2.799592780135962e-05
67,2.8413356248330806e-05
67,2.8978012308316214e-05
67,2.9409947490702717e-05
67,2.9414805916624617e-05
67,2.8878202036352048e-05
67,2.7923916500374894e-05
67,2.677492688928819e-05
67,2.5583487568676312e-05
67,2.439158018982772e-05
67,2.3211692133400464e-05
67,2.209568630604928e-05
67,2.1100300609981926e-05
67,2.0242477625880507e-05
67,1.9545049163427435e-05
67,1.9073986953747388e-05
67,1.8882349273161584e-05
67,1.896028996933352e-05
67,1.9278651577669455e-05
67,1.9862717816658717e-05
67,2.077263416475128e-05
67,2.1986953709421945e-05
67,2.334716403463554e-05
67,2.46563988867263e-05
67,2.5836058559173184e-05
67,2.697878093565826e-05
67,2.8209825398239673e-05
67,2.947897665176641e-05
67,3.0531521885693315e-05
67,3.1100687582982165e-05
67,3.111479909199132e-05
67,3.072151169585436e-05
67,3.0123063840007986e-05
67,2.940873120818825e-05
67,2.854213763925168e-05
67,2.746615549842606e-05
67,2.6206986645029975e-05
67,2.4887353530373478e-05
67,2.3632578502008487e-05
67,2.2480561308351173e-05
67,2.141029196487373e-05
67,2.0439344925501225e-05
67,1.965394853982752e-05
67,1.9142843135054287e-05
67,1.893830311730939e-05
67,1.9026032432930375e-05
67,1.936183841753699e-05
67,1.986427682354978e-05
67,2.0439410038066145e-05
67,2.1028178641198957e-05
67,2.160304676393552e-05
67,2.2115179557836984e-05
67,2.2464528198306904e-05
67,2.2541427177409724e-05
67,2.230526313726649e-05
67,2.1825486998541407e-05
67,2.1255051355431083e-05
67,2.074782136655291e-05
67,2.0376803128216894e-05
67,2.0133071373415887e-05
67,1.997795905338205e-05
67,1.9857616839049385e-05
67,1.969781443085774e-05
67,1.944653587127898e-05
67,1.913828699583549e-05
67,1.8896211166410272e-05
67,1.8855511051665946e-05
67,1.9085282344329273e-05
67,1.9567844517192717e-05
67,2.0226931150568732e-05
67,2.0988158649996694e-05
67,2.1830123362319328e-05
67,2.276322010888271e-05
67,2.3771966155748192e-05
67,2.4828324335557875e-05
67,2.5965819434809584e-05
67,2.7272668173616614e-05
67,2.8752514842034983e-05
67,3.022312229035737e-05
67,3.142405724321879e-05
67,3.2224663903933363e-05
67,3.27014192873691e-05
67,3.305098526817763e-05
67,3.345690806000073e-05
67,3.4005200218906515e-05
67,3.4687437651711944e-05
67,3.5453394491893864e-05
67,3.623462949796306e-05
67,3.692717180671627e-05
67,3.740395088183755e-05
67,3.759729468459381e-05
67,3.756761760418721e-05
67,3.7463258309000475e-05
67,3.741892860142113e-05
67,3.748843749965271e-05
67,3.7627435148671535e-05
67,3.771218552269094e-05
67,3.759078681054697e-05
67,3.714681579486834e-05
67,3.634259943982521e-05
67,3.5230156167085434e-05
67,3.394923589626015e-05
67,3.270130693576661e-05
67,3.1654576054312736e-05
67,3.083995700744365e-05
67,3.0175494534129828e-05
67,2.9589854382301338e-05
67,2.906401012176651e-05
67,2.855490765898607e-05
67,2.795898959240553e-05
67,2.7201822040795073e-05
67,2.6331048571467516e-05
67,2.5479086244660046e-05
67,2.4754116177485245e-05
67,2.418668680505218e-05
67,2.3750549374406763e-05
67,2.3415621130121314e-05
67,2.318590880711779e-05
67,2.307734966577601e-05
67,2.306037492161761e-05
67,2.305094501385456e-05
67,2.297469111036321e-05
67,2.282301202379162e-05
67,2.26230107733564e-05
67,2.2370477552704718e-05
67,2.2022067497769493e-05
67,2.1537754614172002e-05
67,2.091135464481517e-05
67,2.0176533426890327e-05
67,1.9395156079309236e-05
67,1.8632835983769687e-05
67,1.7948946127245846e-05
67,1.7416866595697583e-05
67,1.7133127520903756e-05
67,1.716566512453034e-05
67,1.7486075466732366e-05
67,1.799145297578806e-05
67,1.86014778052785e-05
67,1.9295783456652788e-05
67,2.006343783580633e-05
67,2.087667672075702e-05
67,2.1728409153892562e-05
67,2.2650558065599484e-05
67,2.367005239416205e-05
67,2.4761340579384843e-05
67,2.5846326400960553e-05
67,2.6822545974736e-05
67,2.7598821992933713e-05
67,2.813421889388006e-05
67,2.8447990782410153e-05
67,2.8586431979748908e-05
67,2.8589053741105082e-05
67,2.8481030313666444e-05
67,2.826951486530704e-05
67,2.7931282855421994e-05
67,2.7418996196645596e-05
67,2.6700377849570173e-05
67,2.5790140707036163e-05
67,2.4739347283610043e-05
67,2.361074932341873e-05
67,2.2477552517302393e-05
67,2.1434876068482622e-05
67,2.0599585537007502e-05
67,2.0090913140525747e-05
67,1.9988833692822316e-05
67,2.0285793100360044e-05
67,2.088153938041753e-05
67,2.1645533020600886e-05
67,2.248370629679338e-05
67,2.33332319012003e-05
67,2.4116371602156382e-05
67,2.4739478150465465e-05
67,2.514109216964416e-05
67,2.53286703776206e-05
67,2.5376839917194276e-05
67,2.5396807690111952e-05
67,2.5487249602362394e-05
67,2.5684071452900952e-05
67,2.5943039414853104e-05
67,2.617442623867413e-05
67,2.630219100965881e-05
67,2.6302769280325923e-05
67,2.620566693387503e-05
67,2.6064960480756445e-05
67,2.5924872508599256e-05
67,2.5805735084192895e-05
67,2.5717930120200865e-05
67,2.56836158405097e-05
67,2.573774239471726e-05
67,2.590425262851167e-05
67,2.6175271666423816e-05
67,2.651892364172444e-05
67,2.6912944287876075e-05
67,2.7378123817052268e-05
67,2.7974646584969868e-05
67,2.874845542067464e-05
67,2.9675111843314818e-05
67,3.066062995431446e-05
67,3.1588531643633844e-05
67,3.2356449042906306e-05
67,3.288877925543494e-05
67,3.3155310240173236e-05
67,3.319213670937919e-05
67,3.308387520633342e-05
67,3.2909882883037166e-05
67,3.270887850117151e-05
67,3.24877314624877e-05
67,3.224951612702976e-05
67,3.200840741274231e-05
67,3.1777609580272386e-05
67,3.15456941178089e-05
67,3.127695995864382e-05
67,3.094938277284798e-05
67,3.0593035340405105e-05
67,3.02753353223706e-05
67,3.0033811877657542e-05
67,2.9821349638331055e-05
67,2.951759176567597e-05
67,2.8997034279172478e-05
67,2.82042243962066e-05
67,2.71854815691606e-05
67,2.6058541049532742e-05
67,2.495466627908668e-05
67,2.398785802499664e-05
67,2.3257683824566824e-05
67,2.283717009776283e-05
67,2.272482347556434e-05
67,2.2818348181450994e-05
67,2.296227302550025e-05
67,2.3026638953537445e-05
67,2.2946470143158315e-05
67,2.2724917579026925e-05
67,2.2433951147009332e-05
67,2.2201161349819444e-05
67,2.216014889914284e-05
67,2.2389528460522574e-05
67,2.2883855843414056e-05
67,2.3564040247823175e-05
67,2.431202612811639e-05
67,2.5017619169671238e-05
67,2.5613049829661454e-05
67,2.6071435318471867e-05
67,2.6386136962486238e-05
67,2.656434982237102e-05
67,2.6629707025636563e-05
67,2.6605332251923592e-05
67,2.6482175175426656e-05
67,2.621111508261956e-05
67,2.5734938058859947e-05
67,2.5034049559551434e-05
67,2.4156099980939073e-05
67,2.321697730672212e-05
67,2.2368466822660944e-05
67,2.1747053203408e-05
67,2.1440213422294094e-05
67,2.1484033897260612e-05
67,2.186515611008592e-05
67,2.2513036570949935e-05
67,2.3311760150867356e-05
67,2.414626197610097e-05
67,2.4942258464004115e-05
67,2.566478395346121e-05
67,2.6299807142174722e-05
67,2.6849887288645203e-05
67,2.732977819097165e-05
67,2.7745421273071643e-05
67,2.8076148817724562e-05
67,2.8281203224196263e-05
67,2.8321252728552707e-05
67,2.817782260993088e-05
67,2.7866082949870867e-05
67,2.7433172989516053e-05
67,2.693257576843215e-05
67,2.6392145692951404e-05
67,2.5807267460609967e-05
67,2.5158882933002507e-05
67,2.4429321206028958e-05
67,2.3606780062556125e-05
67,2.269292868378135e-05
67,2.171882384902092e-05
67,2.0755794955560408e-05
67,1.991133995713747e-05
67,1.9311201804523293e-05
67,1.9069075188978287e-05
67,1.9249976627720333e-05
67,1.984599885589971e-05
67,2.077770048792453e-05
67,2.191353635818651e-05
67,2.3096587487247903e-05
67,2.4178084351456465e-05
67,2.5051196633962356e-05
67,2.566825757448787e-05
67,2.6038575459410044e-05
67,2.622061977355411e-05
67,2.6309241546361575e-05
67,2.640428438330134e-05
67,2.656765048332084e-05
67,2.6800126769002387e-05
67,2.7055274922322857e-05
67,2.7274587797069702e-05
67,2.7417167644698835e-05
67,2.7472435029172117e-05
67,2.745929160836952e-05
67,2.7416686490688842e-05
67,2.7389393003157427e-05
67,2.741302104241661e-05
67,2.749934220579685e-05
67,2.7623873195729193e-05
67,2.7726350276795408e-05
67,2.7735781769067008e-05
67,2.7612945830554034e-05
67,2.738157134930313e-05
67,2.7124190745542703e-05
67,2.6947720964469763e-05
67,2.6943354853144793e-05
67,2.7158217272485488e-05
67,2.758080966516738e-05
67,2.813984700619215e-05
67,2.872294415137392e-05
67,2.9215823710870258e-05
67,2.954141190821885e-05
67,2.9673868706956567e-05
67,2.96293049476806e-05
67,2.9454496301088455e-05
67,2.9220699781226307e-05
67,2.9009833726454783e-05
67,2.888615443154068e-05
67,2.8867941688323663e-05
67,2.892210734269714e-05
67,2.899054711264815e-05
67,2.9031650504423623e-05
67,2.9044050347920394e-05
67,2.90530601817894e-05
67,2.9075246889982303e-05
67,2.909371681530397e-05
67,2.9059844918138e-05
67,2.891276734229515e-05
67,2.860027112095199e-05
67,2.809219157593541e-05
67,2.738765047312342e-05
67,2.6521589424879133e-05
67,2.5571550544008063e-05
67,2.4655764674211165e-05
67,2.3910948897842137e-05
67,2.3453657772601585e-05
67,2.3346156209682508e-05
67,2.3580849095451645e-05
67,2.4079368057420117e-05
67,2.4705833244075732e-05
67,2.5306528832396014e-05
67,2.577105264359954e-05
67,2.6075576601538905e-05
67,2.6274250327072066e-05
67,2.6452791997734407e-05
67,2.6684432498310397e-05
67,2.700744482568153e-05
67,2.7419119271120825e-05
67,2.7878948667143684e-05
67,2.8317763335905437e-05
67,2.865200851168751e-05
67,2.8806572368025275e-05
67,2.8745139844325556e-05
67,2.8490172576016482e-05
67,2.8110439098731374e-05
67,2.76793658243065e-05
67,2.7233723557294668e-05
67,2.67575136866625e-05
67,2.6194154771560182e-05
67,2.5478201146733525e-05
67,2.4574328854478044e-05
67,2.3506794840209345e-05
67,2.2364657602939074e-05
67,2.128195645839267e-05
67,2.0403674436546078e-05
67,1.9847980098682664e-05
67,1.9674446040777303e-05
67,1.9870917726240136e-05
67,2.036344709305092e-05
67,2.1037854536715042e-05
67,2.1762700568988427e-05
67,2.2416646397646492e-05
67,2.2918899381930987e-05
67,2.3245562097460003e-05
67,2.342024915056518e-05
67,2.3490728514271485e-05
67,2.350918480688549e-05
67,2.3518583748489174e-05
67,2.3541636338828737e-05
67,2.357709831751404e-05
67,2.3607801903232588e-05
67,2.3614067014228193e-05
67,2.358361259453423e-05
67,2.3515784622521575e-05
67,2.3420122872023746e-05
67,2.330802851634941e-05
67,2.3181714813041434e-05
67,2.303014009091351e-05
67,2.2835033893692304e-05
67,2.2580652097857273e-05
67,2.2263422650952184e-05
67,2.190393401982506e-05
67,2.155871279285105e-05
67,2.132025295303225e-05
67,2.1297543236163084e-05
67,2.1583190378081927e-05
67,2.2221240929009954e-05
67,2.3187690664996013e-05
67,2.439034819972794e-05
67,2.568904714440868e-05
67,2.693116121669387e-05
67,2.7992949644897057e-05
67,2.8813840795595118e-05
67,2.940883674296221e-05
67,2.985070615877973e-05
67,3.0229941016414688e-05
67,3.061376841472092e-05
67,3.102298693344456e-05
67,3.143129715627148e-05
67,3.178161568978794e-05
67,3.201259682576351e-05
67,3.208725789036672e-05
67,3.201123148229525e-05
67,3.183014343058564e-05
67,3.160764285578174e-05
67,3.139664019454069e-05
67,3.121662393237716e-05
67,3.104435218196034e-05
67,3.0821185341989134e-05
67,3.0475920163503304e-05
67,2.995548813366701e-05
67,2.9252410009383992e-05
67,2.841960338385721e-05
67,2.756590471206821e-05
67,2.68289836446632e-05
67,2.6331570137842332e-05
67,2.6140200278680414e-05
67,2.624782011446512e-05
67,2.6584353896350323e-05
67,2.7040374263130102e-05
67,2.74903575699968e-05
67,2.7816550624683177e-05
67,2.7937226789604363e-05
67,2.783058631332419e-05
67,2.753925410683154e-05
67,2.7151156974849628e-05
67,2.676644352685538e-05
67,2.6464287943580193e-05
67,2.6281225187740086e-05
67,2.6207563287306906e-05
67,2.620007076380056e-05
67,2.620323461866202e-05
67,2.6171641094170257e-05
67,2.6086461945815896e-05
67,2.5957733355538696e-05
67,2.5809328270274346e-05
67,2.5655987678615388e-05
67,2.5487820172234577e-05
67,2.5270240420061708e-05
67,2.495713720681988e-05
67,2.451158035521366e-05
67,2.392773430237276e-05
67,2.3246183524476182e-05
67,2.2555891586880205e-05
67,2.1979695212041924e-05
67,2.1643174731191385e-05
67,2.1632075086583793e-05
67,2.1955158605349146e-05
67,2.2536061902256574e-05
67,2.3243086613618222e-05
67,2.3939339673516584e-05
67,2.4526172789724364e-05
67,2.496588533231514e-05
67,2.5282363656459688e-05
67,2.5540971418912293e-05
67,2.581393335569209e-05
67,2.6146517184167424e-05
67,2.6538981230139708e-05
67,2.6948578618212605e-05
67,2.7307927360552358e-05
67,2.7553061903811103e-05
67,2.7649811479021575e-05
67,2.7605337614145005e-05
67,2.7460130745832466e-05
67,2.7266696922132274e-05
67,2.7064068908679453e-05
67,2.6856251845056872e-05
67,2.6604228304235673e-05
67,2.6239291287138067e-05
67,2.5694442056605075e-05
67,2.4939172548013512e-05
67,2.4002292855530277e-05
67,2.297484654487332e-05
67,2.1992420703603047e-05
67,2.120269417416747e-05
67,2.0729842854378387e-05
67,2.0646743254904714e-05
67,2.095921869092982e-05
67,2.1603578415982025e-05
67,2.2460782753435763e-05
67,2.3387104147817867e-05
67,2.425098415087659e-05
67,2.4962145929787127e-05
67,2.5486062993133262e-05
67,2.584316573231602e-05
67,2.609293465873411e-05
67,2.6306294714543194e-05
67,2.6536732252617375e-05
67,2.6801880028939067e-05
67,2.7080722208433758e-05
67,2.73252753414537e-05
67,2.748255283496451e-05
67,2.7518326133149227e-05
67,2.743080119481537e-05
67,2.7247461686597524e-05
67,2.700920666121764e-05
67,2.6751408398361365e-05
67,2.6489456618237013e-05
67,2.6213704386875502e-05
67,2.5897128773556786e-05
67,2.551424013535262e-05
67,2.506325217525809e-05
67,2.4581555212328465e-05
67,2.4147621178984082e-05
67,2.3866285260215634e-05
67,2.3838879813347442e-05
67,2.412717457979402e-05
67,2.4726381486139312e-05
67,2.5560463755138826e-05
67,2.6502775795398284e-05
67,2.741366701536055e-05
67,2.8179905650798647e-05
67,2.874085929164099e-05
67,2.9093346199120987e-05
67,2.927722812333616e-05
67,2.9350782120905416e-05
67,2.9365930921274607e-05
67,2.935121314408518e-05
67,2.9307415619096108e-05
67,2.9216319079503524e-05
67,2.9057212449500588e-05
67,2.882262849508329e-05
67,2.8526725245071034e-05
67,2.820376220893504e-05
67,2.7896735425601248e-05
67,2.7639004592997153e-05
67,2.7436108298573373e-05
67,2.7257168563827867e-05
67,2.7041793937318992e-05
67,2.672148739102505e-05
67,2.624845520866255e-05
67,2.5620793498987487e-05
67,2.4892572780225798e-05
67,2.4163138904863146e-05
67,2.3550363500943077e-05
67,2.3159384569521644e-05
67,2.3056416554533767e-05
67,2.3251709275320207e-05
67,2.369423638970302e-05
67,2.42817760408887e-05
67,2.4886868921443158e-05
67,2.5391640860178596e-05
67,2.5719951439092807e-05
67,2.585695325422047e-05
67,2.5849933765130484e-05
67,2.5788535796940674e-05
67,2.5769696359446218e-05
67,2.5860899248272684e-05
67,2.6077424032973052e-05
67,2.6382621303358505e-05
67,2.670934680194533e-05
67,2.699093975994356e-05
67,2.718601865172706e-05
67,2.7286496626257187e-05
67,2.7309557685185787e-05
67,2.728193793116358e-05
67,2.7223849827817584e-05
67,2.7136190733373406e-05
67,2.6994474639532206e-05
67,2.6754044135707033e-05
67,2.6368506846444635e-05
67,2.5816792834391707e-05
67,2.5127628787304835e-05
67,2.4387754862225708e-05
67,2.3725281970271314e-05
67,2.3272134065846966e-05
67,2.3121891376422843e-05
67,2.3301364994976828e-05
67,2.3765419828454435e-05
67,2.4414306598145235e-05
67,2.5126535547346788e-05
67,2.5795594213958264e-05
67,2.6356153949534642e-05
67,2.6790630850790886e-05
67,2.711842526100632e-05
67,2.7377169889528585e-05
67,2.76035938979055e-05
67,2.7818092074599098e-05
67,2.801657947359492e-05
67,2.8172499275127186e-05
67,2.8248550647957954e-05
67,2.8213966728628714e-05
67,2.8060305744660247e-05
67,2.7807177523801276e-05
67,2.7492524200833792e-05
67,2.715141191737866e-05
67,2.679576468227514e-05
67,2.6406812369214803e-05
67,2.5943736103451805e-05
67,2.536406726173584e-05
67,2.464763677045909e-05
67,2.3815133014492034e-05
67,2.2934266382519823e-05
67,2.2111229707519908e-05
67,2.1469850593503846e-05
67,2.1123114256747537e-05
67,2.11432458489909e-05
67,2.153883388772882e-05
67,2.2247646024732663e-05
67,2.3149246060922426e-05
67,2.4094818126787125e-05
67,2.494609157564895e-05
67,2.561129841107298e-05
67,2.6065091004470986e-05
67,2.634473311531298e-05
67,2.652536047297528e-05
67,2.6685502087169773e-05
67,2.6875935271312544e-05
67,2.710245581882407e-05
67,2.732845947219854e-05
67,2.749558582470506e-05
67,2.755218171498487e-05
67,2.7476176581035136e-05
67,2.7283407692494184e-05
67,2.701979164906162e-05
67,2.6741452023498527e-05
67,2.6490772327239274e-05
67,2.6278224962671197e-05
67,2.60778056866441e-05
67,2.5838404447148812e-05
67,2.5507730652327932e-05
67,2.5060996674427645e-05
67,2.4523112537002065e-05
67,2.397289443452339e-05
67,2.352425891985724e-05
67,2.3290570933202458e-05
67,2.334655311407528e-05
67,2.3702467157265092e-05
67,2.429960888018708e-05
67,2.502838786875953e-05
67,2.5762156235705317e-05
67,2.639370688678736e-05
67,2.6860811702597023e-05
67,2.715337491162344e-05
67,2.730345728861174e-05
67,2.7365197997981447e-05
67,2.739290463896007e-05
67,2.742388184778243e-05
67,2.7469864352411894e-05
67,2.751851080792199e-05
67,2.754432739962002e-05
67,2.7525234835101345e-05
67,2.745699274575427e-05
67,2.735688872567493e-05
67,2.725368327276711e-05
67,2.7169372230550396e-05
67,2.7103012729778492e-05
67,2.702512167976484e-05
67,2.68857263381846e-05
67,2.663324203845817e-05
67,2.6236957395936622e-05
67,2.5704732676861588e-05
67,2.508979724936537e-05
67,2.4484098099407576e-05
67,2.3998796363016387e-05
67,2.3736041990974348e-05
67,2.376025622472003e-05
67,2.4078747167800878e-05
67,2.463823367347895e-05
67,2.533828043138973e-05
67,2.6058319349985638e-05
67,2.6691369260450304e-05
67,2.7173644513938942e-05
67,2.7498381153336368e-05
67,2.770822106750238e-05
67,2.7870471885635523e-05
67,2.80464996099983e-05
67,2.8267340629397554e-05
67,2.8523989713971034e-05
67,2.8774616285841257e-05
67,2.8964032664970625e-05
67,2.904638316809927e-05
67,2.9002146585182883e-05
67,2.8843548667722988e-05
67,2.8606521907050292e-05
67,2.833236417138822e-05
67,2.80470330464082e-05
67,2.7747403482490227e-05
67,2.7400700497488586e-05
67,2.695809412444275e-05
67,2.6378385201283943e-05
67,2.5653346453532058e-05
67,2.4824013497442813e-05
67,2.3979608616839962e-05
67,2.323779295176841e-05
67,2.2712771966710528e-05
67,2.24825558609108e-05
67,2.2567026028826046e-05
67,2.292431788680179e-05
67,2.3465520246942355e-05
67,2.408064826522885e-05
67,2.4666458412889348e-05
67,2.5148725150323032e-05
67,2.5494482909352192e-05
67,2.5711961472197514e-05
67,2.5838854503008752e-05
67,2.592323896738202e-05
67,2.600388184029418e-05
67,2.6096680928492125e-05
67,2.6191910787900906e-05
67,2.62628693601211e-05
67,2.628118544017975e-05
67,2.623060980048093e-05
67,2.6112579213045748e-05
67,2.594204636624029e-05
67,2.5736943833446307e-05
67,2.5506817860348103e-05
67,2.5245931002830113e-05
67,2.4934201165918262e-05
67,2.4546255996922403e-05
67,2.4065850023595427e-05
67,2.3501010949109784e-05
67,2.2894466651185865e-05
67,2.2324080976231436e-05
67,2.1890246891940573e-05
67,2.1691877778245075e-05
67,2.1797804545877594e-05
67,2.222322294702234e-05
67,2.292020410393605e-05
67,2.3787385720609432e-05
67,2.4697291874445377e-05
67,2.5532232474384407e-05
67,2.6215448956571283e-05
67,2.672618830782024e-05
67,2.709452387575449e-05
67,2.7379751731567477e-05
67,2.764162609428492e-05
67,2.7915348911679445e-05
67,2.8199049654184927e-05
67,2.845734006990864e-05
67,2.8638514007436565e-05
67,2.8698204511006304e-05
67,2.8619815644282788e-05
67,2.8422724686314914e-05
67,2.815411328453378e-05
67,2.786797307313659e-05
67,2.7600998850787597e-05
67,2.7356204267386456e-05
67,2.7101450530164482e-05
67,2.6784093533356786e-05
67,2.6356667228357376e-05
67,2.5803770437721246e-05
67,2.515922267314285e-05
67,2.4505928174994888e-05
67,2.395720021038469e-05
67,2.3625021581766954e-05
67,2.3585793641363913e-05
67,2.3855714196940237e-05
67,2.4384653395511327e-05
67,2.5070278562436422e-05
67,2.5786870920935305e-05
67,2.6419036284722804e-05
67,2.6889918827220715e-05
67,2.7175803571673845e-05
67,2.7303574523033442e-05
67,2.733320711720499e-05
67,2.7332130851505228e-05
67,2.7350430811859295e-05
67,2.7405392860183007e-05
67,2.748071837879636e-05
67,2.7539830862384293e-05
67,2.75463189532882e-05
67,2.7481589164655193e-05
67,2.7351958538536247e-05
67,2.7182884454705216e-05
67,2.700385395051329e-05
67,2.683140264569033e-05
67,2.6658287947307028e-05
67,2.645383569698627e-05
67,2.6175783186953996e-05
67,2.5789834431305956e-05
67,2.529033140902421e-05
67,2.47139754541454e-05
67,2.413957838253927e-05
67,2.3671446700895387e-05
67,2.341063049058337e-05
67,2.3423485803796482e-05
67,2.371869793996818e-05
67,2.4241902753405897e-05
67,2.4891396701751207e-05
67,2.55500417072846e-05
67,2.6121062507286144e-05
67,2.6553760980912377e-05
67,2.6850349665317966e-05
67,2.7053568962241917e-05
67,2.7221993119216766e-05
67,2.740348203322371e-05
67,2.7616551343444482e-05
67,2.784538854989853e-05
67,2.8048916349583754e-05
67,2.8179584440199458e-05
67,2.8204204204472243e-05
67,2.811795515893473e-05
67,2.7945162544787564e-05
67,2.77264312354479e-05
67,2.749810765980313e-05
67,2.727332726443799e-05
67,2.703308093599917e-05
67,2.6731786395048173e-05
67,2.6316191976837913e-05
67,2.5750913073748374e-05
67,2.5040790249620425e-05
67,2.4240961221182153e-05
67,2.344973004866363e-05
67,2.2785579934890034e-05
67,2.2355883932256954e-05
67,2.2228144115126308e-05
67,2.241299967304258e-05
67,2.2863149330023537e-05
67,2.348722815151213e-05
67,2.4174273218659945e-05
67,2.482195965681176e-05
67,2.5360326723504508e-05
67,2.5763937204969295e-05
67,2.6049589833108476e-05
67,2.6261571067038094e-05
67,2.6450000226436324e-05
67,2.6649798876784795e-05
67,2.6867810863313914e-05
67,2.7082624779414964e-05
67,2.725625725777139e-05
67,2.7351741581682377e-05
67,2.7348442437543382e-05
67,2.7248449299656017e-05
67,2.707195353488442e-05
67,2.684491342787314e-05
67,2.658555992506564e-05
67,2.6295850638892734e-05
67,2.5961162042095285e-05
67,2.5558560577093983e-05
67,2.50714974570366e-05
67,2.450622933943317e-05
67,2.3903299105306273e-05
67,2.3337764683938888e-05
67,2.290539816841538e-05
67,2.269769095268055e-05
67,2.2773795128654315e-05
67,2.313991228638998e-05
67,2.3744501802738066e-05
67,2.4491660944953404e-05
67,2.5267959376733618e-05
67,2.597305773154864e-05
67,2.6543442805634207e-05
67,2.6961795968524126e-05
67,2.7250482630362062e-05
67,2.7453599553735766e-05
67,2.7615296961261658e-05
67,2.7762070884698616e-05
67,2.7894517829689184e-05
67,2.799070585735218e-05
67,2.8019241419756555e-05
67,2.7956213594052782e-05
67,2.779834956540874e-05
67,2.756628956353714e-05
67,2.729634448715727e-05
67,2.7024340246600074e-05
67,2.6768836366520455e-05
67,2.6521502450288165e-05
67,2.6249476343592418e-05
67,2.5909514013350593e-05
67,2.546896430098494e-05
67,2.49258164930582e-05
67,2.431996378851408e-05
67,2.37304590850002e-05
67,2.325835504383723e-05
67,2.300003364942943e-05
67,2.3019419550402284e-05
67,2.332783562508807e-05
67,2.3877963017739834e-05
67,2.4574483004852476e-05
67,2.529908882111514e-05
67,2.5942493648398448e-05
67,2.6432913244378632e-05
67,2.6751436513400538e-05
67,2.6929636330546523e-05
67,2.7031238524835343e-05
67,2.7124997446904294e-05
67,2.725865754787553e-05
67,2.7443292120593853e-05
67,2.7653290239748746e-05
67,2.784102400915187e-05
67,2.7959233463518674e-05
67,2.7981035064271343e-05
67,2.790884748735767e-05
67,2.7769056352789363e-05
67,2.759603938339538e-05
67,2.741355308314412e-05
67,2.7221746227198526e-05
67,2.6995229142614573e-05
67,2.669351063338633e-05
67,2.6280775000708396e-05
67,2.5748135517407203e-05
67,2.512940764758721e-05
67,2.4502510234778904e-05
67,2.397333165953148e-05
67,2.3646043167313782e-05
67,2.359034489296252e-05
67,2.3818398969467985e-05
67,2.4280579693699928e-05
67,2.4881482044195424e-05
67,2.5509790767602297e-05
67,2.6070810988326952e-05
67,2.651010235697316e-05
67,2.6820780804936786e-05
67,2.7033992551329494e-05
67,2.7198398495943295e-05
67,2.735733034491743e-05
67,2.7531504724404437e-05
67,2.7712482465384133e-05
67,2.786841894726757e-05
67,2.7959352058094918e-05
67,2.7955456146280313e-05
67,2.7850227096677153e-05
67,2.7662530718020384e-05
67,2.7426342106349564e-05
67,2.7172859022539818e-05
67,2.6913590423796566e-05
67,2.663271390589637e-05
67,2.6292654673005045e-05
67,2.585105774674522e-05
67,2.5282843734686684e-05
67,2.4599092514493875e-05
67,2.3855270619896248e-05
67,2.3144677514439314e-05
67,2.2578070280948632e-05
67,2.2255321375079807e-05
67,2.223776553377592e-05
67,2.2529880785956242e-05
67,2.3076399463450193e-05
67,2.3776442892027093e-05
67,2.4510825059294347e-05
67,2.5174005156090137e-05
67,2.570021995537501e-05
67,2.6075218312217872e-05
67,2.633030020078975e-05
67,2.6521936880080574e-05
67,2.6705331635211455e-05
67,2.691192297555228e-05
67,2.7138750039261178e-05
67,2.73527893502535e-05
67,2.7507464258968457e-05
67,2.756364422676909e-05
67,2.7505819796792813e-05
67,2.7346767843296902e-05
67,2.7119562355341068e-05
67,2.6861281968790584e-05
67,2.6595782295138206e-05
67,2.632279133140396e-05
67,2.6018023234922274e-05
67,2.5645038734455482e-05
67,2.51752446884004e-05
67,2.4608813870007065e-05
67,2.3987724922892665e-05
67,2.3393881879633214e-05
67,2.2930679558983388e-05
67,2.2693544499896524e-05
67,2.274023209745296e-05
67,2.3072058369860373e-05
67,2.3632798871727955e-05
67,2.432521926881454e-05
67,2.5038991977255495e-05
67,2.5680118124778308e-05
67,2.619209295283627e-05
67,2.6562897267465776e-05
67,2.6817593129118802e-05
67,2.700105066151905e-05
67,2.7157548659581266e-05
67,2.731396048609633e-05
67,2.74717045247308e-05
67,2.7609770094077116e-05
67,2.7697155078308663e-05
67,2.7709135715630227e-05
67,2.7639793859758316e-05
67,2.7504661933653346e-05
67,2.7332122121355768e-05
67,2.7147985450469398e-05
67,2.6961102238147718e-05
67,2.6757075421580722e-05
67,2.650315294440018e-05
67,2.6162657220370392e-05
67,2.5713783466931975e-05
67,2.516600007216183e-05
67,2.456776287603869e-05
67,2.400170397807941e-05
67,2.3567330628450524e-05
67,2.335551303809641e-05
67,2.342230443320744e-05
67,2.3770655816381457e-05
67,2.434668930687862e-05
67,2.505275463537929e-05
67,2.5773865909498234e-05
67,2.6409162705470435e-05
67,2.6897743425950246e-05
67,2.7230013950464917e-05
67,2.744125276864661e-05
67,2.7590917816848003e-05
67,2.773619696133868e-05
67,2.7909712772673156e-05
67,2.8109147478068238e-05
67,2.8301769710829063e-05
67,2.8440957055616675e-05
67,2.8487077850033677e-05
67,2.8423673403969043e-05
67,2.8262396137061347e-05
67,2.8035288342575282e-05
67,2.7778352579751765e-05
67,2.7513782273343307e-05
67,2.7238555637350043e-05
67,2.6924542940127168e-05
67,2.6530979522076373e-05
67,2.602546015908451e-05
67,2.5405777638530855e-05
67,2.471340467198438e-05
67,2.4031549531912492e-05
67,2.3466466834183972e-05
67,2.3117761747680507e-05
67,2.30482817176359e-05
67,2.3264516350982055e-05
67,2.371439163543399e-05
67,2.4302946773670675e-05
67,2.4920096884646937e-05
67,2.547071330749509e-05
67,2.589706211742663e-05
67,2.6187208363691473e-05
67,2.6368478810613156e-05
67,2.6489943226165e-05
67,2.6600623803690868e-05
67,2.6730718507619318e-05
67,2.68818840905992e-05
67,2.7029638857238898e-05
67,2.7136512707633004e-05
67,2.7170019838257572e-05
67,2.711709790544314e-05
67,2.6988178535870434e-05
67,2.6809249022415166e-05
67,2.660634481087107e-05
67,2.639042283096692e-05
67,2.6149918910977346e-05
67,2.5854501072954284e-05
67,2.546885394729364e-05
67,2.4971608142552154e-05
67,2.4372607828837396e-05
67,2.372180255817829e-05
67,2.310517849521244e-05
67,2.2627111184035745e-05
67,2.238342300047233e-05
67,2.2433457830403743e-05
67,2.2780724638697228e-05
67,2.336934339964719e-05
67,2.409843652954831e-05
67,2.4850402873701367e-05
67,2.552369641634713e-05
67,2.6058593861061364e-05
67,2.6447064405632828e-05
67,2.672437891073891e-05
67,2.694718521801566e-05
67,2.716718384920694e-05
67,2.7410153661729808e-05
67,2.766744217495392e-05
67,2.790215522500598e-05
67,2.806661857690107e-05
67,2.8123328709706113e-05
67,2.806041776212828e-05
67,2.789520330256336e-05
67,2.7664672619795593e-05
67,2.740748866757777e-05
67,2.7145678041417783e-05
67,2.6874072650607996e-05
67,2.656228445748451e-05
67,2.616917263077258e-05
67,2.5665003460631395e-05
67,2.505303479794645e-05
67,2.4381398888328786e-05
67,2.3738956641497093e-05
67,2.3234789274748408e-05
67,2.296772589214013e-05
67,2.2996588483951888e-05
67,2.3321711153388672e-05
67,2.3884045524395e-05
67,2.4581844851367624e-05
67,2.5299021764823755e-05
67,2.5935699506481952e-05
67,2.6431231316580316e-05
67,2.677307672547024e-05
67,2.699016200006507e-05
67,2.7134520477781982e-05
67,2.725827559905904e-05
67,2.739386353420477e-05
67,2.7544019993308586e-05
67,2.7684652629035156e-05
67,2.777880181556567e-05
67,2.7795156337547885e-05
67,2.7722495279324172e-05
67,2.757346690207041e-05
67,2.7376442762677305e-05
67,2.7159952995450805e-05
67,2.693742383784678e-05
67,2.6699329860011647e-05
67,2.6416346238862745e-05
67,2.6052655626955785e-05
67,2.5584881963910874e-05
67,2.501992472957478e-05
67,2.440460369875179e-05
67,2.3821955727836326e-05
67,2.3373332155759496e-05
67,2.3150928211340625e-05
67,2.320967777784403e-05
67,2.3548471942019473e-05
67,2.4107874159096717e-05
67,2.4785947695024968e-05
67,2.546734048740721e-05
67,2.6055648975686992e-05
67,2.649762567462709e-05
67,2.6791134911190084e-05
67,2.6975455066089403e-05
67,2.710917608517773e-05
67,2.724470089231071e-05
67,2.7408508652907912e-05
67,2.7593598043397e-05
67,2.7765923810665795e-05
67,2.7881424799094988e-05
67,2.7906139385602957e-05
67,2.783066075425212e-05
67,2.76726634320268e-05
67,2.7466643367001395e-05
67,2.7245873769127345e-05
67,2.7024981683449656e-05
67,2.679104916568984e-05
67,2.650745560514467e-05
67,2.612967721817878e-05
67,2.5627664252144653e-05
67,2.5006483251008638e-05
67,2.431669119970796e-05
67,2.3648973444536775e-05
67,2.3113266691841104e-05
67,2.280874352454191e-05
67,2.2794889380167097e-05
67,2.3073669062105954e-05
67,2.3588717630397698e-05
67,2.4241560499018347e-05
67,2.4919339891053924e-05
67,2.552499093409435e-05
67,2.6000245469939075e-05
67,2.633461391471172e-05
67,2.6558676444062733e-05
67,2.6725375218547448e-05
67,2.6886504356180714e-05
67,2.707257569855215e-05
67,2.7282835506723354e-05
67,2.7488574089855303e-05
67,2.7647703171506504e-05
67,2.772382651653752e-05
67,2.770113254860368e-05
67,2.7588604179679035e-05
67,2.7412290859626075e-05
67,2.720002255111326e-05
67,2.6966131271876462e-05
67,2.6703228430915125e-05
67,2.6384736419853856e-05
67,2.597762090010708e-05
67,2.5461092914913704e-05
67,2.4844604338538253e-05
67,2.4177799500544923e-05
67,2.3546947460853054e-05
67,2.30568624876522e-05
67,2.28030201929734e-05
67,2.2842999329137296e-05
67,2.3177414246231e-05
67,2.3747590334982668e-05
67,2.445144465315386e-05
67,2.51724525197321e-05
67,2.5811667493500723e-05
67,2.631166244126298e-05
67,2.666471024344883e-05
67,2.6903954617094408e-05
67,2.7082574975483525e-05
67,2.7249452133356545e-05
67,2.7429991759432775e-05
67,2.7618295775559053e-05
67,2.7782693426303712e-05
67,2.7881724885031367e-05
67,2.7883530291384718e-05
67,2.778008801647656e-05
67,2.7589974584742426e-05
67,2.7348588730397007e-05
67,2.7090592514395448e-05
67,2.6832777225123e-05
67,2.6565182569494916e-05
67,2.625468629419179e-05
67,2.586028774938908e-05
67,2.535477882436276e-05
67,2.474472820921127e-05
67,2.4080572409213283e-05
67,2.345151243519738e-05
67,2.2965276702839154e-05
67,2.2718708441215757e-05
67,2.2768981905231774e-05
67,2.3115309180774747e-05
67,2.3697421704916464e-05
67,2.4411527904274142e-05
67,2.5138761546051588e-05
67,2.577695363381765e-05
67,2.6265352310405127e-05
67,2.659454167052035e-05
67,2.6799390059675676e-05
67,2.6938854955491594e-05
67,2.7070508043453552e-05
67,2.722881019667077e-05
67,2.741451621281591e-05
67,2.759844607888068e-05
67,2.7737247528912957e-05
67,2.7793832248104562e-05
67,2.7753281061241612e-05
67,2.7627318109043e-05
67,2.7445968500644767e-05
67,2.7240978870075386e-05
67,2.7029018982306986e-05
67,2.6802264403382105e-05
67,2.6530558567110894e-05
67,2.617486365256987e-05
67,2.570759784551324e-05
67,2.5132550140310744e-05
67,2.4496210702135143e-05
67,2.388445009122563e-05
67,2.340351858200994e-05
67,2.3150633968677885e-05
67,2.318416363129407e-05
67,2.350424728365011e-05
67,2.405117124450725e-05
67,2.4722397538784353e-05
67,2.5402397324958645e-05
67,2.5994831652483725e-05
67,2.6445982557334616e-05
67,2.6752093502627286e-05
67,2.694976932074041e-05
67,2.709469785707594e-05
67,2.7237230847867857e-05
67,2.7403359729377086e-05
67,2.7587154450584685e-05
67,2.7756601159742913e-05
67,2.7869828426717918e-05
67,2.7894524978598907e-05
67,2.782190948096384e-05
67,2.766902021366314e-05
67,2.7468528946873025e-05
67,2.7251142635016598e-05
67,2.7028991103845667e-05
67,2.6787739260172188e-05
67,2.6491253594094506e-05
67,2.6097572640974994e-05
67,2.5580607224637877e-05
67,2.4949560736047955e-05
67,2.4258157984345912e-05
67,2.359872460556761e-05
67,2.3081424923595315e-05
67,2.280468711515748e-05
67,2.2826527367922286e-05
67,2.3146503175670867e-05
67,2.370452389108618e-05
67,2.4397199264902698e-05
67,2.5106625518780537e-05
67,2.5732225768479077e-05
67,2.621511549742873e-05
67,2.654730685645661e-05
67,2.676386290775866e-05
67,2.692220025163169e-05
67,2.7076688399840373e-05
67,2.7257609204134425e-05
67,2.746159014193402e-05
67,2.765632340355566e-05
67,2.7796846768155742e-05
67,2.784594619844964e-05
67,2.7789588638164837e-05
67,2.76407556269004e-05
67,2.7430585314941656e-05
67,2.7191568675612833e-05
67,2.6940807417225686e-05
67,2.66708341258792e-05
67,2.635210307209462e-05
67,2.5946773051262064e-05
67,2.542924391551544e-05
67,2.4805987185305903e-05
67,2.4126454622122783e-05
67,2.3479124506555683e-05
67,2.2971941467431918e-05
67,2.270271700367282e-05
67,2.2729596382239127e-05
67,2.3052212356824964e-05
67,2.361041014771864e-05
67,2.4301149373994165e-05
67,2.500781024410565e-05
67,2.5631846725574433e-05
67,2.6116134680402016e-05
67,2.645288710176095e-05
67,2.6675128754442398e-05
67,2.683651635314264e-05
67,2.6987499877258545e-05
67,2.7156076395432778e-05
67,2.7339334785748383e-05
67,2.750815545851276e-05
67,2.762252577025061e-05
67,2.7650582494470272e-05
67,2.7582799829930526e-05
67,2.74349237705138e-05
67,2.7238579518053953e-05
67,2.7024349008884202e-05
67,2.680550695209343e-05
67,2.6570007562189144e-05
67,2.6284528735352546e-05
67,2.5909507055761306e-05
67,2.5419959952665804e-05
67,2.4824481248224937e-05
67,2.4174713392009812e-05
67,2.3560234646074755e-05
67,2.30887565558284e-05
67,2.285713994609734e-05
67,2.2922638790278274e-05
67,2.3284240731618893e-05
67,2.388081922342818e-05
67,2.4607265162629714e-05
67,2.5343665880247285e-05
67,2.5987920183065084e-05
67,2.6480799902880987e-05
67,2.681536310883425e-05
67,2.7028718412012862e-05
67,2.718057557281055e-05
67,2.7327132789688104e-05
67,2.7499669468544534e-05
67,2.7695034983539515e-05
67,2.7880735497937088e-05
67,2.8011706849078106e-05
67,2.8051150063363655e-05
67,2.7986198664887464e-05
67,2.783169566154188e-05
67,2.7620940432507794e-05
67,2.7388197562396272e-05
67,2.7151186236156547e-05
67,2.6901396899313917e-05
67,2.6606642399182005e-05
67,2.6225511683098585e-05
67,2.572892824536362e-05
67,2.512091961119032e-05
67,2.4449995305983525e-05
67,2.3805047827525818e-05
67,2.3295193231085764e-05
67,2.3019470555899527e-05
67,2.3036823969530394e-05
67,2.3347109022826752e-05
67,2.388994067210153e-05
67,2.4561854772746183e-05
67,2.5245905870188997e-05
67,2.5843589014681244e-05
67,2.6298402287137126e-05
67,2.66038776299842e-05
67,2.6794998744993556e-05
67,2.6927731829315923e-05
67,2.7054700276036996e-05
67,2.720541996646219e-05
67,2.7377512316667526e-05
67,2.754139859981152e-05
67,2.7655911118449674e-05
67,2.7687756985292203e-05
67,2.762603151824156e-05
67,2.7485257141863844e-05
67,2.729592237076609e-05
67,2.7087471405058452e-05
67,2.6872043941069732e-05
67,2.6636549342297942e-05
67,2.6346807822014988e-05
67,2.5962647665298687e-05
67,2.545877487538833e-05
67,2.4843843100857218e-05
67,2.4170019792845423e-05
67,2.3527901320801665e-05
67,2.302656986348132e-05
67,2.2764301920545518e-05
67,2.279949991967301e-05
67,2.3131935853881592e-05
67,2.3701111918541663e-05
67,2.4402770514228563e-05
67,2.5118341365768212e-05
67,2.5747469194350736e-05
67,2.6232579529863536e-05
67,2.6567585669076036e-05
67,2.6789100752921824e-05
67,2.69549130716391e-05
67,2.7118352555584265e-05
67,2.7307706063507785e-05
67,2.751750916583611e-05
67,2.7714099588258324e-05
67,2.7852386981791247e-05
67,2.7896294988297138e-05
67,2.783386109471158e-05
67,2.76804997024277e-05
67,2.746944288516444e-05
67,2.7234227814506216e-05
67,2.699146552200274e-05
67,2.6731670028153198e-05
67,2.6422379951785853e-05
67,2.6023002233589552e-05
67,2.5506385316998532e-05
67,2.48791828951206e-05
67,2.4192558756377574e-05
67,2.3537451426232873e-05
67,2.302411427769458e-05
67,2.2751950969650275e-05
67,2.2779892949600692e-05
67,2.3107727276486458e-05
67,2.3674938370754032e-05
67,2.4377530550006794e-05
67,2.5097200283763617e-05
67,2.5733090161105333e-05
67,2.6225660433429127e-05
67,2.6565437744891984e-05
67,2.6785228130457313e-05
67,2.6940132525086926e-05
67,2.708318797336518e-05
67,2.724511765846602e-05
67,2.742487119605576e-05
67,2.759375952622536e-05
67,2.77108157682996e-05
67,2.7742354984703382e-05
67,2.7676850419156415e-05
67,2.7528476277663577e-05
67,2.7328140222861615e-05
67,2.7106768578235927e-05
67,2.6878964351741e-05
67,2.663456351786224e-05
67,2.6341968993256623e-05
67,2.5962468390931248e-05
67,2.5470691672901268e-05
67,2.4873821506152167e-05
67,2.4221773293414627e-05
67,2.360288714743917e-05
67,2.312455475869858e-05
67,2.2884068410284314e-05
67,2.2939292673640126e-05
67,2.3289478534075077e-05
67,2.387330945369892e-05
67,2.4585393865590163e-05
67,2.5305980768064862e-05
67,2.5933863315978754e-05
67,2.6411215597021893e-05
67,2.673236037763531e-05
67,2.693486929003196e-05
67,2.7077858044396235e-05
67,2.7216183015606283e-05
67,2.737971692066515e-05
67,2.756452159620036e-05
67,2.7738308284679737e-05
67,2.785717436134786e-05
67,2.7886094726025892e-05
67,2.7814102953383335e-05
67,2.7657548022668606e-05
67,2.7450349493124477e-05
67,2.7226160579120317e-05
67,2.7000846061890448e-05
67,2.6763247085918204e-05
67,2.647854936227547e-05
67,2.61036040394296e-05
67,2.560901171986383e-05
67,2.4999836874920907e-05
67,2.4326419892452717e-05
67,2.3679548393310588e-05
67,2.316979889305079e-05
67,2.289714024643323e-05
67,2.2921084525204347e-05
67,2.324183633915064e-05
67,2.3799066956314906e-05
67,2.448883613778925e-05
67,2.5193032462783906e-05
67,2.5811472688226235e-05
67,2.6286017432356853e-05
67,2.6609277467185467e-05
67,2.6816428782795855e-05
67,2.696459367463723e-05
67,2.7107871042084577e-05
67,2.7276765624757557e-05
67,2.7468834691503366e-05
67,2.7653296174264497e-05
67,2.778700577485852e-05
67,2.7834512729479806e-05
67,2.778314893683002e-05
67,2.764649826249405e-05
67,2.7455180128635163e-05
67,2.7239850437251438e-05
67,2.701465306091781e-05
67,2.676871656523664e-05
67,2.6469600323093116e-05
67,2.607787513944979e-05
67,2.5567919106060466e-05
67,2.4947407163397423e-05
67,2.4267554046841856e-05
67,2.3618565558904497e-05
67,2.3109795410471123e-05
67,2.2840124313656836e-05
67,2.2868415531766997e-05
67,2.3194476220134804e-05
67,2.3757496034004974e-05
67,2.4452891382424293e-05
67,2.5162050068973125e-05
67,2.5784851716270952e-05
67,2.626389089443871e-05
67,2.659275307604431e-05
67,2.6807048969549826e-05
67,2.696314396726339e-05
67,2.7113105189915185e-05
67,2.728471980415142e-05
67,2.747311068442663e-05
67,2.7646208854036194e-05
67,2.7761128963696148e-05
67,2.778410482758726e-05
67,2.7705127077141432e-05
67,2.7540846288561606e-05
67,2.7324784750370553e-05
67,2.7089794644889676e-05
67,2.6851071232358202e-05
67,2.6597478908414623e-05
67,2.6295252935487616e-05
67,2.59032455821414e-05
67,2.5394517276229142e-05
67,2.477632950046479e-05
67,2.4100320528126877e-05
67,2.3457406554304178e-05
67,2.2957315311048634e-05
67,2.269870448091411e-05
67,2.273985835494492e-05
67,2.308013323514809e-05
67,2.3658665553379623e-05
67,2.4370978351719143e-05
67,2.509811018795949e-05
67,2.573862868937545e-05
67,2.623294116957863e-05
67,2.657235841229087e-05
67,2.679123938964028e-05
67,2.6946529590194204e-05
67,2.7092740062749927e-05
67,2.7261177900295968e-05
67,2.745034486268746e-05
67,2.7630326735582974e-05
67,2.775862869329814e-05
67,2.7800203724682013e-05
67,2.7742654265340378e-05
67,2.7599927919849815e-05
67,2.7403336281049737e-05
67,2.7184650954728786e-05
67,2.6959404304413676e-05
67,2.67180058680181e-05
67,2.642873027673992e-05
67,2.605197687224316e-05
67,2.5561038778018666e-05
67,2.4961868657375767e-05
67,2.430376744086718e-05
67,2.367526532429795e-05
67,2.3184553255650213e-05
67,2.292993592923675e-05
67,2.297019752005635e-05
67,2.330538659169836e-05
67,2.3875061050041596e-05
67,2.4574959614898322e-05
67,2.528661776370794e-05
67,2.5909840659141056e-05
67,2.638700410158934e-05
67,2.6711537212624885e-05
67,2.6919219166489083e-05
67,2.7067097376742256e-05
67,2.7208432542630464e-05
67,2.7372490989717563e-05
67,2.7555791854184487e-05
67,2.7727229162436562e-05
67,2.7844264236769113e-05
67,2.787289728111752e-05
67,2.780249816443413e-05
67,2.7648941004067846e-05
67,2.7444986736654645e-05
67,2.7222814957877327e-05
67,2.6997034312788995e-05
67,2.675597072294693e-05
67,2.646532357368805e-05
67,2.6083368678207962e-05
67,2.5582526755155164e-05
67,2.496939302001249e-05
67,2.4295037976719233e-05
67,2.365009245261571e-05
67,2.314442655379961e-05
67,2.2877264055317083e-05
67,2.2907685463905105e-05
67,2.323577112716853e-05
67,2.3801071397016857e-05
67,2.4499199929787322e-05
67,2.521120394844872e-05
67,2.583593171608034e-05
67,2.631457631591255e-05
67,2.6639676493032176e-05
67,2.6846897166947203e-05
67,2.6994071377375957e-05
67,2.7135796388158016e-05
67,2.7302580826795884e-05
67,2.7491490909135392e-05
67,2.7670994515475446e-05
67,2.7797263934398542e-05
67,2.7834520200846786e-05
67,2.7770319423889645e-05
67,2.7619106588687598e-05
67,2.7412931748429596e-05
67,2.7184186716339106e-05
67,2.6948611034530655e-05
67,2.6696290849083404e-05
67,2.6394772275587157e-05
67,2.600366417363155e-05
67,2.5495834064741775e-05
67,2.4877485770804975e-05
67,2.4198881519007086e-05
67,2.3549947500885295e-05
67,2.304025298814509e-05
67,2.2769061962006172e-05
67,2.2795544182255374e-05
67,2.3119699991846205e-05
67,2.3680914087349467e-05
67,2.437489237677802e-05
67,2.5083340296048278e-05
67,2.5706281182995915e-05
67,2.6186106693680837e-05
67,2.6515878397275628e-05
67,2.673062111894147e-05
67,2.688641308281279e-05
67,2.7035583902426855e-05
67,2.7206723695837242e-05
67,2.7396037233951938e-05
67,2.757245165213831e-05
67,2.769369924582919e-05
67,2.772612120966528e-05
67,2.7659316894696872e-05
67,2.7509142753378817e-05
67,2.7308071346061732e-05
67,2.7087851478139756e-05
67,2.686277212665554e-05
67,2.6621224302774364e-05
67,2.6329509187019898e-05
67,2.5946973992419966e-05
67,2.544730546049976e-05
67,2.4838193172130833e-05
67,2.4171327664745268e-05
67,2.3537357668551198e-05
67,2.3045636647501164e-05
67,2.2794537121031865e-05
67,2.2842188586757886e-05
67,2.3187815216192267e-05
67,2.3770332829892188e-05
67,2.448500265967141e-05
67,2.5212793151833683e-05
67,2.5852658635764833e-05
67,2.6345920499361185e-05
67,2.668507996375127e-05
67,2.6905465782659036e-05
67,2.7064273017481182e-05
67,2.7215310577188305e-05
67,2.7388406334993955e-05
67,2.758031119043784e-05
67,2.775968742958595e-05
67,2.7883381996203374e-05
67,2.79165899580915e-05
67,2.7847895692855178e-05
67,2.769261891358536e-05
67,2.748342483016711e-05
67,2.7253059979043252e-05
67,2.701742141960988e-05
67,2.6766636063326752e-05
67,2.6468243499761354e-05
67,2.6081841787876024e-05
67,2.5580282115016802e-05
67,2.496968556217135e-05
67,2.430005778342917e-05
67,2.3660798745487527e-05
67,2.3160679048218204e-05
67,2.2898029427043505e-05
67,2.293119324717602e-05
67,2.3259678281838687e-05
67,2.382279366247651e-05
67,2.4516475049897525e-05
67,2.5222724212421576e-05
67,2.5841708180197896e-05
67,2.6315744125819504e-05
67,2.6637728662387063e-05
67,2.6842673887508965e-05
67,2.6987009169300286e-05
67,2.7123836234990807e-05
67,2.7282808910320956e-05
67,2.746123480233162e-05
67,2.7628915274636762e-05
67,2.7744038766584856e-05
67,2.7772922243729932e-05
67,2.7704729431618878e-05
67,2.7554640836263375e-05
67,2.73544336511666e-05
67,2.7135343986806816e-05
67,2.6911441746301228e-05
67,2.6671163201226797e-05
67,2.6380955304051547e-05
67,2.600018449488058e-05
67,2.5502249577992358e-05
67,2.4894205100818717e-05
67,2.4226889181375707e-05
67,2.35901250564e-05
67,2.3092712672419022e-05
67,2.2832877845955006e-05
67,2.286899261368684e-05
67,2.320079233206726e-05
67,2.3767847308495283e-05
67,2.446615739402792e-05
67,2.5177515964915958e-05
67,2.5801786845317766e-05
67,2.628121528821955e-05
67,2.660909371185822e-05
67,2.682124273987878e-05
67,2.6974947595708805e-05
67,2.7123721544577235e-05
67,2.7296836115382917e-05
67,2.7490398236804095e-05
67,2.7672488062359562e-05
67,2.7799514619930473e-05
67,2.7836389764759726e-05
67,2.7771526798312345e-05
67,2.7620112924234515e-05
67,2.741463355619364e-05
67,2.7187534350868826e-05
67,2.695426573063635e-05
67,2.670442213691646e-05
67,2.6405071544484013e-05
67,2.6015584231466293e-05
67,2.550896156090599e-05
67,2.4891866755971954e-05
67,2.4215121593260347e-05
67,2.356902338090498e-05
67,2.306314552033395e-05
67,2.2796437568740396e-05
67,2.2827680846792532e-05
67,2.3156683971597882e-05
67,2.3722940286132245e-05
67,2.4422423940760007e-05
67,2.5136977599305392e-05
67,2.5766391272275986e-05
67,2.625243574209482e-05
67,2.6587398062409394e-05
67,2.6805725702328158e-05
67,2.6963377300790135e-05
67,2.7113048073549884e-05
67,2.7283978066428415e-05
67,2.7473003589098158e-05
67,2.764940958116324e-05
67,2.7770892686414376e-05
67,2.7803391417925488e-05
67,2.7735875068548257e-05
67,2.7583555293942437e-05
67,2.7378488219018166e-05
67,2.7152444413340286e-05
67,2.6920260977267022e-05
67,2.6671297556333488e-05
67,2.637295062340633e-05
67,2.5985416945982622e-05
67,2.5482702370810575e-05
67,2.4872218317316795e-05
67,2.4204948146319755e-05
67,2.3570700751843027e-05
67,2.307811529648283e-05
67,2.2825074526202723e-05
67,2.286938360690284e-05
67,2.3210005003703357e-05
67,2.378564249374367e-05
67,2.4491515764946973e-05
67,2.520889200460068e-05
67,2.5837431498017225e-05
67,2.6319431177140328e-05
67,2.6648326778905594e-05
67,2.6860008859958513e-05
67,2.701168397596778e-05
67,2.7156688247317287e-05
67,2.7324159861938026e-05
67,2.751027579097558e-05
67,2.7683493039680855e-05
67,2.780091187446167e-05
67,2.7828362560523286e-05
67,2.7755249751034528e-05
67,2.7597641530280366e-05
67,2.7388623512124926e-05
67,2.7160850993378878e-05
67,2.692958582247398e-05
67,2.66839436671928e-05
67,2.6390412784640124e-05
67,2.6007875852810654e-05
67,2.5509048443105876e-05
67,2.490048503536428e-05
67,2.4232933398731958e-05
67,2.359647177456536e-05
67,2.3100192087277378e-05
67,2.2842308806029138e-05
67,2.2880745776723072e-05
67,2.321452659018495e-05
67,2.3782616396158792e-05
67,2.4480838459495047e-05
67,2.51912979833664e-05
67,2.581441711923368e-05
67,2.6292860710044054e-05
67,2.661992029149051e-05
67,2.6830987247670593e-05
67,2.6982746423484162e-05
67,2.7128300133933682e-05
67,2.7296967073218046e-05
67,2.748542261827489e-05
67,2.7662698616989698e-05
67,2.7786279442408505e-05
67,2.7821984173582094e-05
67,2.775870852806568e-05
67,2.761153286110773e-05
67,2.741223711048617e-05
67,2.7192154251164437e-05
67,2.6965581820393855e-05
67,2.6721338333050328e-05
67,2.642637535591443e-05
67,2.604060868470052e-05
67,2.5537954826315544e-05
67,2.492591071776516e-05
67,2.425565560263457e-05
67,2.3617202790772782e-05
67,2.3119303684701355e-05
67,2.285982074762041e-05
67,2.2896471520339255e-05
67,2.3228225831508714e-05
67,2.3794075798748618e-05
67,2.448991179548604e-05
67,2.5197986142774644e-05
67,2.5819015745251797e-05
67,2.6296097938789362e-05
67,2.6622946829409412e-05
67,2.6835128908019512e-05
67,2.6989062333469202e-05
67,2.7137118468465087e-05
67,2.73076054153975e-05
67,2.749621709098716e-05
67,2.7671320105880198e-05
67,2.7790199908468807e-05
67,2.7818932341733935e-05
67,2.774700886661271e-05
67,2.7590291142919247e-05
67,2.7381370433525902e-05
67,2.7152268132911887e-05
67,2.6917712172876298e-05
67,2.6666624128453026e-05
67,2.6365781477593902e-05
67,2.5974821605884237e-05
67,2.54674957974739e-05
67,2.485138719349294e-05
67,2.4177986601411315e-05
67,2.353767612650228e-05
67,2.3039442569073417e-05
67,2.2781167079693614e-05
67,2.2820436089421015e-05
67,2.3156080695773248e-05
67,2.372703058527029e-05
67,2.4429128771510927e-05
67,2.514442168247589e-05
67,2.5773112829991575e-05
67,2.625749837934435e-05
67,2.6590433169210616e-05
67,2.6806904102031617e-05
67,2.696329092033517e-05
67,2.711250399826195e-05
67,2.728375695294486e-05
67,2.747366798602795e-05
67,2.7651228252447105e-05
67,2.777388189216152e-05
67,2.7807412351307095e-05
67,2.7740715909273187e-05
67,2.758896930513106e-05
67,2.738421178668598e-05
67,2.7158232245358886e-05
67,2.69259434249121e-05
67,2.6676825898389558e-05
67,2.6378392609598726e-05
67,2.5990901205157416e-05
67,2.5488349775739365e-05
67,2.4878100558127673e-05
67,2.421107465560715e-05
67,2.3576993109727232e-05
67,2.3084328893910094e-05
67,2.2830680012070636e-05
67,2.287348707304921e-05
67,2.3211409175963774e-05
67,2.3783100079003254e-05
67,2.448411909510997e-05
67,2.5196441464336015e-05
67,2.5820599305299933e-05
67,2.6299618654916612e-05
67,2.662726296617937e-05
67,2.6839265014576603e-05
67,2.6992306889735516e-05
67,2.7139080595435845e-05
67,2.730821450735618e-05
67,2.7495669822910415e-05
67,2.7670003744327877e-05
67,2.7788631235734062e-05
67,2.781773715039046e-05
67,2.774693501861213e-05
67,2.759222054064862e-05
67,2.7386292087500056e-05
67,2.7161197995327666e-05
67,2.6931578856865378e-05
67,2.6686161281123515e-05
67,2.6391465419732886e-05
67,2.6006870641651396e-05
67,2.5505920328181086e-05
67,2.48960621327474e-05
67,2.4228713901901546e-05
67,2.3594210008171465e-05
67,2.3101458066578827e-05
67,2.284816613765214e-05
67,2.289161000292147e-05
67,2.3230180604960972e-05
67,2.3802323047416058e-05
67,2.450350824288385e-05
67,2.521570206089765e-05
67,2.583943798918976e-05
67,2.6317737229850425e-05
67,2.664440459317973e-05
67,2.6855330720580268e-05
67,2.700748637535301e-05
67,2.715390715474499e-05
67,2.7323488140658427e-05
67,2.7512268622053034e-05
67,2.7688662203126264e-05
67,2.780976464085934e-05
67,2.7841344963579854e-05
67,2.7772571249997322e-05
67,2.761901256313516e-05
67,2.7413013557586474e-05
67,2.718641626117513e-05
67,2.695387249618053e-05
67,2.670435174503633e-05
67,2.6404774387858508e-05
67,2.6014939189580896e-05
67,2.5508698692514425e-05
67,2.4893647479189432e-05
67,2.4221225582577392e-05
67,2.358174049160628e-05
67,2.3084068618151073e-05
67,2.2825868705989565e-05
67,2.2864313919617724e-05
67,2.319765233587877e-05
67,2.3764245283933462e-05
67,2.4459685285135977e-05
67,2.516635505738279e-05
67,2.578543713076244e-05
67,2.626060742268896e-05
67,2.6586040376309154e-05
67,2.679751061347959e-05
67,2.6951391315478976e-05
67,2.709985328649221e-05
67,2.7270981048383018e-05
67,2.746033719016216e-05
67,2.763631734918498e-05
67,2.7756400798729007e-05
67,2.778695399689311e-05
67,2.771772470695572e-05
67,2.7564645443685324e-05
67,2.7360093717842574e-05
67,2.7135610851736645e-05
67,2.6905328520680227e-05
67,2.6657683120340472e-05
67,2.635928270941947e-05
67,2.596999932529181e-05
67,2.546415372583673e-05
67,2.4850035123810792e-05
67,2.417972958253164e-05
67,2.3543897758658864e-05
67,2.305138743858404e-05
67,2.2799545935839365e-05
67,2.2845157644854177e-05
67,2.3186176432891088e-05
67,2.3760799549210222e-05
67,2.4464487002648777e-05
67,2.517938614922021e-05
67,2.5806289217979623e-05
67,2.6288410083198742e-05
67,2.6619561595891963e-05
67,2.683540878634878e-05
67,2.699250137846517e-05
67,2.7143368484160706e-05
67,2.731645428242151e-05
67,2.7507523564123428e-05
67,2.768494825454649e-05
67,2.7805988571267526e-05
67,2.7836691750294957e-05
67,2.776650610137543e-05
67,2.7611203949475967e-05
67,2.7403240976549857e-05
67,2.7174521976215412e-05
67,2.693978334991548e-05
67,2.6688158029805925e-05
67,2.6386828418754918e-05
67,2.599593128194748e-05
67,2.5489674670311805e-05
67,2.487594382118654e-05
67,2.420631861770498e-05
67,2.3571036575996143e-05
67,2.3078692046672462e-05
67,2.2826512736264137e-05
67,2.2871195891734395e-05
67,2.3210567129428017e-05
67,2.378266998724529e-05
67,2.448287671920271e-05
67,2.519340507493498e-05
67,2.5815291166751197e-05
67,2.6292083571602914e-05
67,2.6617889941420137e-05
67,2.6828534238098907e-05
67,2.6980584432519614e-05
67,2.7126528312013926e-05
67,2.729481999421459e-05
67,2.748136133295368e-05
67,2.7654796693283844e-05
67,2.7772744374983125e-05
67,2.780161803998198e-05
67,2.7731159371896925e-05
67,2.757728396992362e-05
67,2.7372375721168534e-05
67,2.714802213273281e-05
67,2.691843269436431e-05
67,2.6672119908612666e-05
67,2.637571908515797e-05
67,2.598904115961975e-05
67,2.548624660423243e-05
67,2.487539072802795e-05
67,2.420830199204176e-05
67,2.3575407042134604e-05
67,2.3085360670451567e-05
67,2.283533601981495e-05
67,2.288191899794705e-05
67,2.3222817473060454e-05
67,2.3795970152071144e-05
67,2.4496664516320927e-05
67,2.5207083059848422e-05
67,2.5828337500257736e-05
67,2.6304222749504488e-05
67,2.6629266252213872e-05
67,2.6839795592208038e-05
67,2.699280202333529e-05
67,2.714094691592549e-05
67,2.7312517694234634e-05
67,2.750294581837492e-05
67,2.7680248121791487e-05
67,2.780144403130514e-05
67,2.7832522110672842e-05
67,2.77630319578033e-05
67,2.7608907269734262e-05
67,2.7402689601760562e-05
67,2.7176180313941562e-05
67,2.694378307610012e-05
67,2.6694128250346387e-05
67,2.6393870712636055e-05
67,2.6002772695293074e-05
67,2.549495956707966e-05
67,2.4878564147366725e-05
67,2.4205660895382772e-05
67,2.356705568352944e-05
67,2.3071794294964318e-05
67,2.281731059590896e-05
67,2.286024629419947e-05
67,2.3198202565273736e-05
67,2.3768981893624805e-05
67,2.4467841003966457e-05
67,2.5177081885155252e-05
67,2.5798006664765676e-05
67,2.627451596566655e-05
67,2.6601024732264486e-05
67,2.6813503120429476e-05
67,2.6968438979522207e-05
67,2.7118016213730008e-05
67,2.729022988565454e-05
67,2.7480482834230417e-05
67,2.7657004754414852e-05
67,2.7777169891026894e-05
67,2.780733103599991e-05
67,2.7737288825354803e-05
67,2.758303546971184e-05
67,2.7376966325949238e-05
67,2.7150597599881292e-05
67,2.691803962437559e-05
67,2.666777341894525e-05
67,2.6366557804534968e-05
67,2.5974522250408354e-05
67,2.5466317412004442e-05
67,2.4850578554622895e-05
67,2.4179682891244048e-05
67,2.354444515110843e-05
67,2.3053648128428674e-05
67,2.280430015872061e-05
67,2.285258223429951e-05
67,2.319568344468201e-05
67,2.377106736891879e-05
67,2.4473720763980154e-05
67,2.5185753208934304e-05
67,2.5808387105646956e-05
67,2.6285592472401113e-05
67,2.661199996691263e-05
67,2.6823879180733637e-05
67,2.6977997675426545e-05
67,2.7126704110801596e-05
67,2.72980048001112e-05
67,2.748719563007279e-05
67,2.7662366987977473e-05
67,2.7780812139983964e-05
67,2.7808918130421488e-05
67,2.7736644986240527e-05
67,2.7580241235840508e-05
67,2.73724039555458e-05
67,2.7144931337719415e-05
67,2.691212522361025e-05
67,2.6662508015386797e-05
67,2.636270789361246e-05
67,2.597258858394036e-05
67,2.5466489748318305e-05
67,2.48527938684246e-05
67,2.4183747403901154e-05
67,2.3550148097578095e-05
67,2.306080740681831e-05
67,2.2812730133043975e-05
67,2.2862027886312758e-05
67,2.320578589708016e-05
67,2.378140042486758e-05
67,2.4483885845218294e-05
67,2.519547813434753e-05
67,2.581757141852312e-05
67,2.62942792725829e-05
67,2.662030370466996e-05
67,2.6831924732293605e-05
67,2.6985911516567114e-05
67,2.7134657948618864e-05
67,2.7306277083953183e-05
67,2.749620897881777e-05
67,2.7672677668487666e-05
67,2.779305229596141e-05
67,2.782370548350136e-05
67,2.7754476406478976e-05
67,2.7601386354314666e-05
67,2.7396821024422276e-05
67,2.7172234963904578e-05
67,2.6941630944781903e-05
67,2.6693354808489616e-05
67,2.6394025622477086e-05
67,2.600365343857489e-05
67,2.5496813763886725e-05
67,2.488212530764004e-05
67,2.421199987222243e-05
67,2.3577303215059636e-05
67,2.3086833751636696e-05
67,2.2837535805194373e-05
67,2.2885437808475568e-05
67,2.3227528993484823e-05
67,2.380110832250771e-05
67,2.4501124660110832e-05
67,2.5209833772371754e-05
67,2.5828779117674172e-05
67,2.6302348510781642e-05
67,2.6625571327682094e-05
67,2.6834990880158287e-05
67,2.6987465954975722e-05
67,2.7135259091800176e-05
67,2.7306171299417307e-05
67,2.7495259952980935e-05
67,2.76704258634104e-05
67,2.7788871011354377e-05
67,2.7816989090242238e-05
67,2.7744796657906162e-05
67,2.7588574720852425e-05
67,2.7380963111395674e-05
67,2.7153587809567953e-05
67,2.6920494193815353e-05
67,2.6669942375834453e-05
67,2.636838983497715e-05
67,2.5975699541678125e-05
67,2.5466406464312173e-05
67,2.4849243522988804e-05
67,2.4176866306969727e-05
67,2.3540423301857333e-05
67,2.30489239777668e-05
67,2.2799379187514463e-05
67,2.2847739116619237e-05
67,2.31908335009479e-05
67,2.376580343102155e-05
67,2.4467494107782963e-05
67,2.517811057424601e-05
67,2.579915764714054e-05
67,2.627495454451264e-05
67,2.6600422987007877e-05
67,2.6811989762514777e-05
67,2.696643454205167e-05
67,2.7116007862313742e-05
67,2.7288561443681053e-05
67,2.7479234572665297e-05
67,2.7656003353869446e-05
67,2.7776110735227746e-05
67,2.780594283127748e-05
67,2.7735455584796798e-05
67,2.75808216954456e-05
67,2.7374546985905005e-05
67,2.7148140249248187e-05
67,2.691559914056404e-05
67,2.666524392105774e-05
67,2.6363700483588575e-05
67,2.5971065157031215e-05
67,2.5462102376378213e-05
67,2.4845707558973767e-05
67,2.4174599426432315e-05
67,2.353989301034849e-05
67,2.3050490716038304e-05
67,2.280324582887122e-05
67,2.2853914913634263e-05
67,2.319911203758008e-05
67,2.3775769868181187e-05
67,2.4478582366461185e-05
67,2.5189714444153776e-05
67,2.5810767583838076e-05
67,2.6286266593283794e-05
67,2.6611369250035692e-05
67,2.6822673439731475e-05
67,2.6976998042017473e-05
67,2.7126494091620127e-05
67,2.72988300139069e-05
67,2.7488967457516603e-05
67,2.7664794296335673e-05
67,2.7783599827318747e-05
67,2.781194520023745e-05
67,2.7740041073668662e-05
67,2.758432206662237e-05
67,2.737748962220296e-05
67,2.7151128064585424e-05
67,2.691917305533051e-05
67,2.6669772848302172e-05
67,2.6369338479383086e-05
67,2.597779258242087e-05
67,2.5469832614891376e-05
67,2.485440887532082e-05
67,2.4184372163894108e-05
67,2.3550964516986167e-05
67,2.3063133586559992e-05
67,2.2817663774880996e-05
67,2.2870151896746303e-05
67,2.3217020033674906e-05
67,2.3795035276044447e-05
67,2.4498784540348073e-05
67,2.521038604166645e-05
67,2.583144162074576e-05
67,2.630651374283114e-05
67,2.663083608932708e-05
67,2.6841123918023032e-05
67,2.699434549799069e-05
67,2.714280463294091e-05
67,2.7314288018490517e-05
67,2.7503813651280263e-05
67,2.7679260501077307e-05
67,2.7797861582973567e-05
67,2.7826098103807373e-05
67,2.7754092946142393e-05
67,2.7598191636384173e-05
67,2.7391011086063747e-05
67,2.7164067947095493e-05
67,2.6931262295452353e-05
67,2.668074586014374e-05
67,2.637896358131835e-05
67,2.5985882838387403e-05
67,2.5476239485852032e-05
67,2.4859011479109533e-05
67,2.4187073052030202e-05
67,2.3551690379376512e-05
67,2.3061827723522137e-05
67,2.28142583595088e-05
67,2.2864524286326667e-05
67,2.3208958431345554e-05
67,2.3784248180966353e-05
67,2.4484974001919884e-05
67,2.519337011298818e-05
67,2.5811276232734356e-05
67,2.6283553007974315e-05
67,2.660569381394122e-05
67,2.6814545497003902e-05
67,2.696704125374471e-05
67,2.7115310571155243e-05
67,2.7286903342717583e-05
67,2.7476628373241016e-05
67,2.7652250241127352e-05
67,2.777100527241312e-05
67,2.779947227846718e-05
67,2.7727909255096532e-05
67,2.7572765055065323e-05
67,2.736666984789616e-05
67,2.714103782038695e-05
67,2.6909571171054937e-05
67,2.666019263791285e-05
67,2.6359174541930588e-05
67,2.5966443859638217e-05
67,2.5456857626110582e-05
67,2.4839642574568466e-05
67,2.416796459894979e-05
67,2.353332691249855e-05
67,2.30448093831139e-05
67,2.2799168347699872e-05
67,2.285183504858728e-05
67,2.3198996839807145e-05
67,2.377720754998473e-05
67,2.448094465953875e-05
67,2.5192365380780992e-05
67,2.5813247131402197e-05
67,2.6288398171915557e-05
67,2.6613272459050615e-05
67,2.682469257205343e-05
67,2.6979574579277014e-05
67,2.7130019915460007e-05
67,2.730352301088781e-05
67,2.7494808825252273e-05
67,2.767154788218326e-05
67,2.779089902150065e-05
67,2.781939968308212e-05
67,2.7747306997941903e-05
67,2.759110392161992e-05
67,2.7383485431456088e-05
67,2.7155963262281425e-05
67,2.692237194285951e-05
67,2.6670792751836497e-05
67,2.6367660581229908e-05
67,2.5973042606484398e-05
67,2.5461897283241796e-05
67,2.4843513855378694e-05
67,2.4171090513467275e-05
67,2.3536135614159737e-05
67,2.3047696230905012e-05
67,2.280243975300408e-05
67,2.28556443067095e-05
67,2.32032983117271e-05
67,2.3781757249963728e-05
67,2.4485358130885736e-05
67,2.5196215715567575e-05
67,2.581616384473275e-05
67,2.6290126399384016e-05
67,2.6613673619487668e-05
67,2.6823698650889116e-05
67,2.697712953199054e-05
67,2.712604291318992e-05
67,2.729791244785575e-05
67,2.7487484516648106e-05
67,2.766251282929367e-05
67,2.778029650962837e-05
67,2.780754471046482e-05
67,2.7734678824173704e-05
67,2.757829629292559e-05
67,2.7371122685658005e-05
67,2.7144602914756535e-05
67,2.691242300315879e-05
67,2.6662477953641986e-05
67,2.6361036757659596e-05
67,2.5968070177456327e-05
67,2.5458527723942886e-05
67,2.484175533947597e-05
67,2.4171022870396525e-05
67,2.3537871075125833e-05
67,2.305130775085903e-05
67,2.280789013137923e-05
67,2.2862743087132614e-05
67,2.3211697306895072e-05
67,2.379098159580451e-05
67,2.4494864329268886e-05
67,2.5205468000362835e-05
67,2.5824718583029704e-05
67,2.629770884743128e-05
67,2.6620226471794205e-05
67,2.6829383656812344e-05
67,2.6982274925825094e-05
67,2.7131048173716703e-05
67,2.7303140315235938e-05
67,2.749317760182068e-05
67,2.7668761865429827e-05
67,2.7787063275035917e-05
67,2.781471824833481e-05
67,2.7742132542203612e-05
67,2.7585920415147176e-05
67,2.7378824340641095e-05
67,2.715228267429728e-05
67,2.691994391096465e-05
67,2.666964180468804e-05
67,2.63675784278952e-05
67,2.597367723630993e-05
67,2.5462886885525355e-05
67,2.4844616450421746e-05
67,2.4172258135037835e-05
67,2.353750160959603e-05
67,2.3049479669546398e-05
67,2.2804806456488558e-05
67,2.285858281502326e-05
67,2.3206562905009176e-05
67,2.3784903108833147e-05
67,2.4487858150700143e-05
67,2.5197617842541166e-05
67,2.581623291792175e-05
67,2.6288921289063182e-05
67,2.661153599239494e-05
67,2.6821161763434312e-05
67,2.6974780215189e-05
67,2.7124380835035948e-05
67,2.729724869980189e-05
67,2.7487908067702307e-05
67,2.7663929394744767e-05
67,2.7782516076273166e-05
67,2.7810373686861636e-05
67,2.7737972307743652e-05
67,2.7581947877446065e-05
67,2.737500274152291e-05
67,2.714848305299345e-05
67,2.6915930715604157e-05
67,2.6665110469285364e-05
67,2.636223776346239e-05
67,2.596734927878778e-05
67,2.5455586876146817e-05
67,2.4836581146830177e-05
67,2.4163910174352054e-05
67,2.3529362643769222e-05
67,2.30420633155058e-05
67,2.279852499276371e-05
67,2.2853689548775575e-05
67,2.320313473250203e-05
67,2.3782855880225525e-05
67,2.4486984816877698e-05
67,2.5197641183191376e-05
67,2.5816864227349127e-05
67,2.6289912749369354e-05
67,2.6612712273855218e-05
67,2.6822420259842926e-05
67,2.6976059631738756e-05
67,2.7125610871016476e-05
67,2.729830316592378e-05
67,2.7488583895707004e-05
67,2.766396284282015e-05
67,2.778163031432677e-05
67,2.780833836084143e-05
67,2.7734652590366548e-05
67,2.7577327949663337e-05
67,2.736918060891421e-05
67,2.7141643122726816e-05
67,2.6908304699985997e-05
67,2.6656937793576078e-05
67,2.635373647593145e-05
67,2.5958706940987233e-05
67,2.5446974924281127e-05
67,2.48281850134457e-05
67,2.4155956244164545e-05
67,2.3522120363152045e-05
67,2.303581109749472e-05
67,2.279348786844478e-05
67,2.2849973877917604e-05
67,2.3200690193203667e-05
67,2.3781484210592095e-05
67,2.4486394002442416e-05
67,2.5197523765083865e-05
67,2.581696937915729e-05
67,2.6290087974120228e-05
67,2.661290736952772e-05
67,2.6822662854665313e-05
67,2.6976419270887137e-05
67,2.7126166713788097e-05
67,2.729912439677942e-05
67,2.7489726517233246e-05
67,2.7665481761145635e-05
67,2.7783600113508032e-05
67,2.7810870777099484e-05
67,2.7737897228344144e-05
67,2.7581448675092833e-05
67,2.737431224520493e-05
67,2.714784515635743e-05
67,2.691553307384964e-05
67,2.6665049466503416e-05
67,2.6362527683195644e-05
67,2.5967971987080667e-05
67,2.5456564005078265e-05
67,2.4838039874587927e-05
67,2.416611066426343e-05
67,2.3532664902778246e-05
67,2.304683340559557e-05
67,2.2805007042686353e-05
67,2.2861888651257632e-05
67,2.3212757365906437e-05
67,2.379333734222077e-05
67,2.4497602947689792e-05
67,2.520768287198006e-05
67,2.5825789102461197e-05
67,2.6297458484505518e-05
67,2.6618909549282945e-05
67,2.6827520767680415e-05
67,2.6980410597764714e-05
67,2.7129523924201977e-05
67,2.7301962890756517e-05
67,2.7492024880631254e-05
67,2.7667117672074925e-05
67,2.7784422623709764e-05
67,2.7810776075663243e-05
67,2.7736876290187223e-05
67,2.7579589710572344e-05
67,2.7371760868770674e-05
67,2.7144741560904117e-05
67,2.691195255140664e-05
67,2.6660969847271268e-05
67,2.635783743340185e-05
67,2.596251882104772e-05
67,2.5450228617773504e-05
67,2.483080714597734e-05
67,2.4158107772854156e-05
67,2.3524146681659915e-05
67,2.303811755719609e-05
67,2.2796385161580008e-05
67,2.2853550719726356e-05
67,2.3204760855513423e-05
67,2.3785630963732034e-05
67,2.4490090571616458e-05
67,2.5200296943293267e-05
67,2.581854180040502e-05
67,2.6290452274339285e-05
67,2.6612308822571396e-05
67,2.6821502011792104e-05
67,2.6975112937209733e-05
67,2.712501632156716e-05
67,2.7298235284121286e-05
67,2.7489002597860905e-05
67,2.7664692000202835e-05
67,2.7782484996330473e-05
67,2.780924083073113e-05
67,2.7735680576769658e-05
67,2.757866966538965e-05
67,2.7371016403108058e-05
67,2.714401021232203e-05
67,2.691101019244347e-05
67,2.6659563808261254e-05
67,2.6355742807838528e-05
67,2.595959883465154e-05
67,2.5446478321858538e-05
67,2.4826365429714194e-05
67,2.4153232770902746e-05
67,2.351916073699643e-05
67,2.303333676202824e-05
67,2.2792052454266365e-05
67,2.2849789733858113e-05
67,2.320156159312905e-05
67,2.3782870185350406e-05
67,2.44875810197756e-05
67,2.5197850950011213e-05
67,2.5816028818329394e-05
67,2.6287830474275734e-05
67,2.660962010963468e-05
67,2.681883410342248e-05
67,2.6972544608373717e-05
67,2.7122567514351995e-05
67,2.7295841301637983e-05
67,2.748652231014187e-05
67,2.7661946846791156e-05
67,2.777931353490135e-05
67,2.7805547868009717e-05
67,2.7731463023677934e-05
67,2.7574011581930633e-05
67,2.736605830284126e-05
67,2.7138906977899112e-05
67,2.69058946673198e-05
67,2.6654529581493586e-05
67,2.635085233856355e-05
67,2.5954914025879556e-05
67,2.544210157929302e-05
67,2.482247288653821e-05
67,2.415008152082986e-05
67,2.351706069723366e-05
67,2.3032592452666677e-05
67,2.2792893340522448e-05
67,2.2852312885087896e-05
67,2.320570532178224e-05
67,2.3788425700682865e-05
67,2.449423669469699e-05
67,2.5205254811586226e-05
67,2.582385125791857e-05
67,2.629581130932197e-05
67,2.661759071016599e-05
67,2.682671313501306e-05
67,2.698031232421516e-05
67,2.713022823267993e-05
67,2.730338716933484e-05
67,2.749391193117002e-05
67,2.766910712263185e-05
67,2.7786162595483597e-05
67,2.7812026382689298e-05
67,2.7737556926308716e-05
67,2.7579754224965077e-05
67,2.7371511283478787e-05
67,2.7144129451825337e-05
67,2.6910915220866888e-05
67,2.665933207046827e-05
67,2.6355380831135854e-05
67,2.5959095380259548e-05
67,2.5445878376985985e-05
67,2.482583471108736e-05
67,2.415308047920781e-05
67,2.3519800121580285e-05
67,2.303518674066188e-05
67,2.2795409294967636e-05
67,2.285471343574288e-05
67,2.32078199053332e-05
67,2.378996510379942e-05
67,2.449485478395107e-05
67,2.5204640265170222e-05
67,2.5821817587955405e-05
67,2.629235156384162e-05
67,2.6612876744939966e-05
67,2.6821041690786267e-05
67,2.6974020123488287e-05
67,2.712360773451738e-05
67,2.729663170565205e-05
67,2.7487106276987156e-05
67,2.766226176810363e-05
67,2.777927327989423e-05
67,2.780513105976911e-05
67,2.7730764103854124e-05
67,2.7573229299788082e-05
67,2.736542605372993e-05
67,2.7138596430527098e-05
67,2.6905935551269657e-05
67,2.6654781033453145e-05
67,2.6351040663056813e-05
67,2.595472694926706e-05
67,2.5441307482936057e-05
67,2.4821021178791212e-05
67,2.4148142713402754e-05
67,2.3514984065859177e-05
67,2.3030790249660538e-05
67,2.279169093694745e-05
67,2.2851820215515887e-05
67,2.3205759385630813e-05
67,2.3788628968271996e-05
67,2.4494081388900258e-05
67,2.5204290378926838e-05
67,2.582183434719986e-05
67,2.629278341283093e-05
67,2.6613857387313013e-05
67,2.682273695115594e-05
67,2.697656168547992e-05
67,2.7127036018885594e-05
67,2.730086618017522e-05
67,2.749195261926384e-05
67,2.7667452599163058e-05
67,2.7784526115496438e-05
67,2.7810199815354028e-05
67,2.7735463921742728e-05
67,2.7577428091578137e-05
67,2.736901304788288e-05
67,2.7141448772922794e-05
67,2.6907903149265954e-05
67,2.6655699406282016e-05
67,2.6350768504186354e-05
67,2.5953195447706536e-05
67,2.543856409773358e-05
67,2.48172509368637e-05
67,2.4143655051724488e-05
67,2.351016302998368e-05
67,2.302601871954913e-05
67,2.278727054271489e-05
67,2.2847912086017817e-05
67,2.3202364553817376e-05
67,2.378561365660545e-05
67,2.4491236877503804e-05
67,2.5201405343311425e-05
67,2.5818753913933682e-05
67,2.628943584089377e-05
67,2.661024377172224e-05
67,2.6818894461328416e-05
67,2.6972519356894678e-05
67,2.712278186292741e-05
67,2.729633791148005e-05
67,2.748705493898406e-05
67,2.766209416083608e-05
67,2.7778661598060503e-05
67,2.780385996102273e-05
67,2.7728760781604695e-05
67,2.7570532872627624e-05
67,2.7362115618378898e-05
67,2.7134715518617454e-05
67,2.6901449936161773e-05
67,2.664958959869139e-05
67,2.634503601436049e-05
67,2.5947883437119965e-05
67,2.543376367908762e-05
67,2.481312279562012e-05
67,2.414042167860537e-05
67,2.3508069719153633e-05
67,2.3025273860521792e-05
67,2.2787984384035962e-05
67,2.2850054198352603e-05
67,2.320575397120452e-05
67,2.378994566276163e-05
67,2.4496140131705492e-05
67,2.520651444485716e-05
67,2.5823777494436545e-05
67,2.62942012145829e-05
67,2.6614706749869128e-05
67,2.6823114328588098e-05
67,2.6976609500670865e-05
67,2.7126853132183504e-05
67,2.7300453542481088e-05
67,2.7491211902308304e-05
67,2.7666235807762476e-05
67,2.7782713484035714e-05
67,2.780777063016789e-05
67,2.773252760083432e-05
67,2.7574200973211025e-05
67,2.736575137767707e-05
67,2.71383676482243e-05
67,2.6905115765245572e-05
67,2.6653200928573422e-05
67,2.634847111637976e-05
67,2.5951002714856297e-05
67,2.5436458035592915e-05
67,2.4815357581894344e-05
67,2.4142257979594366e-05
67,2.350965099947358e-05
67,2.3026778898342027e-05
67,2.2789561863185157e-05
67,2.2851763406807193e-05
67,2.3207535268251228e-05
67,2.379163383094704e-05
67,2.4497517573933442e-05
67,2.520738554535313e-05
67,2.582403670185006e-05
67,2.629386991362416e-05
67,2.661392696142087e-05
67,2.682210414086453e-05
67,2.6975597997794107e-05
67,2.7126017585283243e-05
67,2.7299879165457246e-05
67,2.7490886079257533e-05
67,2.7666076175456153e-05
67,2.778261618789267e-05
67,2.7807656909845703e-05
67,2.773236806749424e-05
67,2.7574007752190688e-05
67,2.7365543836897627e-05
67,2.713812991125359e-05
67,2.6904767645535224e-05
67,2.6652597711317627e-05
67,2.6347435691920835e-05
67,2.594938098478847e-05
67,2.543417901944284e-05
67,2.4812475870394348e-05
67,2.413896004208882e-05
67,2.350621844014943e-05
67,2.3023517594273366e-05
67,2.2786719477203392e-05
67,2.2849462948613107e-05
67,2.320574704145812e-05
67,2.379019483863486e-05
67,2.4496191288707565e-05
67,2.5205941021037453e-05
67,2.58223190494513e-05
67,2.629183763810134e-05
67,2.661164497077392e-05
67,2.681969841269943e-05
67,2.6973191151278885e-05
67,2.71236696502744e-05
67,2.7297554644119878e-05
67,2.7488458572301044e-05
67,2.766336789799445e-05
67,2.7779456071285937e-05
67,2.7803933406689148e-05
67,2.772805532082287e-05
67,2.756915594019477e-05
67,2.736024068890777e-05
67,2.7132452690497854e-05
67,2.689874776802541e-05
67,2.664621354392915e-05
67,2.63406371771175e-05
67,2.5942137516471063e-05
67,2.5426532815316245e-05
67,2.480457920769124e-05
67,2.4131078149825285e-05
67,2.349869108947584e-05
67,2.301668830419032e-05
67,2.2780855022607226e-05
67,2.2844690895219582e-05
67,2.320203295369613e-05
67,2.3787366567999555e-05
67,2.449400128081879e-05
67,2.5204144684602787e-05
67,2.5820742358248106e-05
67,2.629041247758937e-05
67,2.6610404218647874e-05
67,2.681873789836279e-05
67,2.6972615771244685e-05
67,2.7123543667580947e-05
67,2.729787294938473e-05
67,2.7489148001047382e-05
67,2.7664316737713275e-05
67,2.778055853998286e-05
67,2.780512911051908e-05
67,2.772934572834794e-05
67,2.757059080340748e-05
67,2.7361881879036516e-05
67,2.7134333423877634e-05
67,2.6900846499342976e-05
67,2.6648454438410913e-05
67,2.6342917858107264e-05
67,2.5944374551163194e-05
67,2.5428708648579455e-05
67,2.4806772138216706e-05
67,2.413346069139489e-05
67,2.3501492032542982e-05
67,2.3020127416651082e-05
67,2.278507099166137e-05
67,2.284968723955031e-05
67,2.320766128430456e-05
67,2.379335414469477e-05
67,2.4500014953969845e-05
67,2.5209870773788113e-05
67,2.5825956156211462e-05
67,2.6295014992228435e-05
67,2.661441660845793e-05
67,2.6822259906314574e-05
67,2.697576614215138e-05
67,2.7126404553935193e-05
67,2.7300457196546155e-05
67,2.7491399491529634e-05
67,2.7666141596125378e-05
67,2.7781872740516846e-05
67,2.7805901090225066e-05
67,2.772961486429298e-05
67,2.7570453722403516e-05
67,2.736145339798561e-05
67,2.7133700120544478e-05
67,2.690003336968112e-05
67,2.664741882757501e-05
67,2.634157387579713e-05
67,2.5942639922130937e-05
67,2.5426557365473314e-05
67,2.4804272593482676e-05
67,2.4130782160122644e-05
67,2.3498872881459e-05
67,2.3017813095520814e-05
67,2.2783242443501715e-05
67,2.284840497999156e-05
67,2.3206845187706898e-05
67,2.379280658737294e-05
67,2.449948023427325e-05
67,2.520911134168483e-05
67,2.582482021469099e-05
67,2.6293473371230368e-05
67,2.6612558697102493e-05
67,2.6820253408011752e-05
67,2.697379689580545e-05
67,2.712461741415363e-05
67,2.7298917189483507e-05
67,2.7490085044017336e-05
67,2.7664969817143728e-05
67,2.7780744016656412e-05
67,2.7804742272477387e-05
67,2.772840155200219e-05
67,2.756920263560199e-05
67,2.736019047510092e-05
67,2.71324212080766e-05
67,2.6898676956018134e-05
67,2.664586432850557e-05
67,2.6339668570049345e-05
67,2.5940247046427544e-05
67,2.5423609680433506e-05
67,2.4800811754415283e-05
67,2.4126966582866287e-05
67,2.349494651038961e-05
67,2.3014042066240018e-05
67,2.2779840039159273e-05
67,2.2845471107128537e-05
67,2.320434203298237e-05
67,2.3790579233087995e-05
67,2.4497314891942775e-05
67,2.5206810221852543e-05
67,2.5822265958956763e-05
67,2.6290660534830978e-05
67,2.6609583498720592e-05
67,2.6817269149684637e-05
67,2.697095368562203e-05
67,2.712200800037051e-05
67,2.7252986469997278e-05
