  0.000,0.0
  1.000,0.02118138594317907
  0.000,0.02118138594317907
 2.6670E-05,0.022655892520355294
 5.3340E-05,0.026629990350851864
 8.0010E-05,0.033692881119447196
 1.0668E-04,0.04016055156937546
 1.3335E-04,0.04364353347550831
 1.6002E-04,0.043691789802553935
 1.8669E-04,0.04130823528515863
 2.1336E-04,0.039351335662400434
 2.4003E-04,0.03961359590160783
 2.6670E-04,0.04070671659741437
 2.9337E-04,0.040540608099164835
 3.2004E-04,0.03731122267510314
 3.4671E-04,0.030713007777633018
 3.7338E-04,0.023338374906771975
 4.0005E-04,0.01785689264154948
 4.2672E-04,0.014919295829131133
 4.5339E-04,0.013623161147753807
 4.8006E-04,0.011648204631191945
 5.0673E-04,0.007356488083874837
 5.3340E-04,0.0018691130838175774
 5.6007E-04,-0.002483728546972596
 5.8674E-04,-0.0037690754213982047
 6.1341E-04,-0.0015014238864668994
 6.4008E-04,0.0023707229730615077
 6.6675E-04,0.005357144245832566
 6.9342E-04,0.0066606578326361245
 7.2009E-04,0.0072248911604123845
 7.4676E-04,0.009171373722602917
 7.7343E-04,0.014084538903565116
 8.0010E-04,0.02121255485041172
 8.2677E-04,0.028238659105213403
 8.5344E-04,0.03307264543704831
 8.8011E-04,0.03508165362375147
 9.0678E-04,0.03570352496507793
 9.3345E-04,0.03713024989026075
 9.6012E-04,0.04017793376194437
 9.8679E-04,0.04378264812015056
 1.0135E-03,0.045797020370520976
 1.0401E-03,0.04453081141454137
 1.0668E-03,0.04031976476222955
 1.0935E-03,0.03522125995799128
 1.1201E-03,0.031238626107002117
 1.1468E-03,0.0289860508813439
 1.1735E-03,0.027256618116140535
 1.2001E-03,0.024042694980699015
 1.2268E-03,0.018498949826928502
 1.2535E-03,0.011665791052782367
 1.2802E-03,0.005695783506760957
 1.3068E-03,0.0023989167307920645
 1.3335E-03,0.001811936231663762
 1.3602E-03,0.0022873370710685408
 1.3868E-03,0.0020449832123407255
 1.4135E-03,0.0005706946618180937
 1.4402E-03,-0.0009454730765985828
 1.4669E-03,-0.0005110938385944081
 1.4935E-03,0.002933787370860506
 1.5202E-03,0.008628646974065013
 1.5469E-03,0.014589803333897897
 1.5735E-03,0.019038924839234674
 1.6002E-03,0.02172752981509822
 1.6269E-03,0.024014530841695997
 1.6535E-03,0.027537421083115517
 1.6802E-03,0.032756298094982914
 1.7069E-03,0.03847840655285613
 1.7335E-03,0.042656877948869514
 1.7602E-03,0.04397128011047157
 1.7869E-03,0.04282135055257304
 1.8136E-03,0.04087519903554409
 1.8402E-03,0.03970108611071109
 1.8669E-03,0.039509566014318355
 1.8936E-03,0.03899352473837872
 1.9202E-03,0.03649894675331499
 1.9469E-03,0.031460301629494
 1.9736E-03,0.02492953966455467
 2.0002E-03,0.018865723375679957
 2.0269E-03,0.014680231329168684
 2.0536E-03,0.012235757332159742
 2.0803E-03,0.01015579776506613
 2.1069E-03,0.007088925957248759
 2.1336E-03,0.002917930639275976
 2.1603E-03,-0.001025450656103202
 2.1869E-03,-0.002973354557349686
 2.2136E-03,-0.002099009938942828
 2.2403E-03,0.000877745722905659
 2.2669E-03,0.004277538665343762
 2.2936E-03,0.006788927997605387
 2.3203E-03,0.008473837064926344
 2.3470E-03,0.01060108583701342
 2.3736E-03,0.014490763213797773
 2.4003E-03,0.02032566522758795
 2.4270E-03,0.026860008333834933
 2.4536E-03,0.032287958370067815
 2.4803E-03,0.03556739704983271
 2.5070E-03,0.03710140135986429
 2.5337E-03,0.038264481856686336
 2.5603E-03,0.040172041357160876
 2.5870E-03,0.04268256233690602
 2.6137E-03,0.044467253023769596
 2.6403E-03,0.044074475726087074
 2.6670E-03,0.04110108540574552
 2.6937E-03,0.03654203478609433
 2.7203E-03,0.032032877638272096
 2.7470E-03,0.02860152518457591
 2.7737E-03,0.025962606853904
 2.8004E-03,0.022899520708112832
 2.8270E-03,0.01840050509452489
 2.8537E-03,0.012630356327993166
 2.8804E-03,0.006934666765319363
 2.9070E-03,0.002879820051174386
 2.9337E-03,0.0011230792799294652
 2.9604E-03,0.0010076762303330763
 2.9870E-03,0.0011956183321541606
 3.0137E-03,0.0008200352498306058
 3.0404E-03,0.00020926797536122198
 3.0670E-03,0.0006050124174255899
 3.0937E-03,0.0031199377567064984
 3.1204E-03,0.007777525731862477
 3.1471E-03,0.01341257108677859
 3.1737E-03,0.01851177286654116
 3.2004E-03,0.022305497584101358
 3.2271E-03,0.025234707238466852
 3.2537E-03,0.028430180924566263
 3.2804E-03,0.032636635874651695
 3.3071E-03,0.037468293844363044
 3.3337E-03,0.04160276676792976
 3.3604E-03,0.043748067289884965
 3.3871E-03,0.04360001375614389
 3.4138E-03,0.04201735232078214
 3.4404E-03,0.04027984766773827
 3.4671E-03,0.03904733826733992
 3.4938E-03,0.03786652275531355
 3.5204E-03,0.035613523077964344
 3.5471E-03,0.031502895287734235
 3.5738E-03,0.025833981241512993
 3.6004E-03,0.01986659841925413
 3.6271E-03,0.014935995388847873
 3.6538E-03,0.011526197283981318
 3.6805E-03,0.009042140549673712
 3.7071E-03,0.006449862585252032
 3.7338E-03,0.0032494485896492134
 3.7605E-03,-1.513807158577251e-05
 3.7871E-03,-0.002117959427360926
 3.8138E-03,-0.0020860080524581154
 3.8405E-03,5.039763698001364e-05
 3.8672E-03,0.003293187456229605
 3.8938E-03,0.006459544401730232
 3.9205E-03,0.009074529442033538
 3.9472E-03,0.011655581229386584
 3.9738E-03,0.015168607738876912
 4.0005E-03,0.020108899369851357
 4.0272E-03,0.025959808839891105
 4.0538E-03,0.03146825337451058
 4.0805E-03,0.03551358901740534
 4.1072E-03,0.037868363008756956
 4.1339E-03,0.03924056614662016
 4.1605E-03,0.04057636161058864
 4.1872E-03,0.042202132820033184
 4.2139E-03,0.04350585411981682
 4.2405E-03,0.043412879881452496
 4.2672E-03,0.041263446308544616
 4.2939E-03,0.03737487628350836
 4.3205E-03,0.032835192950618756
 4.3472E-03,0.02870314708514976
 4.3739E-03,0.02526617953289568
 4.4006E-03,0.021950856591444218
 4.4272E-03,0.017943515725017296
 4.4539E-03,0.013003343688259787
 4.4806E-03,0.0078018834257276995
 4.5072E-03,0.003514717214856972
 4.5339E-03,0.0009989641498014431
 4.5606E-03,0.00021990266386050044
 4.5872E-03,0.0003798382846894125
 4.6139E-03,0.0006321654689346313
 4.6406E-03,0.0007957891162424778
 4.6673E-03,0.0014923458893118147
 4.6939E-03,0.00360223107379281
 4.7206E-03,0.007487904815067182
 4.7473E-03,0.012615851987701491
 4.7739E-03,0.017881698229908222
 4.8006E-03,0.022374713686567
 4.8273E-03,0.02596550914492355
 4.8539E-03,0.029249356262850586
 4.8806E-03,0.03290426431559708
 4.9073E-03,0.036995975249197205
 4.9340E-03,0.04079929246329866
 4.9606E-03,0.04328115327007128
 4.9873E-03,0.04385219461696783
 5.0140E-03,0.042778200010640165
 5.0406E-03,0.04092392080132934
 5.0673E-03,0.03904625676302171
 5.0940E-03,0.03721534295673955
 5.1206E-03,0.03482938972713394
 5.1473E-03,0.031200918189389044
 5.1740E-03,0.026228597671926826
 5.2007E-03,0.020604676367542613
 5.2273E-03,0.015390755346305508
 5.2540E-03,0.01130774260180488
 5.2807E-03,0.008310746189446067
 5.3073E-03,0.005780868345188576
 5.3340E-03,0.003164454969555543
 5.3607E-03,0.000532562163182666
 5.3873E-03,-0.0013946383531881154
 5.4140E-03,-0.0017750083439495635
 5.4407E-03,-0.0002938394318253493
 5.4674E-03,0.002587517519705305
 5.4940E-03,0.005979350997044254
 5.5207E-03,0.00922244254669401
 5.5474E-03,0.012326124984072944
 5.5740E-03,0.015838145759077375
 5.6007E-03,0.020262464461906587
 5.6274E-03,0.02550591280591289
 5.6540E-03,0.03080701212034087
 5.6807E-03,0.03520662745750782
 5.7074E-03,0.03818114628005111
 5.7341E-03,0.03992984045178958
 5.7607E-03,0.04109247701564837
 5.7874E-03,0.04213711058434022
 5.8141E-03,0.04292184711632807
 5.8407E-03,0.0427863403436652
 5.8674E-03,0.041094184336944825
 5.8941E-03,0.03778121978078266
 5.9207E-03,0.03346358976260907
 5.9474E-03,0.02902096298267014
 5.9741E-03,0.024995765966994342
 6.0008E-03,0.021291981925897718
 6.0274E-03,0.017406998158181412
 6.0541E-03,0.012995536488498778
 6.0808E-03,0.00829892891136415
 6.1074E-03,0.00408828499615955
 6.1341E-03,0.001167903738536155
 6.1608E-03,-0.00016028090666793523
 6.1874E-03,-0.0002443288018947153
 6.2141E-03,0.00026775609855942594
 6.2408E-03,0.000984936681700099
 6.2675E-03,0.0020842269655363893
 6.2941E-03,0.004127977390465264
 6.3208E-03,0.007541944935655626
 6.3475E-03,0.012181671821466386
 6.3741E-03,0.01733998158732595
 6.4008E-03,0.02219031895557167
 6.4275E-03,0.026309543774059977
 6.4541E-03,0.02986297534802722
 6.4808E-03,0.0333118250194063
 6.5075E-03,0.03689132943518737
 6.5342E-03,0.04029083289623683
 6.5608E-03,0.04279859100026936
 6.5875E-03,0.043794137046450195
 6.6142E-03,0.04318917648501917
 6.6408E-03,0.04146244192461056
 6.6675E-03,0.039266257983265704
 6.6942E-03,0.036929058506666966
 6.7208E-03,0.03425679389184106
 6.7475E-03,0.030787436555575295
 6.7742E-03,0.026282780603821145
 6.8009E-03,0.021051394215331563
 6.8275E-03,0.015837978362529655
 6.8542E-03,0.011368444412405632
 6.8809E-03,0.007916437981406794
 6.9075E-03,0.005233981204499003
 6.9342E-03,0.002890654778196909
 6.9609E-03,0.0007365434703627575
 6.9875E-03,-0.0008909642570084468
 7.0142E-03,-0.0013838622640558315
 7.0409E-03,-0.0003263061974778099
 7.0676E-03,0.002171020463766987
 7.0942E-03,0.0055327820304026335
 7.1209E-03,0.009124345520496327
 7.1476E-03,0.012672958805092728
 7.1742E-03,0.016368650502659007
 7.2009E-03,0.020571699590016715
 7.2276E-03,0.025372985365877686
 7.2542E-03,0.030370505225867764
 7.2809E-03,0.034847396013239884
 7.3076E-03,0.03821026023524326
 7.3343E-03,0.04033653316799152
 7.3609E-03,0.04155582915692538
 7.3876E-03,0.0422890645852657
 7.4143E-03,0.04264555470825071
 7.4409E-03,0.042307760336312956
 7.4676E-03,0.0407950815826885
 7.4943E-03,0.03788836757576335
 7.5209E-03,0.03386762103452517
 7.5476E-03,0.029369908740450756
 7.5743E-03,0.02498378962181505
 7.6010E-03,0.02090715536614518
 7.6276E-03,0.01693839794028724
 7.6543E-03,0.012797042625458178
 7.6810E-03,0.008503707454629385
 7.7076E-03,0.004505128178049178
 7.7343E-03,0.0014405320440633827
 7.7610E-03,-0.0002630445708897409
 7.7876E-03,-0.0006430966785499477
 7.8143E-03,-0.00010443227199022267
 7.8410E-03,0.0009421841655509605
 7.8677E-03,0.0024098421140742914
 7.8943E-03,0.004568288146473545
 7.9210E-03,0.007758139656243035
 7.9477E-03,0.012023413535625084
 7.9743E-03,0.016963761981694903
 8.0010E-03,0.021928583952906575
 8.0277E-03,0.02639885932103189
 8.0543E-03,0.030252612191717945
 8.0810E-03,0.03370692077843609
 8.1077E-03,0.03699324476850967
 8.1344E-03,0.04003804538041801
 8.1610E-03,0.04241307709433874
 8.1877E-03,0.043597727529645636
 8.2144E-03,0.0433412623555477
 8.2410E-03,0.04183265529108036
 8.2677E-03,0.039543737038319204
 8.2944E-03,0.03687677537021161
 8.3210E-03,0.03390313460479148
 8.3477E-03,0.03040073379688663
 8.3744E-03,0.026152135372213718
 8.4011E-03,0.021253627621021072
 8.4277E-03,0.016179363371051313
 8.4544E-03,0.011545824986086365
 8.4811E-03,0.0077645210815436815
 8.5077E-03,0.00485807703645361
 8.5344E-03,0.0025792893205308334
 8.5611E-03,0.0007271996251174088
 8.5877E-03,-0.0006022089543169032
 8.6144E-03,-0.0010358840492906076
 8.6411E-03,-0.00019739059114118546
 8.6678E-03,0.0019879106175767314
 8.6944E-03,0.005202491828372948
 8.7211E-03,0.008933003813257383
 8.7478E-03,0.01279483924708025
 8.7744E-03,0.0167257444782646
 8.8011E-03,0.020898523718455436
 8.8278E-03,0.025432116709564148
 8.8544E-03,0.03014309520709039
 8.8811E-03,0.03454488071894032
 8.9078E-03,0.038099600947367356
 8.9345E-03,0.04052247593135855
 8.9611E-03,0.041897167229842276
 8.9878E-03,0.04251533551353176
 9.0145E-03,0.04257731701536506
 9.0411E-03,0.04200077574910441
 9.0678E-03,0.040492470733638396
 9.0945E-03,0.037821771391546806
 9.1211E-03,0.03407033529635761
 9.1478E-03,0.029653194698043384
 9.1745E-03,0.025093314576098258
 9.2011E-03,0.020730536479631516
 9.2278E-03,0.0165953822799903
 9.2545E-03,0.01254099719821734
 9.2812E-03,0.008516432981388827
 9.3078E-03,0.004752043360429238
 9.3345E-03,0.001702227156754589
 9.3612E-03,-0.0002107689380305422
 9.3878E-03,-0.000847807976324873
 9.4145E-03,-0.00040047748160054394
 9.4412E-03,0.0007976799942966909
 9.4678E-03,0.0025400386071437325
 9.4945E-03,0.004878298200025539
 9.5212E-03,0.008013518077318205
 9.5479E-03,0.012040180924156329
 9.5745E-03,0.016755449749147448
 9.6012E-03,0.021692058030787234
 9.6279E-03,0.026352024906387293
 9.6545E-03,0.030456786987756262
 9.6812E-03,0.03401785659358776
 9.7079E-03,0.03717915924436419
 9.7345E-03,0.0399673491977152
 9.7612E-03,0.04215904609693972
 9.7879E-03,0.04337622815809377
 9.8146E-03,0.043333838150884506
 9.8412E-03,0.04203972782126873
 9.8679E-03,0.03978659123438009
 9.8946E-03,0.036944863859892374
 9.9212E-03,0.033725523307038
 9.9479E-03,0.03010256663307698
 9.9746E-03,0.025951873029069154
 1.0001E-02,0.02128623666469521
 1.0028E-02,0.016389396269177556
 1.0055E-02,0.011735796118280828
 1.0081E-02,0.007757301363351441
 1.0108E-02,0.0046406540250396745
 1.0135E-02,0.0023121609159506206
 1.0161E-02,0.0006135326274031116
 1.0188E-02,-0.00048040324460696393
 1.0215E-02,-0.0007820747088754818
 1.0241E-02,-1.4759521108224645e-05
 1.0268E-02,0.0019613572338513813
 1.0295E-02,0.005004113950196934
 1.0321E-02,0.008742801330344246
 1.0348E-02,0.012787758663336129
 1.0375E-02,0.016929503986189094
 1.0401E-02,0.02117181047654008
 1.0428E-02,0.02557956606675714
 1.0455E-02,0.030072716196734735
 1.0481E-02,0.034340207852892574
 1.0508E-02,0.03794907794502296
 1.0535E-02,0.04056475324628802
 1.0561E-02,0.042108606030226044
 1.0588E-02,0.04273048561224939
 1.0615E-02,0.042624282860470486
 1.0641E-02,0.04184044261402744
 1.0668E-02,0.0402487356745307
 1.0695E-02,0.03767958165067538
 1.0721E-02,0.034125752291357406
 1.0748E-02,0.02983752067334454
 1.0775E-02,0.025231690567738357
 1.0801E-02,0.020685743273174875
 1.0828E-02,0.016379404084591594
 1.0855E-02,0.012304615080653374
 1.0881E-02,0.008426835451008289
 1.0908E-02,0.004858701494989489
 1.0935E-02,0.001899376083289531
 1.0961E-02,-9.612313692066582e-05
 1.0988E-02,-0.0009149908067514071
 1.1015E-02,-0.0005955949564983495
 1.1041E-02,0.0006365760324919466
 1.1068E-02,0.002550933416596266
 1.1095E-02,0.005063805467308146
 1.1121E-02,0.008239736803226021
 1.1148E-02,0.012145540830246049
 1.1175E-02,0.016680540077905065
 1.1201E-02,0.02152542849773154
 1.1228E-02,0.026255841449460346
 1.1255E-02,0.03053370843492658
 1.1281E-02,0.03422751253441751
 1.1308E-02,0.0373713961266612
 1.1335E-02,0.04000413005062487
 1.1361E-02,0.04202534861640091
 1.1388E-02,0.043190237093774814
 1.1415E-02,0.04324929548175787
 1.1441E-02,0.04212083543996744
 1.1468E-02,0.0399572130980841
 1.1495E-02,0.03705227824815242
 1.1521E-02,0.033665609426441145
 1.1548E-02,0.02990425457227944
 1.1575E-02,0.025753015080867452
 1.1601E-02,0.021221804724244127
 1.1628E-02,0.016483536746834507
 1.1655E-02,0.011884880434949209
 1.1681E-02,0.007816353958740946
 1.1708E-02,0.004541937873096277
 1.1735E-02,0.002119798598641028
 1.1761E-02,0.0004709226541915921
 1.1788E-02,-0.00046664449282143676
 1.1815E-02,-0.0006273071908970642
 1.1841E-02,0.00015763174768217733
 1.1868E-02,0.0020206028612210986
 1.1895E-02,0.00491725134967117
 1.1921E-02,0.008599565150308778
 1.1948E-02,0.01272597912293849
 1.1975E-02,0.01702231367105452
 1.2002E-02,0.021368218752466785
 1.2028E-02,0.025745930354732174
 1.2055E-02,0.030100582019437848
 1.2082E-02,0.03423264794158225
 1.2108E-02,0.037815914982752975
 1.2135E-02,0.040531507410133935
 1.2162E-02,0.0422138874088944
 1.2188E-02,0.04289516356660264
 1.2215E-02,0.04271664151109471
 1.2242E-02,0.041783410376815704
 1.2268E-02,0.04008179833543182
 1.2295E-02,0.03752575614835645
 1.2322E-02,0.034091532045445565
 1.2348E-02,0.029927655730222144
 1.2375E-02,0.025347562930786733
 1.2402E-02,0.020707482965766813
 1.2428E-02,0.016264175518823032
 1.2455E-02,0.012121404968568707
 1.2482E-02,0.00830046069101283
 1.2508E-02,0.004869398714192556
 1.2535E-02,0.0020195377683767295
 1.2562E-02,2.2421510481639498e-05
 1.2588E-02,-0.0009014481577018572
 1.2615E-02,-0.0006991266392882137
 1.2642E-02,0.0005039684941064023
 1.2668E-02,0.002505040439656098
 1.2695E-02,0.005154106320293379
 1.2722E-02,0.008409641424570029
 1.2748E-02,0.012278486963546569
 1.2775E-02,0.016693845438641164
 1.2802E-02,0.021435648409378748
 1.2828E-02,0.02616315603193623
 1.2855E-02,0.030538823283697437
 1.2882E-02,0.034349046328839325
 1.2908E-02,0.037530689977251105
 1.2935E-02,0.04008912186350585
 1.2962E-02,0.04198095856120288
 1.2988E-02,0.04306176928825337
 1.3015E-02,0.043144222042344575
 1.3042E-02,0.04212087897574096
 1.3068E-02,0.04005258526821432
 1.3095E-02,0.03715109647288608
 1.3122E-02,0.03366989599947369
 1.3148E-02,0.029790095430625392
 1.3175E-02,0.0255899213964338
 1.3202E-02,0.021116379678268987
 1.3228E-02,0.016493961189390394
 1.3255E-02,0.01197567047449584
 1.3282E-02,0.007889326856206682
 1.3308E-02,0.004517299313766895
 1.3335E-02,0.0020012222052342822
 1.3362E-02,0.0003423207842492581
 1.3388E-02,-0.0005092107987244911
 1.3415E-02,-0.0005529014171136864
 1.3442E-02,0.00029075469179952213
 1.3468E-02,0.0021128902742642186
 1.3495E-02,0.0049082582163317776
 1.3522E-02,0.00851568466252656
 1.3548E-02,0.012657372525016603
 1.3575E-02,0.017048439828872424
 1.3602E-02,0.02149269224599941
 1.3628E-02,0.02589331345976729
 1.3655E-02,0.030177119052225403
 1.3682E-02,0.03420119936163806
 1.3708E-02,0.037724340568093234
 1.3735E-02,0.04047203471178833
 1.3762E-02,0.0422471469525836
 1.3788E-02,0.04300087696491073
 1.3815E-02,0.04281066398860281
 1.3842E-02,0.041786559221543146
 1.3868E-02,0.039984074355754344
 1.3895E-02,0.03739397274497663
 1.3922E-02,0.034014858172311147
 1.3948E-02,0.02994593897905626
 1.3975E-02,0.025420646902235645
 1.4002E-02,0.02074975095424712
 1.4028E-02,0.016215459008538022
 1.4055E-02,0.011996424454329982
 1.4082E-02,0.008177120247449337
 1.4108E-02,0.004826155382111905
 1.4135E-02,0.0020730094206498264
 1.4162E-02,0.00011550823683519063
 1.4188E-02,-0.0008520476572583069
 1.4215E-02,-0.0007350854190066357
 1.4242E-02,0.00041581939262317095
 1.4268E-02,0.0024449471102530713
 1.4295E-02,0.005183739681215377
 1.4322E-02,0.00852195173236052
 1.4348E-02,0.012403386355893184
 1.4375E-02,0.016754567695173264
 1.4402E-02,0.02140977890794548
 1.4428E-02,0.02609901388707695
 1.4455E-02,0.03051444751424235
 1.4482E-02,0.0344075994851017
 1.4508E-02,0.037644868708306425
 1.4535E-02,0.040183145364783575
 1.4562E-02,0.04199174543898304
 1.4588E-02,0.04298933359062606
 1.4615E-02,0.043050587081775865
 1.4642E-02,0.04207898876489814
 1.4668E-02,0.040087215963653784
 1.4695E-02,0.037219747904482965
 1.4722E-02,0.033698624860746935
 1.4749E-02,0.029734538529325186
 1.4775E-02,0.02547175828534607
 1.4802E-02,0.021006027186888307
 1.4829E-02,0.016454166148943523
 1.4855E-02,0.012012061866981796
 1.4882E-02,0.007947716753033355
 1.4909E-02,0.004529222746289245
 1.4935E-02,0.001940281975686109
 1.4962E-02,0.00024572232730639865
 1.4989E-02,-0.0005708778018991548
 1.5015E-02,-0.000532651103737831
 1.5042E-02,0.0003787970113509683
 1.5069E-02,0.002205459162341732
 1.5095E-02,0.004944174285621092
 1.5122E-02,0.008484598962332508
 1.5149E-02,0.012606757890026521
 1.5175E-02,0.01704366039635217
 1.5202E-02,0.02156293029441011
 1.5229E-02,0.026007250636313244
 1.5255E-02,0.030267785345622623
 1.5282E-02,0.03421943170697018
 1.5309E-02,0.03767733275572469
 1.5335E-02,0.040415957600437626
 1.5362E-02,0.04224033864172028
 1.5389E-02,0.04305599871149778
 1.5415E-02,0.042884642015824176
 1.5442E-02,0.04181604458070832
 1.5469E-02,0.039937143927153064
 1.5495E-02,0.03729597501958163
 1.5522E-02,0.03392777379453802
 1.5549E-02,0.029918537103620302
 1.5575E-02,0.025450131372734816
 1.5602E-02,0.020785730825361403
 1.5629E-02,0.016202412323595254
 1.5655E-02,0.011919771651803204
 1.5682E-02,0.008075605966427655
 1.5709E-02,0.004760951890281913
 1.5735E-02,0.002078999381375836
 1.5762E-02,0.0001742301632394051
 1.5789E-02,-0.0007962955838259288
 1.5815E-02,-0.0007295389159927622
 1.5842E-02,0.00037048202596281577
 1.5869E-02,0.0023944663066836026
 1.5895E-02,0.005182464091211564
 1.5922E-02,0.008588288898228828
 1.5949E-02,0.01250456220307409
 1.5975E-02,0.01683272080990398
 1.6002E-02,0.02142792321894456
 1.6029E-02,0.02606956955301544
 1.6055E-02,0.030487495498555065
 1.6082E-02,0.03442881903848842
 1.6109E-02,0.03771756896311078
 1.6135E-02,0.04026514812598641
 1.6162E-02,0.042029314382529895
 1.6189E-02,0.04296028266857027
 1.6215E-02,0.042981550359626745
 1.6242E-02,0.04202316275198945
 1.6269E-02,0.040081083750114314
 1.6295E-02,0.03725410595778078
 1.6322E-02,0.033727190018428915
 1.6349E-02,0.02971265507239975
 1.6375E-02,0.025393448247569603
 1.6402E-02,0.02090939635156397
 1.6429E-02,0.01639117513121314
 1.6455E-02,0.01200752140411836
 1.6482E-02,0.0079807183574108
 1.6509E-02,0.00455163759151069
 1.6535E-02,0.001916857921309223
 1.6562E-02,0.00018311984396591238
 1.6589E-02,-0.0006294070137708947
 1.6615E-02,-0.0005422454489617311
 1.6642E-02,0.00042851287582007524
 1.6669E-02,0.002282270209381351
 1.6695E-02,0.00499937760561346
 1.6722E-02,0.008491892696709228
 1.6749E-02,0.012582428712184198
 1.6775E-02,0.017032006827496615
 1.6802E-02,0.021599096408096097
 1.6829E-02,0.026087786579091603
 1.6855E-02,0.030352714413454114
 1.6882E-02,0.03426388055846691
 1.6909E-02,0.03766686490913341
 1.6935E-02,0.040377001304042946
 1.6962E-02,0.042217561680499005
 1.6989E-02,0.04307535512517896
 1.7015E-02,0.042932228879900405
 1.7042E-02,0.041849740970154224
 1.7069E-02,0.03992121333074473
 1.7095E-02,0.03723030599896586
 1.7122E-02,0.03384812345205148
 1.7149E-02,0.029867925550421504
 1.7175E-02,0.025444884169454167
 1.7202E-02,0.020803671583052522
 1.7229E-02,0.016202405649407857
 1.7255E-02,0.011876348774766884
 1.7282E-02,0.008000457711811845
 1.7309E-02,0.0046940719759143166
 1.7336E-02,0.0020569830099832877
 1.7362E-02,0.00020155370836781074
 1.7389E-02,-0.0007499317185897779
 1.7416E-02,-0.000704019202172482
 1.7442E-02,0.00035806471058809526
 1.7469E-02,0.00236318630691457
 1.7496E-02,0.005171380028576201
 1.7522E-02,0.008624100923870682
 1.7549E-02,0.01257940889304107
 1.7576E-02,0.016909967636035684
 1.7602E-02,0.0214710170325996
 1.7629E-02,0.026070450389827162
 1.7656E-02,0.03047164547320577
 1.7682E-02,0.03443314930823835
 1.7709E-02,0.03775937190604639
 1.7736E-02,0.040327400390423554
 1.7762E-02,0.042074105665839745
 1.7789E-02,0.04295921365291377
 1.7816E-02,0.042938295985352565
 1.7842E-02,0.04197001604282107
 1.7869E-02,0.04005259193707935
 1.7896E-02,0.037259435892215406
 1.7922E-02,0.03374361087810492
 1.7949E-02,0.029705118652855883
 1.7976E-02,0.025344042099323297
 1.8002E-02,0.020832672863621466
 1.8029E-02,0.016323108652519683
 1.8056E-02,0.011977324399388764
 1.8082E-02,0.00798845944768907
 1.8109E-02,0.004569598298723641
 1.8136E-02,0.0019131671672958333
 1.8162E-02,0.00014827149123112148
 1.8189E-02,-0.0006746008026032363
 1.8216E-02,-0.0005634657802684876
 1.8242E-02,0.0004513544112936694
 1.8269E-02,0.002338853813701168
 1.8296E-02,0.005057272930789869
 1.8322E-02,0.008522380978907285
 1.8349E-02,0.012582851048692379
 1.8376E-02,0.017026670685612116
 1.8402E-02,0.021618271955731124
 1.8429E-02,0.02614203852346577
 1.8456E-02,0.03042342468591698
 1.8482E-02,0.03431751628490356
 1.8509E-02,0.037681246379986134
 1.8536E-02,0.04035821628421564
 1.8562E-02,0.04219396017346448
 1.8589E-02,0.04307377084794072
 1.8616E-02,0.04295592333587308
 1.8642E-02,0.04187594387379227
 1.8669E-02,0.039920024777681445
 1.8696E-02,0.037189376271528844
 1.8722E-02,0.033783029761819974
 1.8749E-02,0.02981000101800347
 1.8776E-02,0.025416611244105436
 1.8802E-02,0.020801670936193197
 1.8829E-02,0.0162016253210781
 1.8856E-02,0.011851730290733078
 1.8882E-02,0.007948294969864905
 1.8909E-02,0.0046357802314666765
 1.8936E-02,0.0020224274173893586
 1.8962E-02,0.0002056104990108324
 1.8989E-02,-0.0007186310775128491
 1.9016E-02,-0.0006732677465309707
 1.9042E-02,0.0003667552205908599
 1.9069E-02,0.0023517164112211468
 1.9096E-02,0.00516287866916936
 1.9122E-02,0.00864342092203965
 1.9149E-02,0.01263225433451033
 1.9176E-02,0.016977553259684953
 1.9202E-02,0.021524453738446
 1.9229E-02,0.026093075349867326
 1.9256E-02,0.030471208857143037
 1.9282E-02,0.03443415013819557
 1.9309E-02,0.03778199838590258
 1.9336E-02,0.04037031575769359
 1.9362E-02,0.042115026459748205
 1.9389E-02,0.04297265088840482
 1.9416E-02,0.0429159113636846
 1.9442E-02,0.04192707743685093
 1.9469E-02,0.04001546402273482
 1.9496E-02,0.03724446730749993
 1.9522E-02,0.03374461361683514
 1.9549E-02,0.029699442868843927
 1.9576E-02,0.025312051158255532
 1.9602E-02,0.020774645323077896
 1.9629E-02,0.01625989196786471
 1.9656E-02,0.011934383649571202
 1.9682E-02,0.007976377750822041
 1.9709E-02,0.004576766061405047
 1.9736E-02,0.0019163475606478104
 1.9762E-02,0.00013224423444937214
 1.9789E-02,-0.0007043043422549542
 1.9816E-02,-0.0005849380558411788
 1.9842E-02,0.0004586329736983282
 1.9869E-02,0.0023773368102504152
 1.9896E-02,0.005109196983121437
 1.9922E-02,0.008563730203939364
 1.9949E-02,0.012602020768320666
 1.9976E-02,0.01703274981338248
 2.0002E-02,0.02163240403557292
 2.0029E-02,0.02617906293009314
 2.0056E-02,0.030478793066380412
 2.0083E-02,0.03437006788217471
 2.0109E-02,0.037709481827132026
 2.0136E-02,0.04035679447962821
 2.0163E-02,0.04217708946409636
 2.0189E-02,0.04306291993313307
 2.0216E-02,0.0429620110016242
 2.0243E-02,0.04189052240374806
 2.0269E-02,0.03992250085794137
 2.0296E-02,0.03716421596917792
 2.0323E-02,0.03373286885768787
 2.0349E-02,0.029754071723493584
 2.0376E-02,0.025375917142787058
 2.0403E-02,0.02078303874924884
 2.0429E-02,0.01619349668906775
 2.0456E-02,0.011834884563323253
 2.0483E-02,0.00791259007858873
 2.0509E-02,0.004589269859540799
 2.0536E-02,0.0019855562020491004
 2.0563E-02,0.0001953246187326829
 2.0589E-02,-0.0007019511206020418
 2.0616E-02,-0.0006455800187501596
 2.0643E-02,0.00038631338010461087
 2.0669E-02,0.002356153675681342
 2.0696E-02,0.005162467005717557
 2.0723E-02,0.008656609197847127
 2.0749E-02,0.012669890783316009
 2.0776E-02,0.017033259965223105
 2.0803E-02,0.02157890619743714
 2.0829E-02,0.02612863286265374
 2.0856E-02,0.030485009356832307
 2.0883E-02,0.0344391400788681
 2.0909E-02,0.03779523556222528
 2.0936E-02,0.04039819572194163
 2.0963E-02,0.04214747490624869
 2.0989E-02,0.04299092389598375
 2.1016E-02,0.042907552763291376
 2.1043E-02,0.041895841228270406
 2.1069E-02,0.03997822321909456
 2.1096E-02,0.03721776613741531
 2.1123E-02,0.03373187071069432
 2.1149E-02,0.029689134255322568
 2.1176E-02,0.025288165592482256
 2.1203E-02,0.020730749645762932
 2.1229E-02,0.01620534084635422
 2.1256E-02,0.011887714080409065
 2.1283E-02,0.007951346408626436
 2.1309E-02,0.004572349173598043
 2.1336E-02,0.0019186711463986842
 2.1363E-02,0.0001266891415797847
 2.1389E-02,-0.0007207467843581643
 2.1416E-02,-0.0006010464178732046
 2.1443E-02,0.00045918729998150254
 2.1469E-02,0.002402613706270991
 2.1496E-02,0.005152198963334235
 2.1523E-02,0.008607619365213058
 2.1549E-02,0.012633027883051647
 2.1576E-02,0.01705030838355568
 2.1603E-02,0.02164839493898737
 2.1629E-02,0.0262069382619714
 2.1656E-02,0.03052152694087747
 2.1683E-02,0.03441674625118036
 2.1709E-02,0.037743252542432756
 2.1736E-02,0.04036766579699115
 2.1763E-02,0.042169195614948536
 2.1789E-02,0.04305045750306589
 2.1816E-02,0.042957289474098735
 2.1843E-02,0.041893919681391126
 2.1869E-02,0.03992244668332737
 2.1896E-02,0.03714708808800536
 2.1923E-02,0.03369464459345808
 2.1949E-02,0.029704252025803672
 2.1976E-02,0.025330614593488725
 2.2003E-02,0.02075292457112052
 2.2029E-02,0.016176374779079686
 2.2056E-02,0.011818780458674242
 2.2083E-02,0.007886666625395423
 2.2109E-02,0.004553604356616342
 2.2136E-02,0.0019518613058646089
 2.2163E-02,0.00017811073878234301
 2.2189E-02,-0.0006965570168767612
 2.2216E-02,-0.000624341815873949
 2.2243E-02,0.00040944314462536225
 2.2269E-02,0.002371222887988662
 2.2296E-02,0.005171122082227201
 2.2323E-02,0.00867003179572534
 2.2349E-02,0.012698869757840209
 2.2376E-02,0.0170785318943948
 2.2403E-02,0.021629606168373106
 2.2429E-02,0.026170071600574753
 2.2456E-02,0.030509442583858095
 2.2483E-02,0.03445083630351103
 2.2509E-02,0.03780584649407906
 2.2536E-02,0.040416324262433856
 2.2563E-02,0.042170993911823905
 2.2589E-02,0.04300827345018232
 2.2616E-02,0.04290688790802591
 2.2643E-02,0.04187453905740397
 2.2669E-02,0.039945043503243904
 2.2696E-02,0.037185997751951354
 2.2723E-02,0.033709112494970835
 2.2750E-02,0.029672003179720283
 2.2776E-02,0.025266116740041932
 2.2803E-02,0.020695755375404495
 2.2830E-02,0.016159478925278616
 2.2856E-02,0.011842513138279075
 2.2883E-02,0.007919479149954382
 2.2910E-02,0.0045584320996285115
 2.2936E-02,0.0019165586782673677
 2.2963E-02,0.00012531733013723722
 2.2990E-02,-0.0007278224705222933
 2.3016E-02,-0.0006101783093277325
 2.3043E-02,0.00045877110654509085
 2.3070E-02,0.0024198895262320264
 2.3096E-02,0.005186742964785631
 2.3123E-02,0.008649453959934595
 2.3150E-02,0.01266998870252486
 2.3176E-02,0.017076940303776066
 2.3203E-02,0.021669218053216085
 2.3230E-02,0.026231548800351657
 2.3256E-02,0.030555627471067097
 2.3283E-02,0.03445645479812545
 2.3310E-02,0.037777313117558976
 2.3336E-02,0.04038573301597985
 2.3363E-02,0.0421694561327875
 2.3390E-02,0.0430404508662416
 2.3416E-02,0.042947362224973945
 2.3443E-02,0.04188871728452892
 2.3470E-02,0.03991736649288925
 2.3496E-02,0.037132500916710026
 2.3523E-02,0.03366435127004899
 2.3550E-02,0.029661247169018072
 2.3576E-02,0.025285494083263076
 2.3603E-02,0.020716282281560715
 2.3630E-02,0.01615137073255163
 2.3656E-02,0.01179983367856801
 2.3683E-02,0.007865194330570181
 2.3710E-02,0.004526030591393578
 2.3736E-02,0.0019233581060416585
 2.3763E-02,0.0001590708651430311
 2.3790E-02,-0.0006984115071012407
 2.3816E-02,-0.0006098238984163719
 2.3843E-02,0.00043183513584332074
 2.3870E-02,0.0023920996104289933
 2.3896E-02,0.005187402220472311
 2.3923E-02,0.008686752463945936
 2.3950E-02,0.012724233071553421
 2.3976E-02,0.01711629349667048
 2.4003E-02,0.021675023550231137
 2.4030E-02,0.02621269749826002
 2.4056E-02,0.03054048478992826
 2.4083E-02,0.034469132801245535
 2.4110E-02,0.037817681492669245
 2.4136E-02,0.040429342809219816
 2.4163E-02,0.04218724738921972
 2.4190E-02,0.04302207384663063
 2.4216E-02,0.04290918007815696
 2.4243E-02,0.041860185981078414
 2.4270E-02,0.039917089194053824
 2.4296E-02,0.03715348386006072
 2.4323E-02,0.033680281721981765
 2.4350E-02,0.029648426749427286
 2.4376E-02,0.025242452939241447
 2.4403E-02,0.020665218435280616
 2.4430E-02,0.016120473740850128
 2.4456E-02,0.011801010161982983
 2.4483E-02,0.007885219440852492
 2.4510E-02,0.004538059751340572
 2.4536E-02,0.0019092159679181932
 2.4563E-02,0.00012418130606226614
 2.4590E-02,-0.0007294113192973122
 2.4616E-02,-0.000613017961161969
 2.4643E-02,0.0004604097188976076
 2.4670E-02,0.002433414959119479
 2.4696E-02,0.005214861443831129
 2.4723E-02,0.008687434833363313
 2.4750E-02,0.012708770834137325
 2.4776E-02,0.0171095451495804
 2.4803E-02,0.0216952973521319
 2.4830E-02,0.026256457584105046
 2.4856E-02,0.030584877323356515
 2.4883E-02,0.03449013271805741
 2.4910E-02,0.037809033461981764
 2.4936E-02,0.0404069693895197
 2.4963E-02,0.04217572582439002
 2.4990E-02,0.04303435170032765
 2.5016E-02,0.042936058780485606
 2.5043E-02,0.041877991735048345
 2.5070E-02,0.03990710050561559
 2.5096E-02,0.03711722605223951
 2.5123E-02,0.0336383420629126
 2.5150E-02,0.02962394864643877
 2.5176E-02,0.02524285258371476
 2.5203E-02,0.020676916892485516
 2.5230E-02,0.016120704250937586
 2.5256E-02,0.0117769036954737
 2.5283E-02,0.007844632635547619
 2.5310E-02,0.004503493923423224
 2.5337E-02,0.0018999369740373118
 2.5363E-02,0.00014109419774484375
 2.5390E-02,-0.0007039921152084661
 2.5417E-02,-0.0006007186345166897
 2.5443E-02,0.00045155395450857476
 2.5470E-02,0.0024152049977239215
 2.5497E-02,0.005208991757710637
 2.5523E-02,0.008707572111287448
 2.5550E-02,0.012749214178513798
 2.5577E-02,0.017149570187802173
 2.5603E-02,0.021715533862727742
 2.5630E-02,0.026253964634755874
 2.5657E-02,0.03057476278971498
 2.5683E-02,0.03449256823714768
 2.5710E-02,0.03783235075370668
 2.5737E-02,0.04044059217601638
 2.5763E-02,0.04219857998965212
 2.5790E-02,0.04303178600891955
 2.5817E-02,0.04291147754243519
 2.5843E-02,0.04184983763845602
 2.5870E-02,0.03989380837959285
 2.5897E-02,0.03712248374610398
 2.5923E-02,0.03364858640215783
 2.5950E-02,0.02961995393940649
 2.5977E-02,0.02521583033700455
 2.6003E-02,0.0206360227665768
 2.6030E-02,0.01608597651683011
 2.6057E-02,0.011763512410114951
 2.6083E-02,0.007851251531523613
 2.6110E-02,0.0045140989598405
 2.6137E-02,0.0018973771909094501
 2.6163E-02,0.0001213156027404618
 2.6190E-02,-0.0007285612835119822
 2.6217E-02,-0.0006112249188830923
 2.6243E-02,0.0004651539286442193
 2.6270E-02,0.0024460714120655546
 2.6297E-02,0.005238920174900628
 2.6323E-02,0.008721509339411264
 2.6350E-02,0.012746974783883003
 2.6377E-02,0.017145342551353002
 2.6403E-02,0.021725722493939302
 2.6430E-02,0.026283337501566573
 2.6457E-02,0.03061214841701291
 2.6483E-02,0.03451951273632057
 2.6510E-02,0.03783761823661913
 2.6537E-02,0.040428725844875356
 2.6563E-02,0.04218566964649436
 2.6590E-02,0.04303202679851558
 2.6617E-02,0.04292552940451598
 2.6643E-02,0.041864407524110143
 2.6670E-02,0.039892662886656584
 2.6697E-02,0.0370998254649675
 2.6723E-02,0.03361392004700598
 2.6750E-02,0.029590598419992693
 2.6777E-02,0.025203282443117904
 2.6803E-02,0.020637264745723756
 2.6830E-02,0.01608666494220616
 2.6857E-02,0.011750285453104763
 2.6883E-02,0.00782306713779822
 2.6910E-02,0.004483441915945088
 2.6937E-02,0.0018804746011282414
 2.6963E-02,0.00012537594860615548
 2.6990E-02,-0.000710776420089157
 2.7017E-02,-0.0005952263216930243
 2.7043E-02,0.00046823374298218183
 2.7070E-02,0.002438328396547485
 2.7097E-02,0.005233640457994441
 2.7123E-02,0.008732017015529383
 2.7150E-02,0.012775476784245423
 2.7177E-02,0.0171807936971132
 2.7203E-02,0.021752362831659024
 2.7230E-02,0.026292916456927155
 2.7257E-02,0.03060993763163274
 2.7283E-02,0.034519330306119686
 2.7310E-02,0.037850029163305446
 2.7337E-02,0.040452068921701424
 2.7363E-02,0.0422071710119315
 2.7390E-02,0.0430380044032966
 2.7417E-02,0.04291232728807816
 2.7443E-02,0.041841195128920414
 2.7470E-02,0.039873928670035134
 2.7497E-02,0.03709377003351704
 2.7523E-02,0.03361619458152214
 2.7550E-02,0.029588377069336737
 2.7577E-02,0.025186219893192984
 2.7603E-02,0.020606362834472487
 2.7630E-02,0.01605388547100364
 2.7657E-02,0.011729323415066205
 2.7683E-02,0.00781883025684741
 2.7710E-02,0.004488720044453215
 2.7737E-02,0.0018823660599227364
 2.7763E-02,0.00011613937001075285
 2.7790E-02,-0.0007272669474377613
 2.7817E-02,-0.000606582356054684
 2.7843E-02,0.0004728674211053193
 2.7870E-02,0.0024594597081942287
 2.7897E-02,0.005260944960623858
 2.7923E-02,0.008752488490319002
 2.7950E-02,0.012783556712193465
 2.7977E-02,0.017182299097358425
 2.8004E-02,0.021759125234939586
 2.8030E-02,0.02631258335267822
 2.8057E-02,0.030639257950331834
 2.8084E-02,0.034546346975375564
 2.8110E-02,0.037863337084529027
 2.8137E-02,0.0404495890978886
 2.8164E-02,0.04219735629605477
 2.8190E-02,0.04303259759921927
 2.8217E-02,0.04291664752763998
 2.8244E-02,0.04184986164038794
 2.8270E-02,0.039875425363552076
 2.8297E-02,0.03708004088419966
 2.8324E-02,0.03358942534127726
 2.8350E-02,0.029559495063748692
 2.8377E-02,0.0251664178551091
 2.8404E-02,0.02059857596710839
 2.8430E-02,0.016051089580180117
 2.8457E-02,0.011720911624008661
 2.8484E-02,0.007799783865702846
 2.8510E-02,0.004464109610089898
 2.8537E-02,0.0018635916066086092
 2.8564E-02,0.0001120305975452051
 2.8590E-02,-0.0007172659240922052
 2.8617E-02,-0.000591689175110323
 2.8644E-02,0.00048235285190244303
 2.8670E-02,0.0024603970213225683
 2.8697E-02,0.005259608350887372
 2.8724E-02,0.008759092010533489
 2.8750E-02,0.012803564827148136
 2.8777E-02,0.017211589175938326
 2.8804E-02,0.02178689067333479
 2.8830E-02,0.026329575486244292
 2.8857E-02,0.030644672299751756
 2.8884E-02,0.034547820594794595
 2.8910E-02,0.03787015379885623
 2.8937E-02,0.04046468887704234
 2.8964E-02,0.042214655428007716
 2.8990E-02,0.043041749972917896
 2.9017E-02,0.042911316363038535
 2.9044E-02,0.04183276318436481
 2.9070E-02,0.039856096584409216
 2.9097E-02,0.037067225566814604
 2.9124E-02,0.03358430572578206
 2.9150E-02,0.029555225893210312
 2.9177E-02,0.02515424008477411
 2.9204E-02,0.020575456318662887
 2.9230E-02,0.016022666191359856
 2.9257E-02,0.011697405134335849
 2.9284E-02,0.007788246435323056
 2.9310E-02,0.004463292437659328
 2.9337E-02,0.0018655130288946983
 2.9364E-02,0.00010887135317211522
 2.9390E-02,-0.0007265845498470423
 2.9417E-02,-0.0006005546131300226
 2.9444E-02,0.00048286349047730183
 2.9470E-02,0.0024742153354610644
 2.9497E-02,0.005282365001002239
 2.9524E-02,0.008781432381474556
 2.9550E-02,0.012818356276634853
 2.9577E-02,0.017219178160427142
 2.9604E-02,0.021794204729708295
 2.9630E-02,0.02634388231433151
 2.9657E-02,0.030667122106175043
 2.9684E-02,0.03457202441825209
 2.9710E-02,0.0378869217077608
 2.9737E-02,0.04046904892529119
 2.9764E-02,0.042209461719844146
 2.9790E-02,0.0430350085286062
 2.9817E-02,0.042909478032785546
 2.9844E-02,0.04183547353442774
 2.9870E-02,0.03985664261553681
 2.9897E-02,0.037058244445374935
 2.9924E-02,0.03356405665014877
 2.9950E-02,0.029529326255753902
 2.9977E-02,0.025131503286581848
 3.0004E-02,0.020561256387578185
 3.0030E-02,0.01601520386063679
 3.0057E-02,0.011689828054058021
 3.0084E-02,0.007774806486165585
 3.0110E-02,0.004444491475268876
 3.0137E-02,0.0018480767938089276
 3.0164E-02,0.00010062080546714507
 3.0190E-02,-0.0007227804746912082
 3.0217E-02,-0.0005888712560945613
 3.0244E-02,0.000494699696392242
 3.0270E-02,0.0024811212032798888
 3.0297E-02,0.005285774210308972
 3.0324E-02,0.008787758980307921
 3.0350E-02,0.012833360236238524
 3.0377E-02,0.01724284280214377
 3.0404E-02,0.021820279644964316
 3.0430E-02,0.026364437153134055
 3.0457E-02,0.03067840269976576
 3.0484E-02,0.03457688459577479
 3.0510E-02,0.03789192128716257
 3.0537E-02,0.040478646050984
 3.0564E-02,0.04222205551742349
 3.0590E-02,0.04304403522810453
 3.0617E-02,0.04290862735380683
 3.0644E-02,0.04182375645752475
 3.0670E-02,0.0398392065638296
 3.0697E-02,0.03704232384385473
 3.0724E-02,0.033553391958679804
 3.0751E-02,0.029521577381472527
 3.0777E-02,0.025120694390524154
 3.0804E-02,0.02054318673153721
 3.0831E-02,0.015991387227624082
 3.0857E-02,0.011666773289865307
 3.0884E-02,0.007759258475542849
 3.0911E-02,0.004438503568339373
 3.0937E-02,0.0018478689391025174
 3.0964E-02,0.00010007380231935874
 3.0991E-02,-0.0007268881880909174
 3.1017E-02,-0.0005941394373510492
 3.1044E-02,0.000494332688948036
 3.1071E-02,0.0024903676609891096
 3.1097E-02,0.005304014681857723
 3.1124E-02,0.008809297405082225
 3.1151E-02,0.012851678325705385
 3.1177E-02,0.01725539465182603
 3.1204E-02,0.021829969345421397
 3.1231E-02,0.026376642625540313
 3.1257E-02,0.030696022686125514
 3.1284E-02,0.03459746185218718
 3.1311E-02,0.0379091741433441
 3.1337E-02,0.04048714458100751
 3.1364E-02,0.0422212397615135
 3.1391E-02,0.04303834188332154
 3.1417E-02,0.042903677218818076
 3.1444E-02,0.04182174515058648
 3.1471E-02,0.03983724562045167
 3.1497E-02,0.03703503711490404
 3.1524E-02,0.033537602273671675
 3.1551E-02,0.02949924858786515
 3.1577E-02,0.02509775346077464
 3.1604E-02,0.020525213290842243
 3.1631E-02,0.01597967451993939
 3.1657E-02,0.011657913409889073
 3.1684E-02,0.00774851355949129
 3.1711E-02,0.004424166244670463
 3.1737E-02,0.0018330583821724636
 3.1764E-02,9.053284576091437e-05
 3.1791E-02,-0.0007271837657206645
 3.1817E-02,-0.0005860049755443406
 3.1844E-02,0.0005060466836060062
 3.1871E-02,0.002500655183802101
 3.1897E-02,0.00531155710394948
 3.1924E-02,0.008817179408277292
 3.1951E-02,0.012864446853697357
 3.1977E-02,0.017274891713718495
 3.2004E-02,0.021853338638722686
 3.2031E-02,0.026398122493900333
 3.2057E-02,0.03071106199465888
 3.2084E-02,0.03460582994869308
 3.2111E-02,0.037914581664331065
 3.2137E-02,0.04049374077661187
 3.2164E-02,0.042229876968119175
 3.2191E-02,0.04304565306534441
 3.2217E-02,0.042904694524182226
 3.2244E-02,0.04181390300561658
 3.2271E-02,0.03982250912977099
 3.2297E-02,0.03701845052962367
 3.2324E-02,0.0335234699505995
 3.2351E-02,0.029488058346369833
 3.2377E-02,0.025086305529694434
 3.2404E-02,0.020509787171203924
 3.2431E-02,0.015959609423788636
 3.2457E-02,0.011636679197159577
 3.2484E-02,0.00773141646527567
 3.2511E-02,0.004414562075788818
 3.2537E-02,0.001830125016781817
 3.2564E-02,9.035735841844304e-05
 3.2591E-02,-0.0007281392776055772
 3.2617E-02,-0.0005878946115004227
 3.2644E-02,0.0005065777664419881
 3.2671E-02,0.0025076439481048146
 3.2697E-02,0.005326260658904477
 3.2724E-02,0.008836785994012705
 3.2751E-02,0.012883989918529987
 3.2777E-02,0.017290805823914977
 3.2804E-02,0.021865789143464952
 3.2831E-02,0.02641026217291531
 3.2857E-02,0.030725871933223202
 3.2884E-02,0.03462315057944979
 3.2911E-02,0.03793075999721629
 3.2937E-02,0.04050417483713742
 3.2964E-02,0.042232384709841767
 3.2991E-02,0.04304194231572643
 3.3017E-02,0.042898775192811295
 3.3044E-02,0.0418087705308695
 3.3071E-02,0.039817809496180405
 3.3097E-02,0.037011003616368644
 3.3124E-02,0.03351018300306746
 3.3151E-02,0.029468826627973864
 3.3177E-02,0.025064535567057726
 3.3204E-02,0.02049013058614132
 3.3231E-02,0.015944754030934257
 3.3257E-02,0.01162577816406717
 3.3284E-02,0.007721376448933559
 3.3311E-02,0.004403087362510176
 3.3337E-02,0.001818015559107071
 3.3364E-02,8.119734683592747e-05
 3.3391E-02,-0.0007306339716664
 3.3418E-02,-0.0005827146524331393
 3.3444E-02,0.0005169940079622093
 3.3471E-02,0.002519336881311851
 3.3498E-02,0.0053367631714000725
 3.3524E-02,0.00884679042089976
 3.3551E-02,0.012896351553078346
 3.3578E-02,0.01730773348851776
 3.3604E-02,0.021886532161996902
 3.3631E-02,0.02643118176507093
 3.3658E-02,0.030742840080405124
 3.3684E-02,0.034634336835980974
 3.3711E-02,0.037937570374390446
 3.3738E-02,0.0405096238172779
 3.3764E-02,0.042238266140867224
 3.3791E-02,0.043047120960784425
 3.3818E-02,0.04289998282211315
 3.3844E-02,0.04180323922721097
 3.3871E-02,0.039805587773455074
 3.3898E-02,0.036995078957863366
 3.3924E-02,0.0334943306878533
 3.3951E-02,0.02945494296275309
 3.3978E-02,0.02505160348251504
 3.4004E-02,0.020475611956753622
 3.4031E-02,0.01592722721961925
 3.4058E-02,0.011606648196309036
 3.4084E-02,0.007704264372281213
 3.4111E-02,0.004391398528989291
 3.4138E-02,0.001812649984457908
 3.4164E-02,8.022635224786356e-05
 3.4191E-02,-0.0007301061970519192
 3.4218E-02,-0.0005820447665285801
 3.4244E-02,0.0005191044098655638
 3.4271E-02,0.0025256820763989727
 3.4298E-02,0.00534916351539208
 3.4324E-02,0.00886432744115154
 3.4351E-02,0.012915738040768954
 3.4378E-02,0.017325515114228328
 3.4404E-02,0.02190134452237364
 3.4431E-02,0.026444261699604323
 3.4458E-02,0.030756420383150566
 3.4484E-02,0.034649269941164774
 3.4511E-02,0.037952137046436005
 3.4538E-02,0.040520501865913126
 3.4564E-02,0.04224287093124713
 3.4591E-02,0.04304542179059811
 3.4618E-02,0.04289434022012084
 3.4644E-02,0.041796424549241575
 3.4671E-02,0.039798613474717734
 3.4698E-02,0.036986596637048424
 3.4724E-02,0.03348205643754628
 3.4751E-02,0.029437916717035256
 3.4778E-02,0.025031425658950047
 3.4804E-02,0.02045565019539859
 3.4831E-02,0.01591043887321097
 3.4858E-02,0.0115937720618329
 3.4884E-02,0.0076938115926250585
 3.4911E-02,0.004381401011736532
 3.4938E-02,0.00180270944467465
 3.4964E-02,7.218757105119226e-05
 3.4991E-02,-0.0007333993221232569
 3.5018E-02,-0.000578895595647552
 3.5044E-02,0.0005279304004963536
 3.5071E-02,0.0025375221304404913
 3.5098E-02,0.005361428660622041
 3.5124E-02,0.008876283219801388
 3.5151E-02,0.012928673852889955
 3.5178E-02,0.017341200414821744
 3.5204E-02,0.021920057891318453
 3.5231E-02,0.026464013760277065
 3.5258E-02,0.030774011868053393
 3.5284E-02,0.03466233530675018
 3.5311E-02,0.03796053333731504
 3.5338E-02,0.04052594703688213
 3.5364E-02,0.042247162691667395
 3.5391E-02,0.04304871176100404
 3.5418E-02,0.042894873231289966
 3.5444E-02,0.041791944290848836
 3.5471E-02,0.039788277113372975
 3.5498E-02,0.036971837244834084
 3.5524E-02,0.03346569937160956
 3.5551E-02,0.02942227485243134
 3.5578E-02,0.02501691132606802
 3.5604E-02,0.020440999140473187
 3.5631E-02,0.015894320276214645
 3.5658E-02,0.011576440275648532
 3.5684E-02,0.007677440134669361
 3.5711E-02,0.004368822579466306
 3.5738E-02,0.0017955768747935962
 3.5764E-02,7.002616841187141e-05
 3.5791E-02,-0.0007325121968336921
 3.5818E-02,-0.0005766040991311506
 3.5844E-02,0.0005316224166530663
 3.5871E-02,0.002544153197852314
 3.5898E-02,0.005372621492789147
 3.5924E-02,0.008892126439066221
 3.5951E-02,0.012947264875195166
 3.5978E-02,0.017359724152530287
 3.6005E-02,0.021936535299976714
 3.6031E-02,0.026478323789499228
 3.6058E-02,0.030787392659243858
 3.6085E-02,0.03467580883617994
 3.6111E-02,0.037973564196597136
 3.6138E-02,0.04053644162762341
 3.6165E-02,0.04225281480039162
 3.6191E-02,0.04304860518599119
 3.6218E-02,0.04289005103227502
 3.6245E-02,0.04178450181856125
 3.6271E-02,0.03977973307860157
 3.6298E-02,0.036962108154868535
 3.6325E-02,0.03345349209063676
 3.6351E-02,0.02940654807434088
 3.6378E-02,0.024998191895897956
 3.6405E-02,0.02042146982698967
 3.6431E-02,0.015876601549650846
 3.6458E-02,0.01156204345687202
 3.6485E-02,0.0076661202664429304
 3.6511E-02,0.004359316499315417
 3.6538E-02,0.0017870896290091407
 3.6565E-02,6.323714309130579e-05
 3.6591E-02,-0.0007357447719293887
 3.6618E-02,-0.0005745977096834772
 3.6645E-02,0.0005390586540867858
 3.6671E-02,0.0025554997891411406
 3.6698E-02,0.0053856943694059415
 3.6725E-02,0.008905538622213743
 3.6751E-02,0.012961133843609297
 3.6778E-02,0.017375079766425005
 3.6805E-02,0.021953941275500523
 3.6831E-02,0.026496858585358617
 3.6858E-02,0.03080483527447698
 3.6885E-02,0.034689892124054454
 3.6911E-02,0.03798329436921383
 3.6938E-02,0.04054243684750543
 3.6965E-02,0.04225641836458908
 3.6991E-02,0.04305052113170433
 3.7018E-02,0.04288962492148847
 3.7045E-02,0.04178022896467305
 3.7071E-02,0.039770569371364486
 3.7098E-02,0.036948507980304614
 3.7125E-02,0.03343732750686161
 3.7151E-02,0.02938997598442295
 3.7178E-02,0.02498238268477178
 3.7205E-02,0.02040620711644207
 3.7231E-02,0.01586104172868355
 3.7258E-02,0.011545980867524312
 3.7285E-02,0.007650704388292282
 3.7311E-02,0.004346625217775943
 3.7338E-02,0.0017788953210282504
 3.7365E-02,5.995109571777088e-05
 3.7391E-02,-0.0007351174590963642
 3.7418E-02,-0.0005714812148708686
 3.7445E-02,0.000544002799795957
 3.7471E-02,0.002562814583660247
 3.7498E-02,0.005396475267346251
 3.7525E-02,0.008920234606162319
 3.7551E-02,0.012978788742809416
 3.7578E-02,0.01739363959453108
 3.7605E-02,0.02197138957676973
 3.7631E-02,0.02651227735791044
 3.7658E-02,0.030818559190309052
 3.7685E-02,0.034702665604304496
 3.7711E-02,0.037995148407023636
 3.7738E-02,0.040552220562086856
 3.7765E-02,0.042262377389640976
 3.7791E-02,0.04305145850515954
 3.7818E-02,0.04288570844487839
 3.7845E-02,0.04177280132557307
 3.7871E-02,0.03976112835908332
 3.7898E-02,0.03693768978729726
 3.7925E-02,0.033424708190180355
 3.7951E-02,0.029374828198586927
 3.7978E-02,0.02496474546003117
 3.8005E-02,0.020387378566217015
 3.8031E-02,0.015843081058334357
 3.8058E-02,0.011530610848390448
 3.8085E-02,0.00763848352156587
 3.8111E-02,0.004337029461444047
 3.8138E-02,0.0017712083748534129
 3.8165E-02,5.421454222155771e-05
 3.8191E-02,-0.0007378773346917969
 3.8218E-02,-0.0005699356324972917
 3.8245E-02,0.0005504478697702605
 3.8271E-02,0.002573464766650537
 3.8298E-02,0.005409722249606351
 3.8325E-02,0.00893455528709718
 3.8351E-02,0.012993569876492885
 3.8378E-02,0.017409181991667425
 3.8405E-02,0.021988118272122353
 3.8431E-02,0.026529827891244504
 3.8458E-02,0.030835505167625107
 3.8485E-02,0.03471712665154489
 3.8511E-02,0.03800580157953391
 3.8538E-02,0.040558914141861316
 3.8565E-02,0.04226587339299714
 3.8591E-02,0.04305253781226541
 3.8618E-02,0.04288438247075271
 3.8645E-02,0.04176827467517156
 3.8671E-02,0.03975253542434177
 3.8698E-02,0.03692499541203656
 3.8725E-02,0.03340903222978788
 3.8752E-02,0.02935792544631615
 3.8778E-02,0.024948055728933063
 3.8805E-02,0.020371400437146386
 3.8832E-02,0.01582754804799115
 3.8858E-02,0.011515292055787335
 3.8885E-02,0.0076239285796079
 3.8912E-02,0.004324632797639609
 3.8938E-02,0.0017625272427479722
 3.8965E-02,5.00804911764761e-05
 3.8992E-02,-0.000737751047262138
 3.9018E-02,-0.0005665525395798563
 3.9045E-02,0.000556222659225117
 3.9072E-02,0.0025815170461438394
 3.9098E-02,0.005420571184744098
 3.9125E-02,0.008948617815886763
 3.9152E-02,0.013010421098815656
 3.9178E-02,0.017427426652825855
 3.9205E-02,0.022005992129484536
 3.9232E-02,0.026546059131834377
 3.9258E-02,0.030849761557671516
 3.9285E-02,0.03472971594862854
 3.9312E-02,0.03801689964113835
 3.9338E-02,0.040567973153581495
 3.9365E-02,0.04227170724134186
 3.9392E-02,0.04305402382187998
 3.9418E-02,0.04288121524082612
 3.9445E-02,0.041761166992059666
 3.9472E-02,0.03974271153623358
 3.9498E-02,0.03691339237863133
 3.9525E-02,0.03339585145320608
 3.9552E-02,0.029342879859811453
 3.9578E-02,0.024931086192839708
 3.9605E-02,0.020353254964700317
 3.9632E-02,0.015809734325003277
 3.9658E-02,0.011499425468493111
 3.9685E-02,0.007610985270600698
 3.9712E-02,0.004314687297490245
 3.9738E-02,0.0017551569686994391
 3.9765E-02,4.5082027600759026e-05
 3.9792E-02,-0.0007399317744406154
 3.9818E-02,-0.0005650313003164589
 3.9845E-02,0.0005620871270465538
 3.9872E-02,0.0025915246312031934
 3.9898E-02,0.005433650138949604
 3.9925E-02,0.008963389692877724
 3.9952E-02,0.01302591241059607
 3.9978E-02,0.017443369156829445
 4.0005E-02,0.022022494767104432
 4.0032E-02,0.026562946865576573
 4.0058E-02,0.03086614415295478
 4.0085E-02,0.03474415846353671
 4.0112E-02,0.03802807469857832
 4.0138E-02,0.04057528398756495
 4.0165E-02,0.04227539642205197
 4.0192E-02,0.0430547008611745
 4.0218E-02,0.04287920388726434
 4.0245E-02,0.04175620998458156
 4.0272E-02,0.03973426943192554
 4.0298E-02,0.03690128347706561
 4.0325E-02,0.03338070160415509
 4.0352E-02,0.029326007209315753
 4.0378E-02,0.02491390432025111
 4.0405E-02,0.020336663008261636
 4.0432E-02,0.015793964148418806
 4.0458E-02,0.011484438434207322
 4.0485E-02,0.0075970655831709795
 4.0512E-02,0.004302725860376574
 4.0538E-02,0.0017463781061793845
 4.0565E-02,4.042071136032307e-05
 4.0592E-02,-0.0007403120446371591
 4.0618E-02,-0.0005617051246899951
 4.0645E-02,0.0005683157078678724
 4.0672E-02,0.002600188768043638
 4.0698E-02,0.005444791038920063
 4.0725E-02,0.008977207355409553
 4.0752E-02,0.013042197534447337
 4.0778E-02,0.01746119515927546
 4.0805E-02,0.022040437329415047
 4.0832E-02,0.02657967185855229
 4.0858E-02,0.030880909709461668
 4.0885E-02,0.034756850949153824
 4.0912E-02,0.03803877846197603
 4.0938E-02,0.04058376051374236
 4.0965E-02,0.042280915288414475
 4.0992E-02,0.04305637141283757
 4.1018E-02,0.042876544584762165
 4.1045E-02,0.04174949777392665
 4.1072E-02,0.03972439011220222
 4.1098E-02,0.03688920682859472
 4.1125E-02,0.033367002612118474
 4.1152E-02,0.02931080728069667
 4.1178E-02,0.024897257271809234
 4.1205E-02,0.020319047014154653
 4.1232E-02,0.0157764573632516
 4.1258E-02,0.011468416019185596
 4.1285E-02,0.007583644135714989
 4.1312E-02,0.004292382497893361
 4.1339E-02,0.0017390263022880265
 4.1365E-02,3.5855620173679556e-05
 4.1392E-02,-0.0007419789530874025
 4.1419E-02,-0.0005599842637206914
 4.1445E-02,0.0005739288216152384
 4.1472E-02,0.002609721502858788
 4.1499E-02,0.005457574822048674
 4.1525E-02,0.008992114511497796
 4.1552E-02,0.013058151593765627
 4.1579E-02,0.01747755778339971
 4.1605E-02,0.02205698192706084
 4.1632E-02,0.02659619312553993
 4.1659E-02,0.030896813534020275
 4.1685E-02,0.03477108188358355
 4.1712E-02,0.038050164275810275
 4.1739E-02,0.040591512716374165
 4.1765E-02,0.04228489781541839
 4.1792E-02,0.04305693793828235
 4.1819E-02,0.04287409252203191
 4.1845E-02,0.04174411032787805
 4.1872E-02,0.039715856972751186
 4.1899E-02,0.03687739850196962
 4.1925E-02,0.03335228213345333
 4.1952E-02,0.029294132249100133
 4.1979E-02,0.024879876415642984
 4.2005E-02,0.020302021495115265
 4.2032E-02,0.01576037300671984
 4.2059E-02,0.011453491672422184
 4.2085E-02,0.00757011809357294
 4.2112E-02,0.0042808368298066415
 4.2139E-02,0.0017303654802860143
 4.2165E-02,3.094119114671113e-05
 4.2192E-02,-0.0007427550777860755
 4.2219E-02,-0.0005568551359757734
 4.2245E-02,0.0005803361657974241
 4.2272E-02,0.0026188109458185546
 4.2299E-02,0.005469058993113094
 4.2325E-02,0.009005932167128115
 4.2352E-02,0.013074108997172044
 4.2379E-02,0.017495004550820085
 4.2405E-02,0.022074804179544105
 4.2432E-02,0.026613149942351512
 4.2459E-02,0.030911966105440433
 4.2485E-02,0.03478399230546172
 4.2512E-02,0.038060729623761724
 4.2539E-02,0.040599594857683455
 4.2565E-02,0.04229007046387442
 4.2592E-02,0.04305857038137215
 4.2619E-02,0.0428717097512545
 4.2645E-02,0.04173774102994186
 4.2672E-02,0.03970608897219725
 4.2699E-02,0.03686509667958903
 4.2725E-02,0.033338192967847236
 4.2752E-02,0.029278683433970432
 4.2779E-02,0.024863313860551683
 4.2805E-02,0.02028474771269422
 4.2832E-02,0.015743187434317716
 4.2859E-02,0.011437515403471765
 4.2885E-02,0.007556442934195102
 4.2912E-02,0.004270161113646543
 4.2939E-02,0.0017228877848750267
 4.2965E-02,2.6574197722869022e-05
 4.2992E-02,-0.0007440434967296258
 4.3019E-02,-0.0005548620532902502
 4.3045E-02,0.0005859174673049881
 4.3072E-02,0.002628056520051445
 4.3099E-02,0.0054815524320316195
 4.3125E-02,0.00902079487482417
 4.3152E-02,0.013090308826525569
 4.3179E-02,0.017511708736096025
 4.3205E-02,0.022091512378382562
 4.3232E-02,0.026629525804395947
 4.3259E-02,0.03092753162078141
 4.3285E-02,0.03479795881031352
 4.3312E-02,0.03807212511903746
 4.3339E-02,0.04060760371408889
 4.3365E-02,0.04229432739004122
 4.3392E-02,0.04305918657931619
 4.3419E-02,0.04286902439014105
 4.3445E-02,0.04173200919346862
 4.3472E-02,0.03969736123026919
 4.3499E-02,0.03685338188355999
 4.3525E-02,0.03332376021990476
 4.3552E-02,0.029262243689777104
 4.3579E-02,0.024845918458884148
 4.3605E-02,0.020267469017507197
 4.3632E-02,0.01572681952829176
 4.3659E-02,0.011422511674360626
 4.3685E-02,0.0075431125564044636
 4.3712E-02,0.004258937819187384
 4.3739E-02,0.001714430350586757
 4.3765E-02,2.1599809224668145e-05
 4.3792E-02,-0.000745071568703487
 4.3819E-02,-0.0005519507958330448
 4.3845E-02,0.0005923367424412368
 4.3872E-02,0.0026373946818186505
 4.3899E-02,0.005493336052848271
 4.3925E-02,0.009034735183567953
 4.3952E-02,0.013106126578251377
 4.3979E-02,0.017528877023939935
 4.4006E-02,0.022109147363690816
 4.4032E-02,0.026646535886502964
 4.4059E-02,0.030942926770388644
 4.4086E-02,0.03481109327773538
 4.4112E-02,0.03808270191906429
 4.4139E-02,0.040615461988722706
 4.4166E-02,0.04229920660790591
 4.4192E-02,0.04306067459842393
 4.4219E-02,0.04286674075248435
 4.4246E-02,0.041725878888101454
 4.4272E-02,0.03968775742206093
 4.4299E-02,0.03684101988845398
 4.4326E-02,0.03330942310485583
 4.4352E-02,0.029246550602173668
 4.4379E-02,0.024829305290958156
 4.4406E-02,0.020250373514990143
 4.4432E-02,0.01570989524575168
 4.4459E-02,0.011406672819649234
 4.4486E-02,0.00752935065787614
 4.4512E-02,0.004248036745429135
 4.4539E-02,0.0017067881374163794
 4.4566E-02,1.7279525030825926e-05
 4.4592E-02,-0.0007461222286750974
 4.4619E-02,-0.0005497022008613454
 4.4646E-02,0.0005980055502784378
 4.4672E-02,0.0026465105948735197
 4.4699E-02,0.005505607325040236
 4.4726E-02,0.00904947836008038
 4.4752E-02,0.01312241616566127
 4.4779E-02,0.017545812786222165
 4.4806E-02,0.022126043494132115
 4.4832E-02,0.026662903671746473
 4.4859E-02,0.030958291846590495
 4.4886E-02,0.034824822181683084
 4.4912E-02,0.03809400248526764
 4.4939E-02,0.0406235777210979
 4.4966E-02,0.04230366483252465
 4.4992E-02,0.04306140234357267
 4.5019E-02,0.04286396720925157
 4.5046E-02,0.041719912475253
 4.5072E-02,0.039678821072077756
 4.5099E-02,0.03682927363343783
 4.5126E-02,0.03329514466019286
 4.5152E-02,0.02923031242003225
 4.5179E-02,0.02481198749397569
 4.5206E-02,0.020232983744068934
 4.5232E-02,0.015693320475466944
 4.5259E-02,0.011391539871333567
 4.5286E-02,0.00751608139375054
 4.5312E-02,0.004237026241579275
 4.5339E-02,0.0016985376809132407
 4.5366E-02,1.2357778816586042e-05
 4.5392E-02,-0.0007472726852568351
 4.5419E-02,-0.0005469669446944569
 4.5446E-02,0.0006043582172293306
 4.5472E-02,0.002655963296666089
 4.5499E-02,0.005517609457203289
 4.5526E-02,0.009063578258518265
 4.5552E-02,0.01313821779811445
 4.5579E-02,0.01756281187213693
 4.5606E-02,0.022143498076110747
 4.5632E-02,0.026679867124360473
 4.5659E-02,0.030973804968755354
 4.5686E-02,0.03483813246534522
 4.5712E-02,0.03810465697221717
 4.5739E-02,0.0406313377916572
 4.5766E-02,0.04230833319531686
 4.5792E-02,0.04306271903347899
 4.5819E-02,0.04286166941393076
 4.5846E-02,0.04171391429428172
 4.5872E-02,0.039669367507409535
 4.5899E-02,0.036816940640663556
 4.5926E-02,0.03328067848373525
 4.5952E-02,0.029214427092091495
 4.5979E-02,0.024795267579312774
 4.6006E-02,0.020215948877427004
 4.6032E-02,0.01567657412692027
 4.6059E-02,0.011375856289242228
 4.6086E-02,0.00750233620363433
 4.6112E-02,0.004226004317679122
 4.6139E-02,0.0016907521456425195
 4.6166E-02,8.005930667475758e-06
 4.6192E-02,-0.0007481990689431595
 4.6219E-02,-0.0005445196379234788
 4.6246E-02,0.0006101595082082328
 4.6272E-02,0.002665058780485931
 4.6299E-02,0.005529743133728563
 4.6326E-02,0.009078193838760363
 4.6352E-02,0.013154504041063065
 4.6379E-02,0.017579877258303293
 4.6406E-02,0.022160553787070828
 4.6432E-02,0.026696294081465986
 4.6459E-02,0.030989076880760823
 4.6486E-02,0.034851683759308756
 4.6512E-02,0.03811582730220879
 4.6539E-02,0.0406394595126712
 4.6566E-02,0.04231290874079589
 4.6592E-02,0.04306355908184312
 4.6619E-02,0.04285889155786235
 4.6646E-02,0.04170781136228203
 4.6672E-02,0.039660255212095576
 4.6699E-02,0.036805104541806945
 4.6726E-02,0.03326645329164217
 4.6753E-02,0.029198329089512774
 4.6779E-02,0.024778054920771994
 4.6806E-02,0.020198541234081893
 4.6833E-02,0.01565987532855298
 4.6859E-02,0.01136059985700078
 4.6886E-02,0.007489053023993844
 4.6913E-02,0.004215112381371285
 4.6939E-02,0.0016826715622993175
 4.6966E-02,3.1861554039363214e-06
 4.6993E-02,-0.0007493769014985395
 4.7019E-02,-0.0005418968111794279
 4.7046E-02,0.0006164268398366499
 4.7073E-02,0.0026745411006646276
 4.7099E-02,0.0055418819667263225
 4.7126E-02,0.009092440602754328
 4.7153E-02,0.013170355342933874
 4.7179E-02,0.017596797344095593
 4.7206E-02,0.022177869375437365
 4.7233E-02,0.02671317060300706
 4.7259E-02,0.031004619509084702
 4.7286E-02,0.03486510535926428
 4.7313E-02,0.03812657083986075
 4.7339E-02,0.04064719847505373
 4.7366E-02,0.04231744583143007
 4.7393E-02,0.043064722005489275
 4.7419E-02,0.04285652165715738
 4.7446E-02,0.04170185969555737
 4.7473E-02,0.039650908303996
 4.7499E-02,0.036792833803755906
 4.7526E-02,0.033251940332327104
 4.7553E-02,0.029182315674925602
 4.7579E-02,0.02476122262039864
 4.7606E-02,0.020181496972545374
 4.7633E-02,0.015643229871923247
 4.7659E-02,0.01134504983799322
 4.7686E-02,0.007475375064805687
 4.7713E-02,0.004204050745032146
 4.7739E-02,0.0016747886314113164
 4.7766E-02,-1.2231815867665228e-06
 4.7793E-02,-0.0007502550457823494
 4.7819E-02,-0.000539315055905954
 4.7846E-02,0.0006223597745872043
 4.7873E-02,0.0026836786198793884
 4.7899E-02,0.005553952623252529
 4.7926E-02,0.009106954901935551
 4.7953E-02,0.013186595585946008
 4.7979E-02,0.017613915962139452
 4.8006E-02,0.02219503662764792
 4.8033E-02,0.026729675501792248
 4.8059E-02,0.031019867819243697
 4.8086E-02,0.03487854247362814
 4.8113E-02,0.03813761693603229
 4.8139E-02,0.04065527056556638
 4.8166E-02,0.04232206722549142
 4.8193E-02,0.043065645106612434
 4.8219E-02,0.04285377564584145
 4.8246E-02,0.041695691738995205
 4.8273E-02,0.03964166856935742
 4.8299E-02,0.036780894381047625
 4.8326E-02,0.03323770459239669
 4.8353E-02,0.029166295984507172
 4.8379E-02,0.02474410522006457
 4.8406E-02,0.02016412096676283
 4.8433E-02,0.015626475251606334
 4.8459E-02,0.011329701517593053
 4.8486E-02,0.007462047882796001
 4.8513E-02,0.004193210628730085
 4.8539E-02,0.001666828816422211
 4.8566E-02,-5.933027892830907e-06
 4.8593E-02,-0.0007514023077309864
 4.8619E-02,-0.0005367440283544228
 4.8646E-02,0.000628556173755083
 4.8673E-02,0.0026931476815749778
 4.8699E-02,0.005566163283052714
 4.8726E-02,0.009121314276013752
 4.8753E-02,0.013202520198353558
 4.8779E-02,0.017630818779905105
 4.8806E-02,0.02221226268428827
 4.8833E-02,0.02674646241969295
 4.8859E-02,0.031035387906782647
 4.8886E-02,0.03489201664765272
 4.8913E-02,0.03814843169211134
 4.8939E-02,0.04066302542638526
 4.8966E-02,0.04232653424706197
 4.8993E-02,0.04306668979143455
 4.9019E-02,0.04285131502132099
 4.9046E-02,0.041689729563729974
 4.9073E-02,0.03963237955755645
 4.9099E-02,0.03676868481837883
 4.9126E-02,0.03322319179549984
 4.9153E-02,0.02915021093113291
 4.9179E-02,0.02472718075066035
 4.9206E-02,0.020147035424902426
 4.9233E-02,0.015609873141264989
 4.9259E-02,0.01131424871121774
 4.9286E-02,0.007448451170056764
 4.9313E-02,0.004182161818426668
 4.9340E-02,0.001658896756138731
 4.9366E-02,-1.0394708583876845e-05
 4.9393E-02,-0.0007522738099953128
 4.9420E-02,-0.0005340820629185498
 4.9446E-02,0.0006345977498939077
 4.9473E-02,0.0027023536220967415
 4.9500E-02,0.00557822477897171
 4.9526E-02,0.009135764790979106
 4.9553E-02,0.013218705457569882
 4.9580E-02,0.017647942938503698
 4.9606E-02,0.022229494042222527
 4.9633E-02,0.026763036389119598
 4.9660E-02,0.03105064898546183
 4.9686E-02,0.03490539118946035
 4.9713E-02,0.038159378413141015
 4.9740E-02,0.04067102616638826
 4.9766E-02,0.042331151324231965
 4.9793E-02,0.04306765830070325
 4.9820E-02,0.04284860607198691
 4.9846E-02,0.04168353992268562
 4.9873E-02,0.03962305828954472
 4.9900E-02,0.036756653342026914
 4.9926E-02,0.03320891343588268
 4.9953E-02,0.029134220617484705
 4.9980E-02,0.02471013260668428
 5.0006E-02,0.020129708751125484
 5.0033E-02,0.015593109275353546
 5.0060E-02,0.011298845987069397
 5.0086E-02,0.007435078201488634
 5.0113E-02,0.004171334350691747
 5.0140E-02,0.0016510131748881628
 5.0166E-02,-1.5008558267454999e-05
 5.0193E-02,-0.0007533629760095028
 5.0220E-02,-0.000531516556502286
 5.0246E-02,0.0006407506907399878
 5.0273E-02,0.0027117961505716687
 5.0300E-02,0.005590464429616589
 5.0326E-02,0.009150199289821581
 5.0353E-02,0.013234701428356224
 5.0380E-02,0.017664863197726317
 5.0406E-02,0.022246673424655306
 5.0433E-02,0.026779749935169
 5.0460E-02,0.031066123301934284
 5.0486E-02,0.034918874490761725
 5.0513E-02,0.03817023611383751
 5.0540E-02,0.04067880651883223
 5.0566E-02,0.04233558750025803
 5.0593E-02,0.04306862146575159
 5.0620E-02,0.042846059221765494
 5.0646E-02,0.041677536265058227
 5.0673E-02,0.03961378625778707
 5.0700E-02,0.03674448737826016
 5.0726E-02,0.033194420555824035
 5.0753E-02,0.02911810462647636
 5.0780E-02,0.02469314449319323
 5.0806E-02,0.020112575412057153
 5.0833E-02,0.015576514694470533
 5.0860E-02,0.011283454622625227
 5.0886E-02,0.00742155596330358
 5.0913E-02,0.004160325785845131
 5.0940E-02,0.0016430711323684511
 5.0966E-02,-1.9503369044357498e-05
 5.0993E-02,-0.0007542437720199152
 5.1020E-02,-0.0005288121669401921
 5.1046E-02,0.0006468720211603849
 5.1073E-02,0.002721073719146468
 5.1100E-02,0.005602549083368128
 5.1126E-02,0.009164620999044496
 5.1153E-02,0.013250841042657962
 5.1180E-02,0.017681969327593243
 5.1206E-02,0.022263931814645997
 5.1233E-02,0.02679637249306048
 5.1260E-02,0.031081409588237272
 5.1286E-02,0.03493222132625316
 5.1313E-02,0.03818111223246666
 5.1340E-02,0.04068673534015528
 5.1366E-02,0.04234017114682013
 5.1393E-02,0.04306960163914944
 5.1420E-02,0.04284337634815656
 5.1446E-02,0.041671345341341974
 5.1473E-02,0.039604418352965354
 5.1500E-02,0.036732384815344264
 5.1526E-02,0.033180089814907776
 5.1553E-02,0.029102111476234697
 5.1580E-02,0.024676137280687672
 5.1606E-02,0.020095296506992537
 5.1633E-02,0.015559767741880347
 5.1660E-02,0.011268029924240353
 5.1686E-02,0.0074081496487631675
 5.1713E-02,0.004149493606194371
 5.1740E-02,0.001635230969935043
 5.1766E-02,-2.4042856868965266e-05
 5.1793E-02,-0.0007552680037773209
 5.1820E-02,-0.0005262227505840596
 5.1846E-02,0.0006530094924330604
 5.1873E-02,0.002730493669626157
 5.1900E-02,0.0056147947077044985
 5.1926E-02,0.009179099494387355
 5.1953E-02,0.013266894322486615
 5.1980E-02,0.017698921163188785
 5.2006E-02,0.022281095048175544
 5.2033E-02,0.02681303467950737
 5.2060E-02,0.031096833906439775
 5.2087E-02,0.034945687000673735
 5.2113E-02,0.03819198550167358
 5.2140E-02,0.040694535341320406
 5.2167E-02,0.04234459662705074
 5.2193E-02,0.04307051278429494
 5.2220E-02,0.04284075810994985
 5.2247E-02,0.041665288537636076
 5.2273E-02,0.03959513491417069
 5.2300E-02,0.03672024055161664
 5.2327E-02,0.033165619124951765
 5.2353E-02,0.029085988903457892
 5.2380E-02,0.024659112035875494
 5.2407E-02,0.020078122615267556
 5.2433E-02,0.015543163077386183
 5.2460E-02,0.011252672091909926
 5.2487E-02,0.0073946863772799114
 5.2513E-02,0.00413853459322402
 5.2540E-02,0.00162730530369229
 5.2567E-02,-2.8548815009459645e-05
 5.2593E-02,-0.0007561581335690829
 5.2620E-02,-0.0005234976816239766
 5.2647E-02,0.000659184940144536
 5.2673E-02,0.002739834071959403
 5.2700E-02,0.005626917464013877
 5.2727E-02,0.009193518732259464
 5.2753E-02,0.013283004607595857
 5.2780E-02,0.01771600248551549
 5.2807E-02,0.022298356326293692
 5.2833E-02,0.02682968401224363
 5.2860E-02,0.031112143497321186
 5.2887E-02,0.03495902540550988
 5.2913E-02,0.03820281558851894
 5.2940E-02,0.04070240213163053
 5.2967E-02,0.042349134204145045
 5.2993E-02,0.04307147996064984
 5.3020E-02,0.04283808475426904
 5.3047E-02,0.04165910120286134
 5.3073E-02,0.03958574248548132
 5.3100E-02,0.03670808815992563
 5.3127E-02,0.03315123922514954
 5.3153E-02,0.029069975733918122
 5.3180E-02,0.02464212233896836
 5.3207E-02,0.020060880874279662
 5.3233E-02,0.015526443705758293
 5.3260E-02,0.011237248532516274
 5.3287E-02,0.007381263502798942
 5.3313E-02,0.004127694715172943
 5.3340E-02,0.0016194884630866672
 5.3367E-02,-3.303472619293601e-05
 5.3393E-02,-0.0007571221344320233
 5.3420E-02,-0.000520869386637201
 5.3447E-02,0.0006653292546435978
 5.3473E-02,0.002749242985763979
 5.3500E-02,0.005639160611579446
 5.3527E-02,0.00920801979833755
 5.3553E-02,0.013299098203998216
 5.3580E-02,0.017732986965905338
 5.3607E-02,0.02231552141977187
 5.3633E-02,0.02684631499015875
 5.3660E-02,0.031127523754708047
 5.3687E-02,0.03497246051423332
 5.3713E-02,0.03821368328476136
 5.3740E-02,0.04071020963131488
 5.3767E-02,0.04235355554350973
 5.3793E-02,0.04307235879774809
 5.3820E-02,0.04283541186184589
 5.3847E-02,0.041652991486247015
 5.3873E-02,0.03957643138568162
 5.3900E-02,0.036695946227420013
 5.3927E-02,0.03313678397856905
 5.3953E-02,0.029053857787350323
 5.3980E-02,0.024625079867698692
 5.4007E-02,0.020043678851370202
 5.4033E-02,0.01550982395672058
 5.4060E-02,0.011221906061453981
 5.4087E-02,0.007367842689615557
 5.4113E-02,0.004116783717291706
 5.4140E-02,0.0016115936754394437
 5.4167E-02,-3.753317401498078e-05
 5.4193E-02,-0.0007580138779126509
 5.4220E-02,-0.0005181329482706671
 5.4247E-02,0.0006715401934488133
 5.4273E-02,0.002758633415877785
 5.4300E-02,0.005651324745956871
 5.4327E-02,0.00922245308138712
 5.4353E-02,0.013315195414289618
 5.4380E-02,0.017750046330447352
 5.4407E-02,0.022332772864996117
 5.4433E-02,0.026862973248033252
 5.4460E-02,0.031142848140362955
 5.4487E-02,0.03498579806473177
 5.4513E-02,0.038224484653443844
 5.4540E-02,0.04071802728778166
 5.4567E-02,0.04235804512785992
 5.4593E-02,0.04307329796530567
 5.4620E-02,0.04283273224623488
 5.4647E-02,0.04164680399925118
 5.4673E-02,0.03956702563429646
 5.4700E-02,0.036683760926575645
 5.4727E-02,0.03312236382285699
 5.4754E-02,0.029037818411804868
 5.4780E-02,0.024608091637827616
 5.4807E-02,0.02002646150980483
 5.4834E-02,0.015493133022382588
 5.4860E-02,0.011206497328660574
 5.4887E-02,0.00735441863224783
 5.4914E-02,0.00410594083298839
 5.4940E-02,0.0016037905535459824
 5.4967E-02,-4.198145196800053e-05
 5.4994E-02,-0.0007589269702897124
 5.5020E-02,-0.0005154610226007262
 5.5047E-02,0.0006777061775321393
 5.5074E-02,0.0027680441008390423
 5.5100E-02,0.005663565871346638
 5.5127E-02,0.009236964565741187
 5.5154E-02,0.013331314489998636
 5.5180E-02,0.017767057908676866
 5.5207E-02,0.022349947893724513
 5.5234E-02,0.026879587987383175
 5.5260E-02,0.03115819397803717
 5.5287E-02,0.03499919915243361
 5.5314E-02,0.03823533315197096
 5.5340E-02,0.04072582962343671
 5.5367E-02,0.04236246085266894
 5.5394E-02,0.04307415525711631
 5.5420E-02,0.04283001882675879
 5.5447E-02,0.04164064737606968
 5.5474E-02,0.03955767999570601
 5.5500E-02,0.03667160729657727
 5.5527E-02,0.03310791429653516
 5.5554E-02,0.029021707507958135
 5.5580E-02,0.024591044412857477
 5.5607E-02,0.020009243691349578
 5.5634E-02,0.015476500424101699
 5.5660E-02,0.011191160666764722
 5.5687E-02,0.0073410267851439955
 5.5714E-02,0.004095071346097299
 5.5740E-02,0.001595932281823332
 5.5767E-02,-4.645931763013812e-05
 5.5794E-02,-0.0007598104708541775
 5.5820E-02,-0.0005127145051650253
 5.5847E-02,0.0006839413215640696
 5.5874E-02,0.0027774724774595264
 5.5900E-02,0.005675768241161348
 5.5927E-02,0.009251420096338649
 5.5954E-02,0.013347411390642026
 5.5980E-02,0.017784102252314325
 5.6007E-02,0.022367185051102585
 5.6034E-02,0.026896243032901595
 5.6060E-02,0.0311735232191153
 5.6087E-02,0.03501253609677838
 5.6114E-02,0.03824611589143365
 5.6140E-02,0.04073360976939515
 5.6167E-02,0.0423669061566221
 5.6194E-02,0.04307505929901159
 5.6220E-02,0.042827320902085034
 5.6247E-02,0.04163445258514607
 5.6274E-02,0.039548264419770586
 5.6300E-02,0.03665940030045793
 5.6327E-02,0.033093463676147454
 5.6354E-02,0.029005642425330713
 5.6380E-02,0.024574048606031528
 5.6407E-02,0.01999203963674064
 5.6434E-02,0.015459833805424462
 5.6460E-02,0.01117577293313135
 5.6487E-02,0.007327612961792257
 5.6514E-02,0.004084232892513223
 5.6540E-02,0.0015881404299824937
 5.6567E-02,-5.088016260496519e-05
 5.6594E-02,-0.0007606822535116012
 5.6620E-02,-0.0005100001863930795
 5.6647E-02,0.0006901370133408389
 5.6674E-02,0.0027868956588466176
 5.6700E-02,0.005688012067086276
 5.6727E-02,0.009265936965521889
 5.6754E-02,0.013363545314886269
 5.6780E-02,0.017801133325993937
 5.6807E-02,0.022384371515902668
 5.6834E-02,0.026912850780756472
 5.6860E-02,0.031188844024118464
 5.6887E-02,0.03502590506231904
 5.6914E-02,0.038256938130269966
 5.6940E-02,0.04074139672456728
 5.6967E-02,0.04237131119469383
 5.6994E-02,0.04307589915677064
 5.7020E-02,0.042824576807443
 5.7047E-02,0.04162825660124014
 5.7074E-02,0.039538883404878454
 5.7100E-02,0.03664722654179158
 5.7127E-02,0.03307901077763713
 5.7154E-02,0.02898953619756871
 5.7180E-02,0.02455700284518656
 5.7207E-02,0.01997481572065731
 5.7234E-02,0.015443193680491163
 5.7260E-02,0.011160438800209768
 5.7287E-02,0.0073142409643475815
 5.7314E-02,0.004073397402022695
 5.7341E-02,0.0015803188102210754
 5.7367E-02,-5.532986240065741e-05
 5.7394E-02,-0.0007615486948728962
 5.7421E-02,-0.0005072406836129235
 5.7447E-02,0.0006963910604872832
 5.7474E-02,0.002796352815352409
 5.7501E-02,0.005700247047894738
 5.7527E-02,0.009280417120543675
 5.7554E-02,0.013379650230619752
 5.7581E-02,0.017818170088070604
 5.7607E-02,0.02240159490249743
 5.7634E-02,0.026929495840648833
 5.7661E-02,0.03120416959251512
 5.7687E-02,0.035039238011037
 5.7714E-02,0.03826770664552116
 5.7741E-02,0.04074914787628768
 5.7767E-02,0.04237571788112201
 5.7794E-02,0.04307676631768046
 5.7821E-02,0.04282185290628648
 5.7847E-02,0.04162204721227596
 5.7874E-02,0.03952945699918348
 5.7901E-02,0.036635003892483683
 5.7927E-02,0.0330645378310893
 5.7954E-02,0.028973449059054784
 5.7981E-02,0.02453999575381252
 5.8007E-02,0.019957617000751934
 5.8034E-02,0.015426545686076449
 5.8061E-02,0.011145073233108137
 5.8087E-02,0.007300844403071129
 5.8114E-02,0.004062570549938652
 5.8141E-02,0.0015725397763257688
 5.8167E-02,-5.97285118756894e-05
 5.8194E-02,-0.0007623868693339228
 5.8221E-02,-0.0005044878835630902
 5.8247E-02,0.0007026194572953451
 5.8274E-02,0.0028057959047374193
 5.8301E-02,0.005712499367446401
 5.8327E-02,0.009294938886308609
 5.8354E-02,0.013395792688956463
 5.8381E-02,0.017835213664997948
 5.8407E-02,0.022418790763960545
 5.8434E-02,0.026946101068243564
 5.8461E-02,0.031219472620506762
 5.8487E-02,0.035052578961525464
 5.8514E-02,0.03827850027319798
 5.8541E-02,0.040756912605376214
 5.8567E-02,0.042380106480626
 5.8594E-02,0.043077588726386236
 5.8621E-02,0.04281908380575211
 5.8647E-02,0.04161581857066613
 5.8674E-02,0.03952004291829647
 5.8701E-02,0.03662280612470732
 5.8727E-02,0.03305007473088373
 5.8754E-02,0.028957343323811578
 5.8781E-02,0.02452295331140185
 5.8807E-02,0.019940393352450875
 5.8834E-02,0.015409903760582353
 5.8861E-02,0.011129742146070492
 5.8887E-02,0.00728748725315078
 5.8914E-02,0.004051762678166353
 5.8941E-02,0.0015647522506371018
 5.8967E-02,-6.414674254585657e-05
 5.8994E-02,-0.0007632298088682702
 5.9021E-02,-0.0005017110469868232
 5.9047E-02,0.0007088911670020527
 5.9074E-02,0.0028152760550478953
 5.9101E-02,0.00572476131742969
 5.9127E-02,0.009309442681344348
 5.9154E-02,0.013411909991454434
 5.9181E-02,0.017852248938990074
 5.9207E-02,0.02243600321437977
 5.9234E-02,0.02696273343276818
 5.9261E-02,0.031234788489562383
 5.9287E-02,0.03506590345822537
 5.9314E-02,0.038289255239880624
 5.9341E-02,0.04076463993907925
 5.9367E-02,0.0423844799621276
 5.9394E-02,0.043078420255591054
 5.9421E-02,0.04281633004553998
 5.9447E-02,0.0416095887763468
 5.9474E-02,0.039510602685105575
 5.9501E-02,0.036610570041402495
 5.9527E-02,0.03303558505251953
 5.9554E-02,0.028941238549620107
 5.9581E-02,0.024505934637042964
 5.9607E-02,0.019923195261872566
 5.9634E-02,0.01539326914399499
 5.9661E-02,0.011114397209826352
 5.9687E-02,0.007274111329078409
 5.9714E-02,0.004040952931962024
 5.9741E-02,0.0015569891994850265
 5.9767E-02,-6.852490140425477e-05
 5.9794E-02,-0.0007640395235419634
 5.9821E-02,-0.0004989241721368633
 5.9847E-02,0.0007151521412667853
 5.9874E-02,0.002824743246945112
 5.9901E-02,0.005737027201351654
 5.9927E-02,0.009323971174872419
 5.9954E-02,0.013428058118428995
 5.9981E-02,0.017869299804754768
 6.0007E-02,0.02245320512275564
 6.0034E-02,0.026979337309700372
 6.0061E-02,0.03125007839845394
 6.0088E-02,0.035079220701039096
 6.0114E-02,0.03830002070708008
 6.0141E-02,0.04077237869895688
 6.0168E-02,0.042388847255874725
 6.0194E-02,0.04307922317501677
 6.0221E-02,0.04281353834702287
 6.0248E-02,0.04160333233847393
 6.0274E-02,0.03950115890214131
 6.0301E-02,0.03659834744744477
 6.0328E-02,0.03302110749362065
 6.0354E-02,0.028925129132731403
 6.0381E-02,0.024488894841103295
 6.0408E-02,0.01990597526327554
 6.0434E-02,0.015376630126671755
 6.0461E-02,0.011099071440526694
 6.0488E-02,0.007260767110667864
 6.0514E-02,0.0040301682222144
 6.0541E-02,0.0015492324424527595
 6.0568E-02,-7.291114924472004e-05
 6.0594E-02,-0.0007648550387910533
 6.0621E-02,-0.0004961258559640785
 6.0648E-02,0.0007214425428197881
 6.0674E-02,0.002834243505111165
 6.0701E-02,0.005749311677844054
 6.0728E-02,0.00933849618919944
 6.0754E-02,0.013444189307818676
 6.0781E-02,0.017886337718847282
 6.0808E-02,0.022470409990941003
 6.0834E-02,0.026995956821761903
 6.0861E-02,0.03126538103589207
 6.0888E-02,0.035092532706192094
 6.0914E-02,0.038310760827566716
 6.0941E-02,0.04078008465498247
 6.0968E-02,0.04239319167308297
 6.0994E-02,0.04308002152824387
 6.1021E-02,0.042810753524763
 6.1048E-02,0.04159707829706454
 6.1074E-02,0.03949170151191222
 6.1101E-02,0.036586097815851676
 6.1128E-02,0.03300660425552569
 6.1154E-02,0.028909010594532623
 6.1181E-02,0.024471866034615358
 6.1208E-02,0.019888775706254892
 6.1234E-02,0.01536000499747427
 6.1261E-02,0.011083744627022668
 6.1288E-02,0.007247412716075225
 6.1314E-02,0.0040193791186716
 6.1341E-02,0.0015414886692498115
 6.1368E-02,-7.726842610976761e-05
 6.1394E-02,-0.0007656390999524175
 6.1421E-02,-0.0004933086265539462
 6.1448E-02,0.0007277344502089326
 6.1474E-02,0.002843736508251337
 6.1501E-02,0.00576159474248505
 6.1528E-02,0.00935303396434255
 6.1554E-02,0.013460342515066809
 6.1581E-02,0.017903392623749837
 6.1608E-02,0.02248761466078489
 6.1634E-02,0.027012558652254614
 6.1661E-02,0.031280660222246494
 6.1688E-02,0.035105829727423994
 6.1714E-02,0.03832149985143326
 6.1741E-02,0.04078779600522951
 6.1768E-02,0.042397534253692644
 6.1794E-02,0.04308080236047829
 6.1821E-02,0.042807939534460035
 6.1848E-02,0.04159079699763817
 6.1874E-02,0.03948223119632827
 6.1901E-02,0.03657385125206883
 6.1928E-02,0.032992110143025166
 6.1954E-02,0.028892894212908478
 6.1981E-02,0.0244548271204846
 6.2008E-02,0.019871560559430818
 6.2034E-02,0.01534337209111878
 6.2061E-02,0.011068426808242847
 6.2088E-02,0.007234081411476326
 6.2114E-02,0.004008614984751401
 6.2141E-02,0.0015337596765328952
 6.2168E-02,-8.162365603587738e-05
 6.2194E-02,-0.0007664253385193533
 6.2221E-02,-0.0004904856709651643
 6.2248E-02,0.0007340454570876738
 6.2274E-02,0.002853256015148854
 6.2301E-02,0.0057738988342310015
 6.2328E-02,0.009367577595096092
 6.2354E-02,0.013476487374296388
 6.2381E-02,0.01792043546758289
 6.2408E-02,0.022504814832797246
 6.2434E-02,0.027029166421428687
 6.2461E-02,0.03129594805240925
 6.2488E-02,0.035119126257426955
 6.2514E-02,0.038332223141264304
 6.2541E-02,0.040795481174118214
 6.2568E-02,0.04240185225027853
 6.2594E-02,0.043081570062268586
 6.2621E-02,0.042805124012277325
 6.2648E-02,0.04158451664786835
 6.2675E-02,0.03947275387485507
 6.2701E-02,0.036561586857201026
 6.2728E-02,0.03297759467662341
 6.2755E-02,0.02887676470731473
 6.2781E-02,0.024437790194054752
 6.2808E-02,0.019854359178576704
 6.2835E-02,0.015326754073089827
 6.2861E-02,0.011053115699371344
 6.2888E-02,0.007220748070063899
 6.2915E-02,0.0039978483762199354
 6.2941E-02,0.0015260378580899585
 6.2968E-02,-8.595870944617576e-05
 6.2995E-02,-0.0007671848062079684
 6.3021E-02,-0.00048764067447381817
 6.3048E-02,0.0007403662695605302
 6.3075E-02,0.0028627749644663998
 6.3101E-02,0.00578620121135992
 6.3128E-02,0.009382127000849802
 6.3155E-02,0.013492646291919291
 6.3181E-02,0.017937492797533823
 6.3208E-02,0.022522019701607523
 6.3235E-02,0.027045764744381435
 6.3261E-02,0.031311217294149596
 6.3288E-02,0.035132405388911554
 6.3315E-02,0.03834293767522438
 6.3341E-02,0.04080316509037114
 6.3368E-02,0.04240616814198496
 6.3395E-02,0.04308232649274717
 6.3421E-02,0.04280228695119008
 6.3448E-02,0.04157821185853009
 6.3475E-02,0.03946325942175843
 6.3501E-02,0.03654931780613564
 6.3528E-02,0.03296308341157046
 6.3555E-02,0.028860639213414883
 6.3581E-02,0.02442075024607107
 6.3608E-02,0.019837148770422468
 6.3635E-02,0.01531012905972572
 6.3661E-02,0.01103780806602422
 6.3688E-02,0.007207430574043005
 6.3715E-02,0.003987103680755827
 6.3741E-02,0.0015183344139587367
 6.3768E-02,-9.028440568116677e-05
 6.3795E-02,-0.0007679413250760284
 6.3821E-02,-0.00048479108466333926
 6.3848E-02,0.0007466998028782346
 6.3875E-02,0.0028723140170379717
 6.3901E-02,0.005798523364834439
 6.3928E-02,0.009396687108610538
 6.3955E-02,0.013508803812706397
 6.3981E-02,0.01795454147151351
 6.4008E-02,0.022539217207723852
 6.4035E-02,0.027062362244723782
 6.4061E-02,0.03132649001830312
 6.4088E-02,0.03514568460707961
 6.4115E-02,0.03835364224133294
 6.4141E-02,0.04081082903802789
 6.4168E-02,0.042410461064902476
 6.4195E-02,0.04308306555363334
 6.4221E-02,0.04279944176859147
 6.4248E-02,0.04157190444715181
 6.4275E-02,0.039453760269652804
 6.4301E-02,0.03653703717578995
 6.4328E-02,0.03294855588646508
 6.4355E-02,0.02884450042901511
 6.4381E-02,0.024403707062738145
 6.4408E-02,0.019819946138957358
 6.4435E-02,0.015293517035972938
 6.4461E-02,0.011022510825961354
 6.4488E-02,0.007194117269446321
 6.4515E-02,0.00397636022438431
 6.4541E-02,0.0015106363677695428
 6.4568E-02,-9.459570938717449e-05
 6.4595E-02,-0.0007686761737853327
 6.4621E-02,-0.00048191979236095986
 6.4648E-02,0.0007530477519324218
 6.4675E-02,0.002881858261140372
 6.4701E-02,0.005810846007496012
 6.4728E-02,0.009411249882470801
 6.4755E-02,0.013524969514979125
 6.4781E-02,0.017971600741215118
 6.4808E-02,0.02255642060563249
 6.4835E-02,0.027078955535626878
 6.4861E-02,0.0313417491350917
 6.4888E-02,0.03515894711223962
 6.4915E-02,0.038364333925828054
 6.4941E-02,0.04081848618283546
 6.4968E-02,0.04241474941082307
 6.4995E-02,0.043083795907620834
 6.5021E-02,0.042796580506164944
 6.5048E-02,0.04156557649304467
 6.5075E-02,0.03944424318767461
 6.5101E-02,0.03652474710749086
 6.5128E-02,0.03293402772829279
 6.5155E-02,0.02882836469604018
 6.5181E-02,0.02438666451619211
 6.5208E-02,0.01980273975616613
 6.5235E-02,0.015276900636120472
 6.5261E-02,0.011007214945810813
 6.5288E-02,0.007180814729584198
 6.5315E-02,0.003965634777879694
 6.5342E-02,0.001502957114513526
 6.5368E-02,-9.889329280080863e-05
 6.5395E-02,-0.0007694033179621497
 6.5422E-02,-0.00047904258282514145
 6.5448E-02,0.0007594053036094938
 6.5475E-02,0.002891417632405283
 6.5502E-02,0.00582318564337882
 6.5528E-02,0.009425824998111594
 6.5555E-02,0.013541138510691504
 6.5582E-02,0.01798865526857643
 6.5608E-02,0.02257361661566936
 6.5635E-02,0.027095544093509796
 6.5662E-02,0.031357007132237186
 6.5688E-02,0.03517220812833302
 6.5715E-02,0.03837501832160821
 6.5742E-02,0.04082612806599673
 6.5768E-02,0.042419017683422676
 6.5795E-02,0.04308450765364575
 6.5822E-02,0.042793706808085516
 6.5848E-02,0.04155924206691923
 6.5875E-02,0.039434721144414875
 6.5902E-02,0.036512448968322585
 6.5928E-02,0.03291948772077263
 6.5955E-02,0.02881221742628699
 6.5982E-02,0.024369616469858333
 6.6008E-02,0.01978553677776542
 6.6035E-02,0.015260294341548037
 6.6062E-02,0.010991930415434281
 6.6088E-02,0.007167520400841621
 6.6115E-02,0.003954914408812068
 6.6142E-02,0.0014952838506582591
 6.6168E-02,-0.00010317955708059011
 6.6195E-02,-0.0007701129972155869
 6.6222E-02,-0.0004761456028521657
 6.6248E-02,0.000765779133028642
 6.6275E-02,0.0029009862847259515
 6.6302E-02,0.005835528733215833
 6.6328E-02,0.009440402210628746
 6.6355E-02,0.013557312056348376
 6.6382E-02,0.018005716640204745
 6.6408E-02,0.022590817655802415
 6.6435E-02,0.027112131112656458
 6.6462E-02,0.03137225550557585
 6.6488E-02,0.035185454472550934
 6.6515E-02,0.038385688290222125
 6.6542E-02,0.04083375929470549
 6.6568E-02,0.042423278356563475
 6.6595E-02,0.04308521092790174
 6.6622E-02,0.04279082028586927
 6.6648E-02,0.0415528906964676
 6.6675E-02,0.039425182192539064
 6.6702E-02,0.036500139040162236
 6.6728E-02,0.0329049433023197
 6.6755E-02,0.02879607107887237
 6.6782E-02,0.02435257028135846
 6.6808E-02,0.019768333585977974
 6.6835E-02,0.015243686626840898
 6.6862E-02,0.010976647220618415
 6.6888E-02,0.007154233866517956
 6.6915E-02,0.00394420854403545
 6.6942E-02,0.0014876281527475546
 6.6968E-02,-0.00010745010583529998
 6.6995E-02,-0.0007708114179590908
 6.7022E-02,-0.00047324048965650836
 6.7048E-02,0.0007721616641105583
 6.7075E-02,0.0029105668063799744
 6.7102E-02,0.005847885856872145
 6.7128E-02,0.00945499148784124
 6.7155E-02,0.013573491489269294
 6.7182E-02,0.01802277659790172
 6.7208E-02,0.022608012661727135
 6.7235E-02,0.027128711693690733
 6.7262E-02,0.03138749939781663
 6.7288E-02,0.03519869703783137
 6.7315E-02,0.03839635158283058
 6.7342E-02,0.040841378239013945
 6.7368E-02,0.04242752185482872
 6.7395E-02,0.043085896067495244
 6.7422E-02,0.042787919026727225
 6.7448E-02,0.04154652968458634
 6.7475E-02,0.0394156368325773
 6.7502E-02,0.036487822485808924
 6.7528E-02,0.03289039018923953
 6.7555E-02,0.028779915513564448
 6.7582E-02,0.024335518243131765
 6.7608E-02,0.0197511311332671
 6.7635E-02,0.01522708626263796
 6.7662E-02,0.010961374806047273
 6.7688E-02,0.0071409576425811635
 6.7715E-02,0.003933510847063587
 6.7742E-02,0.0014799800652183386
 6.7768E-02,-0.00011171043483457969
 6.7795E-02,-0.000771495242903307
 6.7822E-02,-0.0004703178874659603
 6.7848E-02,0.0007785606247475046
 6.7875E-02,0.002920159045313648
 6.7902E-02,0.005860249156059718
 6.7928E-02,0.009469583656051167
 6.7955E-02,0.013589673703806768
 6.7982E-02,0.018039840509649012
 6.8009E-02,0.02262521101598942
 6.8035E-02,0.027145291589227263
 6.8062E-02,0.03140273631566405
 6.8089E-02,0.035211927194516636
 6.8115E-02,0.03840700048355249
 6.8142E-02,0.04084898432296707
 6.8169E-02,0.04243175511151616
 6.8195E-02,0.04308657179647498
 6.8222E-02,0.042785006444646174
 6.8249E-02,0.04154015442330324
 6.8275E-02,0.03940607625623353
 6.8302E-02,0.03647549347527533
 6.8329E-02,0.03287583020921349
 6.8355E-02,0.028763758637013255
 6.8382E-02,0.024318467857088133
 6.8409E-02,0.019733930430573976
 6.8435E-02,0.015210486993714552
 6.8462E-02,0.010946104747653462
 6.8489E-02,0.007127687920448008
 6.8515E-02,0.0039228251034848765
 6.8542E-02,0.001472347788405548
 6.8569E-02,-0.00011595462347434543
 6.8595E-02,-0.0007721655968761545
 6.8622E-02,-0.0004673849821246865
 6.8649E-02,0.0007849686405749829
 6.8675E-02,0.0029297614040531476
 6.8702E-02,0.0058726240516218196
 6.8729E-02,0.009484186719058967
 6.8755E-02,0.013605862813892436
 6.8782E-02,0.01805690533563507
 6.8809E-02,0.02264240507043017
 6.8835E-02,0.02716186477758957
 6.8862E-02,0.03141796670874904
 6.8889E-02,0.035225151417108545
 6.8915E-02,0.03841764217624567
 6.8942E-02,0.040856579614894604
 6.8969E-02,0.042435973469497665
 6.8995E-02,0.043087230593210436
 6.9022E-02,0.04278207829249077
 6.9049E-02,0.04153376735496651
 6.9075E-02,0.03939650755250443
 6.9102E-02,0.036463157966130276
 6.9129E-02,0.03286126340106741
 6.9155E-02,0.02874759463692869
 6.9182E-02,0.02430141226878133
 6.9209E-02,0.019716729184831992
 6.9235E-02,0.01519389294733824
 6.9262E-02,0.010930844250110669
 6.9289E-02,0.007114429197742669
 6.9315E-02,0.003912149572994758
 6.9342E-02,0.0014647248839085446
 6.9369E-02,-0.00012018850544683155
 6.9395E-02,-0.0007728229686104576
 6.9422E-02,-0.00046443655803906356
 6.9449E-02,0.0007913923710314599
 6.9475E-02,0.002939376596459643
 6.9502E-02,0.005885007156801167
 6.9529E-02,0.009498793975472585
 6.9555E-02,0.01362205423101763
 6.9582E-02,0.01807397226070712
 6.9609E-02,0.022659600740389252
 6.9635E-02,0.02717843705264772
 6.9662E-02,0.03143319155307719
 6.9689E-02,0.03523836512067131
 6.9715E-02,0.03842827028286534
 6.9742E-02,0.040864161120364215
 6.9769E-02,0.04244017969369511
 6.9795E-02,0.04308787866400315
 6.9822E-02,0.042779139139552676
 6.9849E-02,0.041527367720828316
 6.9875E-02,0.03938692530379812
 6.9902E-02,0.036450810314728174
 6.9929E-02,0.032846688454927976
 6.9955E-02,0.02873142753040655
 6.9982E-02,0.02428435748807123
 7.0009E-02,0.01969953048589184
 7.0035E-02,0.015177301792074292
 7.0062E-02,0.010915587462388316
 7.0089E-02,0.007101176819719384
 7.0115E-02,0.00390148448768488
 7.0142E-02,0.0014571161728572273
 7.0169E-02,-0.0001244066651922473
 7.0195E-02,-0.0007734657702796398
 7.0222E-02,-0.0004614761311073027
 7.0249E-02,0.0007978260601871907
 7.0275E-02,0.002949001272511905
 7.0302E-02,0.005897400186473105
 7.0329E-02,0.009513410751829921
 7.0355E-02,0.013638252544336024
 7.0382E-02,0.01809104143408715
 7.0409E-02,0.02267679366302908
 7.0435E-02,0.02719500311661387
 7.0462E-02,0.031448408909040944
 7.0489E-02,0.03525157125026485
 7.0515E-02,0.03843889018736673
 7.0542E-02,0.04087173227028379
 7.0569E-02,0.04244437250506
 7.0595E-02,0.04308851111343344
 7.0622E-02,0.04277618448732896
 7.0649E-02,0.041520955066401265
 7.0676E-02,0.03937733343132085
 7.0702E-02,0.03643845560658795
 7.0729E-02,0.03283210750968285
 7.0756E-02,0.028715254837571032
 7.0782E-02,0.024267298505586916
 7.0809E-02,0.019682330909066126
 7.0836E-02,0.015160714476020111
 7.0862E-02,0.010900338930992359
 7.0889E-02,0.007087935263734206
 7.0916E-02,0.0038908306908431497
 7.0942E-02,0.0014495182763794847
 7.0969E-02,-0.00012861387884565909
 7.0996E-02,-0.0007740962593221812
 7.1022E-02,-0.0004585016063078642
 7.1049E-02,0.0008042744509410133
 7.1076E-02,0.002958638994749038
 7.1102E-02,0.005909802683002597
 7.1129E-02,0.009528032999612863
 7.1156E-02,0.013654453430755265
 7.1182E-02,0.018108111752026004
 7.1209E-02,0.022693986800984556
 7.1236E-02,0.02721156754422918
 7.1262E-02,0.031463621231791604
 7.1289E-02,0.03526476816934351
 7.1316E-02,0.038449497528041644
 7.1342E-02,0.04087928953832653
 7.1369E-02,0.042448552056934506
 7.1396E-02,0.04308913160604572
 7.1422E-02,0.0427732185016109
 7.1449E-02,0.04151453067870745
 7.1476E-02,0.039367729334683084
 7.1502E-02,0.03642608950451981
 7.1529E-02,0.03281751802186508
 7.1556E-02,0.02869907784506051
 7.1582E-02,0.024250239351714647
 7.1609E-02,0.01966513393709704
 7.1636E-02,0.015144131125435185
 7.1662E-02,0.010885095361283976
 7.1689E-02,0.007074700509821584
 7.1716E-02,0.003880186680459049
 7.1742E-02,0.0014419333765342095
 7.1769E-02,-0.0001328061066512749
 7.1796E-02,-0.0007747118472152578
 7.1822E-02,-0.0004555139504312647
 7.1849E-02,0.0008107338061372632
 7.1876E-02,0.0029682862649061384
 7.1902E-02,0.005922214169722651
 7.1929E-02,0.00954266357911548
 7.1956E-02,0.013670660710417153
 7.1982E-02,0.018125184876226864
 7.2009E-02,0.022711178326623536
 7.2036E-02,0.02722812652998969
 7.2062E-02,0.031478825834928066
 7.2089E-02,0.03527795646600445
 7.2116E-02,0.038460095645119936
 7.2142E-02,0.04088683627090751
 7.2169E-02,0.042452718983329335
 7.2196E-02,0.0430897375748409
 7.2222E-02,0.0427702375263784
 7.2249E-02,0.04150809278462693
 7.2276E-02,0.03935811453848812
 7.2302E-02,0.036413715560986784
 7.2329E-02,0.03280292267659238
 7.2356E-02,0.02868289621178055
 7.2382E-02,0.024233176972278385
 7.2409E-02,0.019647936302169183
 7.2436E-02,0.015127550896613523
 7.2462E-02,0.010869858978438316
 7.2489E-02,0.00706147601106732
 7.2516E-02,0.0038695543306169334
 7.2542E-02,0.0014343602742108328
 7.2569E-02,-0.000136986612161381
 7.2596E-02,-0.0007753151938504335
 7.2622E-02,-0.00045251306399631496
 7.2649E-02,0.000817206894632369
 7.2676E-02,0.0029779462823084787
 7.2702E-02,0.00593463571669548
 7.2729E-02,0.009557300616648196
 7.2756E-02,0.013686871131412651
 7.2782E-02,0.018142258828801505
 7.2809E-02,0.02272836911938127
 7.2836E-02,0.02724468305911164
 7.2862E-02,0.03149402536082422
 7.2889E-02,0.03529113629841775
 7.2916E-02,0.038470682110579475
 7.2942E-02,0.04089436945046205
 7.2969E-02,0.042456872130792
 7.2996E-02,0.04309033064819565
 7.3022E-02,0.04276724462746635
 7.3049E-02,0.041501643395758396
 7.3076E-02,0.03934848839275204
 7.3102E-02,0.036401331033275496
 7.3129E-02,0.03278831889773845
 7.3156E-02,0.028666709629913235
 7.3182E-02,0.02421611357522907
 7.3209E-02,0.019630740945561116
 7.3236E-02,0.015110975117748884
 7.3262E-02,0.010854628487321275
 7.3289E-02,0.007048258969697333
 7.3316E-02,0.003858931657418193
 7.3343E-02,0.0014267994247379513
 7.3369E-02,-0.00014115287164255313
 7.3396E-02,-0.0007759037525130732
 7.3423E-02,-0.00044949842888385416
 7.3449E-02,0.000823691802759405
 7.3476E-02,0.0029876162543037935
 7.3503E-02,0.005947065888869837
 7.3529E-02,0.009571945146625157
 7.3556E-02,0.013703087304391622
 7.3583E-02,0.018159335645879217
 7.3609E-02,0.022745558985838105
 7.3636E-02,0.02726123488041237
 7.3663E-02,0.03150921733706762
 7.3689E-02,0.03530430696716128
 7.3716E-02,0.038481258533172975
 7.3743E-02,0.04090189165379175
 7.3769E-02,0.042461012935828914
 7.3796E-02,0.04309090996258835
 7.3823E-02,0.04276423735923205
 7.3849E-02,0.04149518047680743
 7.3876E-02,0.039338850910283565
 7.3903E-02,0.036388937942009855
 7.3929E-02,0.03277370904694423
 7.3956E-02,0.028650518876268363
 7.3983E-02,0.024199047726597072
 7.4009E-02,0.019613545384360928
 7.4036E-02,0.015094402244585997
 7.4063E-02,0.010839404481339722
 7.4089E-02,0.007035051572027927
 7.4116E-02,0.0038483206160027164
 7.4143E-02,0.001419250938626632
 7.4169E-02,-0.00014530672096479047
 7.4196E-02,-0.0007764798296783815
 7.4223E-02,-0.000446470976228283
 7.4249E-02,0.0008301896986358501
 7.4276E-02,0.0029972984787631765
 7.4303E-02,0.0059595062506096535
 7.4329E-02,0.009586596753403554
 7.4356E-02,0.013719307199559548
 7.4383E-02,0.01817641334513603
 7.4409E-02,0.022762747590763528
 7.4436E-02,0.02727778355254075
 7.4463E-02,0.03152440392783516
 7.4489E-02,0.03531746947958441
 7.4516E-02,0.038491823959332025
 7.4543E-02,0.04090940076099989
 7.4569E-02,0.04246513984440827
 7.4596E-02,0.04309147578616327
 7.4623E-02,0.04276121758002201
 7.4649E-02,0.04148870596151936
 7.4676E-02,0.039329202545335555
 7.4703E-02,0.03637653492750127
 7.4729E-02,0.032759091093070056
 7.4756E-02,0.028634322925288582
 7.4783E-02,0.02418198025578743
 7.4809E-02,0.01959635164928724
 7.4836E-02,0.015077833899436236
 7.4863E-02,0.010824186919220633
 7.4889E-02,0.0070218522190915855
 7.4916E-02,0.003837719411698393
 7.4943E-02,0.001411714327012936
 7.4969E-02,-0.00014944691720251762
 7.4996E-02,-0.0007770414332132692
 7.5023E-02,-0.0004434295486349173
 7.5049E-02,0.0008367000027089054
 7.5076E-02,0.003006991138125637
 7.5103E-02,0.00597195522885048
 7.5129E-02,0.009601255369337237
 7.5156E-02,0.013735532281598805
 7.5183E-02,0.01819349371138048
 7.5209E-02,0.02277993558220374
 7.5236E-02,0.027294328065435587
 7.5263E-02,0.03153958329053441
 7.5289E-02,0.035330622650942924
 7.5316E-02,0.03850237880446173
 7.5343E-02,0.040916898425219284
 7.5369E-02,0.04246925438805825
 7.5396E-02,0.04309202828476551
 7.5423E-02,0.04275818396781009
 7.5449E-02,0.041482218124948914
 7.5476E-02,0.03931954256797482
 7.5503E-02,0.036364122829209686
 7.5529E-02,0.032744466740632534
 7.5556E-02,0.028618122949059105
 7.5583E-02,0.024164910850044494
 7.5609E-02,0.019579158198875086
 7.5636E-02,0.015061268554097448
 7.5663E-02,0.010808975498278799
 7.5689E-02,0.007008662038059336
 7.5716E-02,0.0038271296458474336
 7.5743E-02,0.001404190335570564
 7.5769E-02,-0.0001535741961670872
 7.5796E-02,-0.0007775902044311914
 7.5823E-02,-0.00044037539233001885
 7.5849E-02,0.0008432228331287384
 7.5876E-02,0.003016695576241266
 7.5903E-02,0.0059844142717188215
 7.5929E-02,0.009615921358558682
 7.5956E-02,0.013751761534855139
 7.5983E-02,0.018210575173994714
 7.6010E-02,0.022797122101032883
 7.6036E-02,0.02731086895097519
 7.6063E-02,0.031554756896543315
 7.6090E-02,0.03534376768585886
 7.6116E-02,0.03851292302938149
 7.6143E-02,0.04092438340475317
 7.6170E-02,0.04247335513819747
 7.6196E-02,0.043092566999758476
 7.6223E-02,0.04275513739338124
 7.6250E-02,0.04147571844859109
 7.6276E-02,0.039309871869474836
 7.6303E-02,0.036351701243324964
 7.6330E-02,0.03272983464557425
 7.6356E-02,0.02860191777655599
 7.6383E-02,0.02414783947249506
 7.6410E-02,0.01956196616377514
 7.6436E-02,0.015044707596850658
 7.6463E-02,0.010793770758349527
 7.6490E-02,0.006995480314259042
 7.6516E-02,0.003816549962994317
 7.6543E-02,0.0013966780940229554
 7.6570E-02,-0.00015768821959008094
 7.6596E-02,-0.0007781248551690023
 7.6623E-02,-0.00043730729081398607
 7.6650E-02,0.0008497583817843287
 7.6676E-02,0.00302641084224214
 7.6703E-02,0.005996882086487478
 7.6730E-02,0.009630594148587357
 7.6756E-02,0.013767995569360035
 7.6783E-02,0.018227659021152514
 7.6810E-02,0.022814308061073686
 7.6836E-02,0.027327406006245794
 7.6863E-02,0.03156992359380053
 7.6890E-02,0.03535690341806484
 7.6916E-02,0.038523456392278874
 7.6943E-02,0.04093185656437473
 7.6970E-02,0.04247744335239184
 7.6996E-02,0.043093092560079434
 7.7023E-02,0.04275207735877197
 7.7050E-02,0.04146920572872901
 7.7076E-02,0.03930018952792472
 7.7103E-02,0.036339270277344626
 7.7130E-02,0.032715195851219146
 7.7156E-02,0.028585708539397056
 7.7183E-02,0.02413076643729696
 7.7210E-02,0.019544774810129565
 7.7236E-02,0.01502814986790792
 7.7263E-02,0.010778572073421047
 7.7290E-02,0.006982307471033468
 7.7316E-02,0.0038059814941238277
 7.7343E-02,0.0013891785264624331
 7.7370E-02,-0.00016178901405365328
 7.7396E-02,-0.0007786463383858806
 7.7423E-02,-0.0004342263597087562
 7.7450E-02,0.000856306249693877
 7.7476E-02,0.0030361375399736695
 7.7503E-02,0.006009359751235248
 7.7530E-02,0.009645274386932813
 7.7556E-02,0.013784234058545612
 7.7583E-02,0.018244744206961337
 7.7610E-02,0.022831492536244665
 7.7636E-02,0.02734393916263255
 7.7663E-02,0.03158508420924157
 7.7690E-02,0.03537003088303485
 7.7716E-02,0.03853397928838484
 7.7743E-02,0.040939317338260686
 7.7770E-02,0.04248151796540098
 7.7796E-02,0.043093604262306566
 7.7823E-02,0.042749004081388556
 7.7850E-02,0.041462680912218684
 7.7876E-02,0.03929049644232613
 7.7903E-02,0.03632683005498762
 7.7930E-02,0.03270054961507808
 7.7956E-02,0.02856949423833914
 7.7983E-02,0.02411369129478288
 7.8010E-02,0.019527584585143986
 7.8036E-02,0.015011596324379498
 7.8063E-02,0.010763380112608092
 7.8090E-02,0.006969143332594419
 7.8116E-02,0.003795423351586537
 7.8143E-02,0.0013816907423349362
 7.8170E-02,-0.00016587676566103687
 7.8196E-02,-0.0007791539993784928
 7.8223E-02,-0.0004311316406248718
 7.8250E-02,0.0008628669292599234
 7.8276E-02,0.003045875315796713
 7.8303E-02,0.00602184637578181
 7.8330E-02,0.009659961385482283
 7.8356E-02,0.013800477079815604
 7.8383E-02,0.01826183150733556
 7.8410E-02,0.022848676364278113
 7.8436E-02,0.027360468636080285
 7.8463E-02,0.03160023816292455
 7.8490E-02,0.03538314917810075
 7.8516E-02,0.03854449122340786
 7.8543E-02,0.040946766034672726
 7.8570E-02,0.0424855798300399
 7.8596E-02,0.043094102810669194
 7.8623E-02,0.04274591755488806
 7.8650E-02,0.04145614330429657
 7.8677E-02,0.03928079181059909
 7.8703E-02,0.03631438033013295
 7.8730E-02,0.032685896455567215
 7.8757E-02,0.028553275748169335
 7.8783E-02,0.02409661459033722
 7.8810E-02,0.019510395300332856
 7.8837E-02,0.01499504624373385
 7.8863E-02,0.010748194252272917
 7.8890E-02,0.006955987920732516
 7.8917E-02,0.003784876219760072
 7.8943E-02,0.001374215566794739
 7.8970E-02,-0.00016995114389701887
 7.8997E-02,-0.0007796482393574832
 7.9023E-02,-0.00042802392033021463
 7.9050E-02,0.0008694398910403093
 7.9077E-02,0.0030556243159721263
 7.9103E-02,0.006034342643002417
 7.9130E-02,0.009674655788706478
 7.9157E-02,0.013816724701058346
 7.9183E-02,0.01827892034930862
 7.9210E-02,0.022865858788782025
 7.9237E-02,0.027376994089590972
 7.9263E-02,0.03161538579492322
 7.9290E-02,0.035396259027538235
 7.9317E-02,0.03855499270602473
 7.9343E-02,0.04095420252942502
 7.9370E-02,0.04248962829019996
 7.9397E-02,0.04309458754820443
 7.9423E-02,0.04274281764759057
 7.9450E-02,0.041449593393878985
 7.9477E-02,0.039271076334473756
 7.9503E-02,0.03630192144205227
 7.9530E-02,0.032671236073522354
 7.9557E-02,0.02853705237312155
 7.9583E-02,0.024079535787530665
 7.9610E-02,0.01949320699382677
 7.9637E-02,0.014978500178992452
 7.9663E-02,0.010733015080894474
 7.9690E-02,0.0069428413541377035
 7.9717E-02,0.003774339626036468
 7.9743E-02,0.0013667522926210768
 7.9770E-02,-0.00017401254777567278
 7.9797E-02,-0.0007801288585892224
 7.9823E-02,-0.00042490259178822796
 7.9850E-02,0.0008760256370446298
 7.9877E-02,0.0030653845213459664
 7.9903E-02,0.006046848026472458
 7.9930E-02,0.009689356989156243
 7.9957E-02,0.013832976721373551
 7.9983E-02,0.018296011091382243
 8.0000E-02,0.021166814878151245
