  0.000,0.0
  1.000,0.02118138594317907
  0.000,0.02118138594317907
 2.2990E-05,0.022450399816575775
 4.5980E-05,0.025864447201082778
 6.8970E-05,0.031929847945765685
 9.1960E-05,0.039027159568954625
 1.1495E-04,0.04422583459608882
 1.3794E-04,0.04623333286965319
 1.6093E-04,0.044974075790474195
 1.8392E-04,0.041440990712063794
 2.0691E-04,0.03816439563974454
 2.2990E-04,0.036850032031518126
 2.5289E-04,0.036757445940537786
 2.7588E-04,0.036510825005522274
 2.9887E-04,0.034442103479508615
 3.2186E-04,0.02910950305746011
 3.4485E-04,0.02144186594954019
 3.6784E-04,0.01384006876051487
 3.9083E-04,0.00809090870576953
 4.1382E-04,0.005254861477541095
 4.3681E-04,0.004978043369651781
 4.5980E-04,0.0051168292718892314
 4.8279E-04,0.003945271925758524
 5.0578E-04,0.0013512465591379343
 5.2877E-04,-0.001770871813735934
 5.5176E-04,-0.0034768522969640878
 5.7475E-04,-0.001896783166989627
 5.9774E-04,0.0029229287841749264
 6.2073E-04,0.00944295636215468
 6.4372E-04,0.01573831800753164
 6.6671E-04,0.020112496213758962
 6.8970E-04,0.022328807614771164
 7.1269E-04,0.02388765713025124
 7.3568E-04,0.026506647599876886
 7.5867E-04,0.03102729074181565
 7.8166E-04,0.03705351744942025
 8.0465E-04,0.04277237541868549
 8.2764E-04,0.04605086271667364
 8.5063E-04,0.04601606170885137
 8.7362E-04,0.043315297994936615
 8.9661E-04,0.03958865617104374
 9.1960E-04,0.03670137678117862
 9.4259E-04,0.03540920728160991
 9.6558E-04,0.03479742354248045
 9.8857E-04,0.03323576745505067
 1.0116E-03,0.029391475964298135
 1.0345E-03,0.02302284213252053
 1.0575E-03,0.015492071049993403
 1.0805E-03,0.00891792955482999
 1.1035E-03,0.004784522520706424
 1.1265E-03,0.0033254193888315542
 1.1495E-03,0.00345268419528475
 1.1725E-03,0.0034039756286085923
 1.1955E-03,0.0020942376573227697
 1.2185E-03,-0.00015206517752463069
 1.2415E-03,-0.0019283566106643476
 1.2645E-03,-0.0015424723402338207
 1.2874E-03,0.0019112355265813903
 1.3104E-03,0.007815971226133544
 1.3334E-03,0.014429893690374635
 1.3564E-03,0.019966339206384985
 1.3794E-03,0.02352470948988255
 1.4024E-03,0.0255744976173087
 1.4254E-03,0.027596248942672853
 1.4484E-03,0.0309211673736398
 1.4714E-03,0.03577684839265627
 1.4943E-03,0.04112356638881241
 1.5173E-03,0.045164123758634635
 1.5403E-03,0.04641948107332118
 1.5633E-03,0.0446977395029705
 1.5863E-03,0.04112439897147325
 1.6093E-03,0.03739229090548816
 1.6323E-03,0.03476862006524671
 1.6553E-03,0.03329966260719118
 1.6783E-03,0.03183612230446196
 1.7013E-03,0.02892611430716295
 1.7242E-03,0.023822650568024073
 1.7472E-03,0.01703594207989006
 1.7702E-03,0.01016472180711165
 1.7932E-03,0.004974048905645137
 1.8162E-03,0.0023531784154355983
 1.8392E-03,0.001902645369889312
 1.8622E-03,0.0022873376094999726
 1.8852E-03,0.0021316057569166283
 1.9082E-03,0.0009713174622535084
 1.9312E-03,-0.00042858043688015534
 1.9541E-03,-0.000601625963708847
 1.9771E-03,0.0016761030132819287
 2.0001E-03,0.006572536092885132
 2.0231E-03,0.013002927058159745
 2.0461E-03,0.019250016345353105
 2.0691E-03,0.023971975733448572
 2.0921E-03,0.02691676137136182
 2.1151E-03,0.028959923038441932
 2.1381E-03,0.03143491889294946
 2.1611E-03,0.035145156545511765
 2.1840E-03,0.03975203902468552
 2.2070E-03,0.04392832007050372
 2.2300E-03,0.04612717852625847
 2.2530E-03,0.04552105595024227
 2.2760E-03,0.042516795542041956
 2.2990E-03,0.03847334288839578
 2.3220E-03,0.034845176568639794
 2.3450E-03,0.03231714888932749
 2.3680E-03,0.030438088784158285
 2.3910E-03,0.02800232759819493
 2.4139E-03,0.023942266030759735
 2.4369E-03,0.018117543683237137
 2.4599E-03,0.011507789703874727
 2.4829E-03,0.005707366109025416
 2.5059E-03,0.0020178154303041812
 2.5289E-03,0.0007207001949297146
 2.5519E-03,0.0010062195710087581
 2.5749E-03,0.0015687759143113696
 2.5979E-03,0.001482129500716233
 2.6209E-03,0.000815402171545103
 2.6439E-03,0.0005822215629514381
 2.6668E-03,0.002055673055760446
 2.6898E-03,0.00591153640557711
 2.7128E-03,0.011735397939693186
 2.7358E-03,0.018197809921314617
 2.7588E-03,0.023804236127428387
 2.7818E-03,0.027737064062242967
 2.8048E-03,0.030246804684856927
 2.8278E-03,0.03236551120441425
 2.8508E-03,0.03513167297080118
 2.8738E-03,0.03881937569861788
 2.8967E-03,0.04268037385072001
 2.9197E-03,0.0453631269597344
 2.9427E-03,0.04572919131110617
 2.9657E-03,0.043553851195364895
 2.9887E-03,0.039665783810320626
 3.0117E-03,0.03543105544688928
 3.0347E-03,0.03192381733370685
 3.0577E-03,0.02931803723766406
 3.0807E-03,0.02687356466378843
 3.1036E-03,0.023519313987329874
 3.1266E-03,0.018656167265541885
 3.1496E-03,0.012653276468661157
 3.1726E-03,0.00672126170415486
 3.1956E-03,0.00225003873783728
 3.2186E-03,2.799122151840713e-05
 3.2416E-03,-0.00016499260915432023
 3.2646E-03,0.0006640037648255261
 3.2876E-03,0.0014167203427635226
 3.3106E-03,0.0016253760353473743
 3.3335E-03,0.0017452830953532924
 3.3565E-03,0.002832583329145667
 3.3795E-03,0.0058166969692826104
 3.4025E-03,0.010839824461644816
 3.4255E-03,0.017083198072896794
 3.4485E-03,0.023188691670488714
 3.4715E-03,0.028012878023336032
 3.4945E-03,0.031235339996291064
 3.5175E-03,0.033436168590705154
 3.5405E-03,0.03560455967887862
 3.5634E-03,0.03840122558611518
 3.5864E-03,0.041649485090420775
 3.6094E-03,0.04438429923038298
 3.6324E-03,0.04542720143542452
 3.6554E-03,0.04411593781602978
 3.6784E-03,0.04072360461578276
 3.7014E-03,0.03630179628974426
 3.7244E-03,0.032050544806239444
 3.7474E-03,0.028621947719340773
 3.7704E-03,0.02580005102292033
 3.7934E-03,0.022751071074032653
 3.8163E-03,0.01867483173437202
 3.8393E-03,0.013434438528295251
 3.8623E-03,0.007756601443383799
 3.8853E-03,0.0028747431455178234
 3.9083E-03,-0.0001555213869722464
 3.9313E-03,-0.0010356119466617226
 3.9543E-03,-0.00033597460716479636
 3.9773E-03,0.0009230703331125214
 4.0003E-03,0.0019481241591433837
 4.0232E-03,0.002674146575003746
 4.0462E-03,0.003774266147665137
 4.0692E-03,0.006176142148422089
 4.0922E-03,0.010398218756349989
 4.1152E-03,0.01613319676238757
 4.1382E-03,0.022344833500583097
 4.1612E-03,0.027817518251177977
 4.1842E-03,0.03181241222580326
 4.2072E-03,0.034415714262398506
 4.2302E-03,0.03636278834082235
 4.2531E-03,0.03845979307113185
 4.2761E-03,0.04097970667275673
 4.2991E-03,0.04342194754408708
 4.3221E-03,0.044789884447360935
 4.3451E-03,0.044207230370499624
 4.3681E-03,0.041477334510764116
 4.3911E-03,0.03722826139695141
 4.4141E-03,0.032553346751265644
 4.4371E-03,0.028379805765177502
 4.4601E-03,0.024968820444137438
 4.4830E-03,0.02186021177051496
 4.5060E-03,0.018287135762701374
 4.5290E-03,0.013787241577360646
 4.5520E-03,0.00861398331499026
 4.5750E-03,0.003682731149612821
 4.5980E-03,8.63162453925404e-05
 4.6210E-03,-0.0015114876156492314
 4.6440E-03,-0.0012226172430395315
 4.6670E-03,0.00019212187628219108
 4.6900E-03,0.0018365716399787997
 4.7129E-03,0.0032492328662728515
 4.7359E-03,0.004667210991018921
 4.7589E-03,0.006820021501533433
 4.7819E-03,0.010390164618895083
 4.8049E-03,0.015489042200588062
 4.8279E-03,0.021485408192362332
 4.8509E-03,0.027297593332621273
 4.8739E-03,0.03196578481718
 4.8969E-03,0.035143533336717825
 4.9199E-03,0.03720003176697638
 4.9428E-03,0.03887490759113551
 4.9658E-03,0.04071410445372981
 4.9888E-03,0.0426527562818493
 5.0118E-03,0.04401323309284703
 5.0348E-03,0.04391860447622664
 5.0578E-03,0.04185513827233228
 5.0808E-03,0.03802282268284605
 5.1038E-03,0.03325033780137445
 5.1268E-03,0.028531096466415988
 5.1498E-03,0.024477761131154564
 5.1727E-03,0.02103997295688
 5.1957E-03,0.017657658868984637
 5.2187E-03,0.01374253629708351
 5.2417E-03,0.009172590054488762
 5.2647E-03,0.004479717935278208
 5.2877E-03,0.0006093676147667314
 5.3107E-03,-0.0015950397280208454
 5.3337E-03,-0.0018561312563136374
 5.3567E-03,-0.0005846147413221506
 5.3797E-03,0.0014120677328946694
 5.4026E-03,0.0034453752804696276
 5.4256E-03,0.005356623373741499
 5.4486E-03,0.007563704792787012
 5.4716E-03,0.010719036607155898
 5.4946E-03,0.0152024370282045
 5.5176E-03,0.020776450525732845
 5.5406E-03,0.026626933168481987
 5.5636E-03,0.03176582774429266
 5.5866E-03,0.03554261354076142
 5.6096E-03,0.037942612087515176
 5.6325E-03,0.039487679921582246
 5.6555E-03,0.04080979082145554
 5.6785E-03,0.04217643127396952
 5.7015E-03,0.04327453548709379
 5.7245E-03,0.043390973053777225
 5.7475E-03,0.04187203502915478
 5.7705E-03,0.038566003722650136
 5.7935E-03,0.0339649550066352
 5.8165E-03,0.02895548975665207
 5.8395E-03,0.024338892267015806
 5.8624E-03,0.020425875730440916
 5.8854E-03,0.016958228101232275
 5.9084E-03,0.013398589226481008
 5.9314E-03,0.009395082883649774
 5.9544E-03,0.0051179215862408225
 5.9774E-03,0.0012502943845293987
 6.0004E-03,-0.0013614186447345696
 6.0234E-03,-0.0021763380274659075
 6.0464E-03,-0.0012509897024723248
 6.0694E-03,0.0008265303388599351
 6.0923E-03,0.0033138334490156337
 6.1153E-03,0.00576146175354327
 6.1383E-03,0.008246448107255267
 6.1613E-03,0.01124739460416049
 6.1843E-03,0.015246545704154367
 6.2073E-03,0.02031777083242462
 6.2303E-03,0.025967419087913144
 6.2533E-03,0.03133286860820648
 6.2763E-03,0.03561525674478096
 6.2993E-03,0.038474418890374396
 6.3222E-03,0.040138828074950325
 6.3452E-03,0.0411662765928716
 6.3682E-03,0.04201488262008206
 6.3912E-03,0.042703163687979974
 6.4142E-03,0.04277759581934133
 6.4372E-03,0.041606995918223276
 6.4602E-03,0.03881282262805323
 6.4832E-03,0.03455804491955819
 6.5062E-03,0.029509090968450988
 6.5292E-03,0.02449546089971575
 6.5521E-03,0.02008380371355773
 6.5751E-03,0.01633427601235952
 6.5981E-03,0.012887175636789325
 6.6211E-03,0.00931584624029359
 6.6441E-03,0.005513243642035633
 6.6671E-03,0.0018611344851692316
 6.6901E-03,-0.0009278514716528565
 6.7131E-03,-0.0021956214041933967
 6.7361E-03,-0.001707486244869428
 6.7591E-03,0.0002272203975968402
 6.7820E-03,0.002955526674743566
 6.8050E-03,0.005872550218109875
 6.8280E-03,0.008755801300902612
 6.8510E-03,0.011831937312874649
 6.8740E-03,0.015538621760387826
 6.8970E-03,0.02013930735865872
 6.9200E-03,0.025441617750917238
 6.9430E-03,0.030803107096231293
 6.9660E-03,0.03542429952678797
 6.9890E-03,0.03874550197338217
 7.0119E-03,0.04069845053196834
 7.0349E-03,0.04165732927902042
 7.0579E-03,0.04212612268162635
 7.0809E-03,0.04236740197640988
 7.1039E-03,0.04221250238380794
 7.1269E-03,0.04117370448601288
 7.1499E-03,0.038784119446510855
 7.1729E-03,0.03494512195943706
 7.1959E-03,0.030057046392463083
 7.2189E-03,0.024848599574911104
 7.2418E-03,0.020013463937301506
 7.2648E-03,0.015883496880900384
 7.2878E-03,0.01234095272041532
 7.3108E-03,0.009017693334505082
 7.3338E-03,0.005646371389523237
 7.3568E-03,0.0023336232660136277
 7.3798E-03,-0.00042192671810311515
 7.4028E-03,-0.0019796513019106807
 7.4258E-03,-0.0019166889608578416
 7.4488E-03,-0.0002699795743684645
 7.4717E-03,0.0024904887376477744
 7.4947E-03,0.005737744216814692
 7.5177E-03,0.0090376747586847
 7.5407E-03,0.01235191329848994
 7.5637E-03,0.01596868197938857
 7.5867E-03,0.02021173842069195
 7.6097E-03,0.02511882173573973
 7.6327E-03,0.030299543298976078
 7.6557E-03,0.03506754050953022
 7.6787E-03,0.038766191787539483
 7.7016E-03,0.041083677494218554
 7.7246E-03,0.042160638346516795
 7.7476E-03,0.042426757424554075
 7.7706E-03,0.042275726345117115
 7.7936E-03,0.04178987173352554
 7.8166E-03,0.040691114358754124
 7.8396E-03,0.038547478840664715
 7.8626E-03,0.03509974108290961
 7.8856E-03,0.030496497657259314
 7.9086E-03,0.025285264334688647
 7.9316E-03,0.020163822412555685
 7.9545E-03,0.015648850655231784
 7.9775E-03,0.011868737723240083
 8.0005E-03,0.008605537269654207
 8.0235E-03,0.005551584325245031
 8.0465E-03,0.002610201274404479
 8.0695E-03,4.4352959318895695e-05
 8.0925E-03,-0.0016232793710106999
 8.1155E-03,-0.0018961979789022835
 8.1385E-03,-0.0005948667456555747
 8.1615E-03,0.0020313322712499464
 8.1844E-03,0.005440080048603487
 8.2074E-03,0.009092998828352423
 8.2304E-03,0.012726297062561006
 8.2534E-03,0.016426034301258486
 8.2764E-03,0.020465443118810947
 8.2994E-03,0.025014455988901754
 8.3224E-03,0.029912049143956065
 8.3454E-03,0.034651392658615845
 8.3684E-03,0.03859146652167413
 8.3914E-03,0.041263368152301694
 8.4143E-03,0.04257957834956867
 8.4373E-03,0.04281699108901553
 8.4603E-03,0.042388873382640226
 8.4833E-03,0.04155549023288059
 8.5063E-03,0.04026015978327003
 8.5293E-03,0.03819404687158948
 8.5523E-03,0.03504510194554956
 8.5753E-03,0.030768562680001728
 8.5983E-03,0.025702795166204277
 8.6213E-03,0.020454165340454623
 8.6442E-03,0.01562275955039006
 8.6672E-03,0.01154028069946281
 8.6902E-03,0.008181401270236857
 8.7132E-03,0.005298034639470618
 8.7362E-03,0.002683432426701131
 8.7592E-03,0.00039234888364219787
 8.7822E-03,-0.0012256744686610476
 8.8052E-03,-0.001702557466281245
 8.8282E-03,-0.0007258337959258332
 8.8512E-03,0.0016634826028528286
 8.8741E-03,0.005073944604643789
 8.8971E-03,0.008965023009230362
 8.9201E-03,0.012920167892144833
 8.9431E-03,0.01682048059683147
 8.9661E-03,0.02081286935724258
 8.9891E-03,0.02509936224976362
 9.0121E-03,0.029687898337711606
 9.0351E-03,0.03426874334459678
 9.0581E-03,0.03830013030473034
 9.0811E-03,0.04125204599607823
 9.1040E-03,0.04285573215156687
 9.1270E-03,0.04320340059362604
 9.1500E-03,0.04263834895197916
 9.1730E-03,0.04150934373269628
 9.1960E-03,0.039948716812872216
 9.2190E-03,0.03781566634454254
 9.2420E-03,0.03483822465785519
 9.2650E-03,0.030859331778384635
 9.2880E-03,0.026025812802085987
 9.3110E-03,0.020796289323945436
 9.3339E-03,0.01576050719480946
 9.3569E-03,0.0113824063499899
 9.3799E-03,0.00782600186181715
 9.4029E-03,0.004968544513845611
 9.4259E-03,0.0025855318062233267
 9.4489E-03,0.0005836277806432577
 9.4719E-03,-0.0008708698431929788
 9.4949E-03,-0.0014116327622734769
 9.5179E-03,-0.0006824689276365499
 9.5409E-03,0.00143561597106606
 9.5638E-03,0.004724736658485955
 9.5868E-03,0.008721203838998885
 9.6098E-03,0.012940322336112463
 9.6328E-03,0.017094376197263353
 9.6558E-03,0.021169162651812363
 9.6788E-03,0.02531579632099907
 9.7018E-03,0.029633019864429525
 9.7248E-03,0.033984829800051464
 9.7478E-03,0.03797467194461056
 9.7707E-03,0.041096683028111966
 9.7937E-03,0.042970816314231136
 9.8167E-03,0.04351472825067374
 9.8397E-03,0.04294591741892923
 9.8627E-03,0.04161618311779455
 9.8857E-03,0.039786664344116825
 9.9087E-03,0.03748775259483685
 9.9317E-03,0.0345515062403975
 9.9547E-03,0.03079200316554025
 9.9777E-03,0.02621398493092724
 1.0001E-02,0.021112551011111428
 1.0024E-02,0.015996926997928887
 1.0047E-02,0.01138389675495919
 1.0070E-02,0.007588711783212049
 1.0093E-02,0.0046411161344925116
 1.0116E-02,0.0023733584552795024
 1.0139E-02,0.0006179265813023608
 1.0162E-02,-0.0006156438105917011
 1.0185E-02,-0.001100081552978369
 1.0208E-02,-0.0005124328562271292
 1.0231E-02,0.0013590249775388462
 1.0254E-02,0.004455080130861786
 1.0277E-02,0.008435251384653803
 1.0300E-02,0.012824491134168349
 1.0323E-02,0.017225830873945323
 1.0346E-02,0.021467308352612353
 1.0368E-02,0.025594633594814536
 1.0391E-02,0.02972028579857089
 1.0414E-02,0.03383147633472919
 1.0437E-02,0.0376849707646339
 1.0460E-02,0.040860296114386636
 1.0483E-02,0.04294085091172229
 1.0506E-02,0.04371013600275186
 1.0529E-02,0.04324047165877207
 1.0552E-02,0.0418203275380329
 1.0575E-02,0.03976913263918023
 1.0598E-02,0.03725892177652487
 1.0621E-02,0.03425559230925856
 1.0644E-02,0.030613974453244867
 1.0667E-02,0.02626142047436466
 1.0690E-02,0.02134800651156685
 1.0713E-02,0.016263412229430424
 1.0736E-02,0.011506231841863062
 1.0759E-02,0.007485386639695176
 1.0782E-02,0.004375443546432729
 1.0805E-02,0.0021120775218636326
 1.0828E-02,0.0005244302589437072
 1.0851E-02,-0.0004850092199570153
 1.0874E-02,-0.0008307822753490596
 1.0897E-02,-0.00027617195992749597
 1.0920E-02,0.001414111288361068
 1.0943E-02,0.004298291349522332
 1.0966E-02,0.008171762549200235
 1.0989E-02,0.01262721784522729
 1.1012E-02,0.01722467449077808
 1.1035E-02,0.02166656136252527
 1.1058E-02,0.02587099093493731
 1.1081E-02,0.029902204400256448
 1.1104E-02,0.033808702276061774
 1.1127E-02,0.0374781638448923
 1.1150E-02,0.04060662242678732
 1.1173E-02,0.04280532460798849
 1.1196E-02,0.0437798879836939
 1.1219E-02,0.043469685823422075
 1.1242E-02,0.042060639894001745
 1.1265E-02,0.03986530498198769
 1.1288E-02,0.037148074062846516
 1.1311E-02,0.034006605729078
 1.1334E-02,0.030382488207386583
 1.1357E-02,0.02618995711148129
 1.1380E-02,0.021475463878810497
 1.1403E-02,0.016501505365855977
 1.1426E-02,0.011697168240852696
 1.1449E-02,0.007503171751848891
 1.1472E-02,0.00420591746424831
 1.1495E-02,0.001861058894701379
 1.1518E-02,0.00034952078216224326
 1.1541E-02,-0.00047492840846851065
 1.1564E-02,-0.0006442341023691033
 1.1587E-02,-3.2612753138555866e-05
 1.1610E-02,0.0015611255708398108
 1.1633E-02,0.004258897654117716
 1.1656E-02,0.007976273819619354
 1.1679E-02,0.012405729215044233
 1.1702E-02,0.017123305375060374
 1.1725E-02,0.021754078037639724
 1.1748E-02,0.026095368938094495
 1.1771E-02,0.030124497293862858
 1.1794E-02,0.033892095432812394
 1.1817E-02,0.03737501621860007
 1.1840E-02,0.04038796798730497
 1.1863E-02,0.042614415333738886
 1.1886E-02,0.04374000726837203
 1.1909E-02,0.04360550276917939
 1.1932E-02,0.04228328537191261
 1.1955E-02,0.04003015891053097
 1.1978E-02,0.03714766739023587
 1.2001E-02,0.0338389794995957
 1.2024E-02,0.030151623996335773
 1.2047E-02,0.026038669533504706
 1.2070E-02,0.02149421643464074
 1.2093E-02,0.016671507928032573
 1.2116E-02,0.011903629449238597
 1.2139E-02,0.007609500083366217
 1.2162E-02,0.004141013254545307
 1.2185E-02,0.0016640866317787998
 1.2208E-02,0.0001441609282317271
 1.2231E-02,-0.0005597163991667724
 1.2254E-02,-0.0005561301368848923
 1.2277E-02,0.00017151123234267012
 1.2300E-02,0.001752257396891013
 1.2323E-02,0.004318406477842671
 1.2346E-02,0.007871115366759615
 1.2369E-02,0.012208617230411873
 1.2392E-02,0.016965423177439935
 1.2415E-02,0.02174088452725974
 1.2438E-02,0.02623938308080262
 1.2461E-02,0.030337808964312245
 1.2484E-02,0.03404298321771964
 1.2507E-02,0.03737210847270388
 1.2530E-02,0.040238040720730825
 1.2553E-02,0.04241711725849692
 1.2576E-02,0.04362335101892157
 1.2599E-02,0.04364379816828405
 1.2622E-02,0.042450117262848634
 1.2644E-02,0.04021617605730658
 1.2667E-02,0.03723122207802714
 1.2690E-02,0.03376399065897916
 1.2713E-02,0.029962900038338767
 1.2736E-02,0.025852582551814357
 1.2759E-02,0.02142406678448883
 1.2782E-02,0.016755602248000323
 1.2805E-02,0.012081846174908945
 1.2828E-02,0.007762725152597848
 1.2851E-02,0.004167675843439168
 1.2874E-02,0.0015447537422560702
 1.2897E-02,-4.671526457762252e-05
 1.2920E-02,-0.0007018378999706632
 1.2943E-02,-0.0005601229409015399
 1.2966E-02,0.00030759947108050087
 1.2989E-02,0.0019424385031150408
 1.3012E-02,0.004444067222672175
 1.3035E-02,0.007856569201979635
 1.3058E-02,0.01206873197043579
 1.3081E-02,0.01679525694421406
 1.3104E-02,0.021654328000393436
 1.3127E-02,0.02629622875611381
 1.3150E-02,0.03050582431191584
 1.3173E-02,0.0342189583380786
 1.3196E-02,0.037448047835613806
 1.3219E-02,0.04016993132098532
 1.3242E-02,0.042252350685263465
 1.3265E-02,0.04346959528632858
 1.3288E-02,0.04359965908535044
 1.3311E-02,0.042542215643525
 1.3334E-02,0.04038281002452428
 1.3357E-02,0.0373626347303202
 1.3380E-02,0.03377297921652343
 1.3403E-02,0.029840391897432338
 1.3426E-02,0.025672876561292014
 1.3449E-02,0.02129690568321711
 1.3472E-02,0.016756153292467275
 1.3495E-02,0.01220340601534654
 1.3518E-02,0.007922001762873996
 1.3541E-02,0.004258711686004129
 1.3564E-02,0.0015066895753139175
 1.3587E-02,-0.00019122517968526683
 1.3610E-02,-0.0008616599952402599
 1.3633E-02,-0.000634082058799441
 1.3656E-02,0.0003663696523866593
 1.3679E-02,0.002097149633118082
 1.3702E-02,0.004598284578628447
 1.3725E-02,0.007915890259496444
 1.3748E-02,0.012000646849874385
 1.3771E-02,0.016649151556770908
 1.3794E-02,0.021529190810495508
 1.3817E-02,0.02627697954060265
 1.3840E-02,0.03060905926528061
 1.3863E-02,0.03438267151023193
 1.3886E-02,0.037571599638844246
 1.3909E-02,0.04017839572627696
 1.3932E-02,0.04214398076419866
 1.3955E-02,0.04331622091561629
 1.3978E-02,0.043500125434886815
 1.4001E-02,0.04255899951631703
 1.4024E-02,0.04050246935329835
 1.4047E-02,0.037505150558612366
 1.4070E-02,0.03384355892046095
 1.4093E-02,0.02979023821471493
 1.4116E-02,0.02553005876821453
 1.4139E-02,0.02114795702467883
 1.4162E-02,0.01669062127198382
 1.4185E-02,0.012257041859169576
 1.4208E-02,0.008054753533949546
 1.4231E-02,0.004381137948074607
 1.4254E-02,0.0015374779522603706
 1.4277E-02,-0.0002735020040133538
 1.4300E-02,-0.0010053572484960843
 1.4323E-02,-0.0007478717279936166
 1.4346E-02,0.00035514954760073486
 1.4369E-02,0.0021964532097889103
 1.4392E-02,0.004746768882935111
 1.4415E-02,0.008022363792201446
 1.4438E-02,0.012002146630502758
 1.4461E-02,0.016550589056800718
 1.4484E-02,0.02139947935059056
 1.4507E-02,0.026204410630440843
 1.4530E-02,0.030644643047719394
 1.4553E-02,0.03450766768997167
 1.4576E-02,0.0377098108713478
 1.4599E-02,0.040245071233038186
 1.4622E-02,0.04209983352069342
 1.4645E-02,0.043192020656888486
 1.4668E-02,0.0433763904123335
 1.4691E-02,0.04251412423517684
 1.4714E-02,0.0405627059585698
 1.4737E-02,0.03762839327939238
 1.4760E-02,0.03394696660013209
 1.4783E-02,0.02980362248713877
 1.4806E-02,0.02544071127052848
 1.4829E-02,0.021008417874688653
 1.4852E-02,0.016584818872321938
 1.4875E-02,0.01224679226584971
 1.4898E-02,0.008140862672381052
 1.4921E-02,0.004503683923084074
 1.4944E-02,0.0016146712978634208
 1.4966E-02,-0.0002929787964803519
 1.4989E-02,-0.0011099056711784065
 1.5012E-02,-0.0008708340402559876
 1.5035E-02,0.00029268413651986906
 1.5058E-02,0.0022353729519245806
 1.5081E-02,0.004864192774107182
 1.5104E-02,0.008146591956706766
 1.5127E-02,0.012058495454486898
 1.5150E-02,0.016508741922606474
 1.5173E-02,0.021292223255918362
 1.5196E-02,0.026106031841737834
 1.5219E-02,0.030623023958542047
 1.5242E-02,0.034580817995221724
 1.5265E-02,0.03783455695069703
 1.5288E-02,0.04034491310786071
 1.5311E-02,0.04211389900971192
 1.5334E-02,0.04311368851024608
 1.5357E-02,0.04325699110676729
 1.5380E-02,0.04242963904446271
 1.5403E-02,0.04056505646602459
 1.5426E-02,0.03771258218481195
 1.5449E-02,0.03405491002727097
 1.5472E-02,0.029861861548484494
 1.5495E-02,0.02540758990031921
 1.5518E-02,0.020900543643589887
 1.5541E-02,0.016466158579041233
 1.5564E-02,0.01218772891170095
 1.5587E-02,0.008173574446302057
 1.5610E-02,0.004602253943170242
 1.5633E-02,0.001712302485142864
 1.5656E-02,-0.000260974251827876
 1.5679E-02,-0.0011649080082836083
 1.5702E-02,-0.0009776480950370245
 1.5725E-02,0.0002029991157526897
 1.5748E-02,0.0022213823418193585
 1.5771E-02,0.0049368734679632285
 1.5794E-02,0.008262622411728853
 1.5817E-02,0.012148086956569406
 1.5840E-02,0.016520062321267393
 1.5863E-02,0.021224036553503876
 1.5886E-02,0.02600786189458255
 1.5909E-02,0.030562962866122253
 1.5932E-02,0.034601730118038285
 1.5955E-02,0.037926716233194435
 1.5978E-02,0.040452443216693494
 1.6001E-02,0.04217066686920696
 1.6024E-02,0.043085502255594196
 1.6047E-02,0.04316309479917096
 1.6070E-02,0.04232994124452146
 1.6093E-02,0.040521544124793876
 1.6116E-02,0.03774980071900191
 1.6139E-02,0.03414475988374992
 1.6162E-02,0.029942176403576132
 1.6185E-02,0.02542229211348109
 1.6208E-02,0.02083554131952378
 1.6231E-02,0.01635815095970332
 1.6254E-02,0.012100591640998316
 1.6277E-02,0.008157682899415453
 1.6300E-02,0.004662783456048021
 1.6323E-02,0.0018065527458158539
 1.6346E-02,-0.00019583909016431585
 1.6369E-02,-0.001171633945059558
 1.6392E-02,-0.0010518431292253216
 1.6415E-02,0.00010968643481601556
 1.6438E-02,0.002170138820072526
 1.6461E-02,0.004962649548181186
 1.6484E-02,0.008352004451987692
 1.6507E-02,0.012248057782311726
 1.6530E-02,0.01657185851769557
 1.6553E-02,0.021200386858176604
 1.6576E-02,0.025929881959005835
 1.6599E-02,0.030486087482271794
 1.6622E-02,0.03457986726586859
 1.6645E-02,0.037977652363269124
 1.6668E-02,0.04054659134381791
 1.6691E-02,0.04225018681004354
 1.6714E-02,0.0431013539306999
 1.6737E-02,0.043106210845746395
 1.6760E-02,0.042236651011421836
 1.6783E-02,0.04045000344859632
 1.6806E-02,0.03774274177193592
 1.6829E-02,0.03420247778893184
 1.6852E-02,0.030022895905734478
 1.6875E-02,0.025469396610336727
 1.6898E-02,0.020814013836915654
 1.6921E-02,0.016276902938248218
 1.6944E-02,0.012006604621943162
 1.6967E-02,0.008105979407543037
 1.6990E-02,0.004681567594473873
 1.7013E-02,0.001879719281415748
 1.7036E-02,-0.00011790113414310906
 1.7059E-02,-0.0011400962065061233
 1.7082E-02,-0.001086843332404001
 1.7105E-02,3.158962921130269e-05
 1.7128E-02,0.0021006731033050862
 1.7151E-02,0.00494864162260184
 1.7174E-02,0.008405527351777966
 1.7197E-02,0.0123388707063712
 1.7220E-02,0.016646792792939555
 1.7243E-02,0.02121715819395753
 1.7265E-02,0.02588370813072425
 1.7288E-02,0.030412209616811868
 1.7311E-02,0.03453053694249253
 1.7334E-02,0.03798844867222782
 1.7357E-02,0.040613657157563106
 1.7380E-02,0.04233285716067155
 1.7403E-02,0.04314831373945021
 1.7426E-02,0.04308828553701575
 1.7449E-02,0.042165224437806084
 1.7472E-02,0.040369418993365914
 1.7495E-02,0.03770177144323979
 1.7518E-02,0.03422327256434621
 1.7541E-02,0.030087260489499588
 1.7564E-02,0.025530965611960388
 1.7587E-02,0.020828287350609005
 1.7610E-02,0.016229805109680702
 1.7633E-02,0.011923388887214264
 1.7656E-02,0.008035013944543375
 1.7679E-02,0.004663566424662975
 1.7702E-02,0.0019221175327341043
 1.7725E-02,-4.5208381756207516e-05
 1.7748E-02,-0.0010851662516367057
 1.7771E-02,-0.001084922850103409
 1.7794E-02,-1.9632699179437984e-05
 1.7817E-02,0.002031046026133335
 1.7840E-02,0.004907775399941659
 1.7863E-02,0.008422806008299758
 1.7886E-02,0.012407189181954596
 1.7909E-02,0.016727174316842053
 1.7932E-02,0.02126360210670577
 1.7955E-02,0.025872314676060826
 1.7978E-02,0.03035600431012238
 1.8001E-02,0.0344706477260276
 1.8024E-02,0.037967433220597625
 1.8047E-02,0.040648141119390746
 1.8070E-02,0.04240297547631744
 1.8093E-02,0.04321058403161354
 1.8116E-02,0.04310350744131571
 1.8139E-02,0.04212345467660832
 1.8162E-02,0.04029609009232182
 1.8185E-02,0.0376412126441491
 1.8208E-02,0.03421036399705122
 1.8231E-02,0.030125426699928872
 1.8254E-02,0.025590480441610167
 1.8277E-02,0.0208657523190041
 1.8300E-02,0.016216155789667033
 1.8323E-02,0.011862496404430387
 1.8346E-02,0.007961137159157104
 1.8369E-02,0.0046194886382059895
 1.8392E-02,0.0019320546672804096
 1.8415E-02,9.32867732926371e-06
 1.8438E-02,-0.0010226703955731674
 1.8461E-02,-0.0010547422118946004
 1.8484E-02,-4.003369563950116e-05
 1.8507E-02,0.001975195547683277
 1.8530E-02,0.004855035100920877
 1.8553E-02,0.008410336299448123
 1.8576E-02,0.012446966388084579
 1.8599E-02,0.01679837591228856
 1.8622E-02,0.021325903953959453
 1.8645E-02,0.025891497788499702
 1.8668E-02,0.030325480193811392
 1.8691E-02,0.03441521450679614
 1.8714E-02,0.03792699518171177
 1.8737E-02,0.040651931793844416
 1.8760E-02,0.042450825378088475
 1.8783E-02,0.04327315785899652
 1.8806E-02,0.04314121598117411
 1.8829E-02,0.042111804202021014
 1.8852E-02,0.040241216740644105
 1.8875E-02,0.0375757649497287
 1.8898E-02,0.03417254294833893
 1.8921E-02,0.030134721406247546
 1.8944E-02,0.025635608208103976
 1.8967E-02,0.02091235927491375
 1.8990E-02,0.016229152553327582
 1.9013E-02,0.011828640128739324
 1.9036E-02,0.007897479264186772
 1.9059E-02,0.004562456904933895
 1.9082E-02,0.0019143008735957724
 1.9105E-02,3.9166475637637116e-05
 1.9128E-02,-0.0009662111166043538
 1.9151E-02,-0.0010082601438361556
 1.9174E-02,-3.234555589774898e-05
 1.9197E-02,0.0019412706651743433
 1.9220E-02,0.0048041746306274205
 1.9243E-02,0.008378680183308874
 1.9266E-02,0.012458878492156229
 1.9289E-02,0.016850840239680323
 1.9312E-02,0.021390442356102452
 1.9335E-02,0.02593227766080803
 1.9358E-02,0.030321973230235867
 1.9381E-02,0.034374937556999316
 1.9404E-02,0.03788028083678267
 1.9427E-02,0.04063219955724819
 1.9450E-02,0.042473065734639395
 1.9473E-02,0.04332439780257387
 1.9496E-02,0.04318897153748426
 1.9519E-02,0.042124973097111267
 1.9541E-02,0.040209954028783745
 1.9564E-02,0.03751765222654248
 1.9587E-02,0.03412123629045046
 1.9610E-02,0.03011848912136149
 1.9633E-02,0.02565954666140113
 1.9656E-02,0.0209555812543546
 1.9679E-02,0.016258572519205924
 1.9702E-02,0.011820390739994375
 1.9725E-02,0.007852240161793915
 1.9748E-02,0.004505003814081759
 1.9771E-02,0.001877717214174941
 1.9794E-02,4.3895285057410144e-05
 1.9817E-02,-0.0009251270361318634
 1.9840E-02,-0.0009577317982046424
 1.9863E-02,-3.926593650578907e-06
 1.9886E-02,0.0019314449468658926
 1.9909E-02,0.004765437237429934
 1.9932E-02,0.008339570306212135
 1.9955E-02,0.012448675620015618
 1.9978E-02,0.01688073363286475
 2.0001E-02,0.02144633176742338
 2.0024E-02,0.025983720991187242
 2.0047E-02,0.0303414800561045
 2.0070E-02,0.034355245868645086
 2.0093E-02,0.037838617058882335
 2.0116E-02,0.04059890096220707
 2.0139E-02,0.04247195112808476
 2.0162E-02,0.0433574966355621
 2.0185E-02,0.04323534259064262
 2.0208E-02,0.04215425553018459
 2.0231E-02,0.040201865094165
 2.0254E-02,0.03747492055897135
 2.0277E-02,0.03406776967105507
 2.0300E-02,0.030084084373185313
 2.0323E-02,0.025661024872195043
 2.0346E-02,0.020986406127583762
 2.0369E-02,0.016293468810428476
 2.0392E-02,0.011831851470236611
 2.0415E-02,0.007828281061442323
 2.0438E-02,0.0044568523152234436
 2.0461E-02,0.0018326458734787558
 2.0484E-02,2.7895642782837593e-05
 2.0507E-02,-0.0009037333043920215
 2.0530E-02,-0.0009133525521835495
 2.0553E-02,3.567480359000137e-05
 2.0576E-02,0.001942876702923616
 2.0599E-02,0.0047444327678388895
 2.0622E-02,0.008303423420312258
 2.0645E-02,0.01242490803303032
 2.0668E-02,0.01688930818011039
 2.0691E-02,0.021486784724221077
 2.0714E-02,0.02603538510630732
 2.0737E-02,0.030376578428109265
 2.0760E-02,0.0343564302544454
 2.0783E-02,0.03780973968015751
 2.0806E-02,0.04056219893905814
 2.0829E-02,0.042453546336554994
 2.0852E-02,0.04337056865699453
 2.0875E-02,0.0432717519549804
 2.0898E-02,0.04218990527629139
 2.0921E-02,0.04021225701866593
 2.0944E-02,0.037450874370742175
 2.0967E-02,0.03402126159010363
 2.0990E-02,0.03004056919296819
 2.1013E-02,0.025643268600087754
 2.1036E-02,0.021000217137135402
 2.1059E-02,0.016324390792161164
 2.1082E-02,0.011854797129101903
 2.1105E-02,0.007823827273286016
 2.1128E-02,0.004423753772556717
 2.1151E-02,0.0017886451446289023
 2.1174E-02,-1.5732821519482288e-06
 2.1197E-02,-0.0009016610922989367
 2.1220E-02,-0.0008818165975306731
 2.1243E-02,7.701831819062564e-05
 2.1266E-02,0.001969404805092671
 2.1289E-02,0.004742170051301177
 2.1312E-02,0.008277718903391771
 2.1335E-02,0.012396717762871675
 2.1358E-02,0.016881544191529572
 2.1381E-02,0.02150949545251628
 2.1404E-02,0.026079223098920145
 2.1427E-02,0.030418673321634643
 2.1450E-02,0.03437484866726527
 2.1473E-02,0.03779725686312914
 2.1496E-02,0.04053060409966664
 2.1519E-02,0.042425807293163226
 2.1542E-02,0.04336595836748188
 2.1565E-02,0.04329350170473164
 2.1588E-02,0.04222325834817541
 2.1611E-02,0.040234078460629874
 2.1634E-02,0.037444571848298185
 2.1657E-02,0.033987434984790836
 2.1680E-02,0.02999662742045943
 2.1703E-02,0.025612361984626297
 2.1726E-02,0.020996643839421413
 2.1749E-02,0.016344804163434395
 2.1772E-02,0.011880741209631918
 2.1795E-02,0.00783385532921752
 2.1818E-02,0.004407311306900377
 2.1840E-02,0.0017528666059713899
 2.1863E-02,-3.640694666673925e-05
 2.1886E-02,-0.0009150136550881784
 2.1909E-02,-0.0008658769348514831
 2.1932E-02,0.00011250554720649273
 2.1955E-02,0.002003452668219053
 2.1978E-02,0.004755905005436035
 2.2001E-02,0.008266241095055511
 2.2024E-02,0.012371944664830416
 2.2047E-02,0.016864301488091996
 2.2070E-02,0.021515971607605253
 2.2093E-02,0.0261104618260769
 2.2116E-02,0.03045979061794252
 2.2139E-02,0.0344044190527289
 2.2162E-02,0.03780082036034726
 2.2185E-02,0.040509651311748995
 2.2208E-02,0.04239654412714014
 2.2231E-02,0.043348721890736484
 2.2254E-02,0.04329966831833205
 2.2277E-02,0.0422480349661972
 2.2300E-02,0.04025973421435217
 2.2323E-02,0.03745195034912803
 2.2346E-02,0.033968313550259824
 2.2369E-02,0.029959020453666777
 2.2392E-02,0.025575449188384804
 2.2415E-02,0.020978655626626465
 2.2438E-02,0.01635164819597028
 2.2461E-02,0.011902594520813178
 2.2484E-02,0.00785179512333446
 2.2507E-02,0.0044056506164770895
 2.2530E-02,0.0017292856505198833
 2.2553E-02,-6.935490942733312e-05
 2.2576E-02,-0.0009378990889704737
 2.2599E-02,-0.0008647302672310688
 2.2622E-02,0.0001373870683688749
 2.2645E-02,0.002037787456216174
 2.2668E-02,0.004780544493988773
 2.2691E-02,0.008269262419378944
 2.2714E-02,0.012356015408193631
 2.2737E-02,0.01684467420828138
 2.2760E-02,0.021510458046856248
 2.2783E-02,0.026127835459864343
 2.2806E-02,0.030494029494813925
 2.2829E-02,0.03443843195639896
 2.2852E-02,0.037817224300921964
 2.2875E-02,0.04050167977905665
 2.2898E-02,0.04237212603813467
 2.2921E-02,0.04332518243031291
 2.2944E-02,0.04329251567291682
 2.2967E-02,0.042261050579320725
 2.2990E-02,0.040282689465604225
 2.3013E-02,0.03746733886846778
 2.3036E-02,0.03396271136232964
 2.3059E-02,0.0299317717100353
 2.3082E-02,0.025539156158264662
 2.3105E-02,0.020951236771542918
 2.3128E-02,0.016345103906584158
 2.3151E-02,0.011915658985986854
 2.3174E-02,0.007871098420698452
 2.3197E-02,0.004414551248792518
 2.3220E-02,0.0017186699045862587
 2.3243E-02,-9.519534483803265e-05
 2.3266E-02,-0.0009640012265730124
 2.3289E-02,-0.0008749922078632546
 2.3312E-02,0.00014998667225062383
 2.3335E-02,0.0020667767542424374
 2.3358E-02,0.004810107715347631
 2.3381E-02,0.008284250042923484
 2.3404E-02,0.012351413528836237
 2.3427E-02,0.0168285219795525
 2.3450E-02,0.021498410731963385
 2.3473E-02,0.026132901536608
 2.3496E-02,0.030518064737768205
 2.3519E-02,0.03447081385229702
 2.3542E-02,0.03784151425313406
 2.3565E-02,0.04050597338862037
 2.3588E-02,0.04235646215345361
 2.3611E-02,0.0433013056947813
 2.3634E-02,0.04327620854337423
 2.3657E-02,0.04226199873448675
 2.3680E-02,0.04029837911754382
 2.3703E-02,0.03748484770539723
 2.3726E-02,0.03396717188560129
 2.3749E-02,0.0299160339191041
 2.3772E-02,0.02550846595076651
 2.3795E-02,0.020919990424615995
 2.3818E-02,0.016327820505208198
 2.3841E-02,0.011917970463471025
 2.3864E-02,0.007886480040054829
 2.3887E-02,0.004428800507505727
 2.3910E-02,0.0017191963308546537
 2.3933E-02,-0.00011122855948485525
 2.3956E-02,-0.0009878489981140308
 2.3979E-02,-0.0008919176947437375
 2.4002E-02,0.00015131772486417757
 2.4025E-02,0.002087094701999417
 2.4048E-02,0.0048390871331070425
 2.4071E-02,0.00830704389111446
 2.4094E-02,0.012357972303363685
 2.4117E-02,0.01681975792357188
 2.4139E-02,0.02148531482528995
 2.4162E-02,0.026129232834131558
 2.4185E-02,0.030531324058111604
 2.4208E-02,0.03449728003734558
 2.4231E-02,0.0378684932203422
 2.4254E-02,0.04051978336575571
 2.4277E-02,0.042351021687511585
 2.4300E-02,0.043281839513643824
 2.4323E-02,0.04325574595455405
 2.4346E-02,0.042252964096791905
 2.4369E-02,0.04030469140952813
 2.4392E-02,0.03749957121071181
 2.4415E-02,0.033977163113868676
 2.4438E-02,0.02991054468300952
 2.4461E-02,0.02548616695373167
 2.4484E-02,0.02088994521189696
 2.4507E-02,0.016303843452941415
 2.4530E-02,0.011910021475615748
 2.4553E-02,0.007894592958450769
 2.4576E-02,0.004443369308413568
 2.4599E-02,0.001727361020516354
 2.4622E-02,-0.00011722406572350279
 2.4645E-02,-0.0010056608642523056
 2.4668E-02,-0.0009106124898249922
 2.4691E-02,0.00014426209579023114
 2.4714E-02,0.0020977898200652757
 2.4737E-02,0.004863326495346428
 2.4760E-02,0.008332940422478678
 2.4783E-02,0.012373420119157423
 2.4806E-02,0.016819944721182808
 2.4829E-02,0.02147551213883723
 2.4852E-02,0.02612112872661586
 2.4875E-02,0.03053528860125166
 2.4898E-02,0.034515533636973655
 2.4921E-02,0.037893541396922255
 2.4944E-02,0.040539090208829766
 2.4967E-02,0.04235490022701664
 2.4990E-02,0.043269500240604476
 2.5013E-02,0.04323565749064827
 2.5036E-02,0.04223734481202461
 2.5059E-02,0.040301702992629876
 2.5082E-02,0.037508221058613546
 2.5105E-02,0.03398814263930662
 2.5128E-02,0.02991240529177043
 2.5151E-02,0.025472832644443735
 2.5174E-02,0.02086474972867251
 2.5197E-02,0.01627754697892
 2.5220E-02,0.011894123696739648
 2.5243E-02,0.007894237283457298
 2.5266E-02,0.0044543447634503765
 2.5289E-02,0.0017390548336259702
 2.5312E-02,-0.00011486833171808113
 2.5335E-02,-0.0010156449126945922
 2.5358E-02,-0.0009269707018548862
 2.5381E-02,0.00013261468197598846
 2.5404E-02,0.0020999418579260515
 2.5427E-02,0.0048805345433245535
 2.5450E-02,0.008357773759276614
 2.5473E-02,0.012394397158840872
 2.5496E-02,0.016828679273676712
 2.5519E-02,0.021471812405244484
 2.5542E-02,0.026112825166821105
 2.5565E-02,0.030532945707581867
 2.5588E-02,0.034525462479673544
 2.5611E-02,0.03791359340767807
 2.5634E-02,0.040559907893248745
 2.5657E-02,0.04236579500559711
 2.5680E-02,0.04326517401179983
 2.5703E-02,0.04321947096153902
 2.5726E-02,0.042219075219080165
 2.5749E-02,0.04029127227888069
 2.5772E-02,0.03750943648214062
 2.5795E-02,0.0339964440980034
 2.5818E-02,0.029918013043754594
 2.5841E-02,0.02546722563972878
 2.5864E-02,0.02084630108320459
 2.5887E-02,0.016252725316057315
 2.5910E-02,0.011873532482908521
 2.5933E-02,0.00788605701284311
 2.5956E-02,0.004459365643244239
 2.5979E-02,0.0017504309698965393
 2.6002E-02,-0.00010704383068079544
 2.6025E-02,-0.0010179041109763896
 2.6048E-02,-0.000938283080060461
 2.6071E-02,0.00012014126857639218
 2.6094E-02,0.0020959587968884764
 2.6117E-02,0.004890227189571881
 2.6140E-02,0.00837848064008533
 2.6163E-02,0.01241720628004419
 2.6186E-02,0.01684395691500194
 2.6209E-02,0.02147512645598919
 2.6232E-02,0.026107497447776573
 2.6255E-02,0.030527639513628878
 2.6278E-02,0.03452838748570545
 2.6301E-02,0.03792705895043272
 2.6324E-02,0.04057870909380428
 2.6347E-02,0.04238044322091187
 2.6370E-02,0.043267878066003906
 2.6393E-02,0.04320903039088125
 2.6416E-02,0.042201570262787154
 2.6439E-02,0.040276146458734216
 2.6461E-02,0.03750351444370814
 2.6484E-02,0.03399972126027136
 2.6507E-02,0.029923882347438195
 2.6530E-02,0.025466945120796124
 2.6553E-02,0.02083480157475416
 2.6576E-02,0.016232034394281142
 2.6599E-02,0.011851649927297047
 2.6622E-02,0.007872035463238565
 2.6645E-02,0.004457754709691456
 2.6668E-02,0.0017586130909433661
 2.6691E-02,-9.697118242462158e-05
 2.6714E-02,-0.001013947015008266
 2.6737E-02,-0.0009433965492886912
 2.6760E-02,0.00010990637761410015
 2.6783E-02,0.0020888591947902375
 2.6806E-02,0.004893468314775395
 2.6829E-02,0.008393525163431555
 2.6852E-02,0.012438731876469024
 2.6875E-02,0.01686310626111478
 2.6898E-02,0.02148495915359542
 2.6921E-02,0.02610716622063048
 2.6944E-02,0.030522648053248797
 2.6967E-02,0.03452680217800926
 2.6990E-02,0.037934129226138764
 2.7013E-02,0.040593351347637065
 2.7036E-02,0.042395829001648615
 2.7059E-02,0.04327572695440951
 2.7082E-02,0.04320484049095178
 2.7105E-02,0.04218743923995769
 2.7128E-02,0.04025940219827108
 2.7151E-02,0.03749206653017715
 2.7174E-02,0.03399712930849291
 2.7197E-02,0.029927286702277803
 2.7220E-02,0.025469144239111063
 2.7243E-02,0.020829100171812793
 2.7266E-02,0.016216734516186375
 2.7289E-02,0.01183131893411127
 2.7312E-02,0.007854768031345213
 2.7335E-02,0.004450202304053923
 2.7358E-02,0.0017619540393249782
 2.7381E-02,-8.75786051094177e-05
 2.7404E-02,-0.0010061223482652724
 2.7427E-02,-0.0009426053237729578
 2.7450E-02,0.00010382488724942549
 2.7473E-02,0.0020815124017632847
 2.7496E-02,0.004892224986748471
 2.7519E-02,0.00840269683347888
 2.7542E-02,0.012456697400678805
 2.7565E-02,0.016883200663621003
 2.7588E-02,0.021499542486197183
 2.7611E-02,0.02611226855768386
 2.7634E-02,0.030520236795587272
 2.7657E-02,0.03452325250365258
 2.7680E-02,0.037935909782511525
 2.7703E-02,0.04060270821882782
 2.7726E-02,0.04240923277536749
 2.7749E-02,0.04328606125412967
 2.7772E-02,0.04320590933875823
 2.7795E-02,0.042177896809714545
 2.7818E-02,0.040243599510478865
 2.7841E-02,0.03747730030544
 2.7864E-02,0.03398908008790949
 2.7887E-02,0.029926570602490113
 2.7910E-02,0.025471160230774358
 2.7933E-02,0.02082722790676944
 2.7956E-02,0.016206800437816457
 2.7979E-02,0.011814463332224847
 2.8002E-02,0.007836895350018393
 2.8025E-02,0.004438390263139709
 2.8048E-02,0.0017601262366095725
 2.8071E-02,-8.096792910102478e-05
 2.8094E-02,-0.0009969472681504426
 2.8117E-02,-0.0009372327748615923
 2.8140E-02,0.00010260293236569336
 2.8163E-02,0.0020761940116568057
 2.8186E-02,0.004888892455238323
 2.8209E-02,0.00840700379353611
 2.8232E-02,0.012470121441801301
 2.8255E-02,0.01690194880483077
 2.8278E-02,0.021516794999410623
 2.8301E-02,0.026122318415358
 2.8324E-02,0.03052188431345277
 2.8347E-02,0.03452030625568889
 2.8370E-02,0.03793450410666432
 2.8393E-02,0.040607181160685166
 2.8416E-02,0.04241921565000491
 2.8439E-02,0.043296637297692245
 2.8462E-02,0.043210721668713224
 2.8485E-02,0.04217319898891964
 2.8508E-02,0.04023065356407945
 2.8531E-02,0.03746160369702737
 2.8554E-02,0.033976941221368344
 2.8577E-02,0.029921238866856194
 2.8600E-02,0.025470976794703865
 2.8623E-02,0.020826946901483966
 2.8646E-02,0.0162011957050629
 2.8669E-02,0.011801889483409113
 2.8692E-02,0.00782052706575521
 2.8715E-02,0.0044243661571519415
 2.8737E-02,0.0017538001572001746
 2.8760E-02,-7.827506118614192e-05
 2.8783E-02,-0.0009886432373917584
 2.8806E-02,-0.0009291841931524177
 2.8829E-02,0.00010583573329343019
 2.8852E-02,0.002074213516335981
 2.8875E-02,0.004885607123563619
 2.8898E-02,0.008407991657904455
 2.8921E-02,0.012478915349128417
 2.8944E-02,0.01691761922025865
 2.8967E-02,0.021534366434415638
 2.8990E-02,0.02613574344603491
 2.9013E-02,0.03052767305417808
 2.9036E-02,0.034519503787529666
 2.9059E-02,0.03793177615674177
 2.9082E-02,0.040607621007650925
 2.9105E-02,0.04242493576341655
 2.9128E-02,0.04330533182873631
 2.9151E-02,0.043217108706253365
 2.9174E-02,0.04217240080871603
 2.9197E-02,0.040221339000946876
 2.9220E-02,0.03744688541153333
 2.9243E-02,0.03396247185917961
 2.9266E-02,0.029911742947089197
 2.9289E-02,0.025467439611915464
 2.9312E-02,0.020826237722692067
 2.9335E-02,0.016198330305732717
 2.9358E-02,0.011793452948885199
 2.9381E-02,0.007807055729637796
 2.9404E-02,0.004410174587392764
 2.9427E-02,0.0017443806959367338
 2.9450E-02,-7.961069860842364e-05
 2.9473E-02,-0.0009827452491030899
 2.9496E-02,-0.0009204272931374511
 2.9519E-02,0.00011237826874814245
 2.9542E-02,0.0020759710129768017
 2.9565E-02,0.004884053235071289
 2.9588E-02,0.008407562905027177
 2.9611E-02,0.012484017181559306
 2.9634E-02,0.016929642152667203
 2.9657E-02,0.02155061733522713
 2.9680E-02,0.026150967867012487
 2.9703E-02,0.030537191536904793
 2.9726E-02,0.03452196292061074
 2.9749E-02,0.03792977254742535
 2.9772E-02,0.040605823741844835
 2.9795E-02,0.04242693221689972
 2.9818E-02,0.0433112286691599
 2.9841E-02,0.04322342144812657
 2.9864E-02,0.042174288155698694
 2.9887E-02,0.040215735748311894
 2.9910E-02,0.03743452285199403
 2.9933E-02,0.03394750136420741
 2.9956E-02,0.02989921978257331
 2.9979E-02,0.025460286041266537
 3.0002E-02,0.020823618414126437
 3.0025E-02,0.016196450629374526
 3.0048E-02,0.011788235368853092
 3.0071E-02,0.007796960090834509
 3.0094E-02,0.004397356826572284
 3.0117E-02,0.0017334620545277003
 3.0140E-02,-8.436448646304581e-05
 3.0163E-02,-0.0009800323637988856
 3.0186E-02,-0.0009126543900769573
 3.0209E-02,0.00012067003632166304
 3.0232E-02,0.002080979376431361
 3.0255E-02,0.004885053772481719
 3.0278E-02,0.00840723458803333
 3.0301E-02,0.012486566015298297
 3.0324E-02,0.01693793596360887
 3.0347E-02,0.02156416712275215
 3.0370E-02,0.026166043056467674
 3.0393E-02,0.030548992000031777
 3.0416E-02,0.03452746142330153
 3.0439E-02,0.037929421092343756
 3.0462E-02,0.040603051456825905
 3.0485E-02,0.04242577859876598
 3.0508E-02,0.04331364522080809
 3.0531E-02,0.04322797512592914
 3.0554E-02,0.04217708802641281
 3.0577E-02,0.040212972588271396
 3.0600E-02,0.03742498245774245
 3.0623E-02,0.03393344190621742
 3.0646E-02,0.029885062591790655
 3.0669E-02,0.025449969581453916
 3.0692E-02,0.020818307939414016
 3.0715E-02,0.016194049659118477
 3.0738E-02,0.0117849802178599
 3.0761E-02,0.007790049181154075
 3.0784E-02,0.0043869208665500686
 3.0807E-02,0.001722620897470899
 3.0830E-02,-9.138103249301866e-05
 3.0853E-02,-0.000980490624143746
 3.0876E-02,-0.000906989337850828
 3.0899E-02,0.00012916948604588404
 3.0922E-02,0.0020882561945147872
 3.0945E-02,0.004888801869312364
 3.0968E-02,0.008408248984225613
 3.0991E-02,0.012488076502125706
 3.1014E-02,0.016943364788779267
 3.1036E-02,0.021574752435135458
 3.1059E-02,0.026179849297202656
 3.1082E-02,0.030561939221125437
 3.1105E-02,0.03453571662393901
 3.1128E-02,0.037931628659120496
 3.1151E-02,0.04060098921190593
 3.1174E-02,0.04242303912884408
 3.1197E-02,0.04331320702868379
 3.1220E-02,0.04323023165162156
 3.1243E-02,0.04217959602626116
 3.1266E-02,0.040212068272306015
 3.1289E-02,0.03741821433610839
 3.1312E-02,0.03392125342606447
 3.1335E-02,0.029870649976194215
 3.1358E-02,0.02543741532261678
 3.1381E-02,0.02081018870737319
 3.1404E-02,0.01619003825558387
 3.1427E-02,0.011782309876112505
 3.1450E-02,0.007785512944003102
 3.1473E-02,0.004379107367493794
 3.1496E-02,0.001712954725873208
 3.1519E-02,-9.944837014728698e-05
 3.1542E-02,-0.0009836094350428514
 3.1565E-02,-0.0009039959847619795
 3.1588E-02,0.00013653716715738813
 3.1611E-02,0.002096456740786588
 3.1634E-02,0.004894691299251814
 3.1657E-02,0.008410979856074545
 3.1680E-02,0.012489490916254623
 3.1703E-02,0.016946642451140147
 3.1726E-02,0.021582187632146782
 3.1749E-02,0.02619118364368988
 3.1772E-02,0.030574319986334385
 3.1795E-02,0.03454531125219894
 3.1818E-02,0.03793586782187127
 3.1841E-02,0.040600011334421704
 3.1864E-02,0.042419426045665676
 3.1887E-02,0.04331019957104005
 3.1910E-02,0.04322958527301799
 3.1933E-02,0.042180455706903326
 3.1956E-02,0.040211574455442343
 3.1979E-02,0.0374134341951273
 3.2002E-02,0.03391118520289524
 3.2025E-02,0.029857012132190094
 3.2048E-02,0.025423720796609414
 3.2071E-02,0.020799703504304587
 3.2094E-02,0.01618392720938093
 3.2117E-02,0.011779137073491087
 3.2140E-02,0.007782387727791193
 3.2163E-02,0.004373717856973353
 3.2186E-02,0.001705178563943571
 3.2209E-02,-0.00010737911495164207
 3.2232E-02,-0.000988479591198548
 3.2255E-02,-0.0009036264822805361
 3.2278E-02,0.00014191419267813293
 3.2301E-02,0.002104337899628736
 3.2324E-02,0.00490185744081616
 3.2347E-02,0.008415467622463218
 3.2370E-02,0.012491721901900833
 3.2393E-02,0.016948994796434712
 3.2416E-02,0.021587292104216428
 3.2439E-02,0.026200041829627433
 3.2462E-02,0.030585456286009328
 3.2485E-02,0.03455550863232617
 3.2508E-02,0.03794202178531157
 3.2531E-02,0.040600920149105164
 3.2554E-02,0.04241638081608083
 3.2577E-02,0.04330601407550078
 3.2600E-02,0.04322670747464961
 3.2623E-02,0.04217938357459488
 3.2646E-02,0.04021058929240231
 3.2669E-02,0.03740980741888253
 3.2692E-02,0.03390306626766207
 3.2715E-02,0.02984477558183249
 3.2738E-02,0.025409908308590776
 3.2761E-02,0.020787602584773964
 3.2784E-02,0.016175695871575593
 3.2807E-02,0.011774660923234113
 3.2830E-02,0.007779575163064367
 3.2853E-02,0.004370018273291179
 3.2876E-02,0.001699338287108415
 3.2899E-02,-0.00011444328810199939
 3.2922E-02,-0.0009942328130131402
 3.2945E-02,-0.0009055242863117471
 3.2968E-02,0.00014479878754094567
 3.2991E-02,0.0021107073178417025
 3.3014E-02,0.004908982744853012
 3.3037E-02,0.00842086670912428
 3.3060E-02,0.012494644931626568
 3.3083E-02,0.016950766299527267
 3.3106E-02,0.021590293897518018
 3.3129E-02,0.02620599455773085
 3.3152E-02,0.03059411126822888
 3.3175E-02,0.03456460096785737
 3.3198E-02,0.03794852364875932
 3.3221E-02,0.04060279469447555
 3.3244E-02,0.04241371819407538
 3.3267E-02,0.04330083636956486
 3.3290E-02,0.04322158878005097
 3.3313E-02,0.04217578578665912
 3.3335E-02,0.04020798203613862
 3.3358E-02,0.03740612278656713
 3.3381E-02,0.033896175813813656
 3.3404E-02,0.029834025522876922
 3.3427E-02,0.025396722590175485
 3.3450E-02,0.020774769543148573
 3.3473E-02,0.016165796683895194
 3.3496E-02,0.011768636995098364
 3.3519E-02,0.007776329690731124
 3.3542E-02,0.0043672809396545316
 3.3565E-02,0.0016952228751371855
 3.3588E-02,-0.00012018469636451896
 3.3611E-02,-0.0010000456275539014
 3.3634E-02,-0.000909060012181268
 3.3657E-02,0.00014516350844215483
 3.3680E-02,0.0021148182032435774
 3.3703E-02,0.0049149893214139005
 3.3726E-02,0.008426373517876982
 3.3749E-02,0.012498182726890229
 3.3772E-02,0.016952631528436884
 3.3795E-02,0.021592214975433042
 3.3818E-02,0.026209843504145177
 3.3841E-02,0.030600500628899845
 3.3864E-02,0.034572283711114114
 3.3887E-02,0.037954993057751074
 3.3910E-02,0.04060570259140541
 3.3933E-02,0.04241220482343589
 3.3956E-02,0.04329593232494177
 3.3979E-02,0.04321545400079828
 3.4002E-02,0.042170294741363884
 3.4025E-02,0.040203570445158404
 3.4048E-02,0.03740162597632673
 3.4071E-02,0.03388974019244521
 3.4094E-02,0.029824485771966995
 3.4117E-02,0.025384548070834737
 3.4140E-02,0.02076196989631951
 3.4163E-02,0.0161548460660106
 3.4186E-02,0.01176109758927623
 3.4209E-02,0.007772036410252988
 3.4232E-02,0.0043645855180670014
 3.4255E-02,0.0016921252936516087
 3.4278E-02,-0.00012474128311064435
 3.4301E-02,-0.00100552842952138
 3.4324E-02,-0.0009137361661199927
 3.4347E-02,0.0001430746214494033
 3.4370E-02,0.0021159800900221112
 3.4393E-02,0.004918515749577902
 3.4416E-02,0.00843039286804153
 3.4439E-02,0.012501018415646038
 3.4462E-02,0.016953821321382512
 3.4485E-02,0.021592700577730318
 3.4508E-02,0.026211207252588055
 3.4531E-02,0.03060375537201023
 3.4554E-02,0.03457701899400323
 3.4577E-02,0.037959445029241
 3.4600E-02,0.04060770666959766
 3.4623E-02,0.042410419231691754
 3.4646E-02,0.04329055850260963
 3.4669E-02,0.043208015283678056
 3.4692E-02,0.04216263804961548
 3.4715E-02,0.040196740361595776
 3.4738E-02,0.03739532409544816
 3.4761E-02,0.03388269346552666
 3.4784E-02,0.029815462270415774
 3.4807E-02,0.025373351538807314
 3.4830E-02,0.020749768243375988
 3.4853E-02,0.01614361998507621
 3.4876E-02,0.011752554080773803
 3.4899E-02,0.007766664706816808
 3.4922E-02,0.004361437706699977
 3.4945E-02,0.001689448421465177
 3.4968E-02,-0.000128422776590608
 3.4991E-02,-0.001010551075234318
 3.5014E-02,-0.0009191744409570913
 3.5037E-02,0.00013874712015253564
 3.5060E-02,0.00211388924444513
 3.5083E-02,0.004918689125714184
 3.5106E-02,0.008431796545050984
 3.5129E-02,0.012502274133107283
 3.5152E-02,0.016954107538322816
 3.5175E-02,0.02159222961196426
 3.5198E-02,0.026210963109910404
 3.5221E-02,0.030604679129999736
 3.5244E-02,0.03457919986953138
 3.5267E-02,0.03796186327714155
 3.5290E-02,0.040608698930011254
 3.5313E-02,0.04240856558214195
 3.5336E-02,0.043285433279464866
 3.5359E-02,0.04320034739430819
 3.5382E-02,0.04215380678824048
 3.5405E-02,0.04018794468323218
 3.5428E-02,0.03738695093547187
 3.5451E-02,0.033874264669703336
 3.5474E-02,0.029806163338862813
 3.5497E-02,0.0253627796832009
 3.5520E-02,0.02073840693794359
 3.5543E-02,0.01613272687519644
 3.5566E-02,0.011743520676776085
 3.5589E-02,0.0077602369542979785
 3.5612E-02,0.004357275787095058
 3.5634E-02,0.0016862995777577688
 3.5657E-02,-0.0001320378814235199
 3.5680E-02,-0.0010155478330097474
 3.5703E-02,-0.0009254730445097102
 3.5726E-02,0.000132060096222816
 3.5749E-02,0.0021079394075859677
 3.5772E-02,0.004914139731240852
 3.5795E-02,0.008428536751365475
 3.5818E-02,0.012499629155913069
 3.5841E-02,0.016951380532585377
 3.5864E-02,0.02158917652448878
 3.5887E-02,0.026207872955564322
 3.5910E-02,0.030602028300082726
 3.5933E-02,0.03457715084673406
 3.5956E-02,0.03795996855071376
 3.5979E-02,0.04060600811147619
 3.6002E-02,0.0424040620436377
 3.6025E-02,0.04327853245902528
 3.6048E-02,0.04319116984373095
 3.6071E-02,0.042143082742499775
 3.6094E-02,0.04017662373539562
 3.6117E-02,0.03737575496129646
 3.6140E-02,0.03386344058818933
 3.6163E-02,0.029795560740931516
 3.6186E-02,0.025352178699273382
 3.6209E-02,0.020727870889073807
 3.6232E-02,0.01612274086397756
 3.6255E-02,0.011734808339063482
 3.6278E-02,0.007753345910633734
 3.6301E-02,0.004352174536175804
 3.6324E-02,0.0016822415725501758
 3.6347E-02,-0.00013627191157948582
 3.6370E-02,-0.001021137540585641
 3.6393E-02,-0.0009330437088712448
 3.6416E-02,0.00012268306321956972
 3.6439E-02,0.002097588988609506
 3.6462E-02,0.004903880769281717
 3.6485E-02,0.00841920422861897
 3.6508E-02,0.012491568323557946
 3.6531E-02,0.016944473630647133
 3.6554E-02,0.021583060957917073
 3.6577E-02,0.026202171485306618
 3.6600E-02,0.030596464243450857
 3.6623E-02,0.03457153620138508
 3.6646E-02,0.037954124258152734
 3.6669E-02,0.04059967910023386
 3.6692E-02,0.04239687633918079
 3.6715E-02,0.04327004792065554
 3.6738E-02,0.043181022601317454
 3.6761E-02,0.042131185682971
 3.6784E-02,0.04016330607143116
 3.6807E-02,0.03736173842255895
 3.6830E-02,0.033849627789912455
 3.6853E-02,0.029782727825460216
 3.6876E-02,0.02534073803188581
 3.6899E-02,0.020717835852920315
 3.6922E-02,0.016113895086014438
 3.6945E-02,0.01172694074807369
 3.6968E-02,0.00774636329885654
 3.6991E-02,0.004345993816018886
 3.7014E-02,0.001676537691622878
 3.7037E-02,-0.00014225802265505462
 3.7060E-02,-0.0010285378895679939
 3.7083E-02,-0.0009430045329017164
 3.7106E-02,0.00010950527676718727
 3.7129E-02,0.002081407032258449
 3.7152E-02,0.004885806251278598
 3.7175E-02,0.008400879892773853
 3.7198E-02,0.01247455974771352
 3.7221E-02,0.016929694338738994
 3.7244E-02,0.021570483492593114
 3.7267E-02,0.026190945214418435
 3.7290E-02,0.03058538649070962
 3.7313E-02,0.03455965841495492
 3.7336E-02,0.03794117567260703
 3.7359E-02,0.040586050284503315
 3.7382E-02,0.04238316367970883
 3.7405E-02,0.04325647459191352
 3.7428E-02,0.0431671672309947
 3.7451E-02,0.04211624700132846
 3.7474E-02,0.04014674925165177
 3.7497E-02,0.03734388056266524
 3.7520E-02,0.033831732411442376
 3.7543E-02,0.02976649474072868
 3.7566E-02,0.025327482200891555
 3.7589E-02,0.020707861992903327
 3.7612E-02,0.01610644553667612
 3.7635E-02,0.011720709519752744
 3.7658E-02,0.007740193963729296
 3.7681E-02,0.004339278996106409
 3.7704E-02,0.0016690788808662801
 3.7727E-02,-0.00015077131907459906
 3.7750E-02,-0.0010389879621281997
 3.7773E-02,-0.0009568256315062953
 3.7796E-02,9.092408894737251e-05
 3.7819E-02,0.0020575854551947853
 3.7842E-02,0.004857768776147538
 3.7865E-02,0.008371057224262263
 3.7888E-02,0.01244594361232525
 3.7911E-02,0.01690462132203771
 3.7933E-02,0.021549660845082842
 3.7956E-02,0.026173247206863523
 3.7979E-02,0.03056857542969316
 3.8002E-02,0.034541677379124766
 3.8025E-02,0.037921277606086275
 3.8048E-02,0.04056505697841859
 3.8071E-02,0.04236267647624176
 3.8094E-02,0.04323757815770645
 3.8117E-02,0.043149544442904544
 3.8140E-02,0.04209835282092482
 3.8163E-02,0.04012695785448496
 3.8186E-02,0.0373218319645247
 3.8209E-02,0.033808936694156036
 3.8232E-02,0.0297457308886606
 3.8255E-02,0.025311331694998947
 3.8278E-02,0.02069729229498275
 3.8301E-02,0.01610031897650372
 3.8324E-02,0.011716473109702634
 3.8347E-02,0.007735232267601123
 3.8370E-02,0.0043320171638425555
 3.8393E-02,0.001659157542702792
 3.8416E-02,-0.00016325522651834982
 3.8439E-02,-0.0010545294807007997
 3.8462E-02,-0.0009770005090759296
 3.8485E-02,6.399780993996697e-05
 3.8508E-02,0.0020225675096031065
 3.8531E-02,0.004815380252565518
 3.8554E-02,0.008324443763356388
 3.8577E-02,0.012399724925603156
 3.8600E-02,0.016863000586307204
 3.8623E-02,0.02151456488917811
 3.8646E-02,0.026143546796788552
 3.8669E-02,0.03054091395503652
 3.8692E-02,0.034512529705689465
 3.8715E-02,0.037889049626622893
 3.8738E-02,0.040530899804821434
 3.8761E-02,0.04232947081304586
 3.8784E-02,0.04320778803909419
 3.8807E-02,0.043123439008117694
 3.8830E-02,0.04207384470310945
 3.8853E-02,0.04010118750515364
 3.8876E-02,0.037293418700429695
 3.8899E-02,0.03377934036613488
 3.8922E-02,0.029718749978095302
 3.8945E-02,0.025291005516100938
 3.8968E-02,0.02068552800085169
 3.8991E-02,0.016095728796009515
 3.9014E-02,0.011715090059829866
 3.9037E-02,0.007732539753789604
 3.9060E-02,0.004324924859728048
 3.9083E-02,0.0016466982448424322
 3.9106E-02,-0.00018079743628048647
 3.9129E-02,-0.001077265521768683
 3.9152E-02,-0.0010065404925692517
 3.9175E-02,2.4914745087401078e-05
 3.9198E-02,0.0019718195220907193
 3.9221E-02,0.004753496586967248
 3.9244E-02,0.00825552435539059
 3.9267E-02,0.012330419994972999
 3.9290E-02,0.01679986621000227
 3.9313E-02,0.021461147640895163
 3.9336E-02,0.026098862695309
 3.9359E-02,0.030500331775018534
 3.9382E-02,0.03447069971165962
 3.9405E-02,0.037843175516326565
 3.9428E-02,0.040482279460310674
 3.9451E-02,0.04228228609043297
 3.9474E-02,0.04316599028144778
 3.9497E-02,0.0430879060333821
 3.9520E-02,0.0420417939413469
 3.9543E-02,0.04006826643542299
 3.9566E-02,0.03725704611160898
 3.9589E-02,0.033740993775307246
 3.9612E-02,0.029683584611148096
 3.9635E-02,0.02526497013288464
 3.9658E-02,0.020671792906951827
 3.9681E-02,0.016092666208979894
 3.9704E-02,0.011716991991331985
 3.9727E-02,0.0077324635504473155
 3.9750E-02,0.004317751498558933
 3.9773E-02,0.0016305078974058777
 3.9796E-02,-0.00020568505481324112
 3.9819E-02,-0.0011106319373475099
 3.9842E-02,-0.0010501165213746672
 3.9865E-02,-3.240275644784138e-05
 3.9888E-02,0.0018976743420553342
 3.9911E-02,0.004662832505304857
 3.9934E-02,0.008153669242589819
 3.9957E-02,0.012226645067537626
 3.9980E-02,0.01670381971931737
 4.0003E-02,0.021378593272650695
 4.0026E-02,0.02602915736742544
 4.0049E-02,0.030437298725494263
 4.0072E-02,0.03440666403052204
 4.0095E-02,0.03777376005344582
 4.0118E-02,0.04040895724364113
 4.0141E-02,0.042211046044229004
 4.0164E-02,0.043102963328746635
 4.0187E-02,0.04303506652636381
 4.0210E-02,0.04199574358631365
 4.0232E-02,0.040022876338009154
 4.0255E-02,0.037208150016509504
 4.0278E-02,0.03368991589187394
 4.0301E-02,0.029637010711104993
 4.0324E-02,0.0252311298745534
 4.0347E-02,0.02065539807395202
 4.0370E-02,0.01609177528577355
 4.0393E-02,0.011723637930396415
 4.0416E-02,0.007736474824241864
 4.0439E-02,0.004311190838042121
 4.0462E-02,0.0016099309528460107
 4.0485E-02,-0.00024023281868792816
 4.0508E-02,-0.0011587305702875769
 4.0531E-02,-0.0011137160843293047
 4.0554E-02,-0.00011593239655274053
 4.0577E-02,0.001790199721317297
 4.0600E-02,0.004531851314523947
 4.0623E-02,0.008006498382467187
 4.0646E-02,0.012076251668969338
 4.0669E-02,0.016563991589201618
 4.0692E-02,0.02125794056816995
 4.0715E-02,0.025927374312008925
 4.0738E-02,0.03034612107938183
 4.0761E-02,0.034315325475254815
 4.0784E-02,0.03767579914690747
 4.0807E-02,0.040306055387535795
 4.0830E-02,0.04211134436303359
 4.0853E-02,0.043015068226893154
 4.0876E-02,0.042961974434722786
 4.0899E-02,0.041932906045668086
 4.0922E-02,0.0399617184768138
 4.0945E-02,0.037142623751217116
 4.0968E-02,0.033621552684395366
 4.0991E-02,0.029574907266583794
 4.1014E-02,0.025186746987569928
 4.1037E-02,0.020635457096202146
 4.1060E-02,0.016093679906956627
 4.1083E-02,0.011736193969997024
 4.1106E-02,0.007745167474680878
 4.1129E-02,0.004304408096708839
 4.1152E-02,0.0015823176278063475
 4.1175E-02,-0.000288965381382397
 4.1198E-02,-0.0012281119648788219
 4.1221E-02,-0.0012063697278848235
 4.1244E-02,-0.00023783187837571546
 4.1267E-02,0.001633606634383761
 4.1290E-02,0.004341260784675401
 4.1313E-02,0.007792211484824077
 4.1336E-02,0.011856532700948698
 4.1359E-02,0.016358411244921323
 4.1382E-02,0.021078984692874433
 4.1405E-02,0.02577507016944033
 4.1428E-02,0.030209216213562096
 4.1451E-02,0.034178871127032086
 4.1474E-02,0.037530722879883766
 4.1497E-02,0.04015465900029204
 4.1520E-02,0.04196511045626557
 4.1543E-02,0.042886311379943406
 4.1566E-02,0.0428552515666425
 4.1589E-02,0.04184217381556773
 4.1612E-02,0.03987511753411345
 4.1635E-02,0.037051562979733825
 4.1658E-02,0.03352781378469082
 4.1681E-02,0.029490781123702615
 4.1704E-02,0.025127911810024467
 4.1727E-02,0.020611107597640805
 4.1750E-02,0.016100105733241867
 4.1773E-02,0.011757649801181685
 4.1796E-02,0.007761087975031454
 4.1819E-02,0.004298072077110378
 4.1842E-02,0.0015455967747294301
 4.1865E-02,-0.0003571146403573771
 4.1888E-02,-0.0013274328177575868
 4.1911E-02,-0.001340552543325756
 4.1934E-02,-0.00041488195928757643
 4.1957E-02,0.0014066846810491893
 4.1980E-02,0.004066111304400644
 4.2003E-02,0.007483772365447087
 4.2026E-02,0.011540692747519518
 4.2049E-02,0.016062765121843715
 4.2072E-02,0.020821203762635812
 4.2095E-02,0.025555505993771092
 4.2118E-02,0.03001250786684293
 4.2141E-02,0.0339843494267416
 4.2164E-02,0.03732570587488351
 4.2187E-02,0.03994211672424687
 4.2210E-02,0.04176065222138102
 4.2233E-02,0.042706740637898054
 4.2256E-02,0.04270671846240992
 4.2279E-02,0.04171621221958433
 4.2302E-02,0.03975530109106794
 4.2325E-02,0.03692609895230148
 4.2348E-02,0.033399308635551905
 4.2371E-02,0.029376373984550393
 4.2394E-02,0.02504935843748664
 4.2417E-02,0.020580982629986394
 4.2440E-02,0.01611288554408118
 4.2463E-02,0.011791007333924335
 4.2486E-02,0.0077859302228930494
 4.2509E-02,0.004290636760740792
 4.2531E-02,0.0014941225023377396
 4.2554E-02,-0.0004545387521911386
 4.2577E-02,-0.0014709191061555583
 4.2600E-02,-0.0015355927812065167
 4.2623E-02,-0.0006727436659374098
 4.2646E-02,0.0010764690132542194
 4.2669E-02,0.0036664681326246075
 4.2692E-02,0.0070364171885023835
 4.2715E-02,0.011082601149316149
 4.2738E-02,0.01563309145257909
 4.2761E-02,0.02044497590721321
 4.2784E-02,0.02523330240449066
 4.2807E-02,0.029722843705538578
 4.2830E-02,0.033698391195186674
 4.2853E-02,0.03702590454854422
 4.2876E-02,0.03963297185612833
 4.2899E-02,0.041464423902057554
 4.2922E-02,0.042447199605602164
 4.2945E-02,0.04249252042297648
 4.2968E-02,0.04153547358837695
 4.2991E-02,0.03958499392814287
 4.3014E-02,0.03674973228467938
 4.3037E-02,0.03322058639505081
 4.3060E-02,0.02921920762129016
 4.3083E-02,0.024943846037492008
 4.3106E-02,0.020544155984285196
 4.3129E-02,0.016136308208234834
 4.3152E-02,0.011842696867754111
 4.3175E-02,0.00782458187668773
 4.3198E-02,0.004282507391125299
 4.3221E-02,0.0014221892232780236
 4.3244E-02,-0.0005936083614206679
 4.3267E-02,-0.0016779669156966545
 4.3290E-02,-0.001818824212368267
 4.3313E-02,-0.0010479161168888067
 4.3336E-02,0.0005967728516522595
 4.3359E-02,0.0030877098900984673
 4.3382E-02,0.0063905978234939185
 4.3405E-02,0.010422846701915341
 4.3428E-02,0.015015013304462962
 4.3451E-02,0.01990390575605973
 4.3474E-02,0.024770108141687126
 4.3497E-02,0.029307475919496867
 4.3520E-02,0.03329057236012343
 4.3543E-02,0.03660113836229058
 4.3566E-02,0.03919743205019725
 4.3589E-02,0.04104888543629145
 4.3612E-02,0.042084348108387536
 4.3635E-02,0.042193809329150594
 4.3658E-02,0.041283796767194444
 4.3681E-02,0.039348072499369335
 4.3704E-02,0.03650482696285914
 4.3727E-02,0.03297337588352606
 4.3750E-02,0.029003525058309866
 4.3773E-02,0.02480179345151269
 4.3796E-02,0.02049904667226677
 4.3819E-02,0.01617541715209614
 4.3842E-02,0.011920166413909281
 4.3865E-02,0.007881556220861405
 4.3888E-02,0.004270919979969999
 4.3911E-02,0.0013175518459343496
 4.3934E-02,-0.0007965924585637673
 4.3957E-02,-0.0019811330594800003
 4.3980E-02,-0.0022342147577215903
 4.4003E-02,-0.0015977480954125051
 4.4026E-02,-0.00010452793596376101
 4.4049E-02,0.0022440136457343236
 4.4072E-02,0.005451249799737181
 4.4095E-02,0.009464147628694259
 4.4118E-02,0.014116232388532289
 4.4141E-02,0.01911540273625742
 4.4164E-02,0.024093560197085768
 4.4187E-02,0.02870078189987236
 4.4210E-02,0.03269712797457322
 4.4233E-02,0.03598639345151376
 4.4256E-02,0.03856973758559934
 4.4279E-02,0.040451665278803374
 4.4302E-02,0.041563916744369184
 4.4325E-02,0.041766260766156874
 4.4348E-02,0.04092532113195204
 4.4371E-02,0.03901360433131211
 4.4394E-02,0.036162408147350146
 4.4417E-02,0.032630879954651436
 4.4440E-02,0.028708116606802735
 4.4463E-02,0.02461175121172232
 4.4486E-02,0.020445910908753598
 4.4509E-02,0.016240007152122454
 4.4532E-02,0.012036620498851439
 4.4555E-02,0.007965867130372409
 4.4578E-02,0.004254610223825875
 4.4601E-02,0.0011652203367150337
 4.4624E-02,-0.0010937594529898146
 4.4647E-02,-0.0024271648690003134
 4.4670E-02,-0.002847120598576413
 4.4693E-02,-0.002408728281701814
 4.4716E-02,-0.0011354157060382525
 4.4739E-02,0.0010097867184670171
 4.4762E-02,0.004083523744489743
 4.4785E-02,0.00807331642460104
 4.4808E-02,0.012815079077806208
 4.4830E-02,0.01797456382615526
 4.4853E-02,0.023115037140923382
 4.4876E-02,0.02782575185238341
 4.4899E-02,0.03184659913836652
 4.4922E-02,0.035112519407877865
 4.4945E-02,0.03768486672217554
 4.4968E-02,0.03961522708572689
 4.4991E-02,0.040838144051763815
 4.5014E-02,0.04117188692637069
 4.5037E-02,0.04042755491145268
 4.5060E-02,0.038549297212598144
 4.5083E-02,0.035688625108596266
 4.5106E-02,0.032160262918063544
 4.5129E-02,0.02830713105157249
 4.5152E-02,0.024361253138232637
 4.5175E-02,0.02038788055803588
 4.5198E-02,0.016344493487528214
 4.5221E-02,0.012208881496816325
 4.5244E-02,0.008086521133145584
 4.5267E-02,0.004226055017050955
 4.5290E-02,0.0009360970848264123
 4.5313E-02,-0.001537975906044044
 4.5336E-02,-0.0030949894504430017
 4.5359E-02,-0.0037657785799714806
 4.5382E-02,-0.003621183395081663
 4.5405E-02,-0.002668668514291552
 4.5428E-02,-0.0008149867812321904
 4.5451E-02,0.0020717850481541253
 4.5474E-02,0.006033779575181071
 4.5497E-02,0.010908107484451228
 4.5520E-02,0.016300409781136407
 4.5543E-02,0.02167733081307061
 4.5566E-02,0.026543605116164187
 4.5589E-02,0.03061079152958688
 4.5612E-02,0.03385534419851767
 4.5635E-02,0.03642124793609606
 4.5658E-02,0.03842622840735629
 4.5681E-02,0.03980906982693232
 4.5704E-02,0.04033062640815702
 4.5727E-02,0.0397263882794429
 4.5750E-02,0.03790153147823896
 4.5773E-02,0.03503619741161555
 4.5796E-02,0.031521715888925245
 4.5819E-02,0.027772944027092777
 4.5842E-02,0.02404104139343644
 4.5865E-02,0.020336598742691746
 4.5888E-02,0.016515849810307133
 4.5911E-02,0.012466526277306654
 4.5934E-02,0.008260478928495088
 4.5957E-02,0.00417673050423102
 4.5980E-02,0.0005880046427966697
 4.6003E-02,-0.0022088327115192476
 4.6026E-02,-0.004104171278794226
 4.6049E-02,-0.005153650648933387
 4.6072E-02,-0.0054461031912719695
 4.6095E-02,-0.00496194806177717
 4.6118E-02,-0.003526249788060383
 4.6141E-02,-0.0009014419134249097
 4.6164E-02,0.0030286132612870505
 4.6187E-02,0.008098737681593847
 4.6210E-02,0.013830192616709928
 4.6233E-02,0.01955713812403697
 4.6256E-02,0.02466603687211204
 4.6279E-02,0.028826293169161098
 4.6302E-02,0.03206793740035258
 4.6325E-02,0.03464522635235571
 4.6348E-02,0.036766574089168384
 4.6371E-02,0.038378858542225454
 4.6394E-02,0.039166086837775296
 4.6417E-02,0.038762015013741984
 4.6440E-02,0.0370213327251918
 4.6463E-02,0.03416127993799777
 4.6486E-02,0.03067633151105853
 4.6509E-02,0.027080430152386932
 4.6532E-02,0.023646792233105507
 4.6555E-02,0.020310177028516334
 4.6578E-02,0.016788937044392212
 4.6601E-02,0.012845994427275666
 4.6624E-02,0.008505903950146717
 4.6647E-02,0.00408804583719753
 4.6670E-02,5.214640426931972e-05
 4.6693E-02,-0.0032364413557086917
 4.6716E-02,-0.005656199038448507
 4.6739E-02,-0.007292076668556548
 4.6762E-02,-0.008249306949802426
 4.6785E-02,-0.008459690377819956
 4.6808E-02,-0.007627549159996583
 4.6831E-02,-0.005370031998994037
 4.6854E-02,-0.0014751276258638734
 4.6877E-02,0.003884780829927048
 4.6900E-02,0.010114599864851019
 4.6923E-02,0.01636875662594517
 4.6946E-02,0.02187049298013183
 4.6969E-02,0.026221673548507064
 4.6992E-02,0.029513057586520324
 4.7015E-02,0.032142383867964246
 4.7038E-02,0.03444347130013796
 4.7061E-02,0.036381938841533346
 4.7084E-02,0.03754543281431349
 4.7107E-02,0.03743411211617419
 4.7129E-02,0.03583342359829677
 4.7152E-02,0.03300821751618807
 4.7175E-02,0.029586532623377928
 4.7198E-02,0.026210791055364693
 4.7221E-02,0.02318577469987298
 4.7244E-02,0.020345697138695867
 4.7267E-02,0.01722316792977185
 4.7290E-02,0.013408660146769657
 4.7313E-02,0.00885572720263685
 4.7336E-02,0.003933346366511229
 4.7359E-02,-0.0007863833489248472
 4.7382E-02,-0.004845181601249752
 4.7405E-02,-0.008098174082028668
 4.7428E-02,-0.010657775216551186
 4.7451E-02,-0.012633813738398968
 4.7474E-02,-0.013873652748375475
 4.7497E-02,-0.01390777046435752
 4.7520E-02,-0.012160922407631822
 4.7543E-02,-0.008301323803599287
 4.7566E-02,-0.0025144842539135395
 4.7589E-02,0.004454088061391914
 4.7612E-02,0.011523625223073763
 4.7635E-02,0.01769025159570778
 4.7658E-02,0.022437956036571234
 4.7681E-02,0.025906904952617257
 4.7704E-02,0.02867297587051313
 4.7727E-02,0.031245851098008388
 4.7750E-02,0.03363705327394356
 4.7773E-02,0.03532634754375102
 4.7796E-02,0.035644013027504175
 4.7819E-02,0.03427857679354026
 4.7842E-02,0.03154744205639885
 4.7865E-02,0.02824387399322636
 4.7888E-02,0.025173503181184817
 4.7911E-02,0.02268770267095958
 4.7934E-02,0.020497361040296033
 4.7957E-02,0.01788932128196872
 4.7980E-02,0.014217225866935487
 4.8003E-02,0.009327486537450193
 4.8026E-02,0.00364005996490808
 4.8049E-02,-0.0021315433321970317
 4.8072E-02,-0.0074075534963937584
 4.8095E-02,-0.012007728574523473
 4.8118E-02,-0.016059421958136075
 4.8141E-02,-0.01963712249285431
 4.8164E-02,-0.022431995437852768
 4.8187E-02,-0.023720694622153062
 4.8210E-02,-0.022679738566950304
 4.8233E-02,-0.018841882673821544
 4.8256E-02,-0.012419078570672428
 4.8279E-02,-0.0043394981873312935
 4.8302E-02,0.0040198811712622955
 4.8325E-02,0.011336020629816004
 4.8348E-02,0.01688153660763214
 4.8371E-02,0.020798961183559127
 4.8394E-02,0.023869883671871477
 4.8417E-02,0.02685556597646219
 4.8440E-02,0.029871868370251357
 4.8463E-02,0.03229223784652255
 4.8486E-02,0.033236641830483186
 4.8509E-02,0.03225908578040239
 4.8532E-02,0.02972921699577672
 4.8555E-02,0.026635857533073674
 4.8578E-02,0.023982663878966165
 4.8601E-02,0.022189545561165078
 4.8624E-02,0.020828829923259996
 4.8647E-02,0.018872916568393877
 4.8670E-02,0.015347363192676598
 4.8693E-02,0.009928460312064648
 4.8716E-02,0.003073501177286173
 4.8739E-02,-0.0043400239644739375
 4.8762E-02,-0.011581143471712059
 4.8785E-02,-0.018409051099008592
 4.8808E-02,-0.024915491881185563
 4.8831E-02,-0.031033699825547954
 4.8854E-02,-0.036165063279557194
 4.8877E-02,-0.03923707004934386
 4.8900E-02,-0.03915285498461309
 4.8923E-02,-0.03532153670082331
 4.8946E-02,-0.027977874376531816
 4.8969E-02,-0.018218366063671228
 4.8992E-02,-0.007759833461994853
 4.9015E-02,0.0016078931653562886
 4.9038E-02,0.008739751440538669
 4.9061E-02,0.013632473174301914
 4.9084E-02,0.017279642967319302
 4.9107E-02,0.020832839556788878
 4.9130E-02,0.02466139827267328
 4.9153E-02,0.028086239093427678
 4.9176E-02,0.029965046657834442
 4.9199E-02,0.029640458966377178
 4.9222E-02,0.02750666423360692
 4.9245E-02,0.024758209814429857
 4.9268E-02,0.022624763051783688
 4.9291E-02,0.0216512650681878
 4.9314E-02,0.021306827954516064
 4.9337E-02,0.020180923985845808
 4.9360E-02,0.016814679432962824
 4.9383E-02,0.010575893118059279
 4.9406E-02,0.001910700567613357
 4.9429E-02,-0.008114397696255242
 4.9451E-02,-0.01856748493477916
 4.9474E-02,-0.029079412428813727
 4.9497E-02,-0.03957511861583134
 4.9520E-02,-0.04963995088444588
 4.9543E-02,-0.058199541893290914
 4.9566E-02,-0.06377656410345067
 4.9589E-02,-0.06504923712655494
 4.9612E-02,-0.061315905137853455
 4.9635E-02,-0.052728655720150536
 4.9658E-02,-0.04042611488041933
 4.9681E-02,-0.026506812441650686
 4.9704E-02,-0.013511194283194371
 4.9727E-02,-0.0034113282877296387
 4.9750E-02,0.00334375921450235
 4.9773E-02,0.00796015805083334
 4.9796E-02,0.012252341286863293
 4.9819E-02,0.01715352114555115
 4.9842E-02,0.02203952498251393
 4.9865E-02,0.025378713198669984
 4.9888E-02,0.02614260234680337
 4.9911E-02,0.024702200620281643
 4.9934E-02,0.022461118123039907
 4.9957E-02,0.020904493142198752
 4.9980E-02,0.020821509910385186
 5.0003E-02,0.021709546545488734
 5.0026E-02,0.021706681839252638
 5.0049E-02,0.018558275826300437
 5.0072E-02,0.011037268022210216
 5.0095E-02,-0.00046937977218424257
 5.0118E-02,-0.014631900365998244
 5.0141E-02,-0.03024089386195703
 5.0164E-02,-0.0466497732406004
 5.0187E-02,-0.06336013388894662
 5.0210E-02,-0.07933585373590073
 5.0233E-02,-0.0928718280712556
 5.0256E-02,-0.1021199861529131
 5.0279E-02,-0.10562296226584512
 5.0302E-02,-0.10246754867312914
 5.0325E-02,-0.09241985336094925
 5.0348E-02,-0.07643599837222154
 5.0371E-02,-0.057078239083604806
 5.0394E-02,-0.03802663615464491
 5.0417E-02,-0.022648708720878666
 5.0440E-02,-0.012362910528114696
 5.0463E-02,-0.005923869135147707
 5.0486E-02,-0.0005088520643929603
 5.0509E-02,0.005931877649600098
 5.0532E-02,0.013008757728758102
 5.0555E-02,0.01856505328065212
 5.0578E-02,0.021013952668728055
 5.0601E-02,0.020701027376864065
 5.0624E-02,0.019241751142737618
 5.0647E-02,0.01836369650571409
 5.0670E-02,0.019196569051105623
 5.0693E-02,0.021518755909207883
 5.0716E-02,0.02308977054047015
 5.0739E-02,0.02038958100325277
 5.0762E-02,0.011044137681821897
 5.0785E-02,-0.004649545414838575
 5.0808E-02,-0.02495428715678418
 5.0831E-02,-0.048361862044057416
 5.0854E-02,-0.07364616245508718
 5.0877E-02,-0.09945400147092173
 5.0900E-02,-0.12407004135719625
 5.0923E-02,-0.14519946792648356
 5.0946E-02,-0.16050313436295763
 5.0969E-02,-0.1682841548641593
 5.0992E-02,-0.16722694953167358
 5.1015E-02,-0.1563949361748755
 5.1038E-02,-0.13631357650188822
 5.1061E-02,-0.10978644255916638
 5.1084E-02,-0.0815001005427648
 5.1107E-02,-0.05664648165754506
 5.1130E-02,-0.03886673250887228
 5.1153E-02,-0.028080020916418095
 5.1176E-02,-0.02035466744781323
 5.1199E-02,-0.011616472737439066
 5.1222E-02,-0.0016302392893928676
 5.1245E-02,0.006892705681461759
 5.1268E-02,0.01196529845105275
 5.1291E-02,0.013816464240107533
 5.1314E-02,0.014105853316111762
 5.1337E-02,0.014551273553038282
 5.1360E-02,0.016236385948426916
 5.1383E-02,0.019639317563666547
 5.1406E-02,0.023227604032485635
 5.1429E-02,0.022084641352783225
 5.1452E-02,0.011233453094421742
 5.1475E-02,-0.009647985148367497
 5.1498E-02,-0.038010007536014634
 5.1521E-02,-0.07216721397436465
 5.1544E-02,-0.10993546505369362
 5.1567E-02,-0.1484639332549226
 5.1590E-02,-0.18602479714675385
 5.1613E-02,-0.21981918700863146
 5.1636E-02,-0.24572355192145628
 5.1659E-02,-0.26165550722687164
 5.1682E-02,-0.2667426369328037
 5.1705E-02,-0.2591692505382028
 5.1727E-02,-0.23794045789249155
 5.1750E-02,-0.2047340097428033
 5.1773E-02,-0.16389835081530232
 5.1796E-02,-0.12264960531365114
 5.1819E-02,-0.0893531929582304
 5.1842E-02,-0.0675992404851272
 5.1865E-02,-0.05318275724057388
 5.1888E-02,-0.04019094446030003
 5.1911E-02,-0.027219262322975345
 5.1934E-02,-0.015604667693589123
 5.1957E-02,-0.006565440263322597
 5.1980E-02,-0.000505541003913151
 5.2003E-02,0.004094254112715196
 5.2026E-02,0.00841894234963824
 5.2049E-02,0.011570718946456948
 5.2072E-02,0.014635984953426866
 5.2095E-02,0.019988774127271937
 5.2118E-02,0.02296118879139718
 5.2141E-02,0.013058825351491764
 5.2164E-02,-0.012592825882769184
 5.2187E-02,-0.04915460190337094
 5.2210E-02,-0.09542492421468116
 5.2233E-02,-0.14939861882516456
 5.2256E-02,-0.20529581640451885
 5.2279E-02,-0.26190111309658254
 5.2302E-02,-0.31596708304880716
 5.2325E-02,-0.3588184394351905
 5.2348E-02,-0.38903393178996615
 5.2371E-02,-0.4088690146909012
 5.2394E-02,-0.4139720322152562
 5.2417E-02,-0.39981015644973533
 5.2440E-02,-0.36601878893107076
 5.2463E-02,-0.3142724563570493
 5.2486E-02,-0.25270438833012004
 5.2509E-02,-0.19484352898289892
 5.2532E-02,-0.14898793831445015
 5.2555E-02,-0.11484078260095351
 5.2578E-02,-0.08948227470459073
 5.2601E-02,-0.07109666443132459
 5.2624E-02,-0.057149797264247224
 5.2647E-02,-0.04506808874173901
 5.2670E-02,-0.03388098582058445
 5.2693E-02,-0.021852471379910088
 5.2716E-02,-0.00862165458241266
 5.2739E-02,0.0013077007132124528
 5.2762E-02,0.006307439684704033
 5.2785E-02,0.012754083570139723
 5.2808E-02,0.021370711998449428
 5.2831E-02,0.018379137541774514
 5.2854E-02,-0.006398524238906245
 5.2877E-02,-0.048954273940569906
 5.2900E-02,-0.10731536268665769
 5.2923E-02,-0.17983869111997644
 5.2946E-02,-0.2569056912226384
 5.2969E-02,-0.3365143689273774
 5.2992E-02,-0.41678964015247993
 5.3015E-02,-0.4841168059651992
 5.3038E-02,-0.5361833011149351
 5.3061E-02,-0.5797147019044445
 5.3084E-02,-0.6079313619684227
 5.3107E-02,-0.6117920023361618
 5.3130E-02,-0.5892933489496176
 5.3153E-02,-0.5383158607997289
 5.3176E-02,-0.4653793166930748
 5.3199E-02,-0.38632092051866873
 5.3222E-02,-0.31118422444028715
 5.3245E-02,-0.24316799456867852
 5.3268E-02,-0.18664204433064047
 5.3291E-02,-0.14726243107012474
 5.3314E-02,-0.12477374261098256
 5.3337E-02,-0.11392549919521201
 5.3360E-02,-0.10587627837196105
 5.3383E-02,-0.09041297519989899
 5.3406E-02,-0.06619645352151173
 5.3429E-02,-0.0394055477727435
 5.3452E-02,-0.015743584810820246
 5.3475E-02,0.003224797493036998
 5.3498E-02,0.018868490758379517
 5.3521E-02,0.026131173694625136
 5.3544E-02,0.01332219398437196
 5.3567E-02,-0.02709223327627848
 5.3590E-02,-0.0959788518588687
 5.3613E-02,-0.18593417574754276
 5.3636E-02,-0.2848074188214109
 5.3659E-02,-0.38897051418744755
 5.3682E-02,-0.4951309084815959
 5.3705E-02,-0.5892903326915583
 5.3728E-02,-0.6659272636142082
 5.3751E-02,-0.7329770206010133
 5.3774E-02,-0.7876891292814561
 5.3797E-02,-0.8168033974946781
 5.3820E-02,-0.8137582793844318
 5.3843E-02,-0.7765720980861731
 5.3866E-02,-0.7100189818683055
 5.3889E-02,-0.628595763010646
 5.3912E-02,-0.543923391637951
 5.3935E-02,-0.4586075805972394
 5.3958E-02,-0.37359339537843095
 5.3981E-02,-0.29919079202563725
 5.4004E-02,-0.24738726017410861
 5.4026E-02,-0.22229162889792098
 5.4049E-02,-0.21548879494206932
 5.4072E-02,-0.20134135566726077
 5.4095E-02,-0.166566381961519
 5.4118E-02,-0.12273463263894355
 5.4141E-02,-0.07861394154139809
 5.4164E-02,-0.04017491974648454
 5.4187E-02,-0.014271318399098183
 5.4210E-02,0.004209929328194521
 5.4233E-02,0.017050192658317885
 5.4256E-02,0.007654835954782682
 5.4279E-02,-0.04322709672271157
 5.4302E-02,-0.13334838981949385
 5.4325E-02,-0.24240102459604018
 5.4348E-02,-0.35948892117781694
 5.4371E-02,-0.48330687675362216
 5.4394E-02,-0.6013788709276419
 5.4417E-02,-0.6989260431879952
 5.4440E-02,-0.7825420485146551
 5.4463E-02,-0.8621973080436024
 5.4486E-02,-0.9231888060319758
 5.4509E-02,-0.9503798611417501
 5.4532E-02,-0.9433538671256155
 5.4555E-02,-0.9027154310471104
 5.4578E-02,-0.8443673610307926
 5.4601E-02,-0.7813164316737101
 5.4624E-02,-0.7082296887237963
 5.4647E-02,-0.6185993073557549
 5.4670E-02,-0.5121416593667311
 5.4693E-02,-0.41026541552484785
 5.4716E-02,-0.33831017041335726
 5.4739E-02,-0.30310549496600386
 5.4762E-02,-0.2872414367413363
 5.4785E-02,-0.2600146998783667
 5.4808E-02,-0.21358023007938776
 5.4831E-02,-0.15913676366355392
 5.4854E-02,-0.09458107839190184
 5.4877E-02,-0.033157413650538356
 5.4900E-02,-0.0007097469735926551
 5.4923E-02,0.006387731863494465
 5.4946E-02,0.0007228145078228606
 5.4969E-02,-0.020494303439823697
 5.4992E-02,-0.07359101622275055
 5.5015E-02,-0.16970215211605105
 5.5038E-02,-0.29341486388857985
 5.5061E-02,-0.42181414546693313
 5.5084E-02,-0.5510610620289897
 5.5107E-02,-0.6753444582517599
 5.5130E-02,-0.7806784542489349
 5.5153E-02,-0.8714055068297862
 5.5176E-02,-0.9560931216468405
 5.5199E-02,-1.0224372968662456
 5.5222E-02,-1.056187243346634
 5.5245E-02,-1.0626371815185118
 5.5268E-02,-1.0494546757104977
 5.5291E-02,-1.0182857317583833
 5.5314E-02,-0.9653238800546412
 5.5337E-02,-0.8905295003168783
 5.5360E-02,-0.7944419187112555
 5.5383E-02,-0.6748003066793212
 5.5406E-02,-0.5550096788073462
 5.5429E-02,-0.4591980425676134
 5.5452E-02,-0.390582334424163
 5.5475E-02,-0.34572305809733284
 5.5498E-02,-0.30169076547046625
 5.5521E-02,-0.23563573568009133
 5.5544E-02,-0.15456770100243433
 5.5567E-02,-0.06654734368347556
 5.5590E-02,0.013597416809812787
 5.5613E-02,0.04986625415543473
 5.5636E-02,0.027209831990360023
 5.5659E-02,-0.036153537634455724
 5.5682E-02,-0.10834730374426339
 5.5705E-02,-0.17600418565422263
 5.5728E-02,-0.2546146008723964
 5.5751E-02,-0.3554896976834836
 5.5774E-02,-0.47841896256414085
 5.5797E-02,-0.6107805263604845
 5.5820E-02,-0.7354373571830295
 5.5843E-02,-0.8499689558754402
 5.5866E-02,-0.9495545570209797
 5.5889E-02,-1.0234772018211427
 5.5912E-02,-1.0689816828308791
 5.5935E-02,-1.0867053912426177
 5.5958E-02,-1.0912924657647154
 5.5981E-02,-1.1065483009991668
 5.6004E-02,-1.121209056878098
 5.6027E-02,-1.104046648182945
 5.6050E-02,-1.0528256828530946
 5.6073E-02,-0.9664713902281326
 5.6096E-02,-0.8623796158249208
 5.6119E-02,-0.7625161988270477
 5.6142E-02,-0.6769498269415829
 5.6165E-02,-0.6007469418521889
 5.6188E-02,-0.5205791471062873
 5.6211E-02,-0.4254077732162782
 5.6234E-02,-0.3151435760793957
 5.6257E-02,-0.2024037649551587
 5.6280E-02,-0.09738735355840028
 5.6303E-02,-0.010011330746133446
 5.6325E-02,0.0350321856385644
 5.6348E-02,0.009671321876572093
 5.6371E-02,-0.05058169981419678
 5.6394E-02,-0.11303944317119927
 5.6417E-02,-0.1659624007722105
 5.6440E-02,-0.21146444361327751
 5.6463E-02,-0.26742731053163127
 5.6486E-02,-0.3510358975380485
 5.6509E-02,-0.44574304134749626
 5.6532E-02,-0.553547268527117
 5.6555E-02,-0.6660263207618399
 5.6578E-02,-0.7737916138630688
 5.6601E-02,-0.8777465964675173
 5.6624E-02,-0.9380923006429794
 5.6647E-02,-0.9610654952019896
 5.6670E-02,-0.9643272990297463
 5.6693E-02,-0.9612327380779027
 5.6716E-02,-0.9812990457870876
 5.6739E-02,-1.0069214754308096
 5.6762E-02,-0.9939178119331822
 5.6785E-02,-0.9266192122846397
 5.6808E-02,-0.8250582520546235
 5.6831E-02,-0.7158984714614534
 5.6854E-02,-0.6165515172744153
 5.6877E-02,-0.5274970377569722
 5.6900E-02,-0.4443652371820915
 5.6923E-02,-0.35654112988127695
 5.6946E-02,-0.25256138057849337
 5.6969E-02,-0.14649825849895654
 5.6992E-02,-0.05714137175156009
 5.7015E-02,0.001160442819253725
 5.7038E-02,0.02300266038752483
 5.7061E-02,0.003664247477014354
 5.7084E-02,-0.04446530733547695
 5.7107E-02,-0.08652647993369983
 5.7130E-02,-0.12162321995437986
 5.7153E-02,-0.15972025365276887
 5.7176E-02,-0.196194693353868
 5.7199E-02,-0.2445528265649522
 5.7222E-02,-0.31243500728316687
 5.7245E-02,-0.39553779726969274
 5.7268E-02,-0.4952350685144157
 5.7291E-02,-0.5993046886298095
 5.7314E-02,-0.691375607945986
 5.7337E-02,-0.7666260949983024
 5.7360E-02,-0.8221914498053143
 5.7383E-02,-0.8556821008256009
 5.7406E-02,-0.8657193665341479
 5.7429E-02,-0.8521795348569801
 5.7452E-02,-0.8213879691506014
 5.7475E-02,-0.7673658900083656
 5.7498E-02,-0.6878916318064672
 5.7521E-02,-0.6005291202033897
 5.7544E-02,-0.5081028234936387
 5.7567E-02,-0.40869819503623905
 5.7590E-02,-0.3097098226040598
 5.7613E-02,-0.21282119065390057
 5.7636E-02,-0.12473296288466522
 5.7659E-02,-0.05941086649643616
 5.7682E-02,-0.018071719992367806
 5.7705E-02,0.002935303910437368
 5.7728E-02,0.0035123428161365805
 5.7751E-02,-0.014069255968475632
 5.7774E-02,-0.04423650651036229
 5.7797E-02,-0.07999509835322954
 5.7820E-02,-0.11313305925853503
 5.7843E-02,-0.14016081798314892
 5.7866E-02,-0.17058766498711075
 5.7889E-02,-0.21741029244962154
 5.7912E-02,-0.28320089563075057
 5.7935E-02,-0.36343595332914846
 5.7958E-02,-0.44742654734533455
 5.7981E-02,-0.5228422109275246
 5.8004E-02,-0.5921442963514836
 5.8027E-02,-0.6549607649036696
 5.8050E-02,-0.6915190403501476
 5.8073E-02,-0.6936777883278464
 5.8096E-02,-0.6776038601049428
 5.8119E-02,-0.6583672419264185
 5.8142E-02,-0.6392889848878897
 5.8165E-02,-0.6092199023089919
 5.8188E-02,-0.5532404697821778
 5.8211E-02,-0.46463045236156714
 5.8234E-02,-0.350292319052636
 5.8257E-02,-0.24600311814655618
 5.8280E-02,-0.17617381960493728
 5.8303E-02,-0.13236706179682783
 5.8326E-02,-0.10656538405549851
 5.8349E-02,-0.08346293603090352
 5.8372E-02,-0.049873753966087495
 5.8395E-02,-0.018039441771155983
 5.8418E-02,0.004023996948233518
 5.8441E-02,0.011097793219270114
 5.8464E-02,-0.014474606416083308
 5.8487E-02,-0.0743119740279705
 5.8510E-02,-0.1505760502110194
 5.8533E-02,-0.22229015543321917
 5.8556E-02,-0.2859445111610169
 5.8579E-02,-0.35380646742271765
 5.8602E-02,-0.4214925413980716
 5.8624E-02,-0.4815750568343771
 5.8647E-02,-0.547374685460962
 5.8670E-02,-0.6248821507535719
 5.8693E-02,-0.7019592773982771
 5.8716E-02,-0.7649655310666145
 5.8739E-02,-0.8001369813573105
 5.8762E-02,-0.8040620524880476
 5.8785E-02,-0.782978103861053
 5.8808E-02,-0.7466517721250384
 5.8831E-02,-0.7076481409335811
 5.8854E-02,-0.6648188307184979
 5.8877E-02,-0.6066035362138844
 5.8900E-02,-0.522192644600121
 5.8923E-02,-0.4174371264687066
 5.8946E-02,-0.31736952737980606
 5.8969E-02,-0.23856665857535167
 5.8992E-02,-0.18005414423320382
 5.9015E-02,-0.1340633937267057
 5.9038E-02,-0.08754861938017
 5.9061E-02,-0.03324588237630397
 5.9084E-02,0.017070406271231235
 5.9107E-02,0.04479226372077007
 5.9130E-02,0.037536760300345424
 5.9153E-02,-0.0052534325270898186
 5.9176E-02,-0.07274072705244897
 5.9199E-02,-0.144594050350838
 5.9222E-02,-0.20500736243705742
 5.9245E-02,-0.2599722030958067
 5.9268E-02,-0.3211989205269504
 5.9291E-02,-0.38981573483037535
 5.9314E-02,-0.46404473745189795
 5.9337E-02,-0.5419805957417703
 5.9360E-02,-0.6159736091106944
 5.9383E-02,-0.6766305352964863
 5.9406E-02,-0.7203269210181755
 5.9429E-02,-0.7450478018975006
 5.9452E-02,-0.7508531516973347
 5.9475E-02,-0.7451577057396642
 5.9498E-02,-0.7332163214982562
 5.9521E-02,-0.712284408810121
 5.9544E-02,-0.6775955985726154
 5.9567E-02,-0.6210966220735334
 5.9590E-02,-0.5372547908092513
 5.9613E-02,-0.43738501730670243
 5.9636E-02,-0.3437180564725969
 5.9659E-02,-0.2721779745630933
 5.9682E-02,-0.21989800298868478
 5.9705E-02,-0.16785804418817526
 5.9728E-02,-0.10554022776316213
 5.9751E-02,-0.04160243216869228
 5.9774E-02,0.008262728618968151
 5.9797E-02,0.030208663562006268
 5.9820E-02,0.021880963635687402
 5.9843E-02,-0.008873494109300273
 5.9866E-02,-0.055795421253489755
 5.9889E-02,-0.11129313990049548
 5.9912E-02,-0.1659408487775796
 5.9935E-02,-0.21725395308930306
 5.9958E-02,-0.26978915875288006
 5.9981E-02,-0.32823272845627616
 6.0004E-02,-0.3940666431428138
 6.0027E-02,-0.46838551180965593
 6.0050E-02,-0.5449361041042426
 6.0073E-02,-0.6096559121055672
 6.0096E-02,-0.6567943721523756
 6.0119E-02,-0.6830201019984337
 6.0142E-02,-0.6857713698930276
 6.0165E-02,-0.6708665707557051
 6.0188E-02,-0.6425306604447105
 6.0211E-02,-0.6038583394508957
 6.0234E-02,-0.5573116665293498
 6.0257E-02,-0.4946180207203533
 6.0280E-02,-0.40718029850913057
 6.0303E-02,-0.30625566177780617
 6.0326E-02,-0.21792100496863037
 6.0349E-02,-0.15986443714016638
 6.0372E-02,-0.1306097644881356
 6.0395E-02,-0.1146273401319314
 6.0418E-02,-0.09377262469272733
 6.0441E-02,-0.06276114743355041
 6.0464E-02,-0.026681853717346403
 6.0487E-02,0.0065302639357140355
 6.0510E-02,0.02345367520458442
 6.0533E-02,0.013681765673680561
 6.0556E-02,-0.02247761621467847
 6.0579E-02,-0.07840721885893057
 6.0602E-02,-0.14702822519025577
 6.0625E-02,-0.2214183279440023
 6.0648E-02,-0.29773893995570183
 6.0671E-02,-0.37539837930816267
 6.0694E-02,-0.44989368998891394
 6.0717E-02,-0.5220039350995709
 6.0740E-02,-0.592647037814456
 6.0763E-02,-0.6481260112589408
 6.0786E-02,-0.6791940800451599
 6.0809E-02,-0.6870775803783924
 6.0832E-02,-0.673264110614568
 6.0855E-02,-0.6415270827312469
 6.0878E-02,-0.596337948382076
 6.0901E-02,-0.5397141243579524
 6.0923E-02,-0.47137879556357953
 6.0946E-02,-0.3883129769517917
 6.0969E-02,-0.29330906918269506
 6.0992E-02,-0.2066947597057897
 6.1015E-02,-0.15197490535669037
 6.1038E-02,-0.12839525388954226
 6.1061E-02,-0.11440620165216948
 6.1084E-02,-0.09463429075346678
 6.1107E-02,-0.06689932914862357
 6.1130E-02,-0.037857025194206
 6.1153E-02,-0.015711931655395226
 6.1176E-02,-0.000847487304552759
 6.1199E-02,0.004521867854735965
 6.1222E-02,-0.008989075012576127
 6.1245E-02,-0.04507004175349688
 6.1268E-02,-0.09992699328245642
 6.1291E-02,-0.16999621090229067
 6.1314E-02,-0.2486087611660484
 6.1337E-02,-0.3275112626587215
 6.1360E-02,-0.4071642382189755
 6.1383E-02,-0.49026411665568226
 6.1406E-02,-0.5730247209036128
 6.1429E-02,-0.6460168470574882
 6.1452E-02,-0.6891512263014328
 6.1475E-02,-0.6914839932492405
 6.1498E-02,-0.6708635775441263
 6.1521E-02,-0.6374258716224337
 6.1544E-02,-0.5852122603015018
 6.1567E-02,-0.5233466266834511
 6.1590E-02,-0.46143211827522956
 6.1613E-02,-0.3918070328618117
 6.1636E-02,-0.30928127751361706
 6.1659E-02,-0.22189902438410963
 6.1682E-02,-0.14800434907468382
 6.1705E-02,-0.10552348153577776
 6.1728E-02,-0.09398813495275424
 6.1751E-02,-0.09516845005939263
 6.1774E-02,-0.08961730038536686
 6.1797E-02,-0.0703184966157956
 6.1820E-02,-0.04323486874369058
 6.1843E-02,-0.01574642260567839
 6.1866E-02,0.0047976448515165
 6.1889E-02,0.0059026338633795
 6.1912E-02,-0.018481452907501618
 6.1935E-02,-0.06343406165007376
 6.1958E-02,-0.12844817064225056
 6.1981E-02,-0.22546658719601903
 6.2004E-02,-0.3503051164407611
 6.2027E-02,-0.46431900140559074
 6.2050E-02,-0.5513506161016566
 6.2073E-02,-0.635980217226455
 6.2096E-02,-0.7128418431616683
 6.2119E-02,-0.7641844657771504
 6.2142E-02,-0.7984846866291415
 6.2165E-02,-0.8045256682566695
 6.2188E-02,-0.7705958414604462
 6.2211E-02,-0.7064346555306505
 6.2234E-02,-0.626166790176343
 6.2257E-02,-0.544774070176179
 6.2280E-02,-0.4668868038975449
 6.2303E-02,-0.39339480256409687
 6.2326E-02,-0.31266787568886184
 6.2349E-02,-0.21812452392558163
 6.2372E-02,-0.14563430671748473
 6.2395E-02,-0.11562008942811061
 6.2418E-02,-0.10054384535987118
 6.2441E-02,-0.08778164779563977
 6.2464E-02,-0.07183632122168541
 6.2487E-02,-0.03933186272534563
 6.2510E-02,-0.011415372479863135
 6.2533E-02,-0.008842607598946652
 6.2556E-02,-0.010227280075406485
 6.2579E-02,-0.005666386063751784
 6.2602E-02,-0.03143518834409934
 6.2625E-02,-0.09798780093595294
 6.2648E-02,-0.17077734043285236
 6.2671E-02,-0.25750676711256004
 6.2694E-02,-0.3804054773163179
 6.2717E-02,-0.5008778788045634
 6.2740E-02,-0.6001996855198113
 6.2763E-02,-0.700450465852255
 6.2786E-02,-0.7792805686917499
 6.2809E-02,-0.8249681579420466
 6.2832E-02,-0.8530099944047219
 6.2855E-02,-0.8504257570773611
 6.2878E-02,-0.8157579257946832
 6.2901E-02,-0.7489488806573958
 6.2924E-02,-0.6588145185001697
 6.2947E-02,-0.573438097230865
 6.2970E-02,-0.49535151480337175
 6.2993E-02,-0.4230495515232664
 6.3016E-02,-0.34497245166094936
 6.3039E-02,-0.2559841916253726
 6.3062E-02,-0.19387267710563363
 6.3085E-02,-0.17074805490098682
 6.3108E-02,-0.15309192987997644
 6.3131E-02,-0.13044202473811176
 6.3154E-02,-0.09837664595281487
 6.3177E-02,-0.04802766844199199
 6.3200E-02,-0.011996312790476173
 6.3223E-02,-0.0052902398500789295
 6.3245E-02,-0.002296222271954594
 6.3268E-02,-0.003741355434710585
 6.3291E-02,-0.044473401582914476
 6.3314E-02,-0.11616805345762124
 6.3337E-02,-0.18457441032729419
 6.3360E-02,-0.3061256880281343
 6.3383E-02,-0.4265140329241761
 6.3406E-02,-0.5321591126177758
 6.3429E-02,-0.642528419250653
 6.3452E-02,-0.7428166891985492
 6.3475E-02,-0.8155015757566322
 6.3498E-02,-0.8642797632087491
 6.3521E-02,-0.8910488728251446
 6.3544E-02,-0.8871764671989285
 6.3567E-02,-0.8441243822395987
 6.3590E-02,-0.7692157828105406
 6.3613E-02,-0.6858206861812568
 6.3636E-02,-0.6033686887566582
 6.3659E-02,-0.5233982760785654
 6.3682E-02,-0.4428759503999829
 6.3705E-02,-0.349363676266201
 6.3728E-02,-0.2702242871620659
 6.3751E-02,-0.23578435126470917
 6.3774E-02,-0.22166356503032583
 6.3797E-02,-0.20903846471735565
 6.3820E-02,-0.18820825175558897
 6.3843E-02,-0.13368598849782157
 6.3866E-02,-0.06491977502854364
 6.3889E-02,-0.01912974741557167
 6.3912E-02,0.008352723620389229
 6.3935E-02,0.02847976969762096
 6.3958E-02,0.01808922940909253
 6.3981E-02,-0.03610628524480497
 6.4004E-02,-0.09121680466939511
 6.4027E-02,-0.19104687298025386
 6.4050E-02,-0.3177580347924213
 6.4073E-02,-0.4332740808803468
 6.4096E-02,-0.5552946611975631
 6.4119E-02,-0.6739109421554016
 6.4142E-02,-0.7676503579995093
 6.4165E-02,-0.8320779132987114
 6.4188E-02,-0.8876045006051774
 6.4211E-02,-0.9195065098558622
 6.4234E-02,-0.9016480716007185
 6.4257E-02,-0.850536513453975
 6.4280E-02,-0.7821643185528944
 6.4303E-02,-0.703005575677568
 6.4326E-02,-0.6232067288335867
 6.4349E-02,-0.5456214845070615
 6.4372E-02,-0.4495190748382135
 6.4395E-02,-0.3469810306288875
 6.4418E-02,-0.2914959316219373
 6.4441E-02,-0.26866040127648283
 6.4464E-02,-0.24736046847062315
 6.4487E-02,-0.23666428837246767
 6.4510E-02,-0.2058522294538533
 6.4533E-02,-0.1428490265710504
 6.4556E-02,-0.08852547259448769
 6.4579E-02,-0.048941090131237826
 6.4602E-02,-0.00481914728274372
 6.4625E-02,0.02321152143251609
 6.4648E-02,-0.0025605878507175897
 6.4671E-02,-0.050149695753348454
 6.4694E-02,-0.09659913032042576
 6.4717E-02,-0.2027444611057749
 6.4740E-02,-0.314479484242958
 6.4763E-02,-0.43217368657045196
 6.4786E-02,-0.5497543468987925
 6.4809E-02,-0.6730010201273748
 6.4832E-02,-0.7682729042296282
 6.4855E-02,-0.8288854817798086
 6.4878E-02,-0.882960797874053
 6.4901E-02,-0.9061160752981751
 6.4924E-02,-0.8861782371548244
 6.4947E-02,-0.8521281355118545
 6.4970E-02,-0.8077501909809237
 6.4993E-02,-0.7492539617037559
 6.5016E-02,-0.689725067943862
 6.5039E-02,-0.621673942831777
 6.5062E-02,-0.5193051001584563
 6.5085E-02,-0.41378620050986387
 6.5108E-02,-0.3533970926904446
 6.5131E-02,-0.3190754294952888
 6.5154E-02,-0.29364650544869814
 6.5177E-02,-0.26945816961526986
 6.5200E-02,-0.21931935080450443
 6.5223E-02,-0.1543526358936606
 6.5246E-02,-0.10126107730275702
 6.5269E-02,-0.05809387279585545
 6.5292E-02,-0.012117357783301294
 6.5315E-02,0.013809388547366495
 6.5338E-02,-0.013338769553715098
 6.5361E-02,-0.06397948091171828
 6.5384E-02,-0.11342358625308116
 6.5407E-02,-0.20500780696996654
 6.5430E-02,-0.316447112055302
 6.5453E-02,-0.4280946618705233
 6.5476E-02,-0.5281534689403926
 6.5499E-02,-0.6366749698942676
 6.5521E-02,-0.7390634765212749
 6.5544E-02,-0.8150686022187006
 6.5567E-02,-0.8835552549409542
 6.5590E-02,-0.92413755985693
 6.5613E-02,-0.9126424742272028
 6.5636E-02,-0.8832282497329125
 6.5659E-02,-0.8541559127865512
 6.5682E-02,-0.8199579901338929
 6.5705E-02,-0.7948795371439443
 6.5728E-02,-0.7376545995646528
 6.5751E-02,-0.6417446303402066
 6.5774E-02,-0.5311552271857995
 6.5797E-02,-0.4400679953815533
 6.5820E-02,-0.37564178278816673
 6.5843E-02,-0.3313446358664949
 6.5866E-02,-0.2966492789880175
 6.5889E-02,-0.24789579215469587
 6.5912E-02,-0.18163461234540368
 6.5935E-02,-0.11701494646517491
 6.5958E-02,-0.05349788564061063
 6.5981E-02,0.016190221479904413
 6.6004E-02,0.05598774325158341
 6.6027E-02,0.03036763327938772
 6.6050E-02,-0.035723974794840165
 6.6073E-02,-0.11322341067581748
 6.6096E-02,-0.21118297306966055
 6.6119E-02,-0.31664393329097573
 6.6142E-02,-0.40777382880501223
 6.6165E-02,-0.502258871485188
 6.6188E-02,-0.6055192973317644
 6.6211E-02,-0.7033312259081199
 6.6234E-02,-0.7980902314051115
 6.6257E-02,-0.8843145111217329
 6.6280E-02,-0.9379894465254067
 6.6303E-02,-0.9500594728229769
 6.6326E-02,-0.9373356276406187
 6.6349E-02,-0.9237447887823691
 6.6372E-02,-0.916799937675963
 6.6395E-02,-0.9031683478279114
 6.6418E-02,-0.8676095790896982
 6.6441E-02,-0.7967068918818505
 6.6464E-02,-0.6940876068757927
 6.6487E-02,-0.5903856442325959
 6.6510E-02,-0.505075887711685
 6.6533E-02,-0.4393111292009778
 6.6556E-02,-0.383503336573645
 6.6579E-02,-0.3147645583532536
 6.6602E-02,-0.2248243322708126
 6.6625E-02,-0.13208104631190634
 6.6648E-02,-0.05292743832910611
 6.6671E-02,0.013208691155855254
 6.6694E-02,0.04950189514516663
 6.6717E-02,0.03137664844851365
 6.6740E-02,-0.02687841200615279
 6.6763E-02,-0.09755859063365696
 6.6786E-02,-0.16751930855327307
 6.6809E-02,-0.23401514560595327
 6.6832E-02,-0.30110596856281713
 6.6855E-02,-0.3713644572087164
 6.6878E-02,-0.44767117794992206
 6.6901E-02,-0.5344732230141048
 6.6924E-02,-0.6283169189293152
 6.6947E-02,-0.7177321527651528
 6.6970E-02,-0.7887277247759517
 6.6993E-02,-0.8303014098643802
 6.7016E-02,-0.8449652110251958
 6.7039E-02,-0.8467362688630823
 6.7062E-02,-0.8493506544751549
 6.7085E-02,-0.8519726767462517
 6.7108E-02,-0.8417361358857323
 6.7131E-02,-0.8063262668787163
 6.7154E-02,-0.7350282898821603
 6.7177E-02,-0.6363172959607033
 6.7200E-02,-0.5383228347947726
 6.7223E-02,-0.45321461717595163
 6.7246E-02,-0.37583290957791793
 6.7269E-02,-0.29944065527368596
 6.7292E-02,-0.2150014165903745
 6.7315E-02,-0.12490530039243393
 6.7338E-02,-0.04540211048166096
 6.7361E-02,0.012088758322279562
 6.7384E-02,0.03844600597527388
 6.7407E-02,0.022791681290802574
 6.7430E-02,-0.026235523852907203
 6.7453E-02,-0.08318077845301239
 6.7476E-02,-0.13402470838336364
 6.7499E-02,-0.17895218606799962
 6.7522E-02,-0.21957790438954283
 6.7545E-02,-0.2593796462608273
 6.7568E-02,-0.3110812356697541
 6.7591E-02,-0.38370102136242273
 6.7614E-02,-0.47020006570082634
 6.7637E-02,-0.5602448912362683
 6.7660E-02,-0.639670986704763
 6.7683E-02,-0.6942982871593186
 6.7706E-02,-0.7265851867827646
 6.7729E-02,-0.7445602644989571
 6.7752E-02,-0.7523741626282708
 6.7775E-02,-0.7501660180368497
 6.7798E-02,-0.7311260500052954
 6.7820E-02,-0.6883521180683209
 6.7843E-02,-0.6179024644005364
 6.7866E-02,-0.5244705027812596
 6.7889E-02,-0.42694714894310576
 6.7912E-02,-0.3413491919291551
 6.7935E-02,-0.2693573181532031
 6.7958E-02,-0.20424113766528557
 6.7981E-02,-0.1375473522438696
 6.8004E-02,-0.07085134797275403
 6.8027E-02,-0.015905220941986056
 6.8050E-02,0.018596580685069856
 6.8073E-02,0.028923238857822713
 6.8096E-02,0.013082115549774748
 6.8119E-02,-0.02442153642968912
 6.8142E-02,-0.0700978079793713
 6.8165E-02,-0.11280499950046843
 6.8188E-02,-0.15295388602808574
 6.8211E-02,-0.1940141749038406
 6.8234E-02,-0.23980425287444732
 6.8257E-02,-0.2972242062742102
 6.8280E-02,-0.36763481510647206
 6.8303E-02,-0.4465087812036207
 6.8326E-02,-0.5267356470253076
 6.8349E-02,-0.5970289393766832
 6.8372E-02,-0.6490138954167819
 6.8395E-02,-0.6821968776518074
 6.8418E-02,-0.6988116616493506
 6.8441E-02,-0.7002555105414248
 6.8464E-02,-0.6860352466001906
 6.8487E-02,-0.6542612668085829
 6.8510E-02,-0.6032153950433915
 6.8533E-02,-0.5298639246235584
 6.8556E-02,-0.43573231448621985
 6.8579E-02,-0.33572625419636415
 6.8602E-02,-0.24927917571562186
 6.8625E-02,-0.18496193989293366
 6.8648E-02,-0.13747737317613018
 6.8671E-02,-0.09543180960165717
 6.8694E-02,-0.05400218641657147
 6.8717E-02,-0.01882625340847697
 6.8740E-02,0.004365513992793793
 6.8763E-02,0.014697458371700549
 6.8786E-02,0.008913947602658429
 6.8809E-02,-0.016675406299953042
 6.8832E-02,-0.057551405800139885
 6.8855E-02,-0.10466231114385743
 6.8878E-02,-0.15248070833150332
 6.8901E-02,-0.20262945922221853
 6.8924E-02,-0.2593444521601068
 6.8947E-02,-0.32291968169998475
 6.8970E-02,-0.39425753195677893
 6.8993E-02,-0.47481776600721204
 6.9000E-02,-0.500693931707061
