67,0.0
67,3.7775572321913375e-05
67,3.7775572321913375e-05
67,3.775586070516274e-05
67,3.763759133211626e-05
67,3.788465814953929e-05
67,3.921354377513955e-05
67,4.2049839776937784e-05
67,4.638064976840712e-05
67,5.183275430029986e-05
67,5.807887384367421e-05
67,6.499515536141272e-05
67,7.241752124609031e-05
67,7.999665597511217e-05
67,8.748928312823467e-05
67,9.479150643392948e-05
67,0.00010143607580248812
67,0.00010665646382039254
67,0.00010997632218378352
67,0.00011104201521952072
67,0.0001093282775789146
67,0.00010473805002813268
67,9.781632473225134e-05
67,8.895485102246367e-05
67,7.814984563333437e-05
67,6.582934599634178e-05
67,5.314640912816593e-05
67,4.109054324621939e-05
67,2.994605914083626e-05
67,1.9841449101707607e-05
67,1.1203371736639691e-05
67,4.2965525724055195e-06
67,-1.1611881726432756e-06
67,-5.3943379181203344e-06
67,-8.071740212910839e-06
67,-8.874889485834294e-06
67,-8.00322273922001e-06
67,-5.531336886641242e-06
67,-7.178839655182009e-07
67,7.254417168155253e-06
67,1.8086424933371184e-05
67,3.0649579185501775e-05
67,4.403721005932303e-05
67,5.74249070118093e-05
67,6.959022734480763e-05
67,7.961304164466889e-05
67,8.72340739070572e-05
67,9.202949887074653e-05
67,9.342776468021722e-05
67,9.156290831580117e-05
67,8.706311352415643e-05
67,8.039593099700852e-05
67,7.208130480896133e-05
67,6.295646221683167e-05
67,5.3725021134645207e-05
67,4.458736040725887e-05
67,3.5519554872549766e-05
67,2.6647561329657016e-05
67,1.835674074721806e-05
67,1.1319265840270635e-05
67,6.283754650476588e-06
67,3.625408008192986e-06
67,3.3455205511699374e-06
67,5.559318055974714e-06
67,1.0561152393230785e-05
67,1.8428504905026622e-05
67,2.898521238074091e-05
67,4.203919979212688e-05
67,5.7257110157326346e-05
67,7.384723976808826e-05
67,9.06651028064748e-05
67,0.0001066704500659042
67,0.00012114610288839055
67,0.0001335881384715174
67,0.00014352792416437503
67,0.000150324552331263
67,0.00015313835123600573
67,0.00015131851211517622
67,0.0001447680229604578
67,0.00013381140956764343
67,0.00011888507421303247
67,0.00010050013533176045
67,7.933374478447772e-05
67,5.62525809137484e-05
67,3.235676088629166e-05
67,8.93277187051855e-06
67,-1.2822266825891433e-05
67,-3.197206220666545e-05
67,-4.7673247842115336e-05
67,-5.9091626403199344e-05
67,-6.565998730774014e-05
67,-6.72251975584069e-05
67,-6.390221238755325e-05
67,-5.601757946874552e-05
67,-4.412986413443397e-05
67,-2.8811973369046872e-05
67,-1.0387779756383957e-05
67,1.0993818548161348e-05
67,3.503889755991543e-05
67,6.106202773394816e-05
67,8.789151939742275e-05
67,0.00011393988079129211
67,0.00013757633763316729
67,0.00015759577511474443
67,0.00017326730673144196
67,0.00018404917263204398
67,0.0001894352671819621
67,0.0001888849536531456
67,0.0001818664874252904
67,0.00016835253387023483
67,0.0001493167542028667
67,0.00012644399564664527
67,0.00010138931494533934
67,7.545321681576403e-05
67,4.9671035405988856e-05
67,2.490394090638957e-05
67,2.0056123386569244e-06
67,-1.7960797077659932e-05
67,-3.385862015521802e-05
67,-4.485224543090522e-05
67,-5.047123456260413e-05
67,-5.045244792039993e-05
67,-4.484513184572113e-05
67,-3.416090892736897e-05
67,-1.9101941840135185e-05
67,-1.7824032022579356e-07
67,2.2290051938498233e-05
67,4.788984948030448e-05
67,7.583548661108344e-05
67,0.00010479642627482595
67,0.00013298178247373208
67,0.00015859153888389687
67,0.00018028582598335447
67,0.0001971613400691575
67,0.0002084046563273218
67,0.0002132044021479452
67,0.00021093729430240869
67,0.00020132527106092035
67,0.00018458559880373378
67,0.00016153389704554852
67,0.00013340413186678526
67,0.00010155840632964324
67,6.746880693523559e-05
67,3.281662844616757e-05
67,-6.69872283237628e-07
67,-3.1505988351400705e-05
67,-5.851040052257685e-05
67,-8.064686421679889e-05
67,-9.687685134615658e-05
67,-0.00010614978678798222
67,-0.00010762278412114792
67,-0.0001010568561074277
67,-8.698664169730434e-05
67,-6.640563972449843e-05
67,-4.032357323189968e-05
67,-9.611403118985722e-06
67,2.492021003788289e-05
67,6.2366916883985e-05
67,0.00010151044360677139
67,0.00014066689701333352
67,0.00017781422264952283
67,0.00021093633043791916
67,0.00023834956990139512
67,0.0002589143884595437
67,0.0002720444756858323
67,0.00027738037783187546
67,0.00027438706224802023
67,0.0002624291594270669
67,0.00024135033864486195
67,0.00021195871072768102
67,0.00017599266235196275
67,0.0001356826278492442
67,9.324320219023867e-05
67,5.058617700714252e-05
67,9.38600376040351e-06
67,-2.8690778894024607e-05
67,-6.192559157589752e-05
67,-8.870956750664597e-05
67,-0.00010772356420769766
67,-0.00011803539133436214
67,-0.00011916843520059199
67,-0.00011116618502814307
67,-9.462812783589195e-05
67,-7.066986800973883e-05
67,-4.068659862592416e-05
67,-5.936400513934022e-06
67,3.2691982230515824e-05
67,7.441693996162595e-05
67,0.0001180242927200688
67,0.00016154985269104674
67,0.00020243886966830969
67,0.0002380828167290103
67,0.0002664416385678352
67,0.00028635480750136894
67,0.0002972876646660402
67,0.0002988056494536123
67,0.00029039467662706744
67,0.0002717870334918624
67,0.00024338416792293253
67,0.0002064424889940875
67,0.0001630049984452065
67,0.00011562565034773894
67,6.695908529921849e-05
67,1.9402313754550154e-05
67,-2.5062828038608653e-05
67,-6.48317415816795e-05
67,-9.850291595705491e-05
67,-0.00012466747676867368
67,-0.00014185387549871508
67,-0.00014875727263311016
67,-0.00014463955787023152
67,-0.0001296358086814222
67,-0.0001047684789208294
67,-7.162271649911644e-05
67,-3.1845878880379793e-05
67,1.3175858858643305e-05
67,6.223177544297667e-05
67,0.00011392584865980762
67,0.00016634514734724295
67,0.0002169733350731617
67,0.00026296143015329426
67,0.00030170698593873436
67,0.00033139520951668325
67,0.0003510719532860422
67,0.00036023484381445735
67,0.00035840081301870296
67,0.0003450592440846432
67,0.0003200142697321463
67,0.0002838357880475611
67,0.00023809304011358862
67,0.00018519336370008296
67,0.00012795072984115856
67,6.920441573448634e-05
67,1.1656614831064578e-05
67,-4.217275238166019e-05
67,-9.000085189452403e-05
67,-0.00012983003488864449
67,-0.00015993864853716672
67,-0.00017885844340113035
67,-0.0001854520110763296
67,-0.00017915120591552975
67,-0.00016025103224706576
67,-0.00013000443366554252
67,-9.034301257198254e-05
67,-4.3354584465165723e-05
67,9.14145172015128e-06
67,6.566392927261598e-05
67,0.00012475919329686075
67,0.00018450569733301667
67,0.00024219215559771067
67,0.0002945029903020596
67,0.00033821964688308525
67,0.00037100730819846075
67,0.00039172626808344987
67,0.00040007145739704255
67,0.00039590008251410983
67,0.0003788712595546143
67,0.00034874778376941704
67,0.00030611005019617524
67,0.0002528598060502525
67,0.00019209379001416412
67,0.00012745445602636355
67,6.241246883738722e-05
67,-1.1735310943641083e-07
67,-5.7741137037655774e-05
67,-0.0001083464146358821
67,-0.00014992681958855036
67,-0.00018057071881403164
67,-0.00019857717364154433
67,-0.00020267794559177254
67,-0.0001923494544932392
67,-0.0001680848341970986
67,-0.00013141291512718233
67,-8.456053046601575e-05
67,-2.989257695017459e-05
67,3.054406960240766e-05
67,9.504978282203711e-05
67,0.0001618296191096693
67,0.0002284283880707792
67,0.00029154435782523746
67,0.00034746623870404833
67,0.0003929126079782714
67,0.00042572528616207625
67,0.0004449405824553008
67,0.0004502471498573232
67,0.00044137201509974187
67,0.00041798201755266284
67,0.00038015766005687114
67,0.00032896927972663517
67,0.00026669054855271924
67,0.00019656575679356033
67,0.00012233960213124738
67,4.779327016531924e-05
67,-2.357856732971925e-05
67,-8.873522016030555e-05
67,-0.00014512773670682997
67,-0.00019060571970668902
67,-0.00022323819125294198
67,-0.0002412372718243791
67,-0.0002431897064975568
67,-0.00022854886710855252
67,-0.00019804454112429625
67,-0.00015365806936077725
67,-9.811150014088675e-05
67,-3.417147588576814e-05
67,3.5798680096872765e-05
67,0.0001097883772918521
67,0.0001856861227882769
67,0.0002607593479421581
67,0.00033144137556826553
67,0.00039367705683740397
67,0.00044377054311592866
67,0.00047924890580318435
67,0.000499103582552555
67,0.0005032313047333894
67,0.0004916168858059507
67,0.0004640249119027052
67,0.00042046849770619203
67,0.0003620339042183165
67,0.00029136846984094053
67,0.00021243379924986607
67,0.000129706484524258
67,4.7396316892248057e-05
67,-3.088351644178285e-05
67,-0.00010203434869707267
67,-0.00016330012440721403
67,-0.00021220154743317203
67,-0.00024655117848225357
67,-0.00026451705432563007
67,-0.0002648073512956453
67,-0.0002470129474635202
67,-0.00021195551999468742
67,-0.00016175281228385517
67,-9.941267209102643e-05
67,-2.809887264608983e-05
67,4.9472693073665546e-05
67,0.000131072995361525
67,0.00021440936177549193
67,0.0002964282330197879
67,0.0003730645368687759
67,0.00043975548917391416
67,0.0004924965020148572
67,0.0005287569039513444
67,0.0005476028372208549
67,0.0005489988563992849
67,0.0005329686141339443
67,0.0004993791194555654
67,0.0004484923670437627
67,0.0003817560488473343
67,0.00030218318326575075
67,0.00021406788233289644
67,0.00012226414455119528
67,3.146158980061945e-05
67,-5.423511174651974e-05
67,-0.00013138930558245646
67,-0.00019711450559830462
67,-0.0002488893524614793
67,-0.00028440693891148547
67,-0.00030160012303161
67,-0.00029896936587480994
67,-0.00027613112155097853
67,-0.00023424151765458028
67,-0.00017592675043964973
67,-0.00010465981210598366
67,-2.392899538349605e-05
67,6.328944498658414e-05
67,0.00015444993168811525
67,0.00024685926625475077
67,0.00033704257515616067
67,0.00042055825242850656
67,0.0004925387442012209
67,0.0005487662073224457
67,0.0005866200666282967
67,0.0006052079932537126
67,0.0006046137488597799
67,0.0005849679897699379
67,0.0005461891175166549
67,0.0004885955432985591
67,0.00041381998124502523
67,0.0003252586986200197
67,0.00022772286955413928
67,0.00012656954452834477
67,2.688576470202899e-05
67,-6.689673816358548e-05
67,-0.00015100555681552675
67,-0.00022221054915977796
67,-0.00027772391946857307
67,-0.00031511632935451
67,-0.00033232211509487316
67,-0.0003278954198664665
67,-0.00030151727154922636
67,-0.00025445291747611815
67,-0.0001895581841956136
67,-0.00011068328633328321
67,-2.1757403199354318e-05
67,7.38764871736638e-05
67,0.0001734370464887088
67,0.0002740426167163856
67,0.0003719383479094041
67,0.000462250655760188
67,0.0005396021008579711
67,0.0005993468893821566
67,0.0006386567229828166
67,0.0006566718548526852
67,0.0006536427510340326
67,0.000629869737471126
67,0.0005854012236209575
67,0.0005207052442444628
67,0.00043766919216366797
67,0.000340087332972569
67,0.00023328013617544325
67,0.00012313891685211415
67,1.5209148236097086e-05
67,-8.575703933122724e-05
67,-0.00017579268110887384
67,-0.00025152734757978216
67,-0.0003100146090567731
67,-0.0003486293441240917
67,-0.0003651209748355203
67,-0.000357954764772507
67,-0.00032689131721085204
67,-0.0002734582682433476
67,-0.00020089726517851558
67,-0.00011346783002412177
67,-1.5458519838771462e-05
67,8.947992657203751e-05
67,0.00019825740593222942
67,0.0003076313771664907
67,0.00041342712974853305
67,0.0005103407987516277
67,0.0005926415658108008
67,0.000655485957218215
67,0.000696014880810164
67,0.0007134344658330542
67,0.0007080654690527978
67,0.000680247103856514
67,0.0006300781865184405
67,0.0005581644596387088
67,0.0004666626359149531
67,0.0003597519047786303
67,0.00024319902593609478
67,0.00012335524847648517
67,6.21979262784269e-06
67,-0.00010302022367739375
67,-0.0002000147834741845
67,-0.0002811046278055244
67,-0.00034315886857608235
67,-0.00038343740924917864
67,-0.0003996066152055625
67,-0.0003900925609582306
67,-0.00035472110334826414
67,-0.0002952416506706221
67,-0.00021526199245761228
67,-0.00011947401739446718
67,-1.257123567949717e-05
67,0.0001014691090039484
67,0.0002192938268655687
67,0.00033739910737338644
67,0.00045128494916710357
67,0.0005552318436178547
67,0.0006430482033952458
67,0.0007094996086451053
67,0.000751530420322657
67,0.0007683851745270954
67,0.0007605723477226628
67,0.0007286241816485467
67,0.0006727607953124099
67,0.0005936915530579317
67,0.0004937878159783863
67,0.00037763574831837534
67,0.0002515566720807163
67,0.00012246400270231735
67,-3.199604940189475e-06
67,-0.000119948921425197
67,-0.00022321942973612633
67,-0.00030915248560209926
67,-0.00037441698563200627
67,-0.0004160993618500313
67,-0.00043175139822709287
67,-0.0004197643109474599
67,-0.0003800284850475088
67,-0.00031447975788912526
67,-0.00022703915706690788
67,-0.0001227989348428528
67,-6.860746576767366e-06
67,0.00011644889414030835
67,0.00024348242069975758
67,0.00037042488181406714
67,0.000492382898495732
67,0.0006031779765884742
67,0.0006961962474484754
67,0.0007659324444730947
67,0.0008092521539620138
67,0.0008254538415464409
67,0.0008151320903147312
67,0.0007788874575219948
67,0.0007170272620572014
67,0.0006304384823011311
67,0.0005217920252736309
67,0.0003960696237137008
67,0.0002600401119262593
67,0.00012108743981041408
67,-1.3873189083778739e-05
67,-0.0001389170855538442
67,-0.00024911892592341644
67,-0.0003403615198027431
67,-0.0004091353305381259
67,-0.0004523815068420562
67,-0.0004675233468300978
67,-0.00045288884424185533
67,-0.00040845254784972903
67,-0.0003364229929550956
67,-0.0002411360352113055
67,-0.0001281352076925141
67,-2.9206894187828374e-06
67,0.00012985616345083384
67,0.0002662596020488574
67,0.000402171343467419
67,0.0005323431530835393
67,0.000650184980037719
67,0.0007486605331892439
67,0.0008219302265093324
67,0.0008667118958123236
67,0.000882358271259053
67,0.000869627681039966
67,0.0008292674020064193
67,0.0007616649480672919
67,0.0006677935082697095
67,0.0005505466393494167
67,0.0004153341369631761
67,0.00026949666620844955
67,0.00012098700019949981
67,-2.2829083428688933e-05
67,-0.00015570546120541388
67,-0.00027246457527660206
67,-0.000368758634669476
67,-0.00044087159269822087
67,-0.00048558796387650346
67,-0.0005002390580614863
67,-0.0004831304441718098
67,-0.0004343003342727671
67,-0.0003561381504737103
67,-0.0002532935667949272
67,-0.00013171991124592602
67,2.663578957492541e-06
67,0.00014485322939593136
67,0.000290625640464029
67,0.0004355607406058182
67,0.000574017744153805
67,0.0006989301466191551
67,0.0008028002819473105
67,0.0008794667871160693
67,0.0009255301152161442
67,0.0009403953363584906
67,0.0009249461265779233
67,0.000880054188349081
67,0.0008062333722824908
67,0.0007046403773589324
67,0.000578454053643431
67,0.0004334734358020125
67,0.000277504317773048
67,0.00011900053665866764
67,-3.418314475353687e-05
67,-0.00017537450712840525
67,-0.0002990666359801086
67,-0.0004006758810756283
67,-0.0004763061764967137
67,-0.0005225782220687549
67,-0.0005366771043759571
67,-0.0005168379398787877
67,-0.0004631830672280859
67,-0.0003783745368140716
67,-0.0002674757883362771
67,-0.00013689515223081874
67,7.0369919464456155e-06
67,0.000158974331020041
67,0.0003143891313984515
67,0.00046854472528199147
67,0.0006154321113888608
67,0.0007475623475412123
67,0.000857016227774647
67,0.0009373135165016255
67,0.0009849231892215225
67,0.0009993013287070227
67,0.000981467172316182
67,0.000932404843582251
67,0.0008526960425201822
67,0.0007436038618501762
67,0.0006085636252279127
67,0.0004538194100451115
67,0.0002877386280826056
67,0.00011932802990802344
67,-4.3097731807624154e-05
67,-0.00019250294899003423
67,-0.0003230772505867299
67,-0.0004299761681811076
67,-0.000509096176228356
67,-0.0005569130882167121
67,-0.0005705250260369052
67,-0.0005481414165384923
67,-0.0004899512973280957
67,-0.00039881831507863116
67,-0.000280151999067152
67,-0.00014079696633324806
67,1.2486793785255736e-05
67,0.00017400069359377237
67,0.000338929796363713
67,0.0005022347861665999
67,0.0006575159312430518
67,0.0007968098135252301
67,0.0009117291385724112
67,0.000995455914640274
67,0.0010443309350015055
67,0.001057872245484308
67,0.0010372511069420352
67,0.0009835971394591778
67,0.0008976133771539485
67,0.00078072019996737
67,0.0006366206552333566
67,0.00047196590592054406
67,0.00029563576887500873
67,0.00011717829114144508
67,-5.4601335320169866e-05
67,-0.00021227421985458713
67,-0.00034973504320705664
67,-0.00046191277018288983
67,-0.0005445111793147127
67,-0.0005938303657200389
67,-0.0006068259203844976
67,-0.0005816486109699597
67,-0.0005185727959813763
67,-0.00042071767071114453
67,-0.0002938833776382514
67,-0.00014535861834676442
67,1.7679300697133444e-05
67,0.00018917597291749695
67,0.0003640002725824374
67,0.0005367817783308775
67,0.0007007290541887997
67,0.000847429174698086
67,0.0009680559063397876
67,0.0010554692619249048
67,0.0011058801080547176
67,0.0011188528542518232
67,0.0010956861644076533
67,0.0010376253698399728
67,0.0009454658975161815
67,0.0008207692780840639
67,0.0006675138963497612
67,0.000492784019407031
67,0.00030599410177492673
67,0.00011723687968593832
67,-6.419464185736202e-05
67,-0.00023046098582876287
67,-0.00037511937924435455
67,-0.0004928313132609449
67,-0.0005790994201516921
67,-0.0006300753306211206
67,-0.0006426087531353742
67,-0.0006148075724497893
67,-0.0005470185380490893
67,-0.00044259428560028885
67,-0.0003077212229465081
67,-0.0001501523220194902
67,2.249405977848646e-05
67,0.00020380663809660567
67,0.00038836296574618735
67,0.0005704906450711694
67,0.0007430164334384221
67,0.0008970623592750233
67,0.0010233330319302802
67,0.0011143396351346846
67,0.0011661558054247498
67,0.001178409425242177
67,0.0011525570522130137
67,0.001089984801581267
67,0.0009915884430319942
67,0.0008590643174603281
67,0.0006966589344220954
67,0.0005118951263013945
67,0.0003147419566754699
67,0.00011585590811033418
67,-7.498649421623578e-05
67,-0.00024957008441324675
67,-0.00040116104062001465
67,-0.000524181719070172
67,-0.0006139309196987622
67,-0.0006663906288400739
67,-0.0006782871315869613
67,-0.0006476825966061447
67,-0.0005750019727785818
67,-0.0004638320205580179
67,-0.0003207333424208083
67,-0.00015390415382581505
67,2.8607202207618426e-05
67,0.000220023666863107
67,0.0004146026208659857
67,0.0006063323560639071
67,0.0007876281447012183
67,0.0009491381634423078
67,0.0010811124427653246
67,0.0011757380359997763
67,0.0012289639052183966
67,0.0012404696058708753
67,0.001211844476721376
67,0.0011446017540631093
67,0.001039749433612204
67,0.000899145015949307
67,0.0007273177698929529
67,0.0005322164114510929
67,0.0003243367541142009
67,0.00011488696372066523
67,-8.584778846616828e-05
67,-0.00026922340631418143
67,-0.0004281648323955301
67,-0.0005568321420950782
67,-0.0006503217702965762
67,-0.0007044524730691211
67,-0.0007158254361677564
67,-0.0006824527277973814
67,-0.0006048444458382383
67,-0.00048684537214017617
67,-0.0003354225064244451
67,-0.00015924576996132435
67,3.319396019328032e-05
67,0.00023475581660648326
67,0.00043939202082602356
67,0.0006407769005828385
67,0.0008309398225220534
67,0.0010000634651002606
67,0.0011379242034395554
67,0.0012363504730375568
67,0.0012911443977197015
67,0.001302044433701418
67,0.0012707971589695363
67,0.0011990544656298135
67,0.0010879184221854936
67,0.000939375987918583
67,0.0007582287264327461
67,0.0005528795763970789
67,0.0003343980355027602
67,0.00011456947551378478
67,-9.582922882772396e-05
67,-0.00028776791474181774
67,-0.0004538648214788235
67,-0.0005880262986788615
67,-0.0006851397182592824
67,-0.0007408588407193387
67,-0.0007516680034490507
67,-0.0007155337795637542
67,-0.0006330381081003427
67,-0.0005082555971287139
67,-0.00034853456274088114
67,-0.00016300856505318037
67,3.9382934820908207e-05
67,0.0002511259540957932
67,0.0004658568047308728
67,0.0006769161816387811
67,0.000875919427147896
67,0.0010525638358630156
67,0.001196157155853454
67,0.001298194458183635
67,0.0013543523562133607
67,0.001364427011461163
67,0.0013303058685063369
67,0.0012537741594688765
67,0.0011360501624688838
67,0.000979285626052885
67,0.0007885699731057558
67,0.0005727399024138169
67,0.00034340272801871544
67,0.00011290744811902662
67,-0.00010745269808376721
67,-0.0003082186658369062
67,-0.0004816729383528375
67,-0.000621464061042349
67,-0.000722276151642507
67,-0.0007795946793708049
67,-0.0007897743001475072
67,-0.0007507310830227134
67,-0.0006631358823542759
67,-0.0005313258780368758
67,-0.00036305753670938154
67,-0.00016793526751806775
67,4.4657653124128974e-05
67,0.00026683479330699635
67,0.0004919106451099413
67,0.0007128918407051546
67,0.0009209904310358099
67,0.001105427516039651
67,0.0012550335919290416
67,0.00136094577909055
67,0.0014186945196933806
67,0.00142813311452382
67,0.0013913035618705423
67,0.0013101298972495188
67,0.0011859296341216194
67,0.001020992710995523
67,0.0008206894390506614
67,0.0005943165567361854
67,0.0003540591328863032
67,0.00011285004403827176
67,-0.00011751249380108814
67,-0.00032716407127998583
67,-0.000508060653755741
67,-0.0006535826255336522
67,-0.0007581975002406884
67,-0.0008172223146785805
67,-0.0008268926863207313
67,-0.0007850786334952321
67,-0.0006925267850578055
67,-0.000553814612470384
67,-0.00037709575302114114
67,-0.00017245535231957324
67,5.026139573446317e-05
67,0.00028278877189383603
67,0.0005181266149208693
67,0.0007489533422972007
67,0.0009660704253808654
67,0.0011582087404603538
67,0.001313715414628999
67,0.001423375902296206
67,0.0014825840483036325
67,0.0014912529427884382
67,0.0014515758018351387
67,0.0013656172001303923
67,0.0012348080821187226
67,0.0010615950636213812
67,0.0008516347151924475
67,0.0006146700593593631
67,0.00036344635843033756
67,0.00011147970321327499
67,-0.00012890835260307123
67,-0.0003474292922198559
67,-0.0005357109844173103
67,-0.0006868789907325961
67,-0.0007951953642055447
67,-0.0008558055028184045
67,-0.0008648134689427246
67,-0.0008200372986081059
67,-0.0007223096660744785
67,-0.0005764674656739648
67,-0.00039107258420902286
67,-0.0001766863193573037
67,5.6393726661297825e-05
67,0.00029952055480718994
67,0.000545363024539947
67,0.000786253295995924
67,0.0010125743842337334
67,0.0012125684125858115
67,0.0013741015660155142
67,0.0014876062700347034
67,0.001548336404317725
67,0.0015562627163963106
67,0.001513728657955812
67,0.001422936472812058
67,0.0012854249664460708
67,0.0011037945961180316
67,0.0008839952754738041
67,0.0006362322381706713
67,0.0003738245521964346
67,0.00011087365425358967
67,-0.00013978010569535903
67,-0.0003674213082535563
67,-0.000563333105249482
67,-0.0007203647437426094
67,-0.000832561054151793
67,-0.0008948990456469267
67,-0.0009033613749774587
67,-0.0008557187713125725
67,-0.0007528848218902755
67,-0.0005999486420843994
67,-0.0004058826589524037
67,-0.00018173845494838428
67,6.171862267952957e-05
67,0.0003154565811682893
67,0.0005718228308293698
67,0.0008228157592782453
67,0.0010584041637562637
67,0.001266334126341478
67,0.0014339763987414006
67,0.001551396239601924
67,0.0016137008130308382
67,0.001620921967985524
67,0.0015755633573190395
67,0.0014799737695273885
67,0.0013358017488432994
67,0.001145796172417567
67,0.0009161931570431495
67,0.000657659468662599
67,0.00038409799402606715
67,0.00011021082107521082
67,-0.00015063475830035195
67,-0.0003873035377896084
67,-0.0005907512561018418
67,-0.0007535645473625898
67,-0.0008695717176395424
67,-0.0009335715969885905
67,-0.0009414151586083766
67,-0.0008908227457495543
67,-0.0007827927680914544
67,-0.0006226714112302833
67,-0.0004198421321985899
67,-0.00018584352880470124
67,6.809269384094413e-05
67,0.0003325440936047898
67,0.0005995244881111291
67,0.0008606842503795192
67,0.001105567379435326
67,0.0013214215221317692
67,0.0014951288924152106
67,0.0016163990959214706
67,0.0016801997468282863
67,0.0016866206050136783
67,0.0016383154051807466
67,0.001537772998819232
67,0.0013867568241361546
67,0.0011881786168392678
67,0.0009485733522868267
67,0.0006790705827511782
67,0.0003941485072710398
67,0.00010910413898434449
67,-0.00016215937872552906
67,-0.0004080643849850518
67,-0.0006192161538072177
67,-0.0007879284551958518
67,-0.0009078170051622859
67,-0.0009735112434950728
67,-0.0009807348789585791
67,-0.0009271570656438406
67,-0.0008138608822232712
67,-0.0006464549256781841
67,-0.00043474330869667827
67,-0.00019076034465540133
67,7.379176971080488e-05
67,0.0003491001836126756
67,0.0006268472195273282
67,0.0008983377876641426
67,0.0011526916662743317
67,0.00137665233253574
67,0.001556599242695468
67,0.001681869083189317
67,0.0017472805562403094
67,0.0017529861169470148
67,0.0017018025735346422
67,0.0015963665458167819
67,0.0014385508517758597
67,0.0012314175596452248
67,0.0009817959540030588
67,0.0007012903837713906
67,0.00040497523622336055
67,0.00010875485448592242
67,-0.00017293760471410677
67,-0.0004280986357767976
67,-0.0006469939028327701
67,-0.0008216604275234957
67,-0.0009454883498650053
67,-0.0010129276116052951
67,-0.0010195730006321013
67,-0.0009630447391647619
67,-0.000844509500629907
67,-0.0006698329734401751
67,-0.00044923647217496183
67,-0.00019525382276874457
67,7.993312819289458e-05
67,0.00036611304918461444
67,0.0006546327742652112
67,0.0009364490835707022
67,0.0012002537423077696
67,0.0014322837747897592
67,0.0016184189162932038
67,0.0017476294953225656
67,0.001814588530359111
67,0.001819506992932715
67,0.001765357420226991
67,0.0016549226244670845
67,0.0014901930480172446
67,0.0012743927740605629
67,0.0010146494183414989
67,0.0007230351806093089
67,0.00041521255307906034
67,0.00010769734891559257
67,-0.0001845289104614488
67,-0.0004490167191106007
67,-0.0006756843109825082
67,-0.0008562984334789417
67,-0.000984033965141937
67,-0.0010531647000349917
67,-0.0010591522818339822
67,-0.0009995646767901897
67,-0.0008756571380535241
67,-0.0006935639822754308
67,-0.0004639331358118775
67,-0.0001997994267768657
67,8.617895924554737e-05
67,0.0003833929724904714
67,0.0006828494701958827
67,0.0009751507981654813
67,0.0012485555930106043
67,0.0014887889776030432
67,0.0016812231603786521
67,0.0018144545256622117
67,0.001883008259662561
67,0.0018871584713397046
67,0.0018300396828994556
67,0.0017145820038739071
67,0.0015428885498102829
67,0.0013183415541340301
67,0.0010483723762933232
67,0.0007455351267236995
67,0.00042609260891064883
67,0.00010717287522554123
67,-0.00019570256324327165
67,-0.000469643732620673
67,-0.0007042155958190975
67,-0.0008909010704487578
67,-0.001022649328747616
67,-0.0010935568761798943
67,-0.001098956493090637
67,-0.0010363650884071388
67,-0.0009071210566892816
67,-0.0007176204581100399
67,-0.0004789377540156048
67,-0.00020461765252678747
67,9.219393127875129e-05
67,0.0004004841743043964
67,0.000710920345351791
67,0.0010137521058342994
67,0.001296803928170549
67,0.0015452856947034002
67,0.0017440585461566927
67,0.0018813415567841192
67,0.0019515085225829466
67,0.0019548941111269115
67,0.0018947954524146738
67,0.0017742943534058947
67,0.0015956119140700647
67,0.0013622900707008557
67,0.0010820601192009617
67,0.0007679537448093892
67,0.0004368368548325191
67,0.0001064616306634914
67,-0.0002070968030028969
67,-0.0004905024665049485
67,-0.0007329716941623403
67,-0.0009257110498843895
67,-0.0010614457617680885
67,-0.0011340898178645515
67,-0.0011388411316053033
67,-0.0010731655999526074
67,-0.0009384917202704474
67,-0.0007414857719092575
67,-0.0004936528298884837
67,-0.00020904665784783665
67,9.870011187615598e-05
67,0.00041816796184630795
67,0.0007396784232910317
67,0.0010531225171219287
67,0.001345886438291484
67,0.001602661879564668
67,0.001807796885518461
67,0.0019491330869837685
67,0.0020208946480002542
67,0.0020234783440619976
67,0.001960343076788696
67,0.0018347196251453893
67,0.0016489459721972658
67,0.0014067278373379433
67,0.0011161052455623194
67,0.0007905958074075267
67,0.000447671441980063
67,0.00010570686945047408
67,-0.00021866882879481293
67,-0.0005116666636650047
67,-0.00076214334909561
67,-0.0009610214620867049
67,-0.0011008022014963549
67,-0.0011752215832151584
67,-0.0011793454444830273
67,-0.0011105864515297663
67,-0.0009704586887643487
67,-0.000765897387467582
67,-0.0005088429120279046
67,-0.00021386593721902953
67,0.00010490829138244385
67,0.00043565183484581374
67,0.0007683406586137893
67,0.0010925058084586964
67,0.001395091165404904
67,0.0016602642212247781
67,0.0018718529256449461
67,0.0020173148898287
67,0.0020907209695448198
67,0.002092531274168021
67,0.0020263716748310555
67,0.0018956271843494495
67,0.0017027540808070662
67,0.0014516190275123218
67,0.0011505677030098096
67,0.0008136054791740914
67,0.0004588180831016731
67,0.00010521166446415104
67,-0.0002300270182900561
67,-0.0005326585012769382
67,-0.0007911834389796627
67,-0.000996239203219727
67,-0.0011400965150289194
67,-0.0012163064560069567
67,-0.0012198000437075292
67,-0.0011479387454402742
67,-0.0010023258926910891
67,-0.0007901678900859859
67,-0.0005238412214395885
67,-0.00021843544057693881
67,0.00011142687643500977
67,0.0004535033507835107
67,0.0007974198883404452
67,0.0011323456390015748
67,0.0014447815889925004
67,0.0017183704998234206
67,0.001936419733013715
67,0.0020860025804828766
67,0.00216103574334785
67,0.002162040540689322
67,0.002092807161002245
67,0.0019568737912564137
67,0.0017568172281832329
67,0.0014966699852128216
67,0.001185088219491736
67,0.0008365675933945064
67,0.0004698089905844615
67,0.00010445382045260647
67,-0.00024174526780042612
67,-0.0005540886240377023
67,-0.0008207150242478482
67,-0.0010319772513671579
67,-0.0011799198935550687
67,-0.0012579121990456466
67,-0.0012607498128950432
67,-0.0011857407287136602
67,-0.0010345773075484174
67,-0.0008147406948876201
67,-0.0005390489938945337
67,-0.00022311475769073492
67,0.00011794072952313355
67,0.0004714603793288019
67,0.0008267183704196362
67,0.0011725178959186202
67,0.0014949111553263618
67,0.0017770093878550818
67,0.002001592888477126
67,0.0021553464883025653
67,0.002232032766245963
67,0.0022322380264447376
67,0.002159921241311474
67,0.0020187756739021203
67,0.0018114974866936665
67,0.0015422837035245114
67,0.001220103005893426
67,0.0008599473377891182
67,0.0004811392112814867
67,0.00010395804902715953
67,-0.00025327900281596147
67,-0.0005754136557969574
67,-0.0008502203249076428
67,-0.001067760686733532
67,-0.0012198464890574993
67,-0.001299661749391478
67,-0.001301866667230214
67,-0.0012237164356475266
67,-0.0010669919912939178
67,-0.0008394485018228055
67,-0.0005543471760723733
67,-0.00022782842371967378
67,0.00012448118980439287
67,0.0004895045005033305
67,0.0008561612360491356
67,0.0012128877332268529
67,0.0015452868567859895
67,0.0018359373687376168
67,0.002067090790206972
67,0.0022250406401963484
67,0.002303391650459694
67,0.0023027920776959687
67,0.0022273692217187756
67,0.002080973914771082
67,0.0018664253130824082
67,0.0015880871083181736
67,0.0012552403464128879
67,0.0008833730501485984
67,0.0004924327451684273
67,0.000103345009087687
67,-0.0002649988267921753
67,-0.0005969756202767771
67,-0.0008799948591626573
67,-0.0011038297897656263
67,-0.0012600610845168057
67,-0.0013416865456253476
67,-0.0013432288599623454
67,-0.0012618901880580428
67,-0.0010995428238183582
67,-0.000864220325024024
67,-0.0005696306615484209
67,-0.00023244415740549348
67,0.00013120593831474238
67,0.0005078204412146522
67,0.0008859619577159426
67,0.0012536968429585906
67,0.0015961747691574189
67,0.0018954371781986657
67,0.0021332021454762984
67,0.002295369612563506
67,0.002375387632013081
67,0.002373969345492343
67,0.0022954120998654806
67,0.002143723517573716
67,0.0019218443719323365
67,0.0016343063645750024
67,0.0012907081550624232
67,0.0009070404472682979
67,0.0005038798514042979
67,0.00010279852299255034
67,-0.00027673841276059524
67,-0.000618640602857031
67,-0.0009099471670784133
67,-0.0011401374724480304
67,-0.0013005586248192717
67,-0.0013840225193059068
67,-0.0013849148009930348
67,-0.0013003833001840126
67,-0.001132389521290123
67,-0.0008892451590929852
67,-0.000585108178256188
67,-0.0002371842662883916
67,0.00013788172138747917
67,0.0005261655576412909
67,0.0009158706851801003
67,0.0012946909892561018
67,0.0016473198584152859
67,0.0019552583565522683
67,0.002199688158336037
67,0.002366112444683153
67,0.002447819723518802
67,0.002445586999931074
67,0.0023638834252877974
67,0.0022068768936552327
67,0.0019776324580998094
67,0.0016808499165226229
67,0.0013264441312794118
67,0.0009309089476711949
67,0.0005154547874650966
67,0.00010230801660435256
67,-0.00028848598609272923
67,-0.0006403671319712794
67,-0.0009400044925423289
67,-0.0011765834586775772
67,-0.0013412152727321912
67,-0.0014265226722538684
67,-0.00142675263875269
67,-0.0013389999211488994
67,-0.0011653182932789901
67,-0.0009143004883716443
67,-0.0006005564486430874
67,-0.00024182925571763347
67,0.00014472148818349618
67,0.0005447427877675425
67,0.0009460761497281559
67,0.0013360416194653627
67,0.0016988750106482456
67,0.0020155344324479566
67,0.0022666616795136707
67,0.0024373604722441405
67,0.002520758919532479
67,0.0025176983107639346
67,0.002432819932547705
67,0.0022704516968542064
67,0.002033783190009259
67,0.001727684573172464
67,0.00136239120196824
67,0.0009549046156520102
67,0.0005270722893502355
67,0.000101777167769012
67,-0.00030035192277192313
67,-0.0006622806227340352
67,-0.0009703037214488777
67,-0.0012133107409427353
67,-0.0013821776333279956
67,-0.001469339054330089
67,-0.0014689028982400442
67,-0.0013779089187719808
67,-0.0011985018003216883
67,-0.0009395565951713825
67,-0.0006161391815406039
67,-0.000246534615097389
67,0.00015157958811914696
67,0.0005634199419958623
67,0.0009764641242425577
67,0.0013776550563163086
67,0.0017507666204381966
67,0.0020762096607194786
67,0.0023340826579227904
67,0.002509087752068168
67,0.0025941921719725815
67,0.0025903026366980706
67,0.002502234638081708
67,0.0023344779504085793
67,0.002090347498350055
67,0.0017748838357463613
67,0.001398643412296056
67,0.000979137975605773
67,0.0005388563839859299
67,0.00010134260168519432
67,-0.00031218820051827226
67,-0.0006842259098988528
67,-0.0010006893679616546
67,-0.0012501692994064091
67,-0.001423302845178906
67,-0.0015123340869883154
67,-0.0015112313077214072
67,-0.0014169802906183987
67,-0.0012318181216637624
67,-0.0009649035508816991
67,-0.0006317600962189417
67,-0.0002512176229109394
67,0.00015852447867648295
67,0.0005822483129964575
67,0.0010070651246985893
67,0.0014195395127826168
67,0.001802982524642445
67,0.0021372559692999166
67,0.0024019121339754305
67,0.0025812483024291962
67,0.002668068263218774
67,0.0026633431539926176
67,0.0025720632634860805
67,0.0023988817527180115
67,0.0021472405807468524
67,0.0018223522841108043
67,0.0014350961542531518
67,0.0010034966056962353
67,0.0005506875636816179
67,0.0001008789267533269
67,-0.00032412254209341723
67,-0.0007063268931066691
67,-0.0010312751111967006
67,-0.0012872590490306314
67,-0.0014646774265021343
67,-0.001555583421047142
67,-0.0015538045838190263
67,-0.001456271782871011
67,-0.0012653148805573731
67,-0.0009903784492589964
67,-0.0006474469446889592
67,-0.0002558984073976592
67,0.00016554325769522717
67,0.0006012238089171567
67,0.0010378861729321395
67,0.0014617140833686872
67,0.001855552267970551
67,0.002198709465878027
67,0.002470188236705117
67,0.0026538791799227955
67,0.0027424229624640056
67,0.002736856761241598
67,0.0026423470828306635
67,0.002463710865506445
67,0.0022045170240112214
67,0.0018701508722006658
67,0.001471816999304629
67,0.0010280560742284893
67,0.0005626504919712392
67,0.00010047848580046283
67,-0.0003360597768690554
67,-0.000728492236898802
67,-0.0010619788948920384
67,-0.0013245095192817972
67,-0.0015062422139437506
67,-0.0015990383607087288
67,-0.0015965845431049142
67,-0.0014957564860833853
67,-0.0012989767806899943
67,-0.0010159767525808503
67,-0.0006632042242703441
67,-0.00026058896421464803
67,0.00017261691999965047
67,0.0006203197970741478
67,0.001068891967057647
67,0.0015041343678421366
67,0.0019084235097199264
67,0.00226051295840917
67,0.0025388530484846093
67,0.0027269249298487105
67,0.0028172038657772354
67,0.0028107922946235026
67,0.0027130340266835863
67,0.0025289119234543876
67,0.0022621236942976988
67,0.0019182282608257747
67,0.0015087560254570668
67,0.001052765660003905
67,0.0005746919414995439
67,0.00010008677048864092
67,-0.0003480514486612093
67,-0.0007507656622321955
67,-0.001092833796927947
67,-0.0013619429795203657
67,-0.001548009697192906
67,-0.0016427022054174864
67,-0.0016395652710569479
67,-0.0015354197180854953
67,-0.0013327821481833473
67,-0.001041672528324003
67,-0.0006790042649481964
67,-0.00026526140706917864
67,0.00017977294302180748
67,0.0006395631860145353
67,0.0011001090256582099
67,0.0015468269542559855
67,0.0019616230890166318
67,0.002322692681608842
67,0.0026079304187276255
67,0.0028004056471952143
67,0.0028924277411173267
67,0.0028851652977533453
67,0.002784140453874798
67,0.002594502376119954
67,0.0023200777822115636
67,0.001966600376056845
67,0.0015459289948948473
67,0.0010776436882895058
67,0.0005868346846276276
67,9.973002188713416e-05
67,-0.00036007122562878194
67,-0.0007731241516015844
67,-0.0011238217063823238
67,-0.001399546280080178
67,-0.0015899717965929432
67,-0.0016865730164505653
67,-0.0016827522729306234
67,-0.0015752745380279703
67,-0.0013667500359225984
67,-0.0010674885983095904
67,-0.0006948721634823002
67,-0.0002699427150605685
67,0.00018698250268442087
67,0.0006589236353297322
67,0.001131505820850202
67,0.0015897588703361522
67,0.0020151159770253712
67,0.0023852115440622327
67,0.002677382270202629
67,0.002874283733547277
67,0.0029680582314502075
67,0.0029599405333196297
67,0.002855632253880322
67,0.0026604504575854482
67,0.0023783520641289307
67,0.0020152461342033386
67,0.0015833206257276145
67,0.0011026788753599115
67,0.0005990700886816402
67,9.940272529078301e-05
67,-0.0003721198190604683
67,-0.0007955624398377286
67,-0.0011549316261988962
67,-0.0014373036241776922
67,-0.0016321082590547587
67,-0.001730625582383878
67,-0.0017261151034950527
67,-0.0016152864398823017
67,-0.0014008445053491439
67,-0.0010933903604022218
67,-0.0007107762192882139
67,-0.0002746043716536958
67,0.00019427091453318493
67,0.0006784227872825841
67,0.0011630998215299304
67,0.0016329437478484247
67,0.002068913215345996
67,0.00244807931286302
67,0.0027472177095540576
67,0.0029485675912148263
67,0.0030441028862400587
67,0.003035124710659287
67,0.00292751513376511
67,0.002726760106833307
67,0.0024369475793669195
67,0.002064163115229726
67,0.0016209257375776852
67,0.001127864775906384
67,0.0006113914839539944
67,9.909786547464641e-05
67,-0.00038420532491362686
67,-0.0008180900306238183
67,-0.0011861741451973614
67,-0.0014752264574329234
67,-0.0016744320007541342
67,-0.0017748755497052186
67,-0.0017696730160381157
67,-0.0016554779186472306
67,-0.0014350898742179286
67,-0.0011194025779118612
67,-0.0007267412418731214
67,-0.0002792716778116582
67,0.00020161202774646425
67,0.0006980339488692057
67,0.001194864349191935
67,0.0016763549174302781
67,0.0021229873828229823
67,0.002511266921383896
67,0.0028174057682391106
67,0.0030232250104317545
67,0.003120529587614128
67,0.003110687412110552
67,0.002999762031274455
67,0.002793409246133032
67,0.0024958486566010376
67,0.0021133428976796253
67,0.0016587432035661657
67,0.0011532070749916182
67,0.00062381088796718
67,9.883349159313934e-05
67,-0.0003963041392128475
67,-0.0008406787542422046
67,-0.0012175177969179858
67,-0.0015132809474560044
67,-0.0017169071008025615
67,-0.0018192849037471396
67,-0.0018133863498523363
67,-0.0016958089830675456
67,-0.0014694476823114372
67,-0.0011454899124820291
67,-0.0007427357446642894
67,-0.0002839170300576261
67,0.0002090295563450777
67,0.0007177765472562046
67,0.0012268140292237212
67,0.0017200021771429964
67,0.0021773441964551407
67,0.002574777235679651
67,0.002887947581496438
67,0.0030982559031764246
67,0.0031973367670173757
67,0.003186624813089929
67,0.003072366035719227
67,0.002860387383874438
67,0.002555041210709834
67,0.002162768191801356
67,0.0016967530991343796
67,0.0011786837290975528
67,0.0006363045312251298
67,9.858456035258397e-05
67,-0.00040844184104058716
67,-0.000863353775685304
67,-0.0012489865919747749
67,-0.001551489814265528
67,-0.001759555437608455
67,-0.001863875301598875
67,-0.00185727688826441
67,-0.00173630148044491
67,-0.0015039395869787626
67,-0.0011716737286219057
67,-0.0007587809977502708
67,-0.00028856191929656016
67,0.00021650169839621073
67,0.0007376287659083094
67,0.0012589275381163188
67,0.0017638650658486628
67,0.0022319640565807574
67,0.0026385912103107133
67,0.002958824395837634
67,0.0031736420438401134
67,0.0032745077000108595
67,0.003262923188257613
67,0.003145317883161885
67,0.0029276906474256788
67,0.0026145270730934425
67,0.002212446535785826
67,0.0017349687196498921
67,0.0012043139425125516
67,0.0006488974646315844
67,9.838129942517913e-05
67,-0.0004205843700678544
67,-0.0008860788297017288
67,-0.0012805434257957952
67,-0.0015898159607547805
67,-0.0018023404229630241
67,-0.0019086111636844514
67,-0.0019013107307974235
67,-0.0017769239407411728
67,-0.0015385371955820744
67,-0.0011979291676859562
67,-0.0007748560026889556
67,-0.00029318952210693414
67,0.00022404072122479782
67,0.0007575978680736094
67,0.0012912066951169037
67,0.0018079396890710885
67,0.0022868374812569487
67,0.002702694436775767
67,0.0030300179176605737
67,0.0032493622274222564
67,0.003352018761606905
67,0.003339556507530489
67,0.0032185891245925663
67,0.0029952885994324473
67,0.002674274733414911
67,0.0022623463168456167
67,0.0017733589112114687
67,0.0012300671510517502
67,0.0006615598641853627
67,9.819525409737349e-05
67,-0.000432757717066259
67,-0.0009088763704257497
67,-0.0013122066671410837
67,-0.001628273741268146
67,-0.0018452728072714056
67,-0.001953500101770268
67,-0.0019454928501692315
67,-0.0018176793807043385
67,-0.001573242463788343
67,-0.001224258007748571
67,-0.0007909629292641204
67,-0.00029780253781268697
67,0.0002316435677772496
67,0.0007776807482193761
67,0.0013236487277877955
67,0.0018522240304156038
67,0.0023419635357777163
67,0.0027670871142349298
67,0.0031015292863191485
67,0.0033254183948392695
67,0.0034298729170506234
67,0.0034165293200574993
67,0.0032921864196285397
67,0.0030631901498343653
67,0.0027342951448466905
67,0.002312480387288029
67,0.001811938674550552
67,0.0012559609771046663
67,0.0006743120942460968
67,9.804886537086177e-05
67,-0.0004449386712069755
67,-0.000931723788933408
67,-0.0013439552750473482
67,-0.0016668442260018013
67,-0.0018883361758479978
67,-0.001998528664332164
67,-0.0019898131407847706
67,-0.0018585611391333202
67,-0.0016080519731466478
67,-0.0012506598382184988
67,-0.0008071044087380367
67,-0.00030240698706576524
67,0.0002393003794018667
67,0.0007978633615555048
67,0.0013562351780507724
67,0.0018966950888076434
67,0.0023973147782434894
67,0.0028317379136806606
67,0.003173324313104267
67,0.0034017747154609346
67,0.003508033751795109
67,0.00349380543405074
67,0.003366074569169503
67,0.003131362052313642
67,0.0027945580761845673
67,0.0023628223132927885
67,0.0018506855978500068
67,0.0012819768779048107
67,0.0006871394601632931
67,9.793172426336315e-05
67,-0.0004571326507405426
67,-0.0009546210370459722
67,-0.001375783796804882
67,-0.0017055170491818538
67,-0.0019315158762378054
67,-0.0020436785583425126
67,-0.0020342504913501156
67,-0.0018995464621871113
67,-0.001642942755445948
67,-0.0012771127688083193
67,-0.0008232604212938148
67,-0.00030698497911025734
67,0.0002470269358288259
67,0.0008181594379537608
67,0.0013889778146862258
67,0.001941362857000069
67,0.0024528996473021534
67,0.0028966538226411582
67,0.003245408477333689
67,0.003478435087299465
67,0.0035865036518412914
67,0.003571385918467706
67,0.0034402534780807854
67,0.003199803059988655
67,0.002855061145081264
67,0.0024133688791130566
67,0.0018895963054746138
67,0.0013081120534759287
67,0.0007000400514100372
67,9.784249708013444e-05
67,-0.00046934108810804437
67,-0.0009775702401510916
67,-0.0014076953636590183
67,-0.0017442965264721398
67,-0.001974817677197182
67,-0.0020889573734331653
67,-0.002078814564753107
67,-0.0019406470345439439
67,-0.0016779282261061978
67,-0.0013036316926886519
67,-0.000839447341582455
67,-0.00031155457876155487
67,0.0002548033007225858
67,0.0008385471559476459
67,0.0014218530256445668
67,0.0019862020468564365
67,0.002508691380699574
67,0.00296180705577898
67,0.003317753720793634
67,0.0035553720985552852
67,0.0036652567656068557
67,0.0036492473270757823
67,0.0035147029308653264
67,0.003268497009615049
67,0.0029157929213785494
67,0.002464113715284912
67,0.0019286694056562634
67,0.0013343698086184961
67,0.0007130216860802006
67,9.779350146544967e-05
67,-0.00048154722938649095
67,-0.0010005505706703571
67,-0.0014396657421935494
67,-0.00178315577522459
67,-0.0020182127143471592
67,-0.0021343348915203644
67,-0.0021234745793496323
67,-0.0019818325737953574
67,-0.0017129797995148553
67,-0.0013301907575995033
67,-0.0008556427283767576
67,-0.00031609713170317906
67,0.0002626440676159055
67,0.0008590367775882378
67,0.001454866560208204
67,0.002031213926469916
67,0.002564687013516331
67,0.0030271907855745567
67,0.003390349770504123
67,0.003632572475154184
67,0.0037442772733419644
67,0.0037273717183475812
67,0.0035894032302168947
67,0.0033374228071124095
67,0.0029767313896024617
67,0.0025150345648552895
67,0.0019678832082069943
67,0.0013607297255693077
67,0.0007260656266065001
67,9.776781219386708e-05
67,-0.0004937661384516825
67,-0.00102357513581442
67,-0.0014717060183566679
67,-0.0018221040034554679
67,-0.002061708733052573
67,-0.002179817954116331
67,-0.0021682369720053807
67,-0.002023109448969742
67,-0.0017481040097713152
67,-0.001356796909702726
67,-0.0008718542216983147
67,-0.00032062117066001985
67,0.00027053982245516634
67,0.0008796182130280608
67,0.0014880079012964877
67,0.002076387713683572
67,0.002620875582696817
67,0.003092793984124474
67,0.00346318578422906
67,0.0037100259794814894
67,0.00382355609695238
67,0.003805751790304485
67,0.003664349440960561
67,0.003406578372360274
67,0.003037877660162579
67,0.00256613590195433
67,0.0020072455976720433
67,0.0013872030600440548
67,0.0007391863502022315
67,9.778277120724274e-05
67,-0.000505978237337695
67,-0.001046622941333042
67,-0.0015037945901660292
67,-0.001861119633692552
67,-0.0021052846364389586
67,-0.0022253863622162915
67,-0.002213082953089732
67,-0.002064460899020666
67,-0.0017832867492152203
67,-0.0013834392115858894
67,-0.0008880744416246132
67,-0.0003251232049743751
67,0.000278489819282575
67,0.000900286146405433
67,0.0015212669700817507
67,0.0021217086468333438
67,0.00267723805520926
67,0.0031585940482020576
67,0.0035362364529002758
67,0.003787705459258617
67,0.0039030649813041186
67,0.0038843587985548074
67,0.0037395129128204277
67,0.003475935798356371
67,0.003099205283129681
67,0.002617393408628382
67,0.0020467349084058797
67,0.0014137711441794237
67,0.0007523684551527811
67,9.782655055590617e-05
67,-0.0005181914361876847
67,-0.0010696977529072037
67,-0.001535931151975008
67,-0.0019001987170611466
67,-0.0021489335120212665
67,-0.0022710310162470577
67,-0.0022580020210630964
67,-0.0021058758070186543
67,-0.0018185170730349557
67,-0.00141010761801152
67,-0.0009042947994267333
67,-0.0003295964034437604
67,0.0002864990819310743
67,0.0009210439028785199
67,0.0015546455376462612
67,0.002167177029322444
67,0.002733773263120573
67,0.003224588294754801
67,0.003609497618519716
67,0.0038656055332652126
67,0.003982797807346903
67,0.003963186480043982
67,0.003814887760593403
67,0.003545489944351599
67,0.003160710150404141
67,0.0026688043597426136
67,0.002086350242062631
67,0.0014404352843181427
67,0.0007656155202705338
67,9.790464115709801e-05
67,-0.0005303989959896452
67,-0.0010927922803280342
67,-0.0015681083905370948
67,-0.0019393342699149227
67,-0.0021926490068849562
67,-0.002316746542487812
67,-0.002302990167599545
67,-0.002147351882959301
67,-0.001853794692642947
67,-0.0014368040865943262
67,-0.0009205197531640143
67,-0.0003340479894257081
67,0.0002945573921108081
67,0.0009418781223899372
67,0.0015881270727733975
67,0.002212773302101222
67,0.002790459016033149
67,0.0032907525817131517
67,0.0036829440513196777
67,0.003943700741328965
67,0.004062729597702377
67,0.004042210932533087
67,0.0038904517594205556
67,0.0036152209467058666
67,0.003222375430849258
67,0.002720355430551414
67,0.0021260819715944517
67,0.0014671895753581433
67,0.0007789254233042365
67,9.801887663673332e-05
67,-0.0005425949819354312
67,-0.0011158965887417072
67,-0.0016003128079159629
67,-0.00197850990336659
67,-0.002236412586469284
67,-0.002362513013773905
67,-0.002348026885318301
67,-0.002188868960317872
67,-0.0018891007456272695
67,-0.0014635119017640274
67,-0.0009367353276831811
67,-0.00033846707378038226
67,0.00030267236428184485
67,0.0009627930450036184
67,0.0016217124284508872
67,0.002258495011402053
67,0.0028472896956895305
67,0.0033570783098567144
67,0.0037565644463134367
67,0.004021977521731605
67,0.004142845159526572
67,0.004121416013851188
67,0.003966188405761264
67,0.0036851123978223514
67,0.003284185254409636
67,0.002772031853613228
67,0.002165917103221252
67,0.0014940233622588082
67,0.0007922900734518624
67,9.816357732475719e-05
67,-0.000554783011225842
67,-0.0011390125602604281
67,-0.0016325447996707334
67,-0.002017724799406517
67,-0.002280222623092379
67,-0.002408328509801716
67,-0.002393110474747701
67,-0.0022304259794155967
67,-0.0019244351520529212
67,-0.0014902322995995784
67,-0.0009529444284481026
67,-0.0003428585246543067
67,0.0003108370250955202
67,0.0009837795990264046
67,0.00165539051176962
67,0.002304329150874169
67,0.0029042505826407574
67,0.0034235494272595837
67,0.0038303419805820636
67,0.004100418925526728
67,0.0042231280440244235
67,0.004200786358855769
67,0.004042083999467975
67,0.00375515285680598
67,0.003346130974403886
67,0.0028238281412265617
67,0.002205853467473996
67,0.0015209378265113108
67,0.0008057140032109281
67,9.83465795371363e-05
67,-0.0005669521509511157
67,-0.001162126606807748
67,-0.0016647887363535896
67,-0.002056961931439699
67,-0.002324061285092836
67,-0.0024541749782223455
67,-0.0024382233408751243
67,-0.0022720066030708064
67,-0.001959783654951683
67,-0.001516953791648209
67,-0.0009691388100833747
67,-0.00034721764820311437
67,0.00031905228304836774
67,0.0010048347303858282
67,0.0016891542559993116
67,0.002350264788827959
67,0.002961327226212879
67,0.0034901484595628637
67,0.0039042567559219345
67,0.004179003303283152
67,0.004303555553375139
67,0.004280298900078163
67,0.004118115724716158
67,0.0038253203394866386
67,0.0034081920269240446
67,0.0028757257682499576
67,0.002245875165639467
67,0.0015479201356775822
67,0.0008191876633683666
67,9.856164428612027e-05
67,-0.0005791054018592091
67,-0.0011852386243713696
67,-0.00169704165877789
67,-0.0020962159214695697
67,-0.0023679213911475916
67,-0.002500044135072057
67,-0.0024833567782555246
67,-0.002313602323447136
67,-0.0019951385224278822
67,-0.001543669980841226
67,-0.000985313910610944
67,-0.0003515420725391256
67,0.00032731816309660236
67,0.0010259561175070659
67,0.001722999051341306
67,0.0023962950814783598
67,0.0030185106277044673
67,0.0035568644420892383
67,0.003978296207570071
67,0.00425771703410789
67,0.004384113667062883
67,0.00435993989181445
67,0.004194270730256487
67,0.0038956034305048883
67,0.003470358907302375
67,0.00292771756109762
67,0.0022859777092814463
67,0.0015749687300869381
67,0.000832712489638589
67,9.881303985502304e-05
67,-0.0005912360437950656
67,-0.0012083399499218915
67,-0.0017292934840023324
67,-0.0021354757446294206
67,-0.002411791434727724
67,-0.0025459245040511617
67,-0.002528499943130742
67,-0.002355203591218036
67,-0.0020304921390244357
67,-0.001570375723463586
67,-0.0010014674636855128
67,-0.00035583270163452104
67,0.0003356303807543552
67,0.0010471359698400306
67,0.0017569136011740159
67,0.0024424054044154242
67,0.0030757832212604677
67,0.003623677444891677
67,0.00405243874077736
67,0.004336537583011463
67,0.004464779587293987
67,0.004439686896212834
67,0.0042705275493111
67,0.003965982267129178
67,0.0035326139869223533
67,0.002979788678837965
67,0.0023261494563783427
67,0.0016020754261365398
67,0.0008462839048201264
67,9.909986418080315e-05
67,-0.0006033413393096188
67,-0.0012314244145694596
67,-0.001761535035233925
67,-0.0021747298232866505
67,-0.0024556581433053835
67,-0.002591801851863388
67,-0.0025736383838503222
67,-0.0023967964924427035
67,-0.0020658318785181772
67,-0.0015970603627518168
67,-0.001017591322180973
67,-0.0003600842581228987
67,0.0003439911497720697
67,0.0010683733651168804
67,0.0017908938546114589
67,0.0024885886467360336
67,0.003133134975946404
67,0.0036905747679534537
67,0.004126669401217427
67,0.004415448341628748
67,0.0045455357847908285
67,0.004519522213962177
67,0.004346868977654001
67,0.004036440699299899
67,0.0035949426828437523
67,0.0030319266319757355
67,0.0023663805246322738
67,0.0016292333323237214
67,0.0008598981392502382
67,9.942132327506441e-05
67,-0.0006154194379182021
67,-0.0012544879130040095
67,-0.0017937603390326465
67,-0.002213970726281592
67,-0.0024995131165599853
67,-0.0026376673888068142
67,-0.002618763551564376
67,-0.0024383733435072775
67,-0.0021011515059896567
67,-0.0016237196397389814
67,-0.001033683652869928
67,-0.00036429767164615435
67,0.0003523965777921786
67,0.0010896613771523142
67,0.0018249298851800815
67,0.0025348320228235238
67,0.0031905505353111057
67,0.003757538950078239
67,0.004200969237799683
67,0.004494429549261969
67,0.004626362356824079
67,0.004599426433880354
67,0.00442327672178934
67,0.004106962185788179
67,0.0036573308101598284
67,0.0030841200921226035
67,0.002406662793937769
67,0.0016564377552436957
67,0.0008735540458045238
67,9.977982900908169e-05
67,-0.0006274645186878577
67,-0.0012775215702294847
67,-0.0018259579994787598
67,-0.002253185166328337
67,-0.002543341833897678
67,-0.002683506040896219
67,-0.0026638605523751644
67,-0.0024799202211752648
67,-0.002136438852724861
67,-0.0016503438166046143
67,-0.0010497376500470477
67,-0.00036846939813296557
67,0.0003608467443406004
67,0.001110996515334525
67,0.0018590146318104516
67,0.002581125026683711
67,0.0032480162096869365
67,0.0038245535197032766
67,0.00427531954524428
67,0.004573460947365544
67,0.004707238246467212
67,0.004679378444442156
67,0.004499730287567469
67,0.004177527452557009
67,0.003719760895293834
67,0.0031363539687684298
67,0.002446984091230794
67,0.0016836798191029807
67,0.0008872461913120012
67,0.00010017331238331838
67,-0.0006394755091510773
67,-0.00130052147237298
67,-0.0018581216352534175
67,-0.002292364775266422
67,-0.002587134535784459
67,-0.0027293073277621545
67,-0.002708918872346619
67,-0.002521427245325915
67,-0.002171685311501689
67,-0.0016769261594103892
67,-0.0010657489737378265
67,-0.00037259787348913954
67,0.000369340224676701
67,0.001132374296199637
67,0.0018931405745070103
67,0.0026274571986683918
67,0.0033055188073468898
67,0.003891602921339146
67,0.004349702944096569
67,0.004652523998650998
67,0.00478814447697812
67,0.004759359538347281
67,0.0045762119091517246
67,0.004248120305983251
67,0.0037822188977390766
67,0.0031886168815748305
67,0.002487336101402537
67,0.001710954553961219
67,0.0009009730806802555
67,0.00010060370269504495
67,-0.0006514473001283058
67,-0.001323479741826141
67,-0.0018902411168969075
67,-0.0023314977369956543
67,-0.00263087831782023
67,-0.0027750579097734103
67,-0.0027539254631545693
67,-0.0025628824342040996
67,-0.0022068807177320904
67,-0.0017034589615260234
67,-0.001081712857336957
67,-0.00037668159851725433
67,0.00037787504764009473
67,0.0011537891824143684
67,0.001927298630405104
67,0.0026738160690954315
67,0.0033630427852158013
67,0.00395866901019464
67,0.00442409930043321
67,0.004731597287593945
67,0.0048690590883435055
67,0.004839347923029684
67,0.00465270063019081
67,0.00431872126597578
67,0.0038446874384548842
67,0.0032408941407847842
67,0.002527707316323108
67,0.0017382539651717246
67,0.0009147303744786924
67,0.00010107028182745415
67,-0.0006633771684042378
67,-0.0013463905272742553
67,-0.0019223079136664295
67,-0.0023705734155555196
67,-0.002674561103123323
67,-0.002820744979419669
67,-0.0027988675137663077
67,-0.0026042737041005494
67,-0.002242014431541635
67,-0.001729933687510332
67,-0.001097623415882204
67,-0.0003807177245522652
67,0.00038645080470308465
67,0.0011752374187192333
67,0.001961481702110329
67,0.0027201912912943288
67,0.0034205747589425564
67,0.00402573573600689
67,0.004498490447795915
67,0.004810661230473096
67,0.00494996185529406
67,0.004919323499778672
67,0.0047291771845391715
67,0.004389312536118093
67,0.003907150778785089
67,0.0032931726108976385
67,0.002568087674955261
67,0.0017655714012771396
67,0.000928514970263403
67,0.00010157341951300158
67,-0.0006752615345391394
67,-0.0013692474284972144
67,-0.001954313271272659
67,-0.002409581231202687
67,-0.0027181710851082188
67,-0.0028663561785804374
67,-0.002843732852253513
67,-0.0026455898301788613
67,-0.0022770769039791292
67,-0.0017563431048328874
67,-0.0011134762433976106
67,-0.000384705032953564
67,0.0003950653117868125
67,0.0011967133317377847
67,0.001995680656583178
67,0.002766570423928138
67,0.0034780992745375335
67,0.004092785090830297
67,0.0045728564341299795
67,0.0048896946408151865
67,0.005030831097650008
67,0.004999264816455886
67,0.0048056210381563335
67,0.004459875167511285
67,0.00396959219569918
67,0.0033454383758716533
67,0.0026084665391021148
67,0.0017928998209801842
67,0.0009423235719118055
67,0.00010211353904106474
67,-0.0006870964546269758
67,-0.0013920433463967224
67,-0.0019862474447790205
67,-0.0024485094061967127
67,-0.002761695129367808
67,-0.002911877733903678
67,-0.0028885078213651528
67,-0.0026868180520445368
67,-0.002312057036516218
67,-0.001782678459551401
67,-0.0011292654699723236
67,-0.00038864090891806396
67,0.0004037177108592757
67,0.0012182124946665065
67,0.0020298875053702896
67,0.0028129420342022002
67,0.003535601708996207
67,0.004159799681045932
67,0.004647177687968343
67,0.004968676501798024
67,0.005111645151336764
67,0.005079150342593292
67,0.004882011509619204
67,0.004530389980542707
67,0.004031994627738884
67,0.003397677075152163
67,0.002648832752666877
67,0.00182023162212143
67,0.0009561522700786897
67,0.00010269034912921025
67,-0.0006988788468445901
67,-0.0014147721905371276
67,-0.0020181017931961975
67,-0.002487347297703964
67,-0.0028051212283144986
67,-0.0029572969822836137
67,-0.002933179855868083
67,-0.0027279466671422973
67,-0.0023469447282473844
67,-0.0018089319204636078
67,-0.0011449860826983006
67,-0.00039252355109993097
67,0.0004124063599132725
67,0.0012397297294960649
67,0.002064093555070477
67,0.0028592940458339925
67,0.0035930668744062937
67,0.00422676164628053
67,0.004721434281826776
67,0.005047585545034194
67,0.005192382183340251
67,0.005158958445467744
67,0.0049583278918916476
67,0.004600837878961124
67,0.004094341233656988
67,0.003449874704733908
67,0.0026891756295457986
67,0.0018475597728417632
67,0.0009699978460164206
67,0.00010330440823840123
67,-0.0007106046035255694
67,-0.0014374266996849783
67,-0.0020498664247355514
67,-0.002526082993255168
67,-0.0028484361208575247
67,-0.003002600042372997
67,-0.002977735236024392
67,-0.0027689629290705993
67,-0.0023817289928339327
67,-0.001835094952434222
67,-0.0011606325379127855
67,-0.0003963507788653911
67,0.0004211298577260883
67,0.0012612599604424843
67,0.0020982900743932976
67,0.002905614210186284
67,0.003650479286136431
67,0.004293652715093175
67,0.004795605776065739
67,0.005126399910594991
67,0.005273019715277764
67,0.00523866680926471
67,0.005034548756186916
67,0.004671198997621658
67,0.004156614360378602
67,0.0035020164325952445
67,0.002729483673710096
67,0.0018748764635727517
67,0.0009838563187053676
67,0.00010395550079797891
67,-0.000722270408479249
67,-0.0014600003955196495
67,-0.002081532184954482
67,-0.002564705251537667
67,-0.0028916271522319206
67,-0.003047773579185139
67,-0.003022160717197058
67,-0.0028098544691737134
67,-0.0024163991046639993
67,-0.0018611591701278405
67,-0.0011761993607243282
67,-0.0004001204326226753
67,0.0004298868101357422
67,0.0012827981394796253
67,0.002132468373362329
67,0.0029518903213660995
67,0.0037078234923746908
67,0.004360454634872887
67,0.004869671738710965
67,0.0052050977419416476
67,0.005353535280045182
67,0.0053182531577241135
67,0.0051106527671856364
67,0.004741453638326225
67,0.004218796597184595
67,0.00355408772971009
67,0.0027697457378436166
67,0.0019021742815518551
67,0.0009977241706379566
67,0.00010464395546691595
67,-0.0007338723304432702
67,-0.0014824861446817612
67,-0.0021130892554043277
67,-0.002603202173933062
67,-0.0029346810228783856
67,-0.003092803639744264
67,-0.0030664424966551497
67,-0.002850608463140526
67,-0.002450944016254489
67,-0.0018871160072092884
67,-0.0011916810242541362
67,-0.0004038304151142047
67,0.0004386756544076658
67,0.0013043389496633995
67,0.0021666194047081436
67,0.002998109746337855
67,0.0037650835627822733
67,0.004427148636582692
67,0.004943611192364237
67,0.005283656613568622
67,0.005433905818983432
67,0.0053976945970740835
67,0.005186617943908077
67,0.004811581437080979
67,0.004280869870351953
67,0.003606073437975734
67,0.002809950103465157
67,0.0019294453070180899
67,0.0010115974350810189
67,0.00010536970584912124
67,-0.0007454067714219284
67,-0.0015048770744467642
67,-0.002144528005848641
67,-0.0026415619922987073
67,-0.0029775845234756896
67,-0.003137676326932332
67,-0.003110566784776926
67,-0.002891212045846177
67,-0.002485352585521281
67,-0.0019129567642027084
67,-0.0012070718512974424
67,-0.00040747847729519834
67,0.00044749497340985836
67,0.0013258772068060363
67,0.002200734229609548
67,0.0030442599226167587
67,0.0038222435913300426
67,0.0044937159307165755
67,0.005017403105317576
67,0.005362054030024092
67,0.005514108210429833
67,0.005476968199544503
67,0.005262422315341741
67,0.004881562086801259
67,0.0043428162019980825
67,0.0036579585228311506
67,0.0028500851980190786
67,0.0019566817911283044
67,0.0010254723442902447
67,0.00010613290731719847
67,-0.0007568699020555368
67,-0.0015271660821568305
67,-0.0021758385783934193
67,-0.0026797727072537633
67,-0.0030203242089157905
67,-0.003182377515286053
67,-0.003154519592988378
67,-0.002931652203900153
67,-0.0025196135850092025
67,-0.0019386727225557386
67,-0.0012223662133175888
67,-0.00041106249121583387
67,0.0004563431509760626
67,0.0013474074500803455
67,0.002234803563852446
67,0.003090327887037036
67,0.00387928722825237
67,0.004560137249022452
67,0.005091025936253626
67,0.0054402669572024285
67,0.005594118767113521
67,0.0055560504508792305
67,0.005338043316352339
67,0.004951374699234609
67,0.004404617070074418
67,0.0037097274639152234
67,0.002890139036175389
67,0.001983875654669236
67,0.0010393448913395948
67,0.00010693357699061374
67,-0.0007682579248725824
67,-0.0015493459970154938
67,-0.0022070109660029934
67,-0.0027178221131256377
67,-0.0030628863897247086
67,-0.0032268928080254077
67,-0.0031982866422370264
67,-0.002971915625135474
67,-0.002553715495559391
67,-0.0019642548942446457
67,-0.001237558243332566
67,-0.0004145801222693071
67,0.00046521874857524865
67,0.0013689243673755676
67,0.00226881823839072
67,0.0031363007515327673
67,0.003936198154958453
67,0.004626393312735687
67,0.005164458101181918
67,0.005518272301173222
67,0.005673913740097219
67,0.005634917782946638
67,0.0054134583372722565
67,0.005020998347509187
67,0.004466253917364596
67,0.003761364711210137
67,0.002930099612864748
67,0.002011018809191856
67,0.0010532110633092507
67,0.0001077717171966482
67,-0.0007795670745434531
67,-0.0015714096969585679
67,-0.0022380352191526147
67,-0.0027556980634112936
67,-0.003105257436401809
67,-0.0032712078736119024
67,-0.0032418537290300753
67,-0.003011989086002421
67,-0.002587646901765312
67,-0.001989694415411058
67,-0.0012526422290297275
67,-0.0004180292334676597
67,0.00047412007697175543
67,0.0013904223384025968
67,0.0023027687203732083
67,0.003182165215453339
67,0.003992959601562785
67,0.0046924643640038856
67,0.005237677518618318
67,0.005596046459804375
67,0.005753468870747849
67,0.005713546130915549
67,0.005488644304409633
67,0.005090411693305267
67,0.004527707841959321
67,0.003812854443734788
67,0.002969954730105989
67,0.0020381030592396313
67,0.001067066838592168
67,0.0001086474304469755
67,-0.0007907933764019962
67,-0.001593349754051922
67,-0.002268901006271187
67,-0.0027933879740258656
67,-0.003147423244204199
67,-0.003315307885178696
67,-0.003285206154839055
67,-0.0030518588905290903
67,-0.0026213959578848763
67,-0.002014982045973145
67,-0.0012676121400869923
67,-0.0004214074273661166
67,0.000483045651737696
67,0.001411895893430683
67,0.0023366455736680823
67,0.0032279080198383808
67,0.004049554782273386
67,0.004758330570211828
67,0.0053106619772978324
67,0.005673565655817262
67,0.005832759691177614
67,0.0057919111939989795
67,0.005563577883989509
67,0.005159593116687246
67,0.004588959647229942
67,0.0038641805471480517
67,0.003009691911575852
67,0.0020651199509606347
67,0.001080907952095551
67,0.00010956058245464363
67,-0.0008019330892980147
67,-0.0016151589673179892
67,-0.0022995982109603468
67,-0.0028308794622581564
67,-0.003189369897423083
67,-0.0033591781939004643
67,-0.0033283293871859687
67,-0.0030915114956055235
67,-0.0026549509608036347
67,-0.0020401086871212623
67,-0.0012824620978879975
67,-0.0004247124785520987
67,0.0004919937902962255
67,0.0014333393357128515
67,0.002370439105433662
67,0.0032735156217429807
67,0.004105966607511362
67,0.004823971786666965
67,0.005383388957545
67,0.005750805817218971
67,0.005911761461790954
67,0.0058699884338992755
67,0.005638235551863106
67,0.005228520865232978
67,0.004649990066326664
67,0.003915326897551957
67,0.003049298730007347
67,0.002092061140975983
67,0.0010947303174232874
67,0.00011051129004335716
67,-0.0008129821528483327
67,-0.0016368297608931695
67,-0.002330116301664345
67,-0.0028681597040600727
67,-0.0032310830262140206
67,-0.003402803699835133
67,-0.00337120846472799
67,-0.003130932970879937
67,-0.002688299876418273
67,-0.0020650649732128438
67,-0.001297186024714801
67,-0.0004279420331422018
67,0.0005009628647682645
67,0.00145474694797463
67,0.002404139528495079
67,0.0033189743127677415
67,0.004162177753017317
67,0.004889367566613694
67,0.005455835575133736
67,0.0058277424547364
67,0.005990448985851511
67,0.005947752827864156
67,0.0057125932830264375
67,0.005297172680733809
67,0.0047107793365951545
67,0.003966276902873234
67,0.0030887623329396755
67,0.0021189179118803066
67,0.0011085295264429797
67,0.00011149939930116455
67,-0.0008239367260866202
67,-0.001658354725566215
67,-0.002360444861683959
67,-0.00290521594366006
67,-0.003272548289896859
67,-0.0034461692995831497
67,-0.003413828394786049
67,-0.0031701093323312263
67,-0.002721430603855469
67,-0.0020898414712094116
67,-0.0013117777865169072
67,-0.0004310936989025153
67,0.0005099512656451655
67,0.0014761130109475161
67,0.0024377370320738494
67,0.0033642703381824707
67,0.0042181708271313515
67,0.004954497380317892
67,0.00552797885521893
67,0.005904350989166671
67,0.006068796985053517
67,0.006025179286827413
67,0.005786627007294936
67,0.005365526284952304
67,0.0047713077020327
67,0.004017014004354058
67,0.0031280699285508263
67,0.002145681636556856
67,0.001122301293019487
67,0.00011252490849039784
67,-0.0008347927920154794
67,-0.0016797262610765123
67,-0.002390573276292376
67,-0.0029420352266005924
67,-0.0033137511550030635
67,-0.0034892597118540113
67,-0.003456174033041705
67,-0.0032090264817301014
67,-0.0027543309738188963
67,-0.0021144287305785037
67,-0.0013262312865582162
67,-0.00043416518024889917
67,0.0005189572227722272
67,0.0014974315784804866
67,0.0024712215141770018
67,0.003409389593106992
67,0.004273928036247837
67,0.005019340252252275
67,0.005599795342376128
67,0.005980606336673952
67,0.0061467796648281
67,0.006102242207464896
67,0.005860312156491104
67,0.005433558932301683
67,0.004831554983815922
67,0.004067521277190251
67,0.003167208425043381
67,0.0021723434600179883
67,0.0011360411789373304
67,0.00011358774191026419
67,-0.0008455463290547766
67,-0.001700936687442328
67,-0.0024204907842358078
67,-0.002978604397052242
67,-0.0033546768447493265
67,-0.0035320593821149744
67,-0.0034982299433836983
67,-0.0032476700226173874
67,-0.0027869885257123172
67,-0.0021388170296378624
67,-0.0013405401875631977
67,-0.0004371539776865681
67,0.0005279791309315329
67,0.0015186968292173284
67,0.0025045829555733487
67,0.003454318010815188
67,0.004329431578647729
67,0.005083875153715192
67,0.005671261488094899
67,0.006056483288973797
67,0.006224371084574088
67,0.006178915827241579
67,0.005933623995888577
67,0.005501247707617605
67,0.00489150083540348
67,0.004117781637382627
67,0.003206164587374742
67,0.00219889440544107
67,0.0011497446468474578
67,0.00011468774468354772
67,-0.000856193379146162
67,-0.0017219783756692551
67,-0.002450186664101298
67,-0.003014910329272115
67,-0.003395310606026627
67,-0.003574552778810705
67,-0.0035399807189690873
67,-0.003286025601070281
67,-0.0028193908612283323
67,-0.002162996734877222
67,-0.0013546982721911655
67,-0.0004400577485015141
67,0.0005370151880201643
67,0.0015399027042291786
67,0.0025378110611221577
67,0.0034990412154762827
67,0.004384663317780731
67,0.00514808070426046
67,0.005742353384209935
67,0.006131956278860887
67,0.006301544954384667
67,0.006255174054107208
67,0.006006537492586355
67,0.005568569440286817
67,0.004951124706620255
67,0.00416777785495002
67,0.0032449250957932514
67,0.0022253254758683692
67,0.0011634072072854824
67,0.00011582487956493352
67,-0.000866729799649441
67,-0.0017428434537388941
67,-0.002479649905583591
67,-0.0030509395764052637
67,-0.0034356373452071043
67,-0.0036167240225725293
67,-0.0035814106103185376
67,-0.0033240785387586816
67,-0.002851525288329781
67,-0.002186957960016657
67,-0.0013686991187235136
67,-0.0004428739990800498
67,0.0005460636857376621
67,0.0015610431786593558
67,0.0025708955082629067
67,0.0035435447414697467
67,0.0044396049653697926
67,0.005211935312806
67,0.0058130468600324624
67,0.006206999435683533
67,0.006378274652685085
67,0.006330990447627783
67,0.006079027257637978
67,0.005635500603934925
67,0.005010405700944161
67,0.004217492373822792
67,0.0032834763349677636
67,0.0022516274157324007
67,0.001177024150814079
67,0.00011699892692279535
67,-0.0008771515934754683
67,-0.001763524157826244
67,-0.0025088695691067708
67,-0.003086678727369229
67,-0.0034756419750913664
67,-0.0036585572185058586
67,-0.0036225038381953317
67,-0.00336181412124319
67,-0.0028833790812609777
67,-0.0022106907970328203
67,-0.0013825363045582508
67,-0.0004456002619028527
67,0.0005551228601402168
67,0.0015821121425107422
67,0.0026038258612012533
67,0.0035878139842645193
67,0.004494238072365383
67,0.00527541721083975
67,0.00588331755676635
67,0.006281586696346429
67,0.006454533368096645
67,0.006406338388199266
67,0.006151067742130317
67,0.0057020175392149906
67,0.005069322821664643
67,0.004266907574423265
67,0.003321804666160758
67,0.0022777909900999318
67,0.0011905908359782337
67,0.00011820978239002449
67,-0.0008874546062739518
67,-0.0017840125343492265
67,-0.0025378345036644015
67,-0.0031221141478993747
67,-0.003515309182480677
67,-0.003700036252158337
67,-0.0036632444206014057
67,-0.0033992174587624997
67,-0.0029149393756066617
67,-0.0022341852426786576
67,-0.0013962033600873976
67,-0.0004482340746083392
67,0.0005641908865293364
67,0.0016031033672782918
67,0.00263659150773831
67,0.003631834106963161
67,0.004548543905284129
67,0.005338504299623996
67,0.005953140748741063
67,0.006355691605769234
67,0.006530293884514912
67,0.006481190850356207
67,0.006222633000573271
67,0.005768096209551523
67,0.005127854724667055
67,0.004316005529833081
67,0.003359896191465316
67,0.002303806757577887
67,0.001204102469032643
67,0.00011945724376283208
67,-0.0008976347268226182
67,-0.0018043006189296293
67,-0.0025665334971284896
67,-0.0031572320992119328
67,-0.003554623515323622
67,-0.0037411448453897184
67,-0.003703616196401566
67,-0.003436273476919841
67,-0.002946193127938152
67,-0.002257431131909982
67,-0.001409693681161184
67,-0.0004507728741842967
67,0.0005732660037839354
67,0.0016240106497715776
67,0.0026691818222609907
67,0.003675590220647537
67,0.004602503641357847
67,0.005401174356953715
67,0.00602249155765943
67,0.006429287534034237
67,0.006605528797200893
67,0.006555520615050677
67,0.006293696897045159
67,0.005833712397787959
67,0.00518597990075359
67,0.004364768169174294
67,0.0033977368963123067
67,0.002329665193282584
67,0.0012175542094497664
67,0.00012074109820667928
67,-0.0009076878228178951
67,-0.0018243804005561655
67,-0.002594955271151311
67,-0.0031920187622968277
67,-0.0035935694335776673
67,-0.0037818666321166607
67,-0.003743602925547314
67,-0.00347296704028409
67,-0.0029771272592585656
67,-0.0022804182955783966
67,-0.001423000695809835
67,-0.0004532141700266791
67,0.0005823463355245368
67,0.0016448276280318092
67,0.002701585978282772
67,0.0037190671965387136
67,0.004656098183584025
67,0.005463404858324311
67,0.00609134478295268
67,0.006502347518337092
67,0.006680210367730316
67,0.006629300138537286
67,0.006364232989628395
67,0.005898841609135833
67,0.0052436766006408305
67,0.004413177226768615
67,0.0034353126220646544
67,0.0023553566820904174
67,0.0012309411817127264
67,0.00012206115332431236
67,-0.0009176096877663207
67,-0.0018442437448867779
67,-0.0026230883825919577
67,-0.003226460121429041
67,-0.00363213117840372
67,-0.0038221850147879786
67,-0.00378318813333664
67,-0.0035092827859155924
67,-0.003007728481264684
67,-0.0023031363839804324
67,-0.0014361176887676794
67,-0.000455555371288121
67,0.0005914300589559627
67,0.001665547944737287
67,0.0027337931036728502
67,0.003762249809871591
67,0.0047093082904773355
67,0.00552517309046093
67,0.006159674997780847
67,0.006574844341192812
67,0.006754310584925479
67,0.006702501596274786
67,0.006434214556216646
67,0.005963459076592369
67,0.005300922817861987
67,0.004461214202280003
67,0.0034726090054817446
67,0.0023808714404067594
67,0.0012442583810543082
67,0.00012341712663335638
67,-0.0009273961680128222
67,-0.0018638825357066141
67,-0.002650921374782165
67,-0.0032605421201320197
67,-0.003670292929484913
67,-0.003862083321916762
67,-0.0038223552676872464
67,-0.0035452052788747268
67,-0.003037983447277227
67,-0.0023255750102961093
67,-0.0014490379356165122
67,-0.0004577939108933917
67,0.000600515292063334
67,0.0016861651477100845
67,0.0027657921972422056
67,0.0038051226750016546
67,0.004762114531028275
67,0.005586456126254751
67,0.006227456542913462
67,0.006646750541308617
67,0.0068278011906230006
67,0.006775096922428272
67,0.006503614648036236
67,0.006027539829550912
67,0.005357696372864037
67,0.004508860459034136
67,0.004398584424157038
