  0.000,0.0
  1.000,0.010595607223304163
  0.000,0.010595607223304163
 8.3330E-05,0.01281545505361978
 1.6666E-04,0.015068856824140638
 2.4999E-04,0.01646818406836966
 3.3332E-04,0.01897771975298043
 4.1665E-04,0.019485842352471795
 4.9998E-04,0.0204689239844802
 5.8331E-04,0.021627184828995772
 6.6664E-04,0.021008405533496435
 7.4997E-04,0.02039757034466086
 8.3330E-04,0.020176142313070678
 9.1663E-04,0.018474699184891568
 9.9996E-04,0.016526192747707114
 1.0833E-03,0.01517919294790349
 1.1666E-03,0.012908244383370326
 1.2500E-03,0.010286586358477788
 1.3333E-03,0.008546067698168893
 1.4166E-03,0.0064387244953392365
 1.4999E-03,0.00408398784105324
 1.5833E-03,0.0027551991956921325
 1.6666E-03,0.0015835949661138224
 1.7499E-03,0.0002843700489669986
 1.8333E-03,-6.29927297465967e-06
 1.9166E-03,0.00022245575186733758
 1.9999E-03,0.0003455548213858145
 2.0833E-03,0.0013042711596597519
 2.1666E-03,0.002872165969966637
 2.2499E-03,0.004273530334496
 2.3332E-03,0.006153642030460757
 2.4166E-03,0.008526724689773701
 2.4999E-03,0.010579675001576383
 2.5832E-03,0.012672514199629467
 2.6666E-03,0.015020408067995695
 2.7499E-03,0.016867568511981512
 2.8332E-03,0.018366859461909312
 2.9165E-03,0.0198586057713657
 2.9999E-03,0.020758062242059977
 3.0832E-03,0.02105660230275749
 3.1665E-03,0.02118835552374683
 3.2499E-03,0.02077769508450109
 3.3332E-03,0.019718617638583444
 3.4165E-03,0.01849206394081392
 3.4999E-03,0.016924928678013654
 3.5832E-03,0.01486964970421165
 3.6665E-03,0.012784447028398208
 3.7499E-03,0.010674614236772675
 3.8332E-03,0.008363244257827926
 3.9165E-03,0.006235979533011249
 3.9998E-03,0.004411821744451764
 4.0832E-03,0.002691334153969283
 4.1665E-03,0.0013424814665471026
 4.2498E-03,0.0005278410891582042
 4.3332E-03,3.0559675048184225e-05
 4.4165E-03,-2.8708321280089728e-05
 4.4998E-03,0.0005064970265935707
 4.5832E-03,0.0014045286003915936
 4.6665E-03,0.002646485402629907
 4.7498E-03,0.004351292717540863
 4.8331E-03,0.006292063823795755
 4.9165E-03,0.008344422247338935
 4.9998E-03,0.010586237198007843
 5.0831E-03,0.012826979571406744
 5.1665E-03,0.014887473539488242
 5.2498E-03,0.016824510513074407
 5.3331E-03,0.01851411456559175
 5.4165E-03,0.019779919946217323
 5.4998E-03,0.020681678194501833
 5.5831E-03,0.021184386027769696
 5.6664E-03,0.02115891768755088
 5.7498E-03,0.020684758440663923
 5.8331E-03,0.019819665975873667
 5.9164E-03,0.018501537835549777
 5.9998E-03,0.016831209234970806
 6.0831E-03,0.014938571066313676
 6.1664E-03,0.012823025292198805
 6.2498E-03,0.010589307607386291
 6.3331E-03,0.008400798801658959
 6.4164E-03,0.006291503901045548
 6.4997E-03,0.004341303651074625
 6.5831E-03,0.002701061052748293
 6.6664E-03,0.0014033940531274335
 6.7497E-03,0.000475914653075936
 6.8331E-03,1.7210372388036673e-05
 6.9164E-03,2.9373023258224317e-05
 6.9997E-03,0.0004731977300570662
 7.0831E-03,0.0013752101584525336
 7.1664E-03,0.002695691984057369
 7.2497E-03,0.004335223022857559
 7.3330E-03,0.006254196787506815
 7.4164E-03,0.008381557234168438
 7.4997E-03,0.010585176455230421
 7.5830E-03,0.012787053743171321
 7.6664E-03,0.014912314609180478
 7.7497E-03,0.016835157887715304
 7.8330E-03,0.018477724596697206
 7.9163E-03,0.0197936489530293
 7.9997E-03,0.020700570329974657
 8.0830E-03,0.021155301619742124
 8.1663E-03,0.021163463816637154
 8.2497E-03,0.020708433998911365
 8.3330E-03,0.01979950680698257
 8.4163E-03,0.018499160670281192
 8.4997E-03,0.01685605382815412
 8.5830E-03,0.01492731888929157
 8.6663E-03,0.012815612571645003
 8.7496E-03,0.010612083927066154
 8.8330E-03,0.008397065098969956
 8.9163E-03,0.006280579237827176
 8.9996E-03,0.004359506734384807
 9.0830E-03,0.00270264221770738
 9.1663E-03,0.0013903587710698238
 9.2496E-03,0.00048797128653998154
 9.3330E-03,2.1899458677460842e-05
 9.4163E-03,1.554213102305437e-05
 9.4996E-03,0.00047878060538005863
 9.5829E-03,0.0013812489537395683
 9.6663E-03,0.002682428559986145
 9.7496E-03,0.004335204426962611
 9.8329E-03,0.006260506707226436
 9.9163E-03,0.008370278143627119
 9.9996E-03,0.010581240019798654
 1.0083E-02,0.012793265174591019
 1.0166E-02,0.014904232092833383
 1.0250E-02,0.016829337615771846
 1.0333E-02,0.018483868987768385
 1.0416E-02,0.019789514516641946
 1.0500E-02,0.02069470903456929
 1.0583E-02,0.021161429106767847
 1.0666E-02,0.02116336629636046
 1.0750E-02,0.020703732204501814
 1.0833E-02,0.019805429413893173
 1.0916E-02,0.018502418640788287
 1.1000E-02,0.016852913331044238
 1.1083E-02,0.01493249909537237
 1.1166E-02,0.012820917602069
 1.1250E-02,0.010610199347501322
 1.1333E-02,0.008400738786619667
 1.1416E-02,0.006286339319563265
 1.1500E-02,0.0043581619133610085
 1.1583E-02,0.002704121540796874
 1.1666E-02,0.0013951203608488973
 1.1750E-02,0.0004864561207139481
 1.1833E-02,2.0882064625652548e-05
 1.1916E-02,1.8389830870096414e-05
 1.2000E-02,0.0004767388084940395
 1.2083E-02,0.0013780202447325578
 1.2166E-02,0.0026832033252970153
 1.2250E-02,0.004332794025232151
 1.2333E-02,0.006255938334011546
 1.2416E-02,0.008369528458334243
 1.2500E-02,0.01057906429350991
 1.2583E-02,0.012788582266818808
 1.2666E-02,0.014902933942627577
 1.2749E-02,0.016828171105535958
 1.2833E-02,0.01848027696585141
 1.2916E-02,0.01978866218810255
 1.2999E-02,0.020695140237089803
 1.3083E-02,0.02115973547120323
 1.3166E-02,0.0211635858071174
 1.3249E-02,0.020705874473096988
 1.3333E-02,0.019805793391263826
 1.3416E-02,0.018503748426628018
 1.3499E-02,0.0168562969402241
 1.3583E-02,0.01493440472880741
 1.3666E-02,0.012822827220176629
 1.3749E-02,0.010613893305191033
 1.3833E-02,0.008403203807049703
 1.3916E-02,0.006287970285020066
 1.3999E-02,0.004361086315508852
 1.4083E-02,0.002706066589905096
 1.4166E-02,0.0013956547954564972
 1.4249E-02,0.000487766738361971
 1.4333E-02,2.15278382779383e-05
 1.4416E-02,1.7401429747892743e-05
 1.4499E-02,0.0004761362632133278
 1.4583E-02,0.0013771649742385056
 1.4666E-02,0.0026808517791827324
 1.4749E-02,0.004330635990934761
 1.4833E-02,0.006254010187118446
 1.4916E-02,0.008366520844480071
 1.4999E-02,0.010576233034878556
 1.5083E-02,0.0127864495576096
 1.5166E-02,0.014900267357851483
 1.5249E-02,0.01682574595865051
 1.5333E-02,0.01847889333054182
 1.5416E-02,0.019787248648628283
 1.5499E-02,0.020694000624807543
 1.5583E-02,0.021159758784897963
 1.5666E-02,0.021163905034753357
 1.5749E-02,0.020706381890164372
 1.5833E-02,0.0198073240660237
 1.5916E-02,0.01850566069363058
 1.5999E-02,0.016858172965725813
 1.6083E-02,0.01493694121566906
 1.6166E-02,0.012825617601524356
 1.6249E-02,0.01061633749285015
 1.6333E-02,0.008405830903025978
 1.6416E-02,0.006290610109756041
 1.6499E-02,0.004363089436533439
 1.6583E-02,0.00270780565312634
 1.6666E-02,0.0013971841014358002
 1.6749E-02,0.0004885017988720156
 1.6833E-02,2.171554643317226e-05
 1.6916E-02,1.7288339714316937e-05
 1.6999E-02,0.00047527867982866817
 1.7083E-02,0.0013757140609837334
 1.7166E-02,0.002679190524217886
 1.7249E-02,0.004328488806992016
 1.7333E-02,0.00625144919793961
 1.7416E-02,0.00836399065801837
 1.7499E-02,0.01057360842618958
 1.7583E-02,0.012783725209291007
 1.7666E-02,0.014897868373928935
 1.7749E-02,0.016823650254602942
 1.7833E-02,0.018477012483763485
 1.7916E-02,0.019785918083209942
 1.7999E-02,0.020693246237458447
 1.8083E-02,0.02115940850190506
 1.8166E-02,0.021164161079055333
 1.8249E-02,0.02070727489794177
 1.8333E-02,0.019808613470659896
 1.8416E-02,0.018507407660697937
 1.8499E-02,0.01686039373659009
 1.8583E-02,0.014939361363159865
 1.8666E-02,0.012828184282677449
 1.8749E-02,0.010619058921816178
 1.8833E-02,0.00840844776652603
 1.8916E-02,0.006293006825610445
 1.8999E-02,0.004365289304227916
 1.9083E-02,0.0027096149816897134
 1.9166E-02,0.0013984822986014723
 1.9249E-02,0.0004893520469965454
 1.9333E-02,2.2025888009700393e-05
 1.9416E-02,1.6978339301716375e-05
 1.9499E-02,0.0004744628194664782
 1.9583E-02,0.0013744111856875876
 1.9666E-02,0.002677379236664514
 1.9749E-02,0.004326324038508359
 1.9833E-02,0.00624903874259246
 1.9916E-02,0.008361361427561893
 1.9999E-02,0.010570923969555463
 2.0083E-02,0.01278113667396445
 2.0166E-02,0.014895418753539516
 2.0249E-02,0.016821469728809494
 2.0333E-02,0.01847524179033683
 2.0416E-02,0.019784578254393028
 2.0499E-02,0.02069239761402276
 2.0583E-02,0.02115913751193401
 2.0666E-02,0.021164439704839767
 2.0749E-02,0.020708076855687155
 2.0833E-02,0.019809950798283304
 2.0916E-02,0.018509198694777882
 2.0999E-02,0.016862535760266386
 2.1082E-02,0.014941801042480704
 2.1166E-02,0.012830806566765773
 2.1249E-02,0.010621719495855097
 2.1332E-02,0.008411061020894324
 2.1416E-02,0.006295461925341711
 2.1499E-02,0.004367448404214626
 2.1582E-02,0.0027114038388767027
 2.1666E-02,0.0013998345948374841
 2.1749E-02,0.0004901809362682925
 2.1832E-02,2.2305346390621614e-05
 2.1916E-02,1.6713229854802666e-05
 2.1999E-02,0.0004736422803675113
 2.2082E-02,0.0013730729201175834
 2.2166E-02,0.002675600905811646
 2.2249E-02,0.004324167319862812
 2.2332E-02,0.006246593249525631
 2.2416E-02,0.00835875253275015
 2.2499E-02,0.010568255972096798
 2.2582E-02,0.012778517032861264
 2.2666E-02,0.014892977774157153
 2.2749E-02,0.016819310011900773
 2.2832E-02,0.01847344619888523
 2.2916E-02,0.019783237424093946
 2.2999E-02,0.020691570804202766
 2.3082E-02,0.021158848963721954
 2.3166E-02,0.02116471034833999
 2.3249E-02,0.020708899154631696
 2.3332E-02,0.01981127806105225
 2.3416E-02,0.018510977553524918
 2.3499E-02,0.016864695011877182
 2.3582E-02,0.01494423749652531
 2.3666E-02,0.012833415000429558
 2.3749E-02,0.010624393259067002
 2.3832E-02,0.00841367665445984
 2.3916E-02,0.006297903555193371
 2.3999E-02,0.00436961636502502
 2.4082E-02,0.002713199099676362
 2.4166E-02,0.0014011752225227142
 2.4249E-02,0.0004910144888119283
 2.4332E-02,2.2593469328441675e-05
 2.4416E-02,1.6438995314515747e-05
 2.4499E-02,0.00047282266182594314
 2.4582E-02,0.0013717439210527726
 2.4666E-02,0.0026738161848408456
 2.4749E-02,0.0043220084604754525
 2.4832E-02,0.006244156260783733
 2.4916E-02,0.008356139778782346
 2.4999E-02,0.010565583612541698
 2.5082E-02,0.012775904243984792
 2.5166E-02,0.014890535098528423
 2.5249E-02,0.016817144656513346
 2.5332E-02,0.018471655426690502
 2.5416E-02,0.019781896656699605
 2.5499E-02,0.020690738024182677
 2.5582E-02,0.02115856325322692
 2.5666E-02,0.02116498243771718
 2.5749E-02,0.020709715986754574
 2.5832E-02,0.019812606519379
 2.5916E-02,0.01851275890040998
 2.5999E-02,0.016866849946073587
 2.6082E-02,0.014946673990796591
 2.6166E-02,0.012836026630687707
 2.6249E-02,0.010627064206522395
 2.6332E-02,0.00841629160644843
 2.6416E-02,0.006300348678322057
 2.6499E-02,0.00437178301858051
 2.6582E-02,0.002714993264509936
 2.6666E-02,0.0014025192069968462
 2.6749E-02,0.0004918479930715653
 2.6832E-02,2.2880260609309982e-05
 2.6916E-02,1.6167566257343637e-05
 2.6999E-02,0.0004720038255655077
 2.7082E-02,0.001370413425909182
 2.7166E-02,0.0026720334015403226
 2.7249E-02,0.004319850753450148
 2.7332E-02,0.006241717648164715
 2.7416E-02,0.008353527933157228
 2.7499E-02,0.010562912383564337
 2.7582E-02,0.012773289755667667
 2.7666E-02,0.014888092334674495
 2.7749E-02,0.016814980188552858
 2.7832E-02,0.018469863012520366
 2.7916E-02,0.01978055503781826
 2.7999E-02,0.02068990586135669
 2.8082E-02,0.021158276164823592
 2.8166E-02,0.02116525328058825
 2.8249E-02,0.020710533280439522
 2.8332E-02,0.019813934077765414
 2.8416E-02,0.0185145389880268
 2.8499E-02,0.016869005336326105
 2.8582E-02,0.014949110210047942
 2.8666E-02,0.012838637307585204
 2.8749E-02,0.010629735738506505
 2.8832E-02,0.008418906951362156
 2.8916E-02,0.00630279332618448
 2.8999E-02,0.004373950400209745
 2.9082E-02,0.002716788349526743
 2.9166E-02,0.001403863155685724
 2.9249E-02,0.0004926822456796929
 2.9332E-02,2.316822103623354e-05
 2.9415E-02,1.589635321196288e-05
 2.9499E-02,0.0004711855564867785
 2.9582E-02,0.0013690840124305497
 2.9665E-02,0.0026702508302414787
 2.9749E-02,0.004317693235447017
 2.9832E-02,0.006239279747649131
 2.9915E-02,0.008350916090237906
 2.9999E-02,0.010560240869626952
 3.0082E-02,0.012770675472569756
 3.0165E-02,0.014885649287589283
 3.0249E-02,0.01681281501556732
 3.0332E-02,0.01846807034079033
 3.0415E-02,0.019779212925869483
 3.0499E-02,0.020689072766023876
 3.0582E-02,0.021157988548235793
 3.0665E-02,0.02116552360968649
 3.0749E-02,0.02071134968949779
 3.0832E-02,0.019815261109794886
 3.0915E-02,0.018516318769353883
 3.0999E-02,0.016871160150687618
 3.1082E-02,0.014951546139298185
 3.1165E-02,0.012841248037696207
 3.1249E-02,0.01063240714721214
 3.1332E-02,0.008421522358425053
 3.1415E-02,0.0063052384139111696
 3.1499E-02,0.0043761181071237335
 3.1582E-02,0.002718583817290269
 3.1665E-02,0.0014052078133590946
 3.1749E-02,0.0004935171149943292
 3.1832E-02,2.345671937732934e-05
 3.1915E-02,1.5625898295531784e-05
 3.1999E-02,0.00047036795028681415
 3.2082E-02,0.0013677550631018575
 3.2165E-02,0.002668468817199526
 3.2249E-02,0.004315536171724427
 3.2332E-02,0.006236842026244658
 3.2415E-02,0.00834830441597488
 3.2499E-02,0.010557569432543061
 3.2582E-02,0.012768060979100538
 3.2665E-02,0.014883205965204723
 3.2749E-02,0.01681064952366999
 3.2832E-02,0.018466277120530963
 3.2915E-02,0.019777870206194793
 3.2999E-02,0.020688239099311688
 3.3082E-02,0.021157700235134788
 3.3165E-02,0.021165793227065785
 3.3249E-02,0.02071216550877673
 3.3332E-02,0.019816587545135714
 3.3415E-02,0.018518097996393715
 3.3499E-02,0.016873314600998394
 3.3582E-02,0.01495398179627427
 3.3665E-02,0.012843858577018273
 3.3749E-02,0.01063507857717255
 3.3832E-02,0.00842413792501211
 3.3915E-02,0.0063076837381815165
 3.3999E-02,0.004378286224924604
 3.4082E-02,0.0027203798179073254
 3.4165E-02,0.0014065530296524843
 3.4249E-02,0.000494352629427304
 3.4332E-02,2.374592024433574e-05
 3.4415E-02,1.535609547329648e-05
 3.4499E-02,0.00046955097751839896
 3.4582E-02,0.001366426725074671
 3.4665E-02,0.0026666872938139246
 3.4749E-02,0.004313379488775725
 3.4832E-02,0.006234404600172862
 3.4915E-02,0.008345692877897062
 3.4999E-02,0.010554897978546113
 3.5082E-02,0.012765446363836586
 3.5165E-02,0.014880762374939238
 3.5249E-02,0.0168084836221269
 3.5332E-02,0.0184644834138547
 3.5415E-02,0.01977652691445775
 3.5499E-02,0.020687404780634168
 3.5582E-02,0.021157411261692675
 3.5665E-02,0.02116606218977441
 3.5749E-02,0.020712980680263365
 3.5832E-02,0.019817913401677652
 3.5915E-02,0.0185198767365632
 3.5999E-02,0.016875468647664628
 3.6082E-02,0.014956417174817277
 3.6165E-02,0.01284646898298963
 3.6249E-02,0.010637749996080456
 3.6332E-02,0.008426753617943481
 3.6415E-02,0.006310129335470779
 3.6499E-02,0.004380454726732758
 3.6582E-02,0.002722176303045084
 3.6665E-02,0.0014078988281458998
 3.6749E-02,0.0004951887796067982
 3.6832E-02,2.4035780690344615e-05
 3.6915E-02,1.508696540547083e-05
 3.6999E-02,0.0004687346487094455
 3.7082E-02,0.0013650989670268387
 3.7165E-02,0.002664906277559877
 3.7249E-02,0.004311223210883751
 3.7332E-02,0.006231967448428519
 3.7415E-02,0.008343081484567774
 3.7499E-02,0.010552226532095747
 3.7582E-02,0.012762831607703728
 3.7665E-02,0.014878318512117366
 3.7748E-02,0.016806317331309065
 3.7832E-02,0.018462689207035393
 3.7915E-02,0.01977518303931975
 3.7998E-02,0.020686569825833383
 3.8082E-02,0.021157121617491555
 3.8165E-02,0.02116633047918592
 3.8248E-02,0.020713795212215225
 3.8332E-02,0.019819238672954185
 3.8415E-02,0.01852165497115853
 3.8498E-02,0.016877622297953653
 3.8582E-02,0.014958852278787266
 3.8665E-02,0.012849079246165322
 3.8748E-02,0.01064042141675435
 3.8832E-02,0.008429369453746793
 3.8915E-02,0.006312575205910094
 3.8998E-02,0.004382623624650804
 3.9082E-02,0.002723973288793634
 3.9165E-02,0.001409245205667299
 3.9248E-02,0.0004960255664339553
 3.9332E-02,2.432630875994217e-05
 3.9415E-02,1.4818500620752407e-05
 3.9498E-02,0.0004679189563612615
 3.9582E-02,0.0013637717908009039
 3.9665E-02,0.0026631257595581843
 3.9748E-02,0.0043090673274352185
 3.9832E-02,0.006229530572832671
 3.9915E-02,0.008340470233883955
 3.9998E-02,0.010549555088236039
 4.0082E-02,0.012760216716402397
 4.0165E-02,0.014875874380106036
 4.0248E-02,0.016804150648324585
 4.0332E-02,0.018460894504963327
 4.0415E-02,0.019773838586360275
 4.0498E-02,0.020685734234369303
 4.0582E-02,0.02115683130760067
 4.0665E-02,0.021166598102395445
 4.0748E-02,0.02071460910482439
 4.0832E-02,0.019820563361116525
 4.0915E-02,0.018523432704200468
 4.0998E-02,0.01687977554815437
 4.1082E-02,0.014961287102670652
 4.1165E-02,0.012851689362546695
 4.1248E-02,0.010643092829610217
 4.1332E-02,0.00843198542236629
 4.1415E-02,0.006315021345401304
 4.1498E-02,0.004384792914887742
 4.1582E-02,0.0027257707726457085
 4.1665E-02,0.0014105921659025727
 4.1748E-02,0.0004968629940266462
 4.1832E-02,2.4617507417810892e-05
 4.1915E-02,1.4550708038372359e-05
 4.1998E-02,0.00046710390789163916
 4.2082E-02,0.0013624452012038185
 4.2165E-02,0.0026613457457287937
 4.2248E-02,0.0043069118431977495
 4.2332E-02,0.006227093973489995
 4.2415E-02,0.008337859125494899
 4.2498E-02,0.010546883647036806
 4.2582E-02,0.012757601687716329
 4.2665E-02,0.01487342997721924
 4.2748E-02,0.016801983573033842
 4.2832E-02,0.018459099305647046
 4.2915E-02,0.01977249355311888
 4.2998E-02,0.020684898005325268
 4.3082E-02,0.021156540330221702
 4.3165E-02,0.021166865057457625
 4.3248E-02,0.020715422358362472
 4.3332E-02,0.019821887467121053
 4.3415E-02,0.01852520993762452
 4.3498E-02,0.016881928403560165
 4.3582E-02,0.014963721653353312
 4.3665E-02,0.012854299338600647
 4.3748E-02,0.010645764240922744
 4.3832E-02,0.00843460152794622
 4.3915E-02,0.006317467754206401
 4.3998E-02,0.0043869625955745995
 4.4082E-02,0.002727568751385593
 4.4165E-02,0.0014119397037745287
 4.4248E-02,0.0004977010569323368
 4.4332E-02,2.490937137648489e-05
 4.4415E-02,1.4283581560259509e-05
 4.4498E-02,0.00046628949750851544
 4.4582E-02,0.0013611191940974341
 4.4665E-02,0.0026595662331489944
 4.4748E-02,0.004304756756829323
 4.4832E-02,0.006224657651013185
 4.4915E-02,0.008335248160459474
 4.4998E-02,0.010544212209350616
 4.5082E-02,0.012754986522874105
 4.5165E-02,0.014870985304623262
 4.5248E-02,0.01679981610630299
 4.5332E-02,0.018457303610350775
 4.5415E-02,0.01977114794093545
 4.5498E-02,0.020684061139448127
 4.5582E-02,0.021156248685913044
 4.5665E-02,0.021167131344469813
 4.5748E-02,0.020716234971564922
 4.5832E-02,0.01982321098833321
 4.5915E-02,0.018526986667414886
 4.5998E-02,0.016884080858759847
 4.6081E-02,0.014966155925316534
 4.6165E-02,0.012856909170177386
 4.6248E-02,0.01064843564854221
 4.6331E-02,0.008437217770669792
 4.6415E-02,0.006319914434738207
 4.6498E-02,0.004389132670382698
 4.6581E-02,0.0027293672292325296
 4.6665E-02,0.001413287823973507
 4.6748E-02,0.0004985397599690283
 4.6831E-02,2.5201905257310822e-05
 4.6915E-02,1.4017125434540887e-05
 4.6998E-02,0.00046547572851682084
 4.7081E-02,0.0013597937713150288
 4.7165E-02,0.0026577872223892537
 4.7248E-02,0.004302602067989835
 4.7331E-02,0.006222221604485633
 4.7415E-02,0.008332637337838197
 4.7498E-02,0.010541540774445324
 4.7581E-02,0.012752371221182076
 4.7665E-02,0.014868540361685287
 4.7748E-02,0.016797648247711707
 4.7831E-02,0.018455507418825692
 4.7915E-02,0.019769801749746067
 4.7998E-02,0.020683223637072243
 4.8081E-02,0.021155956375412316
 4.8165E-02,0.02116739696477509
 4.8248E-02,0.0207170469467569
 4.8331E-02,0.01982453392803739
 4.8415E-02,0.018528762897351538
 4.8498E-02,0.016886232917340302
 4.8581E-02,0.014968589921070183
 4.8665E-02,0.012859518858024568
 4.8748E-02,0.01065110705141473
 4.8831E-02,0.00843983414814026
 4.8915E-02,0.006322361383788612
 4.8998E-02,0.004391303135767712
 4.9081E-02,0.002731166202643045
 4.9165E-02,0.001414636523066485
 4.9248E-02,0.000499379099991349
 4.9331E-02,2.5495106481562607e-05
 4.9415E-02,1.3751337924092413e-05
 4.9498E-02,0.00046466260009706987
 4.9581E-02,0.0013584689329493376
 4.9665E-02,0.002656008714159872
 4.9748E-02,0.004300447777647736
 4.9831E-02,0.0062197858349363816
 4.9915E-02,0.008330026658556849
 4.9998E-02,0.010538869343037724
 5.0081E-02,0.012749755783095323
 5.0165E-02,0.014866095148594544
 5.0248E-02,0.016795479997149504
 5.0331E-02,0.018453710730727917
 5.0415E-02,0.01976845497908169
 5.0498E-02,0.020682385497481894
 5.0581E-02,0.02115566339764642
 5.0665E-02,0.021167661916799196
 5.0748E-02,0.02071785828185213
 5.0831E-02,0.01982585628389599
 5.0915E-02,0.018530538625410976
 5.0998E-02,0.016888384578092212
 5.1081E-02,0.014971023640494008
 5.1165E-02,0.012862128403134002
 5.1248E-02,0.010653778451322616
 5.1331E-02,0.008442450662484747
 5.1415E-02,0.0063248086035714735
 5.1498E-02,0.004393473993913931
 5.1581E-02,0.002732965673606492
 5.1665E-02,0.0014159858026975458
 5.1748E-02,0.0005002190781467258
 5.1831E-02,2.578897551856166e-05
 5.1915E-02,1.3486218751851607e-05
 5.1998E-02,0.00046385011144569244
 5.2081E-02,0.0013571446778309492
 5.2165E-02,0.0026542307071438466
 5.2248E-02,0.004298293884592036
 5.2331E-02,0.006217350341383647
 5.2415E-02,0.008327416121956518
 5.2498E-02,0.010536197914840739
 5.2581E-02,0.012747140208726516
 5.2665E-02,0.014863649665714641
 5.2748E-02,0.016793311355120938
 5.2831E-02,0.018451913546637888
 5.2915E-02,0.019767107629575988
 5.2998E-02,0.020681546721500955
 5.3081E-02,0.021155369753707957
 5.3165E-02,0.021167926201825133
 5.3248E-02,0.020718668978058487
 5.3331E-02,0.01982717805676588
 5.3415E-02,0.018532313851776998
 5.3498E-02,0.016890535840385707
 5.3581E-02,0.014973457082253089
 5.3665E-02,0.012864737803673426
 5.3748E-02,0.010656449846205252
 5.3831E-02,0.008445067311705844
 5.3915E-02,0.006327256092315577
 5.3998E-02,0.0043956452434
 5.4081E-02,0.0027347656412520455
 5.4165E-02,0.0014173356626579127
 5.4248E-02,0.0005010596948351781
 5.4331E-02,2.6083513325403168e-05
 5.4414E-02,1.322176928464698e-05
 5.4498E-02,0.00046303826405878626
 5.4581E-02,0.0013558210074509757
 5.4664E-02,0.002652453202723183
 5.4748E-02,0.004296140389922403
 5.4831E-02,0.006214915124553442
 5.4914E-02,0.00832480572837026
 5.4998E-02,0.010533526489833888
 5.5081E-02,0.012744524497753908
 5.5164E-02,0.014861203912629694
 5.5248E-02,0.016791142321199
 5.5331E-02,0.018450115866082254
 5.5414E-02,0.01976575970070346
 5.5498E-02,0.02068070730851929
 5.5581E-02,0.02115507544290052
 5.5664E-02,0.021168189819268615
 5.5748E-02,0.020719479035137628
 5.5831E-02,0.01982849924682394
 5.5914E-02,0.0185340885770812
 5.5998E-02,0.01689268670528655
 5.6081E-02,0.014975890247663413
 5.6164E-02,0.012867347060993285
 5.6248E-02,0.01065912123730511
 5.6331E-02,0.008447684096720543
 5.6414E-02,0.006329703850474995
 5.6498E-02,0.004397816884139985
 5.6581E-02,0.002736566104926
 5.6664E-02,0.0014186861018126256
 5.6748E-02,0.0005019009486410148
 5.6831E-02,2.637871834574798e-05
 5.6914E-02,1.2957987935813213e-05
 5.6998E-02,0.00046222705646416543
 5.7081E-02,0.0013544979205384658
 5.7164E-02,0.002650676199917306
 5.7248E-02,0.004293987293087371
 5.7331E-02,0.006212480184354172
 5.7414E-02,0.008322195478086408
 5.7498E-02,0.01053085506850868
 5.7581E-02,0.012741908650744097
 5.7664E-02,0.014858757889801765
 5.7748E-02,0.016788972895738944
 5.7831E-02,0.01844831768939955
 5.7914E-02,0.019764411192790064
 5.7998E-02,0.020679867258810564
 5.8081E-02,0.02115478046539856
 5.8164E-02,0.021168452769049
 5.8248E-02,0.020720288452662335
 5.8331E-02,0.019829819853311635
 5.8414E-02,0.018535862800267547
 5.8498E-02,0.01689483717149462
 5.8581E-02,0.014978323135312535
 5.8664E-02,0.012869956173775982
 5.8748E-02,0.010661792623576506
 5.8831E-02,0.008450301016965235
 5.8914E-02,0.006332151878064988
 5.8998E-02,0.004399988916724858
 5.9081E-02,0.002738367065646536
 5.9164E-02,0.001420037121390503
 5.9248E-02,0.0005027428408593837
 5.9331E-02,2.6674591851031098e-05
 5.9414E-02,1.2694875881893379e-05
 5.9498E-02,0.000461416489657875
 5.9581E-02,0.0013531754178362566
 5.9664E-02,0.002648899699164072
 5.9748E-02,0.004291834594164387
 5.9831E-02,0.0062100455206067105
 5.9914E-02,0.008319585370828624
 5.9998E-02,0.010528183650651316
 6.0081E-02,0.012739292667581973
 6.0164E-02,0.014856311597222734
 6.0248E-02,0.016786803078753805
 6.0331E-02,0.01844651901656926
 6.0414E-02,0.019763062105810546
 6.0498E-02,0.02067902657239441
 6.0581E-02,0.021154484821343328
 6.0664E-02,0.021168715051482462
 6.0748E-02,0.020721097231108068
 6.0831E-02,0.01983113987687137
 6.0914E-02,0.018537636522108072
 6.0998E-02,0.01689698723979458
 6.1081E-02,0.014980755745859525
 6.1164E-02,0.012872565142408423
 6.1248E-02,0.010664464004963108
 6.1331E-02,0.008452918071867339
 6.1414E-02,0.006334600174103984
 6.1498E-02,0.004402161339922947
 6.1581E-02,0.0027401685221448225
 6.1664E-02,0.0014213887202844469
 6.1748E-02,0.0005035853705405042
 6.1831E-02,2.69711330471758e-05
 6.1914E-02,1.2432432527695974e-05
 6.1998E-02,0.00046060656330187147
 6.2081E-02,0.0013518534992722452
 6.2164E-02,0.0026471237006308853
 6.2248E-02,0.004289682293549922
 6.2331E-02,0.006207611133778347
 6.2414E-02,0.008316975407006077
 6.2498E-02,0.010525512236563764
 6.2581E-02,0.01273667654846277
 6.2664E-02,0.01485386503501925
 6.2747E-02,0.016784632870362404
 6.2831E-02,0.018444719847653886
 6.2914E-02,0.019761712439730485
 6.2997E-02,0.020678185249146885
 6.3081E-02,0.02115418851045229
 6.3164E-02,0.021168976666142043
 6.3247E-02,0.020721905369940362
 6.3331E-02,0.019832459316865638
 6.3414E-02,0.018539409741889862
 6.3497E-02,0.01689913690955796
 6.3581E-02,0.014983188078919563
 6.3664E-02,0.012875173966766976
 6.3747E-02,0.010667135381671631
 6.3831E-02,0.00845553526193078
 6.3914E-02,0.0063370487392184725
 6.3997E-02,0.0044043341543368525
 6.4081E-02,0.0027419704749390337
 6.4164E-02,0.001422740898859464
 6.4247E-02,0.0005044285379521818
 6.4331E-02,2.7268342109048607e-05
 6.4414E-02,1.2170657927794341e-05
 6.4497E-02,0.0004597972772842833
 6.4581E-02,0.0013505321645988166
 6.4664E-02,0.0026453482040326324
 6.4747E-02,0.004287530390965983
 6.4831E-02,0.006205177023708924
 6.4914E-02,0.008314365586617668
 6.4997E-02,0.010522840826359126
 6.5081E-02,0.01273406029357067
 6.5164E-02,0.014851418203417852
 6.5247E-02,0.01678246227077543
 6.5331E-02,0.01844292018287457
 6.5414E-02,0.019760362194796932
 6.5497E-02,0.02067734328931866
 6.5581E-02,0.021153891533007157
 6.5664E-02,0.021169237613308935
 6.5747E-02,0.020722712869454464
 6.5831E-02,0.019833778173516885
 6.5914E-02,0.018541182459740214
 6.5997E-02,0.016901286180689964
 6.6081E-02,0.014985620134103272
 6.6164E-02,0.012877782646241542
 6.6247E-02,0.010669806752951188
 6.6331E-02,0.008458152586396556
 6.6414E-02,0.006339497572723131
 6.6497E-02,0.0044065073594853135
 6.6581E-02,0.0027437729237265664
 6.6664E-02,0.0014240936569666594
 6.6747E-02,0.0005052723430949311
 6.6831E-02,2.7566219202500633e-05
 6.6914E-02,1.1909552376806971e-05
 6.6997E-02,0.0004589886319962764
 6.7081E-02,0.0013492114142996184
 6.7164E-02,0.0026435732098017747
 6.7247E-02,0.004285378886772777
 6.7331E-02,0.006202743190686503
 6.7414E-02,0.008311755909842199
 6.7497E-02,0.010520169420156426
 6.7581E-02,0.012731443903021939
 6.7664E-02,0.014848971102496623
 6.7747E-02,0.0167802912800162
 6.7831E-02,0.018441120022236888
 6.7914E-02,0.019759011370962924
 6.7997E-02,0.02067650069278501
 6.8081E-02,0.02115359388883823
 6.8164E-02,0.021169497892808135
 6.8247E-02,0.02072351972943485
 6.8331E-02,0.01983509644669953
 6.8414E-02,0.018542954675671228
 6.8497E-02,0.016903435053363617
 6.8581E-02,0.014988051911673201
 6.8664E-02,0.012880391181157424
 6.8747E-02,0.010672478119071533
 6.8831E-02,0.008460770045352964
 6.8914E-02,0.0063419466746388355
 6.8997E-02,0.004408680955238239
 6.9081E-02,0.002745575868258409
 6.9164E-02,0.0014254469943323933
 6.9247E-02,0.0005061167856518157
 6.9331E-02,2.7864763929415606e-05
 6.9414E-02,1.1649115474018246e-05
 6.9497E-02,0.0004581806271226451
 6.9581E-02,0.0013478912480827424
 6.9664E-02,0.0026417987177841844
 6.9747E-02,0.004283227780950281
 6.9831E-02,0.006200309634752793
 6.9914E-02,0.008309146376839395
 6.9997E-02,0.010517498018192867
 7.0081E-02,0.012728827377046089
 7.0164E-02,0.014846523732479132
 7.0247E-02,0.016778119898339106
 7.0331E-02,0.018439319365940128
 7.0414E-02,0.01975765996839428
 7.0497E-02,0.02067565745971053
 7.0581E-02,0.021153295578052914
 7.0664E-02,0.021169757504646596
 7.0747E-02,0.020724325949804185
 7.0831E-02,0.019836414136194365
 7.0914E-02,0.018544726389290424
 7.0997E-02,0.016905583527067225
 7.1080E-02,0.014990483411140166
 7.1164E-02,0.012882999571033577
 7.1247E-02,0.01067514947964915
 7.1330E-02,0.008463387638595584
 7.1414E-02,0.0063443960448338185
 7.1497E-02,0.004410854941595937
 7.1580E-02,0.002747379308668134
 7.1664E-02,0.001426800911159441
 7.1747E-02,0.0005069618658913802
 7.1830E-02,2.8163976642600662e-05
 7.1914E-02,1.1389347583179086e-05
 7.1997E-02,0.0004573732629621002
 7.2080E-02,0.0013465716662355326
 7.2164E-02,0.002640024728187299
 7.2247E-02,0.004281077073644477
 7.2330E-02,0.006197876356056099
 7.2414E-02,0.008306536987711437
 7.2497E-02,0.010514826620529348
 7.2580E-02,0.012726210715728775
 7.2664E-02,0.014844076093485176
 7.2747E-02,0.016775948125835927
 7.2830E-02,0.01843751821408559
 7.2914E-02,0.019756307987178888
 7.2997E-02,0.02067481359013278
 7.3080E-02,0.021152996600690595
 7.3164E-02,0.021170016448897978
 7.3247E-02,0.020725131530666234
 7.3330E-02,0.01983773124213388
 7.3414E-02,0.01854649760075987
 7.3497E-02,0.01690773160195707
 7.3580E-02,0.014992914632551585
 7.3664E-02,0.012885607815834981
 7.3747E-02,0.010677820834546785
 7.3830E-02,0.00846600536587747
 7.3914E-02,0.006346845682991041
 7.3997E-02,0.004413029318200132
 7.4080E-02,0.0027491832445861227
 7.4164E-02,0.0014281554070840756
 7.4247E-02,0.0005078075834954134
 7.4330E-02,2.8463857084014494e-05
 7.4414E-02,1.1130248519676335e-05
 7.4497E-02,0.00045656653943017923
 7.4580E-02,0.0013452526687548004
 7.4664E-02,0.0026382512411103833
 7.4747E-02,0.004278926765024657
 7.4830E-02,0.006195443354786116
 7.4914E-02,0.008303927742685275
 7.4997E-02,0.010512155227415243
 7.5080E-02,0.01272359391927785
 7.5164E-02,0.014841628185665263
 7.5247E-02,0.016773775962645867
 7.5330E-02,0.01843571656677984
 7.5414E-02,0.019754955427375574
 7.5497E-02,0.020673969084088355
 7.5580E-02,0.021152696956713367
 7.5664E-02,0.021170274725431485
 7.5747E-02,0.020725936471820854
 7.5830E-02,0.019839047764280568
 7.5914E-02,0.018548268309820364
 7.5997E-02,0.016909879277773526
 7.6080E-02,0.014995345575715502
 7.6164E-02,0.012888215915406787
 7.6247E-02,0.010680492183659783
 7.6330E-02,0.00846862322717692
 7.6414E-02,0.006349295589166639
 7.6497E-02,0.004415204085122789
 7.6580E-02,0.0027509876760895297
 7.6664E-02,0.0014295104822096448
 7.6747E-02,0.000508653938552504
 7.6830E-02,2.876440532000301e-05
 7.6914E-02,1.0871818352604856e-05
 7.6997E-02,0.00045576045657471726
 7.7080E-02,0.0013439342556664472
 7.7164E-02,0.0026364782565871485
 7.7247E-02,0.004276776855123266
 7.7330E-02,0.006193010631003347
 7.7414E-02,0.00830131864184769
 7.7497E-02,0.010509483838973032
 7.7580E-02,0.012720976987859223
 7.7664E-02,0.014839180009199461
 7.7747E-02,0.016771603408932623
 7.7830E-02,0.01843391442416208
 7.7914E-02,0.019753602289120636
 7.7997E-02,0.02067312394168853
 7.8080E-02,0.021152396646226587
 7.8164E-02,0.021170532334339038
 7.8247E-02,0.020726740773331663
 7.8330E-02,0.019840363702646798
 7.8414E-02,0.01855003851642695
 7.8497E-02,0.016912026554406424
 7.8580E-02,0.014997776240435514
 7.8664E-02,0.01289082386951779
 7.8747E-02,0.010683163526714317
 7.8830E-02,0.008471241222160721
 7.8914E-02,0.006351745763026342
 7.8997E-02,0.004417379242091901
 7.9080E-02,0.0027527926029713235
 7.9164E-02,0.0014308661363871507
 7.9247E-02,0.0005095009309983991
 7.9330E-02,2.906562136337123e-05
 7.9413E-02,1.0614057141718925e-05
 7.9497E-02,0.00045495501452381574
 7.9580E-02,0.0013426164271597445
 7.9663E-02,0.0026347057748014363
 7.9747E-02,0.004274627344141087
 7.9830E-02,0.006190578184917545
 7.9913E-02,0.008298709685391906
 7.9997E-02,0.010506812455355759
 8.0080E-02,0.01271835992160508
 8.0163E-02,0.014836731564210875
 8.0247E-02,0.01676943046479956
 8.0330E-02,0.018432111786324208
 8.0413E-02,0.019752248572471574
 8.0497E-02,0.0206722781629459
 8.0580E-02,0.021152095669185078
 8.0663E-02,0.02117078927555854
 8.0747E-02,0.020727544435111107
 8.0830E-02,0.019841679057119904
 8.0913E-02,0.01855180822047946
 8.0997E-02,0.0169141734317833
 8.1080E-02,0.015000206626651552
 8.1163E-02,0.012893431678105397
 8.1247E-02,0.010685834863669759
 8.1330E-02,0.008473859350794113
 8.1413E-02,0.006354196204499297
 8.1497E-02,0.004419554789005644
 8.1580E-02,0.002754598025120271
 8.1663E-02,0.0014322223695084177
 8.1747E-02,0.0005103485607257871
 8.1830E-02,2.936750511034952e-05
 8.1913E-02,1.0356964813107008e-05
 8.1997E-02,0.0004541502132228605
 8.2080E-02,0.0013412991832018112
 8.2163E-02,0.002632933795789349
 8.2247E-02,0.004272478232167858
 8.2330E-02,0.006188146016644339
 8.2413E-02,0.008296100873457501
 8.2497E-02,0.010504141076752316
 8.2580E-02,0.012715742720699457
 8.2663E-02,0.01483428285087417
 8.2747E-02,0.01676725713041685
 8.2830E-02,0.018430308653395008
 8.2913E-02,0.01975089427752175
 8.2997E-02,0.020671431747939836
 8.3080E-02,0.021151794025653325
 8.3163E-02,0.021171045549092476
 8.3247E-02,0.02072834745711029
 8.3330E-02,0.01984299382762713
 8.3413E-02,0.018553577421825528
 8.3497E-02,0.01691631990968857
 8.3580E-02,0.015002636734136977
 8.3663E-02,0.01289603934091477
 8.3747E-02,0.01068850619426648
 8.3830E-02,0.008476477612854685
 8.3913E-02,0.006356646913423655
 8.3997E-02,0.004421730725759971
 8.4080E-02,0.0027564039424825665
 8.4163E-02,0.001433579181552575
 8.4247E-02,0.0005111968277529298
 8.4330E-02,2.9670056639662448e-05
 8.4413E-02,1.0100541473284682e-05
 8.4497E-02,0.00045334605279696974
 8.4580E-02,0.001339982523937376
 8.4663E-02,0.0026311623196916606
 8.4747E-02,0.004270329519327603
 8.4830E-02,0.006185714126323112
 8.4913E-02,0.008293492206219801
 8.4997E-02,0.010501469703300341
 8.5080E-02,0.012713125385283408
 8.5163E-02,0.014831833869340016
 8.5247E-02,0.016765083405881176
 8.5330E-02,0.018428505025465534
 8.5413E-02,0.019749539404374253
 8.5497E-02,0.02067058469671654
 8.5580E-02,0.021151491715633356
 8.5663E-02,0.02117130115494381
 8.5747E-02,0.020729149839322482
 8.5830E-02,0.019844308014105395
 8.5913E-02,0.018555346120433427
 8.5997E-02,0.01691846598807183
 8.6080E-02,0.01500506656277202
 8.6163E-02,0.01289864685784134
 8.6247E-02,0.010691177518367272
 8.6330E-02,0.00847909600815328
 8.6413E-02,0.006359097889600899
 8.6497E-02,0.00442390705216533
 8.6580E-02,0.002758210354867089
 8.6663E-02,0.0014349365723579062
 8.6747E-02,0.0005120457319900927
 8.6830E-02,2.997327585848469e-05
 8.6913E-02,9.844787062629462e-06
 8.6997E-02,0.0004525425332614439
 8.7080E-02,0.0013386664494272195
 8.7163E-02,0.0026293913465942685
 8.7247E-02,0.004268181205783559
 8.7330E-02,0.006183282514135408
 8.7413E-02,0.008290883683811838
 8.7497E-02,0.010498798335184549
 8.7580E-02,0.012710507915538335
 8.7663E-02,0.014829384619728433
 8.7746E-02,0.0167629092913544
 8.7830E-02,0.018426700902676153
 8.7913E-02,0.01974818395306839
 8.7996E-02,0.020669737009318605
 8.8080E-02,0.021151188739160037
 8.8163E-02,0.021171556093064762
 8.8246E-02,0.020729951581642387
 8.8330E-02,0.01984562161645875
 8.8413E-02,0.018557114316123818
 8.8496E-02,0.016920611666737282
 8.8580E-02,0.015007496112419224
 8.8663E-02,0.012901254228718713
 8.8746E-02,0.010693848835809202
 8.8830E-02,0.008481714536591856
 8.8913E-02,0.006361549132934812
 8.8996E-02,0.004426083768100225
 8.9080E-02,0.002760017262212801
 8.9163E-02,0.0014362945419225685
 8.9246E-02,0.0005128952733752426
 8.9330E-02,3.0277162772204022e-05
 8.9413E-02,9.589701654527942e-06
 8.9496E-02,0.0004517396546534177
 8.9580E-02,0.0013373509597248505
 8.9663E-02,0.0026276208766157104
 8.9746E-02,0.0042660332916203796
 8.9830E-02,0.0061808511801739975
 8.9913E-02,0.008288275306416853
 8.9996E-02,0.010496126972559324
 9.0080E-02,0.012707890311603433
 9.0163E-02,0.014826935102228276
 9.0246E-02,0.016760734786968733
 9.0330E-02,0.018424896285114917
 9.0413E-02,0.019746827923724775
 9.0496E-02,0.02066888868583363
 9.0580E-02,0.021150885096247636
 9.0663E-02,0.021171810363468935
 9.0746E-02,0.020730752684072012
 9.0830E-02,0.019846934634623718
 9.0913E-02,0.01855888200881505
 9.0996E-02,0.016922756945585052
 9.1080E-02,0.015009925382903475
 9.1163E-02,0.012903861453335996
 9.1246E-02,0.010696520146399626
 9.1330E-02,0.008484333197930922
 9.1413E-02,0.006364000643217746
 9.1496E-02,0.004428260873436493
 9.1580E-02,0.002761824664379782
 9.1663E-02,0.0014376530900931713
 9.1746E-02,0.0005137454518785997
 9.1830E-02,3.058171738547666e-05
 9.1913E-02,9.335285225712079e-06
 9.1996E-02,0.00045093741705675306
 9.2080E-02,0.0013360360549481676
 9.2163E-02,0.0026258509098581254
 9.2246E-02,0.004263885777001415
 9.2330E-02,0.006178420124638284
 9.2413E-02,0.008285667074192371
 9.2496E-02,0.010493455615580741
 9.2580E-02,0.012705272573660394
 9.2663E-02,0.014824485316970618
 9.2746E-02,0.01675855989284166
 9.2830E-02,0.01842309117290397
 9.2913E-02,0.01974547131641473
 9.2996E-02,0.020668039726268184
 9.3080E-02,0.021150580786908502
 9.3163E-02,0.021172063966125594
 9.3246E-02,0.020731553146528435
 9.3330E-02,0.019848247068504635
 9.3413E-02,0.018560649198414665
 9.3496E-02,0.016924901824479192
 9.3580E-02,0.015012354374093094
 9.3663E-02,0.012906468531584316
 9.3746E-02,0.010699191449988803
 9.3830E-02,0.008486951992056112
 9.3913E-02,0.0063664524203188065
 9.3996E-02,0.004430438368021861
 9.4080E-02,0.002763632561253001
 9.4163E-02,0.0014390122168055426
 9.4246E-02,0.0005145962674190729
 9.4330E-02,3.088693963672535e-05
 9.4413E-02,9.081537800974449e-06
 9.4496E-02,0.0004501358204718428
 9.4580E-02,0.0013347217351448784
 9.4663E-02,0.002624081446417608
 9.4746E-02,0.004261738662030639
 9.4830E-02,0.006175989347651213
 9.4913E-02,0.008283058987284991
 9.4996E-02,0.010490784264425727
 9.5080E-02,0.012702654701870356
 9.5163E-02,0.01482203526411611
 9.5246E-02,0.016756384609108756
 9.5330E-02,0.01842128556615411
 9.5413E-02,0.019744114131235783
 9.5496E-02,0.020667190130693524
 9.5580E-02,0.021150275811165707
 9.5663E-02,0.021172316901030067
 9.5746E-02,0.020732352968973904
 9.5830E-02,0.019849558918015434
 9.5913E-02,0.018562415884793706
 9.5996E-02,0.016927046303277446
 9.6079E-02,0.015014783085811705
 9.6163E-02,0.012909075463265968
 9.6246E-02,0.010701862746393814
 9.6329E-02,0.008489570918769163
 9.6413E-02,0.006368904464080727
 9.6496E-02,0.004432616251718386
 9.6579E-02,0.0027654409527263103
 9.6663E-02,0.0014403719219885471
 9.6746E-02,0.0005154477199768722
 9.6829E-02,3.119282953686534e-05
 9.6913E-02,8.82845940649599e-06
 9.6996E-02,0.0004493348649949578
 9.7079E-02,0.0013334080004147163
 9.7163E-02,0.002622312486425162
 9.7246E-02,0.004259591946862526
 9.7329E-02,0.0061735588493608325
 9.7413E-02,0.008280451045875185
 9.7496E-02,0.01048811291927697
 9.7579E-02,0.012700036696382803
 9.7663E-02,0.014819584943813583
 9.7746E-02,0.01675420893593796
 9.7829E-02,0.018419479464966765
 9.7913E-02,0.019742756368249254
 9.7996E-02,0.02066633989917923
 9.8079E-02,0.02114997016903351
 9.8163E-02,0.021172569168158014
 9.8246E-02,0.02073315215136935
 9.8329E-02,0.019850870183092957
 9.8413E-02,0.018564182067849332
 9.8496E-02,0.016929190381862424
 9.8579E-02,0.015017211517924952
 9.8663E-02,0.0129116822482302
 9.8746E-02,0.010704534035464045
 9.8829E-02,0.008492189977913994
 9.8913E-02,0.006371356774324863
 9.8996E-02,0.0044347945243946064
 9.9079E-02,0.002767249838674913
 9.9163E-02,0.0014417322055224778
 9.9246E-02,0.0005162998094660834
 9.9329E-02,3.14993870529415e-05
 9.9413E-02,8.576050046008838e-06
 9.9496E-02,0.0004485345506424344
 9.9579E-02,0.0013320948508289405
 9.9663E-02,0.0026205440299730516
 9.9746E-02,0.004257445631625184
 9.9829E-02,0.0061711286299347915
 9.9913E-02,0.008277843250112035
 0.1000,0.010485441580280804
 0.1001,0.012697418557387471
 0.1002,0.014817134356214044
 0.1002,0.0167520328734277
 0.1003,0.018417672869482316
 0.1004,0.019741398027545078
 0.1005,0.020665489031758584
 0.1006,0.02114966386054705
 0.1007,0.021172820767495357
 0.1007,0.020733950693642585
 0.1008,0.019852180863644948
 0.1009,0.01856594774745311
 0.1010,0.016931334060074358
 0.1011,0.015019639670286501
 0.1012,0.012914288886305327
 0.1012,0.010707205317001686
 0.1013,0.00849480916932916
 0.1014,0.0063738093509364815
 0.1015,0.004436973185907453
 0.1016,0.0027690592189883326
 0.1017,0.0014430930673515006
 0.1017,0.0005171525358528108
 0.1018,3.180661216590076e-05
 0.1019,8.32430973114842e-06
 0.1020,0.0004477348774772413
 0.1021,0.0013307822864766605
 0.1022,0.002618776077172827
 0.1022,0.0042552997164285716
 0.1023,0.006168698689504087
 0.1024,0.008275235600168419
 0.1025,0.01048277024759966
 0.1026,0.01269480028502135
 0.1027,0.014814683501493215
 0.1027,0.016749856421734016
 0.1028,0.01841586577978235
 0.1029,0.01974003910923647
 0.1030,0.02066463752849073
 0.1031,0.021149356885703068
 0.1032,0.021173071699034065
 0.1032,0.02073474859576666
 0.1033,0.01985349095958645
 0.1034,0.018567712923527796
 0.1035,0.01693347733779746
 0.1036,0.015022067542719626
 0.1037,0.012916895377331521
 0.1037,0.010709876590871161
 0.1038,0.008497428492835817
 0.1039,0.006376262193713575
 0.1040,0.004439152236114616
 0.1041,0.0027708690935495366
 0.1042,0.001444454507374348
 0.1042,0.0005180058990762796
 0.1043,3.211450486175941e-05
 0.1044,8.073238493192008e-06
 0.1045,0.00044693584555070495
 0.1046,0.0013294703074317417
 0.1047,0.002617008628148729
 0.1047,0.004253154201450389
 0.1048,0.00616626902823119
 0.1049,0.0082726280961871
 0.1050,0.010480098921426179
 0.1051,0.012692181879469437
 0.1052,0.014812232379778025
 0.1052,0.016747679581003594
 0.1053,0.018414058195999693
 0.1054,0.019738679613377778
 0.1055,0.020663785389441053
 0.1056,0.021149049244538032
 0.1057,0.021173321962735952
 0.1057,0.020735545857683346
 0.1058,0.01985480047085077
 0.1059,0.018569477595921948
 0.1060,0.016935620214895787
 0.1061,0.015024495135097802
 0.1062,0.012919501721135554
 0.1062,0.01071254785687106
 0.1063,0.008500047948287813
 0.1064,0.00637871530251934
 0.1065,0.004441331674876705
 0.1066,0.0027726794622611253
 0.1067,0.001445816525509019
 0.1067,0.0005188598990725852
 0.1068,3.242306511850874e-05
 0.1069,7.822836333994924e-06
 0.1070,0.0004461374548888513
 0.1071,0.001328158913781023
 0.1072,0.002615241682999111
 0.1072,0.004251009086780461
 0.1073,0.006163839646273381
 0.1074,0.008270020738358537
 0.1075,0.01047742760189737
 0.1076,0.012689563340879237
 0.1077,0.014809780991244463
 0.1077,0.01674550235134716
 0.1078,0.018412250118243448
 0.1079,0.019737319540069437
 0.1080,0.020662932614640826
 0.1081,0.021148740937063024
 0.1082,0.021173571558623767
 0.1082,0.020736342479332485
 0.1083,0.019856109397320056
 0.1084,0.01857124176456573
 0.1085,0.01693776269122163
 0.1086,0.015026922447231432
 0.1087,0.012922107917571951
 0.1087,0.010715219114861313
 0.1088,0.008502667535481847
 0.1089,0.006381168677208336
 0.1090,0.0044435115020725596
 0.1091,0.002774490324981064
 0.1092,0.0014471791216650073
 0.1092,0.0005197145358051332
 0.1093,3.27322929154535e-05
 0.1094,7.573103268906342e-06
 0.1095,0.00044533970558571106
 0.1096,0.0013268481056086787
 0.1097,0.002613475241821645
 0.1097,0.004248864372582743
 0.1098,0.0061614105437857265
 0.1099,0.00826741352682557
 0.1100,0.010474756289199368
 0.1101,0.012686944669441676
 0.1102,0.014807329336023242
 0.1102,0.01674332473292034
 0.1103,0.01841044154663892
 0.1104,0.019735958889386077
 0.1105,0.02066207920415787
 0.1106,0.02114843196331275
 0.1107,0.021173820486650646
 0.1107,0.020737138460665674
 0.1108,0.01985741773896669
 0.1109,0.018573005429323195
 0.1110,0.016939904766644642
 0.1111,0.015029349479013649
 0.1112,0.012924713966462543
 0.1112,0.010717890364650623
 0.1113,0.008505287254297625
 0.1114,0.006383622317614451
 0.1115,0.004445691717540667
 0.1116,0.00277630168160891
 0.1117,0.0014485422957605776
 0.1117,0.0005205698092145475
 0.1118,3.3042188221982976e-05
 0.1119,7.324039326719191e-06
 0.1120,0.00044454259766206174
 0.1121,0.001325537882989047
 0.1122,0.002611709304754631
 0.1122,0.00424672005898317
 0.1123,0.006158981720906341
 0.1124,0.008264806461767867
 0.1125,0.010472084983497474
 0.1126,0.012684325865292575
 0.1127,0.014804877414291153
 0.1127,0.016741146725867212
 0.1128,0.01840863248128852
 0.1129,0.01973459766142104
 0.1130,0.020661225158046265
 0.1131,0.021148122323291163
 0.1132,0.021174068746813775
 0.1132,0.020737933801643443
 0.1133,0.019858725495665187
 0.1134,0.01857476859009521
 0.1135,0.01694204644104596
 0.1136,0.015031776230259707
 0.1137,0.012927319867640395
 0.1137,0.01072056160608387
 0.1138,0.008507907104543836
 0.1139,0.006386076223581502
 0.1140,0.004447872321148963
 0.1141,0.002778113532030917
 0.1142,0.0014499060477137899
 0.1142,0.000521425719239334
 0.1143,3.3352751038502604e-05
 0.1144,7.075644511532251e-06
 0.1145,0.00044374613116530655
 0.1146,0.001324228246003138
 0.1147,0.0026099438718892864
 0.1147,0.004244576146116081
 0.1148,0.0061565531777948036
 0.1149,0.008262199543349159
 0.1150,0.010469413684967475
 0.1151,0.012681706928612011
 0.1152,0.014802425226196389
 0.1152,0.016738968330306688
 0.1153,0.018406822922297686
 0.1154,0.019733235856270574
 0.1155,0.020660370476356566
 0.1156,0.02114781201701295
 0.1157,0.021174316339095844
 0.1157,0.02073872850222038
 0.1158,0.019860032667350796
 0.1159,0.01857653124675906
 0.1160,0.016944187714276086
 0.1161,0.015034202700825193
 0.1162,0.012929925620946924
 0.1162,0.01072323283898912
 0.1163,0.008510527086059403
 0.1164,0.00638853039495884
 0.1165,0.0044500533127723296
 0.1166,0.0027799258761271543
 0.1167,0.00145127037742564
 0.1167,0.0005222822658331229
 0.1168,3.366398134323082e-05
 0.1169,6.82791883765747e-06
 0.1170,0.00044295030615955485
 0.1171,0.0013229191947488226
 0.1172,0.0026081789433371914
 0.1172,0.00424243263411188
 0.1173,0.006154124914610774
 0.1174,0.008259592771719743
 0.1175,0.010466742393768725
 0.1176,0.01267908785956504
 0.1177,0.0147999727718846
 0.1177,0.01673678954638068
 0.1178,0.01840501286980223
 0.1179,0.019731873474003694
 0.1180,0.020659515159144156
 0.1181,0.02114750104451763
 0.1182,0.021174563263471776
 0.1182,0.02073952256233224
 0.1183,0.019861339253933692
 0.1184,0.01857829339921548
 0.1185,0.01694632858620117
 0.1186,0.015036628890560204
 0.1187,0.01293253122621465
 0.1187,0.010725904063194326
 0.1188,0.008513147198681056
 0.1189,0.00639098483159054
 0.1190,0.004452234692264352
 0.1191,0.002781738713779896
 0.1192,0.0014526352848167029
 0.1192,0.0005231394489373206
 0.1193,3.397587909981963e-05
 0.1194,6.580862322839387e-06
 0.1195,0.0004421551226881035
 0.1196,0.001321610729301982
 0.1197,0.002606414519221144
 0.1197,0.004240289523114534
 0.1198,0.006151696931502624
 0.1199,0.008256986147049606
 0.1200,0.010464071110071051
 0.1201,0.012676468658317477
 0.1202,0.014797520051521034
 0.1202,0.01673461037423117
 0.1203,0.01840320232389905
 0.1204,0.01973051051471596
 0.1205,0.020658659206461344
 0.1206,0.021147189405807364
 0.1207,0.021174809519945433
 0.1207,0.020740315981939872
 0.1208,0.0198626452553281
 0.1209,0.018580055047338628
 0.1210,0.016948469056693803
 0.1211,0.015039054799305583
 0.1212,0.012935136683281325
 0.1212,0.010728575278523434
 0.1213,0.00851576744223333
 0.1214,0.0063934395333259866
 0.1215,0.004454416459478392
 0.1216,0.0027835520448769068
 0.1217,0.0014540007698079307
 0.1217,0.0005239972684982016
 0.1218,3.428844429767487e-05
 0.1219,6.334474995438992e-06
 0.1220,0.0004413605807991245
 0.1221,0.0013203028497319352
 0.1222,0.0026046505996519657
 0.1222,0.0042381468132472976
 0.1223,0.006149269228610308
 0.1224,0.008254379669518325
 0.1225,0.010461399834047777
 0.1226,0.012673849325021799
 0.1227,0.014795067065253171
 0.1227,0.01673243081399433
 0.1228,0.018401391284704756
 0.1229,0.019729146978489227
 0.1230,0.020657802618365848
 0.1231,0.02114687710091057
 0.1232,0.021175055108486964
 0.1232,0.02074110876098805
 0.1233,0.01986395067146811
 0.1234,0.018581816191038426
 0.1235,0.016950609125614354
 0.1236,0.015041480426916215
 0.1237,0.012937741991985004
 0.1237,0.010731246484830924
 0.1238,0.008518387816564783
 0.1239,0.006395894499992803
 0.1240,0.004456598614294804
 0.1241,0.0027853658693142817
 0.1242,0.0014553668322975198
 0.1242,0.0005248557244686481
 0.1243,3.4601676927547534e-05
 0.1244,6.088756855462309e-06
 0.1245,0.00044056668055182213
 0.1246,0.0013189955561391806
 0.1247,0.002602887184729473
 0.1247,0.0042360045046519025
 0.1248,0.006146841806101681
 0.1249,0.008251773339267066
 0.1250,0.01045872856585635
 0.1251,0.012671229859865494
 0.1252,0.01479261381324597
 0.1252,0.01673025086580827
 0.1253,0.018399579752344793
 0.1254,0.019727782865417685
 0.1255,0.020656945394903647
 0.1256,0.021146564129841693
 0.1257,0.021175300029093458
 0.1257,0.020741900899426582
 0.1258,0.019865255502263836
 0.1259,0.018583576830193703
 0.1260,0.016952748792828497
 0.1261,0.01504390577323576
 0.1262,0.012940347152164949
 0.1262,0.01073391768192876
 0.1263,0.008521008321486131
 0.1264,0.006398349731452897
 0.1265,0.004458781156562646
 0.1266,0.0027871801869611594
 0.1267,0.0014567334722040014
 0.1267,0.0005257148167857494
 0.1268,3.49155769509067e-05
 0.1269,5.843707921433047e-06
 0.1270,0.00043977342198944465
 0.1271,0.0013176888485880362
 0.1272,0.0026011242745796687
 0.1272,0.004233862597480457
 0.1273,0.006144414664131483
 0.1274,0.008249167156472649
 0.1275,0.01045605730567711
 0.1276,0.012668610262994295
 0.1277,0.014790160295640772
 0.1277,0.016728070529811893
 0.1278,0.01839776772691535
 0.1279,0.01972641817556667
 0.1280,0.0206560875361436
 0.1281,0.021146250492628783
 0.1282,0.02117554428173281
 0.1282,0.020742692397210657
 0.1283,0.0198665597476286
 0.1284,0.018585336964688844
 0.1285,0.016954888058200862
 0.1286,0.015046330838120082
 0.1287,0.012942952163639089
 0.1287,0.010736588869657065
 0.1288,0.008523628956869882
 0.1289,0.006400805227536131
 0.1290,0.004460964086139916
 0.1291,0.0027889949977239906
 0.1292,0.0014581006894508772
 0.1292,0.0005265745453911072
 0.1293,3.5230144368533e-05
 0.1294,5.5993282065452325e-06
 0.1295,0.000438980805151789
 0.1296,0.001316382727183155
 0.1297,0.0025993618692961673
 0.1297,0.004231721091834825
 0.1298,0.0061419878028460455
 0.1299,0.008246561121302537
 0.1300,0.010453386053670318
 0.1301,0.012665990534586285
 0.1302,0.014787706512608434
 0.1302,0.016725889806139357
 0.1303,0.018395955208542418
 0.1304,0.019725052909035173
 0.1305,0.020655229042129814
 0.1306,0.021145936189289113
 0.1307,0.021175787866396737
 0.1307,0.02074348325428674
 0.1308,0.019867863407494066
 0.1309,0.01858709659441604
 0.1310,0.016957026921597947
 0.1311,0.015048755621396495
 0.1312,0.012945557026257106
 0.1312,0.010739260047837117
 0.1313,0.008526249722522992
 0.1314,0.006403260988102696
 0.1315,0.004463147402896787
 0.1316,0.0027908103014649363
 0.1317,0.0014594684839455423
 0.1317,0.0005274349102408653
 0.1318,3.55453791321958e-05
 0.1319,5.355617745735762e-06
 0.1320,0.0004381888301081285
 0.1321,0.001315077191984628
 0.1322,0.0025975999690121964
 0.1322,0.004229579987876581
 0.1323,0.006139561222395806
 0.1324,0.008243955233909863
 0.1325,0.01045071481001446
 0.1326,0.012663370674789384
 0.1327,0.014785252464286481
 0.1327,0.01672370869492896
 0.1328,0.01839414219733571
 0.1329,0.019723687065918358
 0.1330,0.020654369912916633
 0.1331,0.021145621219831615
 0.1332,0.02117603078307986
 0.1332,0.02074427347060914
 0.1333,0.019869166481753638
 0.1334,0.0185888557192725
 0.1335,0.016959165382880646
 0.1336,0.01505118012292361
 0.1337,0.01294816173985276
 0.1337,0.010741931216310915
 0.1338,0.008528870618280001
 0.1339,0.006405717012988591
 0.1340,0.004465331106697182
 0.1341,0.002792626098072303
 0.1342,0.0014608368555974883
 0.1342,0.0005282959112817192
 0.1343,3.586128124836443e-05
 0.1344,5.112576529489061e-06
 0.1345,0.00043739749690581544
 0.1346,0.0013137722430886145
 0.1347,0.0025958385738083806
 0.1347,0.00422743928573425
 0.1348,0.006137134922948686
 0.1349,0.00824134949446215
 0.1350,0.010448043574866771
 0.1351,0.012660750683787015
 0.1352,0.014782798150833679
 0.1352,0.01672152719632071
 0.1353,0.01839232869342523
 0.1354,0.019722320646282848
 0.1355,0.020653510148553485
 0.1356,0.021145305584296437
 0.1357,0.021176273031747028
 0.1357,0.020745063046119987
 0.1358,0.019870468970358653
 0.1359,0.018590614339133758
 0.1360,0.016961303441917458
 0.1361,0.015053604342555645
 0.1362,0.01295076630425121
 0.1362,0.010744602374904162
 0.1363,0.008531491643995706
 0.1364,0.006408173302038847
 0.1365,0.004467515197389206
 0.1366,0.002794442387446728
 0.1367,0.0014622058043197656
 0.1367,0.0005291575484413103
 0.1368,3.6177850691988724e-05
 0.1369,4.870204576584994e-06
 0.1370,0.0004366068055791994
 0.1371,0.001312467880585141
 0.1372,0.002594077683820745
 0.1372,0.00422529898553131
 0.1373,0.006134708904646605
 0.1374,0.008238743903137365
 0.1375,0.010445372348397888
 0.1376,0.012658130561746129
 0.1377,0.01478034357241629
 0.1377,0.016719345310432825
 0.1378,0.018390514696906557
 0.1379,0.01972095365023375
 0.1380,0.020652649749102112
 0.1381,0.021144989282688372
 0.1382,0.021176514612402733
 0.1382,0.02074585198076803
 0.1383,0.019871770873200776
 0.1384,0.018592372453909912
 0.1385,0.01696344109857507
 0.1386,0.015056028280121515
 0.1387,0.012953370719315887
 0.1387,0.010747273523451673
 0.1388,0.008534112799474771
 0.1389,0.006410629855109351
 0.1390,0.0044696996748499595
 0.1391,0.0027962591694530104
 0.1392,0.0014635753300345556
 0.1392,0.000530019821689724
 0.1393,3.649508742993731e-05
 0.1394,4.628501915329269e-06
 0.1395,0.0004358167561983161
 0.1396,0.0013111641045353904
 0.1397,0.0025923172991568744
 0.1397,0.004223159087415849
 0.1398,0.006132283167639831
 0.1399,0.008236138460087788
 0.1400,0.010442701130784653
 0.1401,0.012655510308812758
 0.1402,0.01477788872917106
 0.1402,0.016717163037440207
 0.1403,0.01838870020789276
 0.1404,0.01971958607784089
 0.1405,0.020651788714622678
 0.1406,0.021144672315028274
 0.1407,0.0211767555250232
 0.1407,0.02074664027452015
 0.1408,0.019873072190200937
 0.1409,0.018594130063458315
 0.1410,0.016965578352715
 0.1411,0.015058451935490364
 0.1412,0.01295597498484884
 0.1412,0.010749944661778534
 0.1413,0.008536734084576492
 0.1414,0.006413086672019596
 0.1415,0.004471884538934326
 0.1416,0.0027980764439992424
 0.1417,0.0014649454326482788
 0.1417,0.0005308827309449989
 0.1418,3.681299145481267e-05
 0.1419,4.387468553889702e-06
 0.1420,0.0004350273487864583
 0.1421,0.0013098609150435018
 0.1422,0.0025905574199242666
 0.1422,0.004221019591511899
 0.1423,0.006129857712089299
 0.1424,0.008233533165481723
 0.1425,0.010440029922186088
 0.1426,0.012652889925173421
 0.1427,0.014775433621269323
 0.1427,0.016714980377443074
 0.1428,0.01838688522651728
 0.1429,0.019718217929207364
 0.1430,0.0206509270451457
 0.1431,0.021144354681338698
 0.1432,0.021176995769594625
 0.1432,0.020747427927304447
 0.1433,0.019874372921286573
 0.1434,0.01859588716770499
 0.1435,0.016967715204210684
 0.1436,0.015060875308497595
 0.1437,0.012958579100709466
 0.1437,0.010752615789712233
 0.1438,0.008539355499112894
 0.1439,0.006415543752643462
 0.1440,0.004474069789505984
 0.1441,0.0027998942109497497
 0.1442,0.0014663161120781404
 0.1442,0.0005317462761830741
 0.1443,3.7131562737830436e-05
 0.1444,4.1471045114712e-06
 0.1445,0.00043423858342633045
 0.1446,0.0013085583121668853
 0.1447,0.00258879804623562
 0.1447,0.004218880497972784
 0.1448,0.006127432538137979
 0.1449,0.00823092801948375
 0.1450,0.01043735872278405
 0.1451,0.012650269410970272
 0.1452,0.014772978248864678
 0.1452,0.016712797330608053
 0.1453,0.018385069752860576
 0.1454,0.019716849204410424
 0.1455,0.020650064740756507
 0.1456,0.021144036381633487
 0.1457,0.02117723534610137
 0.1457,0.020748214939101825
 0.1458,0.01987567306636384
 0.1459,0.01859764376650616
 0.1460,0.016969851652932542
 0.1461,0.015063298398980388
 0.1462,0.0129611830667171
 0.1462,0.010755286907115164
 0.1463,0.008541977042936171
 0.1464,0.006418001096792485
 0.1465,0.004476255426431856
 0.1466,0.002801712470199189
 0.1467,0.001467687368220123
 0.1467,0.0005326104573310803
 0.1468,3.7450801267821044e-05
 0.1469,3.90740979386904e-06
 0.1470,0.0004334504601474378
 0.1471,0.001307256296016523
 0.1472,0.0025870391782038763
 0.1472,0.004216741806924089
 0.1473,0.006125007645959331
 0.1474,0.008228323022244662
 0.1475,0.010434687532729555
 0.1476,0.01264764876639145
 0.1477,0.014770522612105085
 0.1477,0.016710613897052775
 0.1478,0.01838325378707426
 0.1479,0.019715479903533856
 0.1480,0.020649201801478653
 0.1481,0.02114371741594804
 0.1482,0.021177474254529982
 0.1482,0.020749001309830605
 0.1483,0.019876972625364187
 0.1484,0.01859939985977535
 0.1485,0.016971987698715267
 0.1486,0.015065721206800711
 0.1487,0.01296378688272227
 0.1487,0.010757958013784083
 0.1488,0.008544598715873219
 0.1489,0.006420458704339082
 0.1490,0.004478441449557629
 0.1491,0.002803531221629297
 0.1492,0.0014690592010130005
 0.1492,0.0005334752743401409
 0.1493,3.77707070169694e-05
 0.1494,3.6683844191595427e-06
 0.1495,0.0004326629790031603
 0.1496,0.001305954866650334
 0.1497,0.002585280815930621
 0.1497,0.00421460351849286
 0.1498,0.006122583035689855
 0.1499,0.008225718173954191
 0.1500,0.010432016352203899
 0.1501,0.012645027991593394
 0.1502,0.014768066711137515
 0.1502,0.016708430076923506
 0.1503,0.01838143732925826
 0.1504,0.01971411002665811
 0.1505,0.020648338227388388
 0.1506,0.021143397784293996
 0.1507,0.02117771249485786
 0.1507,0.020749787039454466
 0.1508,0.01987827159820186
 0.1509,0.018601155447390223
 0.1510,0.016974123341444988
 0.1511,0.015068143731801513
 0.1512,0.012966390548555813
 0.1512,0.010760629109553655
 0.1513,0.008547220517757135
 0.1514,0.0064229165751134515
 0.1515,0.004480627858759489
 0.1516,0.002805350465127102
 0.1517,0.0014704316103595963
 0.1517,0.000534340727140542
 0.1518,3.809127997160056e-05
 0.1519,3.430028411344572e-06
 0.1520,0.00043187614004861505
 0.1521,0.0013046540241707799
 0.1522,0.0025835229595380007
 0.1522,0.004212465632828287
 0.1523,0.006120158707484872
 0.1524,0.008223113474753848
 0.1525,0.010429345181363996
 0.1526,0.012642407086742895
 0.1527,0.014765610546139129
 0.1527,0.016706245870358596
 0.1528,0.018379620379516754
 0.1529,0.019712739573887045
 0.1530,0.02064747401853615
 0.1531,0.02114307748668343
 0.1532,0.021177950067078937
 0.1532,0.02075057212792604
 0.1533,0.019879569984792074
 0.1534,0.0186029105292396
 0.1535,0.016976258580994257
 0.1536,0.015070565973832491
 0.1537,0.012968994064047938
 0.1537,0.010763300194268941
 0.1538,0.008549842448433868
 0.1539,0.00642537470898088
 0.1540,0.0044828146538846
 0.1541,0.0028071702005747863
 0.1542,0.0014718045961716367
 0.1542,0.0005352068156882141
 0.1543,3.841252010112974e-05
 0.1544,3.192341783641515e-06
 0.1545,0.00043108994332112657
 0.1546,0.0013033537686355382
 0.1547,0.0025817656091419753
 0.1547,0.00421032815005957
 0.1548,0.00611773466150339
 0.1549,0.008220508924830068
 0.1550,0.010426674020391914
 0.1551,0.012639786052000092
 0.1552,0.014763154117248517
 0.1552,0.01670406127749929
 0.1553,0.018377802937978673
 0.1554,0.019711368545293474
 0.1555,0.020646609174971582
 0.1556,0.02114275652314709
 0.1557,0.021178186971174167
 0.1557,0.020751356575202086
 0.1558,0.01988086778505496
 0.1559,0.018604665105216217
 0.1560,0.016978393417214518
 0.1561,0.015072987932729244
 0.1562,0.012971597429030084
 0.1562,0.010765971267751973
 0.1563,0.008552464507719829
 0.1564,0.006427833105758762
 0.1565,0.004485001834815124
 0.1566,0.0028089904278596114
 0.1567,0.0014731781583586768
 0.1567,0.0005360735399404226
 0.1568,3.873442739809208e-05
 0.1569,2.9553245386809782e-06
 0.1570,0.00043030438888190807
 0.1571,0.0013020541001490702
 0.1572,0.0025800087648375977
 0.1572,0.004208191070319232
 0.1573,0.0061153108978859675
 0.1574,0.008217904524330721
 0.1575,0.010424002869457626
 0.1576,0.012637164887529891
 0.1577,0.014760697424617115
 0.1577,0.016701876298474066
 0.1578,0.01837598500475202
 0.1579,0.01970999694096431
 0.1580,0.02064574369675516
 0.1581,0.021142434893702603
 0.1582,0.021178423207122078
 0.1582,0.020752140381215277
 0.1583,0.019882164998905705
 0.1584,0.018606419175205533
 0.1585,0.016980527849983988
 0.1586,0.015075409608356464
 0.1587,0.012974200643349388
 0.1587,0.010768642329846851
 0.1588,0.008555086695466941
 0.1589,0.006430291765300572
 0.1590,0.004487189401398097
 0.1591,0.002810811146870442
 0.1592,0.001474552296840064
 0.1592,0.000536940899826391
 0.1593,3.9057001835783914e-05
 0.1594,2.718976704512925e-06
 0.1595,0.00042951947678328446
 0.1596,0.0013007550187896792
 0.1597,0.002578252426748997
 0.1597,0.004206054393739072
 0.1598,0.006112887416803516
 0.1599,0.008215300273434487
 0.1600,0.01042133172872129
 0.1601,0.012634543593499923
 0.1602,0.014758240468416554
 0.1602,0.01669969093342596
 0.1603,0.018374166579952673
 0.1604,0.019708624760993908
 0.1605,0.0206448775839319
 0.1606,0.021142112598370455
 0.1607,0.021178658774931133
 0.1607,0.020752923545931484
 0.1608,0.01988346162626331
 0.1609,0.01860817273910805
 0.1610,0.01698266187915952
 0.1611,0.015077831000544528
 0.1612,0.012976803706844226
 0.1612,0.010771313380364541
 0.1613,0.00855770901149686
 0.1614,0.006432750687468898
 0.1615,0.0044893773535036935
 0.1616,0.0028126323574811647
 0.1617,0.0014759270115290732
 0.1617,0.0005378088953039837
 0.1618,3.938024337955066e-05
 0.1619,2.4832982913078358e-06
 0.1620,0.00042873520706868297
 0.1621,0.001299456524633752
 0.1622,0.002576496594977008
 0.1622,0.0042039181204751004
 0.1623,0.006110464218397292
 0.1624,0.00821269617228247
 0.1625,0.01041866059835397
 0.1626,0.012631922170084143
 0.1627,0.014755783248788082
 0.1627,0.016697505182493872
 0.1628,0.018372347663696487
 0.1629,0.01970725200546328
 0.1630,0.020644010836567087
 0.1631,0.021141789637167258
 0.1632,0.0211788936745555
 0.1632,0.020753706069291673
 0.1633,0.01988475766704772
 0.1634,0.018609925796802557
 0.1635,0.016984795504612942
 0.1636,0.015080252109158662
 0.1637,0.012979406619328292
 0.1637,0.010773984419151263
 0.1638,0.008560331455650239
 0.1639,0.006435209872076135
 0.1640,0.004491565690983881
 0.1641,0.002814454059583767
 0.1642,0.0014773023023257176
 0.1642,0.0005386775262978586
 0.1643,3.970415203999203e-05
 0.1644,2.2482893071668083e-06
 0.1645,0.00042795157978731336
 0.1646,0.0012981586177692565
 0.1647,0.0025747412696411048
 0.1647,0.004201782250634042
 0.1648,0.006108041302830859
 0.1649,0.008210092221061248
 0.1650,0.010415989478517958
 0.1651,0.012629300617449052
 0.1652,0.014753325765888649
 0.1652,0.01669531904580601
 0.1653,0.018370528256100138
 0.1654,0.019705878674455894
 0.1655,0.020643143454696835
 0.1656,0.021141466010119542
 0.1657,0.021179127906002154
 0.1657,0.020754487951245792
 0.1658,0.019886053121180837
 0.1659,0.01861167834818149
 0.1660,0.016986928726191883
 0.1661,0.015082672934030901
 0.1662,0.012982009380673806
 0.1662,0.010776655446027773
 0.1663,0.008562954027756859
 0.1664,0.006437669319006361
 0.1665,0.004493754413701349
 0.1666,0.0028162762530556306
 0.1667,0.0014786781691664278
 0.1667,0.000539546792769594
 0.1668,4.002872777023633e-05
 0.1669,2.013949788873014e-06
 0.1670,0.00042716859498389854
 0.1671,0.001296861298266698
 0.1672,0.0025729864508564453
 0.1672,0.004199646784367636
 0.1673,0.006105618670237688
 0.1674,0.008207488419936872
 0.1675,0.01041331836939854
 0.1676,0.01262667893573905
 0.1677,0.014750868019887184
 0.1677,0.01669313252351449
 0.1678,0.01836870835726588
 0.1679,0.01970450476806558
 0.1680,0.02064227543840434
 0.1681,0.021141141717241813
 0.1682,0.021179361469244658
 0.1682,0.020755269191762845
 0.1683,0.019887347988569178
 0.1684,0.01861343039313163
 0.1685,0.01698906154378315
 0.1686,0.015085093475017169
 0.1687,0.012984611990677155
 0.1687,0.010779326460839983
 0.1688,0.008565576727648728
 0.1689,0.006440129028056846
 0.1690,0.004495943521531371
 0.1691,0.00281809893780149
 0.1692,0.0014800546119439328
 0.1692,0.000540416694659971
 0.1693,4.035397056633403e-05
 0.1694,1.780279722580385e-06
 0.1695,0.0004263862527217962
 0.1696,0.00129556456622937
 0.1697,0.002571232138720684
 0.1697,0.004197511721813311
 0.1698,0.006103196320790676
 0.1699,0.008204884769054455
 0.1700,0.010410647271140149
 0.1701,0.01262405712513807
 0.1702,0.01474841001091741
 0.1702,0.016690945615747976
 0.1703,0.018366887967322814
 0.1704,0.01970313028638069
 0.1705,0.020641406787724567
 0.1706,0.0211408167585569
 0.1707,0.02117959436428226
 0.1707,0.02075604979077318
 0.1708,0.01988864226914766
 0.1709,0.018615181931546737
 0.1710,0.01699119395724112
 0.1711,0.015087513731960241
 0.1712,0.01298721444920211
 0.1712,0.01078199746341015
 0.1713,0.008568199555165329
 0.1714,0.006442588999105003
 0.1715,0.004498133014320194
 0.1716,0.002819922113678609
 0.1717,0.0014814316305770034
 0.1717,0.0005412872319181844
 0.1718,4.0679880389642e-05
 0.1719,1.5472791468607142e-06
 0.1720,0.00042560455304465613
 0.1721,0.0012942684217147134
 0.1722,0.002569478333346604
 0.1722,0.004195377063101386
 0.1723,0.006100774254639591
 0.1724,0.00820228126858289
 0.1725,0.01040797618393796
 0.1726,0.0126214351858097
 0.1727,0.014745951739145792
 0.1727,0.016688758322647664
 0.1728,0.018365067086384898
 0.1729,0.019701755229472543
 0.1730,0.020640537502717313
 0.1731,0.021140491134088155
 0.1732,0.021179826591084736
 0.1732,0.020756829748240495
 0.1733,0.01988993596282168
 0.1734,0.018616932963316644
 0.1735,0.016993325966431553
 0.1736,0.015089933704702095
 0.1737,0.012989816756074593
 0.1737,0.010784668453574068
 0.1738,0.008570822510142722
 0.1739,0.006445049231980298
 0.1740,0.004500322891931422
 0.1741,0.0028217457805949893
 0.1742,0.0014828092249807897
 0.1742,0.0005421584044795385
 0.1743,4.100645724396915e-05
 0.1744,1.3149480602076723e-06
 0.1745,0.0004248234959871779
 0.1746,0.0012929728648267038
 0.1747,0.0025677250348618876
 0.1747,0.004193242808363935
 0.1748,0.0060983524719282626
 0.1749,0.008199677918706393
 0.1750,0.010405305107940493
 0.1751,0.012618813117909378
 0.1752,0.01474349320472674
 0.1752,0.0166865706443485
 0.1753,0.018363245714553802
 0.1754,0.019700379597437742
 0.1755,0.02063966758343768
 0.1756,0.021140164843854867
 0.1757,0.021180058149641766
 0.1757,0.020757609064103923
 0.1758,0.019891229069520545
 0.1759,0.018618683488321373
 0.1760,0.016995457571223928
 0.1761,0.015092353393108106
 0.1762,0.012992418911116516
 0.1762,0.010787339431151064
 0.1763,0.008573445592413857
 0.1764,0.006447509726540157
 0.1765,0.004502513154226546
 0.1766,0.002823569938426034
 0.1767,0.0014841873950692443
 0.1767,0.0005430302122950821
 0.1768,4.133370109211346e-05
 0.1769,1.0832864850089704e-06
 0.1770,0.0004240430816226151
 0.1771,0.0012916778956301703
 0.1772,0.0025659722433636926
 0.1772,0.004191108957729427
 0.1773,0.006095930972823689
 0.1774,0.0081970747195764
 0.1775,0.010402634043323271
 0.1776,0.012616190921613262
 0.1777,0.014741034407818838
 0.1777,0.01668438258099567
 0.1778,0.018361423851954137
 0.1779,0.019699003390373785
 0.1780,0.020638797029932737
 0.1781,0.02113983788786694
 0.1782,0.02118028903994543
 0.1782,0.02075838773832128
 0.1783,0.019892521589148116
 0.1784,0.01862043350646654
 0.1785,0.016997588771489523
 0.1786,0.015094772797002502
 0.1787,0.01299502091418685
 0.1787,0.010790010395986852
 0.1788,0.008576068801807333
 0.1789,0.00644997048262763
 0.1790,0.004504703801079137
 0.1791,0.0028253945870467864
 0.1792,0.0014855661407468426
 0.1792,0.0005439026553104682
 0.1793,4.16616119106514e-05
 0.1794,8.522944241277423e-07
 0.1795,0.00042326330999336887
 0.1796,0.0012903835142249304
 0.1797,0.0025642199589552524
 0.1797,0.004188975511347098
 0.1798,0.0060935097574672855
 0.1799,0.008194471671352982
 0.1800,0.010399962990260064
 0.1801,0.012613568597087921
 0.1802,0.014738575348573833
 0.1802,0.01668219413271051
 0.1803,0.018359601498707596
 0.1804,0.019697626608353586
 0.1805,0.02063792584226357
 0.1806,0.021139510266158474
 0.1807,0.021180519261975447
 0.1807,0.020759165770841567
 0.1808,0.01989381352163108
 0.1809,0.01862218301764322
 0.1810,0.016999719567076726
 0.1811,0.015097191916243903
 0.1812,0.012997622765111674
 0.1812,0.010792681347900346
 0.1813,0.008578692138168337
 0.1814,0.0064524315000801385
 0.1815,0.004506894832333013
 0.1816,0.0028272197263475374
 0.1817,0.0014869454619360965
 0.1817,0.0005447757334647997
 0.1818,4.1990189681254965e-05
 0.1819,6.219719243923333e-07
 0.1820,0.0004224841811382282
 0.1821,0.001289089720668848
 0.1822,0.00256246818176927
 0.1822,0.0041868424693568135
 0.1823,0.006091088826014185
 0.1824,0.00819186877420861
 0.1825,0.010397291948916665
 0.1826,0.012610946144481541
 0.1827,0.014736116027139297
 0.1827,0.016680005299660353
 0.1828,0.01835777865491288
 0.1829,0.019696249251461167
 0.1830,0.02063705402049124
 0.1831,0.021139181978751913
 0.1832,0.021180748815719883
 0.1832,0.02075994316161911
 0.1833,0.019895104866891115
 0.1834,0.01862393202171841
 0.1835,0.017001849957867382
 0.1836,0.015099610750686648
 0.1837,0.013000224463724439
 0.1837,0.010795352286731648
 0.1838,0.00858131560132009
 0.1839,0.0064548927787392695
 0.1840,0.0045090862478685215
 0.1841,0.0028290453562271416
 0.1842,0.0014883253585428202
 0.1842,0.0005456494467102452
 0.1843,4.2319434394095645e-05
 0.1844,3.923189665099079e-07
 0.1845,0.0004217056951122876
 0.1846,0.001287796515066037
 0.1847,0.0025607169119016056
 0.1847,0.004184709831874619
 0.1848,0.006088668178622874
 0.1849,0.008189266028306594
 0.1850,0.010394620919461545
 0.1851,0.01260832356398496
 0.1852,0.014733656443681267
 0.1852,0.016677816081957623
 0.1853,0.018355955320696133
 0.1854,0.01969487131979452
 0.1855,0.02063618156467052
 0.1856,0.021138853025654103
 0.1857,0.02118097770115683
 0.1857,0.020760719910608964
 0.1858,0.019896395624845332
 0.1859,0.018625680518589018
 0.1860,0.017003979943726665
 0.1861,0.015102029300180479
 0.1862,0.013002826009860597
 0.1862,0.010798023212308867
 0.1863,0.008583939191100818
 0.1864,0.006457354318450613
 0.1865,0.00451127804752612
 0.1866,0.0028308714765545705
 0.1867,0.0014897058304840752
 0.1867,0.0005465237949865666
 0.1868,4.2649346021004565e-05
 0.1869,1.6333557650287676e-07
 0.1870,0.0004209278519668124
 0.1871,0.0012865038974913612
 0.1872,0.00255896614946695
 0.1872,0.004182577599044352
 0.1873,0.006086247815436348
 0.1874,0.00818666343380132
 0.1875,0.010391949902059164
 0.1876,0.012605700855752813
 0.1877,0.014731196598346279
 0.1877,0.01667562647974249
 0.1878,0.01835413149616639
 0.1879,0.019693492813437286
 0.1880,0.020635308474845054
 0.1881,0.02113852340689404
 0.1882,0.021181205918286167
 0.1882,0.020761496017744904
 0.1883,0.01989768579541093
 0.1884,0.018627428508158392
 0.1885,0.017006109524506433
 0.1886,0.015104447564555047
 0.1887,0.013005427403366899
 0.1887,0.010800694124467363
 0.1888,0.008586562907346348
 0.1889,0.006459816119064192
 0.1890,0.004513470231182192
 0.1891,0.002832698087219029
 0.1892,0.001491086877666052
 0.1892,0.0005473987782365242
 0.1893,4.297992453928699e-05
 0.1894,-6.497822805150513e-08
 0.1895,0.0004201506517518438
 0.1896,0.0012852118680210661
 0.1897,0.0025572158945727968
 0.1897,0.004180445771004954
 0.1898,0.006083827736620332
 0.1899,0.008184060990870781
 0.1900,0.010389278896887113
 0.1901,0.012603078019943377
 0.1902,0.014728736491304876
 0.1902,0.016673436493164027
 0.1903,0.018352307181445093
 0.1904,0.01969211373246762
 0.1905,0.02063443475107504
 0.1906,0.02113819312249276
 0.1907,0.021181433467082348
 0.1907,0.020762271482992832
 0.1908,0.019898975378505265
 0.1909,0.018629175990310522
 0.1910,0.017008238700080523
 0.1911,0.015106865543658065
 0.1912,0.013008028644064399
 0.1912,0.010803365023028783
 0.1913,0.008589186749881437
 0.1914,0.006462278180432455
 0.1915,0.004515662798699126
 0.1916,0.002834525188096756
 0.1917,0.0014924685000076545
 0.1917,0.0005482743964158039
 0.1918,4.331116992742888e-05
 0.1919,-2.926224393199855e-07
 0.1920,0.0004193740945179623
 0.1921,0.0012839204267461612
 0.1922,0.002555466147330188
 0.1922,0.004178314347879405
 0.1923,0.006081407942323187
 0.1924,0.00818145869967065
 0.1925,0.010386607904096543
 0.1926,0.012600455056722717
 0.1927,0.014726276122693956
 0.1927,0.01667124612235437
 0.1928,0.01835048237664335
 0.1929,0.019690734076980312
 0.1930,0.020633560393418272
 0.1931,0.021137862172474178
 0.1932,0.021181660347526686
 0.1932,0.020763046306306432
 0.1933,0.019900264374053452
 0.1934,0.018630922964932132
 0.1935,0.01701036747031469
 0.1936,0.015109283237354184
 0.1937,0.013010629731799709
 0.1937,0.010806035907834969
 0.1938,0.00859181071855571
 0.1939,0.00646474050237218
 0.1940,0.004517855749922077
 0.1941,0.002836352779086935
 0.1942,0.0014938506974223609
 0.1942,0.0005491506494590174
 0.1943,4.364308216701072e-05
 0.1944,-5.195970320426323e-07
 0.1945,0.00041859818030782906
 0.1946,0.001282629573737128
 0.1947,0.0025537169078608526
 0.1947,0.004176183329827669
 0.1948,0.006078988432687378
 0.1949,0.008178856560367397
 0.1950,0.010383936923879159
 0.1951,0.012597831966271627
 0.1952,0.014723815492678715
 0.1952,0.016669055367452897
 0.1953,0.018348657081871965
 0.1954,0.019689353847057747
 0.1955,0.020632685401928388
 0.1956,0.021137530556854137
 0.1957,0.021181886559622748
 0.1957,0.020763820487625487
 0.1958,0.019901552781964413
 0.1959,0.018632669431912243
 0.1960,0.017012495835074228
 0.1961,0.015111700645485358
 0.1962,0.013013230666397651
 0.1962,0.010808706778712205
 0.1963,0.008594434813201173
 0.1964,0.0064672030847568035
 0.1965,0.0045200490847208735
 0.1966,0.0028381808600693795
 0.1967,0.0014952334698241144
 0.1967,0.0005500275373047948
 0.1968,4.397566124123031e-05
 0.1969,-7.459020024757295e-07
 0.1970,0.00041782290917413863
 0.1971,0.001281339309086545
 0.1972,0.0025519681762586717
 0.1972,0.004174052716945836
 0.1973,0.006076569207891301
 0.1974,0.008176254573137176
 0.1975,0.010381265956386762
 0.1976,0.012595208748744294
 0.1977,0.014721354601418043
 0.1977,0.016666864228594896
 0.1978,0.018346831297258382
 0.1979,0.01968797304280274
 0.1980,0.020631809776656268
 0.1981,0.02113719827565225
 0.1982,0.021182112103340887
 0.1982,0.02076459402690443
 0.1983,0.019902840602157173
 0.1984,0.01863441539115219
 0.1985,0.017014623794229123
 0.1986,0.015114117767881822
 0.1987,0.013015831447704653
 0.1987,0.010811377635500627
 0.1988,0.00859705903363828
 0.1989,0.006469665927406188
 0.1990,0.004522242802968649
 0.1991,0.0028400094309182977
 0.1992,0.0014966168171168927
 0.1992,0.0005509050599127268
 0.1993,4.4308907116259884e-05
 0.1994,-9.715373303668072e-07
 0.1995,0.00041704828116710863
 0.1996,0.001280049632869559
 0.1997,0.0025502199526463115
 0.1997,0.004171922509401348
 0.1998,0.006074150268059322
 0.1999,0.008173652738123333
 0.2000,0.010378595001798373
 0.2001,0.012592585404307627
 0.2002,0.014718893449051997
 0.2002,0.016664672705918968
 0.2003,0.01834500502290165
 0.2004,0.019686591664283912
 0.2005,0.020630933517658993
 0.2006,0.021136865328888383
 0.2007,0.021182336978678776
 0.2007,0.020765366924100526
 0.2008,0.01990412783456415
 0.2009,0.018636160842530714
 0.2010,0.017016751347637964
 0.2011,0.015116534604410795
 0.2012,0.01301843207555753
 0.2012,0.010814048478015613
 0.2013,0.008599683379708222
 0.2014,0.006472129030197492
 0.2015,0.004524436904513091
 0.2016,0.002841838491517806
 0.2017,0.0014980007392147068
 0.2017,0.0005517832172203118
 0.2018,4.464281977787027e-05
 0.2019,-1.1965030014605925e-06
 0.2020,0.0004162742963400476
 0.2021,0.001278760545166285
 0.2022,0.0025484722371285464
 0.2022,0.004169792707323443
 0.2023,0.006071731613360836
 0.2024,0.008171051055503264
 0.2025,0.010375924060278936
 0.2026,0.012589961933123821
 0.2027,0.014716432035748876
 0.2027,0.016662480799580114
 0.2028,0.01834317825893349
 0.2029,0.01968520971158507
 0.2030,0.0206300566250018
 0.2031,0.021136531716591692
 0.2032,0.02118256118560062
 0.2032,0.020766139179160512
 0.2033,0.019905414479095367
 0.2034,0.01863790578593485
 0.2035,0.017018878495177206
 0.2036,0.015118951154923321
 0.2037,0.013021032549772316
 0.2037,0.010816719306092156
 0.2038,0.008602307851262266
 0.2039,0.006474592392937762
 0.2040,0.004526631389205169
 0.2041,0.002843668041773887
 0.2042,0.0014993852360420115
 0.2042,0.0005526620091624808
 0.2043,4.4977399212768826e-05
 0.2044,-1.4207990062095805e-06
 0.2045,0.00041550095473069106
 0.2046,0.0012774720460677668
 0.2047,0.002546725029825434
 0.2047,0.004167663310829791
 0.2048,0.006069313243942801
 0.2049,0.008168449525448125
 0.2050,0.010373253131994435
 0.2051,0.012587338335360103
 0.2052,0.014713970361664257
 0.2052,0.01666028850968896
 0.2053,0.01834135100545517
 0.2054,0.019683827184813686
 0.2055,0.020629179098724044
 0.2056,0.021136197438778922
 0.2057,0.021182784724127417
 0.2057,0.020766910792030545
 0.2058,0.01990670053566019
 0.2059,0.018639650221267907
 0.2060,0.017021005236705074
 0.2061,0.015121367419246894
 0.2062,0.01302363287021227
 0.2062,0.010819390119572463
 0.2063,0.008604932448089858
 0.2064,0.006477056015498343
 0.2065,0.004528826256943555
 0.2066,0.002845498081540155
 0.2067,0.0015007703074877842
 0.2067,0.0005535414357077331
 0.2068,4.53126453898345e-05
 0.2069,-1.6444253320371956e-06
 0.2070,0.00041472825639668985
 0.2071,0.001276184135654395
 0.2072,0.002544978330832572
 0.2072,0.004165534320074386
 0.2073,0.006066895159962639
 0.2074,0.008165848148094944
 0.2075,0.01037058221712078
 0.2076,0.012584714611194208
 0.2077,0.01471150842693768
 0.2077,0.016658095836397022
 0.2078,0.0183395232625974
 0.2079,0.019682444084040396
 0.2080,0.020628300938891505
 0.2081,0.02113586249546821
 0.2082,0.02118300759420907
 0.2082,0.020767681762677452
 0.2083,0.019907986004199105
 0.2084,0.018641394148396183
 0.2085,0.01702313157207476
 0.2086,0.01512378339725503
 0.2087,0.013026233036690699
 0.2087,0.010822060918272801
 0.2088,0.008607557170078342
 0.2089,0.006479519897699687
 0.2090,0.00453102150754885
 0.2091,0.0028473286107358548
 0.2092,0.0015021559534859827
 0.2092,0.0005544214967660455
 0.2093,4.5648558295314514e-05
 0.2094,-1.8673819503362349e-06
 0.2095,0.0004139562013792624
 0.2096,0.0012748968139990853
 0.2097,0.0025432321402742465
 0.2097,0.00416340573517463
 0.2098,0.0060644773615722665
 0.2099,0.008163246923643695
 0.2100,0.010367911315805188
 0.2101,0.012582090760775466
 0.2102,0.014709046231754098
 0.2102,0.016655902779835693
 0.2103,0.018337695030443302
 0.2104,0.01968106040936109
 0.2105,0.020627422145554585
 0.2106,0.021135526886682215
 0.2107,0.021183229795853267
 0.2107,0.020768452091037615
 0.2108,0.019909270884608966
 0.2109,0.018643137567236942
 0.2110,0.017025257501177418
 0.2111,0.015126199088765436
 0.2112,0.013028833049067132
 0.2112,0.010824731702038182
 0.2113,0.008610182017025448
 0.2114,0.006481984039408015
 0.2115,0.004533217140905489
 0.2116,0.002849159629218628
 0.2117,0.0015035421739378252
 0.2117,0.0005553021923150187
 0.2118,4.598513790252383e-05
 0.2119,-2.089668861965671e-06
 0.2120,0.00041318478973682447
 0.2121,0.0012736100811848693
 0.2122,0.0025414864582617553
 0.2122,0.004161277556286411
 0.2123,0.006062059848911729
 0.2124,0.008160645852234093
 0.2125,0.010365240428254681
 0.2126,0.012579466784273057
 0.2127,0.014706583776236733
 0.2127,0.016653709340160586
 0.2128,0.018335866309141958
 0.2129,0.01967967616085559
 0.2130,0.02062654271877604
 0.2131,0.021135190612441533
 0.2132,0.021183451329032727
 0.2132,0.02076922177706934
 0.2133,0.019910555176830592
 0.2134,0.018644880477660837
 0.2135,0.01702738302386107
 0.2136,0.015128614493649235
 0.2137,0.01303143290715071
 0.2137,0.010827402470696607
 0.2138,0.008612806988783219
 0.2139,0.00648444844045875
 0.2140,0.004535413156862081
 0.2141,0.002850991136878476
 0.2142,0.0015049289687623511
 0.2142,0.0005561835222818867
 0.2143,4.6322384186177454e-05
 0.2144,-2.311286052688215e-06
 0.2145,0.00041241402151798677
 0.2146,0.0012723239373004925
 0.2147,0.0025397412848877383
 0.2147,0.004159149783537564
 0.2148,0.006059642622166387
 0.2149,0.008158044934037028
 0.2150,0.010362569554609395
 0.2151,0.012576842681865624
 0.2152,0.014704121060564696
 0.2152,0.016651515517499525
 0.2153,0.01833403709879924
 0.2154,0.019678291338616233
 0.2155,0.02062566265859755
 0.2156,0.021134853672772645
 0.2157,0.021183672193749167
 0.2157,0.02076999082071487
 0.2158,0.019911838880760053
 0.2159,0.018646622879576642
 0.2160,0.017029508140004514
 0.2161,0.015131029611740853
 0.2162,0.013034032610798742
 0.2162,0.010830073224081391
 0.2163,0.008615432085173645
 0.2164,0.006486913100694169
 0.2165,0.004537609555291711
 0.2166,0.0028528231336029837
 0.2167,0.0015063163378712453
 0.2167,0.0005570654866118071
 0.2168,4.666029713241667e-05
 0.2169,-2.532233495389177e-06
 0.2170,0.0004116438967634917
 0.2171,0.001271038382418615
 0.2172,0.0025379966202775045
 0.2172,0.004157022417042185
 0.2173,0.006057225681452224
 0.2174,0.008155444169219124
 0.2175,0.010359898695037673
 0.2176,0.012574218453698424
 0.2177,0.014701658084874981
 0.2177,0.01664932131198253
 0.2178,0.01833220739952529
 0.2179,0.019676905942732664
 0.2180,0.020624781965082963
 0.2181,0.021134516067685186
 0.2182,0.021183892389977532
 0.2182,0.0207707592219442
 0.2183,0.019913121996331353
 0.2184,0.01864836477286025
 0.2185,0.017031632849465572
 0.2186,0.015133444442884525
 0.2187,0.013036632159836288
 0.2187,0.010832743962021989
 0.2188,0.008618057306042017
 0.2189,0.00648937801995709
 0.2190,0.0045398063360527425
 0.2191,0.0028546556192657695
 0.2192,0.0015077042811693826
 0.2192,0.0005579480852587853
 0.2193,4.6998876710421735e-05
 0.2194,-2.7525111886587484e-06
 0.2195,0.0004108744155323436
 0.2196,0.0012697534166244868
 0.2197,0.002536252464538192
 0.2197,0.004154895456967494
 0.2198,0.006054809026951738
 0.2199,0.008152843557942208
 0.2200,0.010357227849716426
 0.2201,0.012571594099949696
 0.2202,0.01469919484933741
 0.2202,0.016647126723766472
 0.2203,0.0183303772114425
 0.2204,0.019675519973277492
 0.2205,0.02062390063829501
 0.2206,0.02113417779722325
 0.2207,0.02118411191770397
 0.2207,0.02077152698069118
 0.2208,0.019914404523469275
 0.2209,0.018650106157409536
 0.2210,0.017033757152106678
 0.2211,0.015135858986948483
 0.2212,0.013039231554102563
 0.2212,0.010835414684324744
 0.2213,0.008620682651223004
 0.2214,0.006491843198104278
 0.2215,0.004542003498985682
 0.2216,0.0028564885937705665
 0.2217,0.0015090927985788737
 0.2217,0.0005588313181509401
 0.2218,4.7338122910955244e-05
 0.2219,-2.972119105695675e-06
 0.2220,0.0004101055778624232
 0.2221,0.0012684690399955767
 0.2222,0.002534508817788783
 0.2222,0.004152768903423466
 0.2223,0.006052392658786296
 0.2224,0.008150243100387634
 0.2225,0.010354557018824461
 0.2226,0.012568969620772204
 0.2227,0.014696731354099674
 0.2227,0.016644931752974185
 0.2228,0.018328546534653496
 0.2229,0.019674133430358644
 0.2230,0.02062301867827821
 0.2231,0.02113383886137822
 0.2232,0.02118433077692243
 0.2232,0.020772294096921242
 0.2233,0.01991568646206868
 0.2234,0.018651847033100428
 0.2235,0.01703588104780549
 0.2236,0.015138273243759534
 0.2237,0.013041830793420478
 0.2237,0.010838085390867405
 0.2238,0.00862330812054513
 0.2239,0.0064943086349675255
 0.2240,0.004544201043979356
 0.2241,0.002858322056982789
 0.2242,0.001510481889996126
 0.2242,0.0005597151852366151
 0.2243,4.767803571197136e-05
 0.2244,-3.1910572506232794e-06
 0.2245,0.00040933738380386663
 0.2246,0.0012671852526333347
 0.2247,0.002532765680113921
 0.2247,0.004150642756545258
 0.2248,0.006049976577141412
 0.2249,0.008147642796691935
 0.2250,0.010351886202505914
 0.2251,0.01256634501635887
 0.2252,0.014694267599327866
 0.2252,0.01664273639974308
 0.2253,0.018326715369291167
 0.2254,0.01967274631405412
 0.2255,0.020622136085093157
 0.2256,0.02113349926019279
 0.2257,0.021184548967606322
 0.2257,0.020773060570575458
 0.2258,0.01991696781207698
 0.2259,0.0186535873998413
 0.2260,0.017038004536411477
 0.2261,0.015140687213181658
 0.2262,0.013044429877654109
 0.2262,0.010840756081444077
 0.2263,0.008625933713836147
 0.2264,0.006496774330392788
 0.2265,0.004546398970880542
 0.2266,0.0028601560087957345
 0.2267,0.0015118715553538642
 0.2267,0.0005605996864623499
 0.2268,4.8018615083653864e-05
 0.2269,-3.4093255892658693e-06
 0.2270,0.0004085698334031936
 0.2271,0.001265902054590915
 0.2272,0.002531023051658153
 0.2272,0.004148517016478618
 0.2273,0.006047560782149438
 0.2274,0.008145042647037276
 0.2275,0.010349215400951283
 0.2276,0.0125637202868478
 0.2277,0.014691803585160751
 0.2277,0.016640540664228397
 0.2278,0.01832488371545519
 0.2279,0.019671358624446796
 0.2280,0.02062125285879335
 0.2281,0.021133158993678167
 0.2282,0.021184766489749648
 0.2282,0.020773826401611847
 0.2283,0.019918248573391858
 0.2284,0.01865532725751072
 0.2285,0.017040127617821133
 0.2286,0.015143100895056265
 0.2287,0.01304702880661239
 0.2287,0.010843426755905617
 0.2288,0.008628559430937148
 0.2289,0.006499240284222631
 0.2290,0.00454859727956093
 0.2291,0.002861990449091933
 0.2292,0.0015132617945423752
 0.2292,0.0005614848217757305
 0.2293,4.835986100957699e-05
 0.2294,-3.6269241290657134e-06
 0.2295,0.0004078029267194374
 0.2296,0.0012646194459647242
 0.2297,0.002529280932506464
 0.2297,0.004146391683358125
 0.2298,0.006045145273975603
 0.2299,0.008142442651580784
 0.2300,0.010346544614320143
 0.2301,0.012561095432426797
 0.2302,0.01468933931176466
 0.2302,0.01663834454655188
 0.2303,0.01832305157326951
 0.2304,0.019669970361631307
 0.2305,0.020620368999438005
 0.2306,0.021132818061863966
 0.2307,0.021184983343344954
 0.2307,0.020774591589974988
 0.2308,0.019919528745945686
 0.2309,0.018657066606001933
 0.2310,0.017042250291860107
 0.2311,0.01514551428922379
 0.2312,0.013049627580149655
 0.2312,0.01084609741407296
 0.2313,0.008631185271682773
 0.2314,0.006501706496303908
 0.2315,0.004550795969861771
 0.2316,0.002863825377754224
 0.2317,0.0015146526074955057
 0.2317,0.0005623705911284396
 0.2318,4.870177346239749e-05
 0.2319,-3.843852838676155e-06
 0.2320,0.0004070366638042312
 0.2321,0.001263337426832484
 0.2322,0.002527539322786116
 0.2322,0.004144266757315437
 0.2323,0.006042730052750168
 0.2324,0.008139842810484355
 0.2325,0.010343873842781837
 0.2326,0.01255847045324724
 0.2327,0.014686874779296743
 0.2327,0.01663614804685787
 0.2328,0.018321218942848258
 0.2329,0.019668581525686867
 0.2330,0.020619484507072912
 0.2331,0.021132476464768613
 0.2332,0.02118519952836819
 0.2332,0.02077535613562439
 0.2333,0.019920808329658615
 0.2334,0.018658805445208357
 0.2335,0.017044372558420905
 0.2336,0.015147927395543666
 0.2337,0.013052226198087878
 0.2337,0.010848768055782658
 0.2338,0.00863381123590793
 0.2339,0.006504172966485841
 0.2340,0.004552995041656987
 0.2341,0.0028656607946661496
 0.2342,0.001516043994109997
 0.2342,0.0005632569944391498
 0.2343,4.904435243431203e-05
 0.2344,-4.060111711008911e-06
 0.2345,0.00040627104468638885
 0.2346,0.0012620559972811038
 0.2347,0.0025257982225975833
 0.2347,0.004142142238477528
 0.2348,0.006040315118647186
 0.2349,0.008137243123921223
 0.2350,0.010341203086505199
 0.2351,0.012555845349467827
 0.2352,0.014684409987906799
 0.2352,0.01663395116528875
 0.2353,0.018319385824301423
 0.2354,0.019667192116720175
 0.2355,0.02061859938177324
 0.2356,0.021132134202399136
 0.2357,0.02118541504481565
 0.2357,0.020776120038514576
 0.2358,0.01992208732442783
 0.2359,0.018660543775017722
 0.2360,0.017046494417367206
 0.2361,0.015150340213837817
 0.2362,0.01305482466026891
 0.2362,0.010851438680876221
 0.2363,0.008636437323432979
 0.2364,0.0065066396945942795
 0.2365,0.004555194494820782
 0.2366,0.002867496699712397
 0.2367,0.0015174359542929723
 0.2367,0.0005641440316770068
 0.2368,4.9387597887504174e-05
 0.2369,-4.275700742447814e-06
 0.2370,0.0004055060694390505
 0.2371,0.0012607751573852242
 0.2372,0.0025240576320322227
 0.2372,0.004140018126992711
 0.2373,0.006037900471829928
 0.2374,0.008134643592042384
 0.2375,0.010338532345651245
 0.2376,0.012553220121277594
 0.2377,0.014681944937750312
 0.2377,0.016631753901973644
 0.2378,0.018317552217763242
 0.2379,0.01966580213479423
 0.2380,0.02061771362357234
 0.2381,0.021131791274805703
 0.2382,0.021185629892657053
 0.2382,0.020776883298583074
 0.2383,0.019923365730209395
 0.2384,0.018662281595318297
 0.2385,0.017048615868551813
 0.2386,0.015152752743994788
 0.2387,0.013057422966536244
 0.2387,0.010854109289156982
 0.2388,0.00863906353412369
 0.2389,0.006509106680490516
 0.2390,0.004557394329179185
 0.2391,0.002869333092783929
 0.2392,0.0015188284879812353
 0.2392,0.0005650317027661744
 0.2393,4.973150980690168e-05
 0.2394,-4.490619894964644e-06
 0.2395,0.0004047417380855249
 0.2396,0.0012594949072244758
 0.2397,0.00252231755124403
 0.2397,0.004137894422985266
 0.2398,0.006035486112418272
 0.2399,0.008132044215032084
 0.2400,0.010335861620402807
 0.2401,0.012550594768817171
 0.2402,0.014679479628992301
 0.2402,0.016629556257062507
 0.2403,0.01831571812331746
 0.2404,0.01966441158000794
 0.2405,0.020616827232537955
 0.2406,0.021131447681979065
 0.2407,0.02118584407189506
 0.2407,0.020777645915797567
 0.2408,0.019924643546885556
 0.2409,0.01866401890600218
 0.2410,0.01705073691186313
 0.2411,0.01515516498582793
 0.2412,0.013060021116709874
 0.2412,0.010856779880492565
 0.2413,0.008641689867781464
 0.2414,0.0065115739240128746
 0.2415,0.004559594544636163
 0.2416,0.0028711699737455224
 0.2417,0.0015202215950534765
 0.2417,0.0005659200076770329
 0.2418,5.007608817685896e-05
 0.2419,-4.7048691866953025e-06
 0.2420,0.0004039780506949182
 0.2421,0.0012582152468894893
 0.2422,0.0025205779803062506
 0.2422,0.004135771126588188
 0.2423,0.0060330720405941205
 0.2424,0.008129444993038547
 0.2425,0.010333190910919433
 0.2426,0.012547969292277302
 0.2427,0.014677014061768023
 0.2427,0.016627358230681226
 0.2428,0.018313883541109823
 0.2429,0.019663020452449883
 0.2430,0.020615940208715544
 0.2431,0.02113110342396732
 0.2432,0.021186057582519097
 0.2432,0.020778407890094715
 0.2433,0.019925920774408298
 0.2434,0.018665755706968372
 0.2435,0.017052857547139613
 0.2436,0.015157576939206968
 0.2437,0.013062619110645933
 0.2437,0.010859450454669595
 0.2438,0.008644316324257379
 0.2439,0.006514041425024491
 0.2440,0.004561795141006094
 0.2441,0.00287300734249848
 0.2442,0.0015216152754582598
 0.2442,0.0005668089463212485
 0.2443,5.042133295438979e-05
 0.2444,-4.918448570333794e-06
 0.2445,0.00040321500730425915
 0.2446,0.0012569361764459663
 0.2447,0.0025188389193486057
 0.2447,0.004133648237949348
 0.2448,0.006030658256485662
 0.2449,0.008126845926234359
 0.2450,0.01033052021738156
 0.2451,0.012545343691793798
 0.2452,0.0146745482362514
 0.2452,0.01662515982298197
 0.2453,0.01831204847124136
 0.2454,0.019661628752207713
 0.2455,0.020615052552182014
 0.2456,0.021130758500772763
 0.2457,0.021186270424496702
 0.2457,0.020779169221438056
 0.2458,0.01992719741266852
 0.2459,0.01866749199810285
 0.2460,0.01705497777427419
 0.2461,0.01515998860396239
 0.2462,0.01306521694816459
 0.2462,0.010862121011568453
 0.2463,0.00864694290337411
 0.2464,0.006516509183332972
 0.2465,0.004563996118192192
 0.2466,0.0028748451989123935
 0.2467,0.001523009529077304
 0.2467,0.000567698518664511
 0.2468,5.076724414115126e-05
 0.2469,-5.1313580549160545e-06
 0.2470,0.00040245260796595707
 0.2471,0.0012556576959889484
 0.2472,0.0025171003684698384
 0.2472,0.004131525757192654
 0.2473,0.006028244760259866
 0.2474,0.008124247014772658
 0.2475,0.01032784953994905
 0.2476,0.012542717967558317
 0.2477,0.014672082152584476
 0.2477,0.016622961034095458
 0.2478,0.018310212913830805
 0.2479,0.019660236479356757
 0.2480,0.020614164262981412
 0.2481,0.021130412912436055
 0.2482,0.021186482597823082
 0.2482,0.020779929909786617
 0.2483,0.019928473461611005
 0.2484,0.018669227779280012
 0.2485,0.01705709759312561
 0.2486,0.015162399979956217
 0.2487,0.013067814629098872
 0.2487,0.010864791550980347
 0.2488,0.008649569604976962
 0.2489,0.006518977198804755
 0.2490,0.004566197476034681
 0.2491,0.0028766835428878502
 0.2492,0.0015244043558231663
 0.2492,0.0005685887246399494
 0.2493,5.111382171234691e-05
 0.2494,-5.343597625974288e-06
 0.2495,0.0004016908527258658
 0.2496,0.0012543798056008344
 0.2497,0.002515362327784379
 0.2497,0.0041294036844391835
 0.2498,0.00602583155208102
 0.2499,0.008121648258828927
 0.2500,0.010325178878775817
 0.2500,0.01059317952770291
