67,0.0
67,6.630984245936786e-05
67,6.630984245936786e-05
67,6.63095834870268e-05
67,6.628742568938244e-05
67,6.620420461274333e-05
67,6.605527701393606e-05
67,6.583130380710241e-05
67,6.561229630666925e-05
67,6.561051193296195e-05
67,6.603475528401571e-05
67,6.698447337256727e-05
67,6.852856733935755e-05
67,7.080516307148348e-05
67,7.398903157865081e-05
67,7.817336779079463e-05
67,8.325496833765843e-05
67,8.889738162619607e-05
67,9.46092879179646e-05
67,9.991483356004548e-05
67,0.00010450376024018467
67,0.00010819313751251323
67,0.00011081758819971924
67,0.00011227910100644129
67,0.00011262452130572505
67,0.00011201314509513153
67,0.0001106341822041713
67,0.00010856832771883884
67,0.0001057425348179559
67,0.000102154977761346
67,9.809724816546408e-05
67,9.406287339628182e-05
67,9.046662150865895e-05
67,8.743863522212079e-05
67,8.483053569359991e-05
67,8.241986871088857e-05
67,8.013553003199116e-05
67,7.812195304327728e-05
67,7.665392067658728e-05
67,7.607621595319513e-05
67,7.681112434571589e-05
67,7.923742668725777e-05
67,8.345313929653511e-05
67,8.924963282843454e-05
67,9.632661207342698e-05
67,0.00010433451560309176
67,0.00011259563340816052
67,0.00012002178921858806
67,0.00012560558698025595
67,0.000129008771225858
67,0.00013063043867896548
67,0.00013115362997499476
67,0.00013097199281850874
67,0.00012992113643432336
67,0.00012753297747038786
67,0.00012353917134279942
67,0.0001180472557892383
67,0.00011134076835616338
67,0.00010376433494175637
67,9.578138605324823e-05
67,8.793275713685114e-05
67,8.063402078817187e-05
67,7.396299071980491e-05
67,6.758879846538e-05
67,6.10033115105745e-05
67,5.405524047580473e-05
67,4.732661698661602e-05
67,4.190483066822117e-05
67,3.879482297438071e-05
67,3.853456427122352e-05
67,4.11724432618519e-05
67,4.6394393376913736e-05
67,5.362698952555621e-05
67,6.209534949083259e-05
67,7.086961832611399e-05
67,7.893663974711378e-05
67,8.536489885793207e-05
67,8.958405536008592e-05
67,9.160155084289583e-05
67,9.193684376606698e-05
67,9.129602208972541e-05
67,9.01908432250367e-05
67,8.87138979383277e-05
67,8.661063280105267e-05
67,8.35496281915222e-05
67,7.931186031087935e-05
67,7.382870038050294e-05
67,6.722822190210909e-05
67,5.987814341382816e-05
67,5.222794455078413e-05
67,4.448294571900902e-05
67,3.642493434326857e-05
67,2.759213003405626e-05
67,1.770983514167957e-05
67,7.029424614062342e-06
67,-3.7197146165643414e-06
67,-1.3679842604555882e-05
67,-2.2132170603018482e-05
67,-2.8505854348361773e-05
67,-3.2308028412993444e-05
67,-3.3178229366781434e-05
67,-3.1102490414904834e-05
67,-2.66466860231188e-05
67,-2.091865873594864e-05
67,-1.511759001617016e-05
67,-1.0009848709980541e-05
67,-5.802653905767646e-06
67,-2.3713442272550464e-06
67,5.450628155496261e-07
67,3.279746632242605e-06
67,6.1476407433386365e-06
67,9.273565133684503e-06
67,1.2414886327905208e-05
67,1.4926930089511575e-05
67,1.602280034268332e-05
67,1.5224321484886396e-05
67,1.2620222732290136e-05
67,8.718798023222325e-06
67,4.091970910878878e-06
67,-9.074840658377659e-07
67,-6.2469543334180285e-06
67,-1.2129639801137802e-05
67,-1.87910443554893e-05
67,-2.631838373150844e-05
67,-3.4588075030495165e-05
67,-4.327933776899517e-05
67,-5.189310088789193e-05
67,-5.9793365522870525e-05
67,-6.630347335252014e-05
67,-7.081555653250688e-05
67,-7.288127334847684e-05
67,-7.23513615206892e-05
67,-6.957419359422992e-05
67,-6.540680366800351e-05
67,-6.080519225322256e-05
67,-5.625366859731739e-05
67,-5.156887446542489e-05
67,-4.621182393009254e-05
67,-3.978129125047468e-05
67,-3.234029838001314e-05
67,-2.440493103033946e-05
67,-1.6651397615842914e-05
67,-9.619146829548581e-06
67,-3.6245844854929854e-06
67,1.2148646657278351e-06
67,5.031142092414769e-06
67,8.24082102792631e-06
67,1.1350595626330516e-05
67,1.4602327961953673e-05
67,1.776588402755524e-05
67,2.0243405170925388e-05
67,2.138659631897341e-05
67,2.082628223199085e-05
67,1.863602167133355e-05
67,1.5252819285427934e-05
67,1.1245015156054158e-05
67,7.11935770509808e-06
67,3.278648785514822e-06
67,7.752441200979693e-08
67,-2.124218320520646e-06
67,-2.9651671513564e-06
67,-2.1909841055746074e-06
67,1.535158658051452e-07
67,3.6590235209212803e-06
67,7.792439853617763e-06
67,1.2267579618858953e-05
67,1.7198294872098537e-05
67,2.2932362255628892e-05
67,2.9722238795575867e-05
67,3.745757844663887e-05
67,4.567894551830976e-05
67,5.390378801742721e-05
67,6.194423034201281e-05
67,6.986599109944402e-05
67,7.769749886973479e-05
67,8.52981073446797e-05
67,9.247721621063429e-05
67,9.909180982293109e-05
67,0.00010499123278395368
67,0.00010995198272066803
67,0.00011371939257616161
67,0.00011611726845176688
67,0.00011714900820872275
67,0.00011704838280837782
67,0.00011624016730663773
67,0.00011520415679829584
67,0.00011434202579805403
67,0.0001139547801838906
67,0.00011429657990843259
67,0.00011559512304137029
67,0.00011799994559658552
67,0.00012150874386988545
67,0.00012594628578560906
67,0.00013100820079130736
67,0.00013632325250378347
67,0.0001415555678754655
67,0.00014658991586299048
67,0.00015165286088219035
67,0.00015713928125766352
67,0.00016320547253099448
67,0.00016950720632028472
67,0.0001753593980343428
67,0.0001801611885446683
67,0.00018366162244383058
67,0.00018587128009591055
67,0.00018685135751588122
67,0.00018665485725170774
67,0.00018539390561911277
67,0.00018327984152925945
67,0.00018060463218116162
67,0.00017768946511558732
67,0.0001747983911208404
67,0.0001720762133806863
67,0.0001696085090987405
67,0.00016755192531386424
67,0.0001661725968674764
67,0.00016576599117483203
67,0.00016656387108782966
67,0.00016868145691529646
67,0.00017208924105001344
67,0.0001766068107439861
67,0.00018194223786618008
67,0.0001877656444913336
67,0.00019372289088348546
67,0.00019935384660264648
67,0.0002040901849392948
67,0.0002074917327652636
67,0.00020954719413457317
67,0.0002106856171818383
67,0.00021139455966273193
67,0.00021174426359793608
67,0.00021125491951878655
67,0.00020921945779518028
67,0.00020511689849527154
67,0.0001987449076836809
67,0.00019014825107075144
67,0.00017959458146562667
67,0.0001675863531531303
67,0.00015477542085176068
67,0.00014180904168266102
67,0.0001292084283445589
67,0.00011729993981581671
67,0.00010619983800834977
67,9.589400104627159e-05
67,8.641606989055659e-05
67,7.803705323434316e-05
67,7.133775234702536e-05
67,6.707719362059068e-05
67,6.58867394824429e-05
67,6.792789643876095e-05
67,7.268409619573596e-05
67,7.90401634904635e-05
67,8.567030763664715e-05
67,9.148048121335382e-05
67,9.578157979325069e-05
67,9.821232008687342e-05
67,9.871068349211255e-05
67,9.76309740266906e-05
67,9.574615015616039e-05
67,9.387371294312046e-05
67,9.226277921002187e-05
67,9.026923738953296e-05
67,8.670008868561272e-05
67,8.05553928995669e-05
67,7.152455496703164e-05
67,5.9959355503685687e-05
67,4.6557641297482e-05
67,3.205220338626757e-05
67,1.7021346188459056e-05
67,1.8451112892968428e-06
67,-1.3232563363674585e-05
67,-2.803766676717829e-05
67,-4.244077476234669e-05
67,-5.630842292737843e-05
67,-6.938519967248855e-05
67,-8.118342025306726e-05
67,-9.101586613201296e-05
67,-9.820462204467861e-05
67,-0.0001023517795804749
67,-0.00010354989579469131
67,-0.00010246324975284167
67,-0.00010018581762370773
67,-9.782233299525779e-05
67,-9.598688962452762e-05
67,-9.460337646472042e-05
67,-9.316592609946203e-05
67,-9.118878129005371e-05
67,-8.846382157891099e-05
67,-8.503015875978572e-05
67,-8.107558672212319e-05
67,-7.697590151172869e-05
67,-7.33785723128778e-05
67,-7.106894130657215e-05
67,-7.05942288063452e-05
67,-7.197712625186937e-05
67,-7.48093109969954e-05
67,-7.861043371958766e-05
67,-8.30981729644497e-05
67,-8.817679949913797e-05
67,-9.375174490366431e-05
67,-9.959652931925443e-05
67,-0.00010540725935902914
67,-0.00011100132406454143
67,-0.00011647610529266081
67,-0.00012217997032124947
67,-0.00012851808569398995
67,-0.0001357198712801885
67,-0.0001436787939500246
67,-0.00015193110006582187
67,-0.00015980113017105554
67,-0.00016664644824362554
67,-0.00017201671157094799
67,-0.00017557645271211732
67,-0.00017689383446898907
67,-0.00017538886604591397
67,-0.0001705942359283659
67,-0.00016255840125189042
67,-0.00015203428135242693
67,-0.0001402054639731876
67,-0.00012809325480694507
67,-0.00011615138717889968
67,-0.00010439303612116007
67,-9.278892960533438e-05
67,-8.14391801704651e-05
67,-7.046719957707709e-05
67,-5.99525293789321e-05
67,-5.000175196918154e-05
67,-4.077086655383406e-05
67,-3.2357641598783144e-05
67,-2.4704169738427103e-05
67,-1.76516390487739e-05
67,-1.1124893067787459e-05
67,-5.30028801439097e-06
67,-6.350674413230372e-07
67,2.247710022122096e-06
67,2.7583325201491893e-06
67,5.757007119308989e-07
67,-4.136906800529142e-06
67,-1.0635423237879421e-05
67,-1.769294387078928e-05
67,-2.3859376237472963e-05
67,-2.7783148146113197e-05
67,-2.850221390173393e-05
67,-2.5610946716206443e-05
67,-1.92399798167546e-05
67,-9.925229582540291e-06
67,1.4847561787652644e-06
67,1.3913443735207211e-05
67,2.633643702083232e-05
67,3.825042944561992e-05
67,4.994028647757781e-05
67,6.219471474728697e-05
67,7.564609532374612e-05
67,9.027417916190777e-05
67,0.00010540698426653637
67,0.0001201144505151073
67,0.00013367676640674726
67,0.0001458582704587168
67,0.00015687502556225533
67,0.00016712188747722653
67,0.00017686462605689347
67,0.00018610317271995243
67,0.00019463217601978992
67,0.0002021508829722092
67,0.00020831683862396362
67,0.00021279165483600572
67,0.00021536553191101162
67,0.0002161597906149851
67,0.00021580106116834134
67,0.00021541253177243365
67,0.0002163231395296643
67,0.00021955189079524514
67,0.00022531724653392153
67,0.00023290272843617276
67,0.0002410263244453626
67,0.0002484976679666093
67,0.0002547295396526752
67,0.0002598134239611074
67,0.0002642384084619694
67,0.0002685705527472603
67,0.0002732774468558706
67,0.00027858453524375125
67,0.00028425211724158225
67,0.00028947523715180473
67,0.00029317826365913386
67,0.00029459144021498157
67,0.0002936699523380179
67,0.00029105877201401344
67,0.00028769533511319433
67,0.0002843709461490271
67,0.00028151360764087387
67,0.0002792271578559771
67,0.00027743946826882566
67,0.0002760301590154742
67,0.0002749271643084668
67,0.00027418622955989463
67,0.0002740320227499441
67,0.0002748601913436429
67,0.00027720940812377907
67,0.0002816497804387585
67,0.0002885199303835614
67,0.00029757157512665344
67,0.0003077381771213958
67,0.0003172659157487259
67,0.0003242910337795194
67,0.0003276718241692134
67,0.00032758592535704075
67,0.0003253605788662027
67,0.00032251046104532505
67,0.00031970625573325424
67,0.0003164958576216413
67,0.0003118051798581816
67,0.0003045624778681081
67,0.00029402227271738195
67,0.0002799068785282324
67,0.0002625130398238726
67,0.00024268632004981707
67,0.00022158163088094714
67,0.00020032510443922734
67,0.0001797587252680565
67,0.00016034950117974046
67,0.00014223651835964453
67,0.00012537535217982843
67,0.00010976290725994465
67,9.567749792209209e-05
67,8.378893114309844e-05
67,7.503250819296855e-05
67,7.030328199023084e-05
67,7.012591052532254e-05
67,7.439776637259399e-05
67,8.223737210071093e-05
67,9.200845162279945e-05
67,0.00010159649976556241
67,0.00010889802381850075
67,0.00011240120857008107
67,0.00011172665574497197
67,0.00010784956848494853
67,0.00010260214464535725
67,9.749502555115809e-05
67,9.269430639658091e-05
67,8.703720388855643e-05
67,7.896445116386917e-05
67,6.744901513704011e-05
67,5.232195132992987e-05
67,3.410720058178308e-05
67,1.36869818833491e-05
67,-8.017596193910434e-06
67,-3.0261845505280773e-05
67,-5.255333610025949e-05
67,-7.462280975100004e-05
67,-9.636532246738353e-05
67,-0.00011778767233027647
67,-0.00013891388647014133
67,-0.0001595997456930539
67,-0.00017932919725385888
67,-0.00019716558375512796
67,-0.00021197262015115663
67,-0.0002228363618604133
67,-0.0002294707197774163
67,-0.0002323950971290351
67,-0.00023278628119527414
67,-0.00023204351445281095
67,-0.000231262989013686
67,-0.00023090953518565313
67,-0.00023083087808118877
67,-0.0002304866633886514
67,-0.00022921022320623278
67,-0.00022650623582196963
67,-0.0002224058920186487
67,-0.00021764672715284743
67,-0.0002133963976033879
67,-0.0002106352999904128
67,-0.0002096619406289299
67,-0.0002100666380410361
67,-0.0002111404037015247
67,-0.00021240004150205446
67,-0.00021386477629984038
67,-0.00021592626664328416
67,-0.0002189726724875497
67,-0.00022309782281204095
67,-0.00022810867834240347
67,-0.00023376822518591294
67,-0.00024002818718374134
67,-0.00024706212334856084
67,-0.00025510452246404076
67,-0.00026423459380706707
67,-0.00027426465427036047
67,-0.00028480629522306233
67,-0.0002954298006966334
67,-0.000305748087342685
67,-0.0003153163296761422
67,-0.00032340892406148127
67,-0.0003289021108781947
67,-0.00033047878420312647
67,-0.00032716644346326567
67,-0.0003189245861781819
67,-0.00030680035736381874
67,-0.0002923976736518118
67,-0.00027702148952353923
67,-0.00026118840670572865
67,-0.0002447596540713276
67,-0.00022733743363389673
67,-0.00020855817809798072
67,-0.0001882688432090985
67,-0.00016668496539821054
67,-0.00014447521812612318
67,-0.00012261224181407614
67,-0.00010197420041048527
67,-8.294879889326173e-05
67,-6.536785671335386e-05
67,-4.8837978860396026e-05
67,-3.3202631492511106e-05
67,-1.8824241795712665e-05
67,-6.559992004953199e-06
67,2.522639110406352e-06
67,7.554143162650633e-06
67,8.214524439438426e-06
67,4.8796431958748655e-06
67,-1.4593575689214992e-06
67,-9.386871873830627e-06
67,-1.7236854893813803e-05
67,-2.324449096818291e-05
67,-2.5749309463952873e-05
67,-2.351122053455051e-05
67,-1.6143588510418076e-05
67,-4.4597120335801724e-06
67,9.72501132036767e-06
67,2.4557623503473246e-05
67,3.930048608261898e-05
67,5.4674681310244494e-05
67,7.209430702193402e-05
67,9.253378659859467e-05
67,0.00011591001990328293
67,0.00014118880464064154
67,0.0001668954369535303
67,0.0001916665681766119
67,0.00021464563554689258
67,0.00023564950804871653
67,0.0002550771872784712
67,0.00027358851305071184
67,0.00029170165481563835
67,0.0003095171787819586
67,0.00032667125172479965
67,0.0003424669249626729
67,0.0003560967674238806
67,0.00036692151626992447
67,0.0003747565802197853
67,0.0003800381737117044
67,0.0003837512624713251
67,0.00038714072334376185
67,0.00039133490355458485
67,0.000397011016544735
67,0.0004042189663487186
67,0.00041244613130583216
67,0.0004208644218176968
67,0.0004286019502218832
67,0.0004350013627225147
67,0.00043992605918626227
67,0.00044396851119536164
67,0.00044822106363468623
67,0.00045356528779367936
67,0.0004599558591635994
67,0.0004662610636721442
67,0.00047079571247581053
67,0.0004721941488827378
67,0.0004700774226028675
67,0.00046514630159274166
67,0.00045873091260574626
67,0.000452152453859281
67,0.00044628653382639574
67,0.0004414984307177195
67,0.00043785069357333374
67,0.0004353512820916318
67,0.0004340696519905907
67,0.00043411500302100874
67,0.0004356114121089357
67,0.00043877953455793273
67,0.00044403695596439426
67,0.0004518995740057591
67,0.0004626140145438202
67,0.0004757208860826292
67,0.0004898376921721985
67,0.0005028501983565583
67,0.0005125549972550675
67,0.0005175421159212522
67,0.0005177744599859174
67,0.0005143557560021173
67,0.0005086173466527664
67,0.0005012658378185789
67,0.0004921570620745772
67,0.00048057274595952133
67,0.00046557356325803206
67,0.0004462731331156004
67,0.0004221404656357268
67,0.00039334086840800496
67,0.00036088887048673593
67,0.0003263832793675618
67,0.00029141127885223996
67,0.0002570299901540223
67,0.00022368014582397572
67,0.00019150345742447564
67,0.0001607470452200269
67,0.00013198316963824048
67,0.00010607748874107283
67,8.398842193121686e-05
67,6.6550824134419e-05
67,5.437604750339478e-05
67,4.7844760854958916e-05
67,4.702137199973426e-05
67,5.1405853017361736e-05
67,5.968217403555275e-05
67,6.970810300814875e-05
67,7.886793954761322e-05
67,8.478309366369729e-05
67,8.619530653587123e-05
67,8.347160823282884e-05
67,7.81040554064549e-05
67,7.135734463217549e-05
67,6.318885817039712e-05
67,5.238132268454793e-05
67,3.758091204556566e-05
67,1.8182470184715082e-05
67,-5.530087191565389e-06
67,-3.276064856941091e-05
67,-6.259542263922901e-05
67,-9.41823306676681e-05
67,-0.00012679463124245024
67,-0.00015991782984496475
67,-0.00019330529599841876
67,-0.00022687972368185027
67,-0.0002605237928897529
67,-0.00029391774993314107
67,-0.00032649190319155994
67,-0.0003574645328611695
67,-0.00038595526072481457
67,-0.0004111669192475099
67,-0.0004325464777595505
67,-0.00044982290907441525
67,-0.000462956158658209
67,-0.00047211924686972563
67,-0.00047772713349729124
67,-0.00048041874888600495
67,-0.0004809676324773449
67,-0.0004801442539758701
67,-0.0004784867891147296
67,-0.000476062470409136
67,-0.00047256775686725454
67,-0.00046790104231194676
67,-0.0004626720157560737
67,-0.00045799231434619914
67,-0.0004546683456565921
67,-0.00045257785484635577
67,-0.0004507812145729953
67,-0.0004482272482738186
67,-0.00044447696889957425
67,-0.00043993604043739414
67,-0.00043552539943478617
67,-0.0004321356567821273
67,-0.000430259509908038
67,-0.000429958201036953
67,-0.00043108690133461167
67,-0.00043358877127239843
67,-0.000437654730761262
67,-0.0004436589146874663
67,-0.0004519695539514065
67,-0.0004628154229316561
67,-0.000476250868984491
67,-0.0004920893440197329
67,-0.0005097273137775729
67,-0.0005279778958236606
67,-0.0005450715841604098
67,-0.0005588688953035262
67,-0.000567306406884295
67,-0.0005690478227053812
67,-0.0005640069810795001
67,-0.0005532397517958322
67,-0.0005381812919340197
67,-0.0005198683880494097
67,-0.0004987137492735338
67,-0.0004747200301780974
67,-0.000447693122798745
67,-0.0004173129886299924
67,-0.00038326780279351777
67,-0.0003456100553784485
67,-0.0003051425838978736
67,-0.00026341064821079456
67,-0.00022213154949344546
67,-0.00018244798245751418
67,-0.0001446077917693788
67,-0.00010829415890132368
67,-7.330288989197391e-05
67,-4.00860220673502e-05
67,-9.860018359995521e-06
67,1.5738944237942715e-05
67,3.5226105904322114e-05
67,4.7728773724442034e-05
67,5.313752947484983e-05
67,5.2046345390268424e-05
67,4.5706457213165175e-05
67,3.604276895860537e-05
67,2.558870238410766e-05
67,1.7214102654125134e-05
67,1.3597718121717526e-05
67,1.646680109210027e-05
67,2.5924287596967343e-05
67,4.051113181253295e-05
67,5.828415350318028e-05
67,7.818340593763207e-05
67,0.00010054419479797269
67,0.00012643217186358315
67,0.0001565582118662533
67,0.00019068454329772343
67,0.0002277634799813402
67,0.00026642155736582025
67,0.0003053468916896729
67,0.0003435000885517257
67,0.0003803007088078635
67,0.00041577391194652744
67,0.0004504374205761687
67,0.00048486711743630774
67,0.0005191982649097556
67,0.0005528755111398376
67,0.0005847651325654137
67,0.0006135594599200128
67,0.0006383021306728755
67,0.0006587751793907945
67,0.0006755109606921216
67,0.0006894453304768443
67,0.0007015124916176113
67,0.0007124489999095565
67,0.0007227893717831947
67,0.0007329037704692559
67,0.0007430087231944448
67,0.0007530971820880701
67,0.0007627585000647443
67,0.0007711287682125919
67,0.0007773350610377077
67,0.0007812657813010399
67,0.0007838735840424148
67,0.0007865043651818386
67,0.0007897425460263892
67,0.0007927841020222564
67,0.0007938677519325778
67,0.0007913824833773502
67,0.0007847720228349135
67,0.0007746581204044892
67,0.0007623298378662123
67,0.0007491362870676115
67,0.0007361283796909306
67,0.0007239681261718445
67,0.0007130152327519187
67,0.0007034996249673284
67,0.0006956770907782684
67,0.0006899252729897961
67,0.0006868347165059989
67,0.0006872938418086331
67,0.0006923958892658424
67,0.0007030272435274992
67,0.0007192986401383934
67,0.0007401652159013537
67,0.000763417647335624
67,0.0007860293812661893
67,0.0008048394017150004
67,0.0008174261287556746
67,0.0008226943900674673
67,0.0008207461185486442
67,0.0008122554557908791
67,0.0007979826067615099
67,0.000778640006928236
67,0.0007547677626366219
67,0.0007264093453628193
67,0.0006928984532925376
67,0.0006531859812802617
67,0.0006066646011754781
67,0.0005538835175888489
67,0.000496533074549665
67,0.00043671861835232594
67,0.00037615830520725435
67,0.00031588451184460446
67,0.0002565020105762337
67,0.00019867390614753037
67,0.00014347458726593517
67,9.240684811796167e-05
67,4.7121114621296e-05
67,9.098536426128777e-06
67,-2.045737194993187e-05
67,-4.0582418559821594e-05
67,-5.0669596287232324e-05
67,-5.088169893212763e-05
67,-4.2623987153536155e-05
67,-2.872243933635225e-05
67,-1.3119603802596258e-05
67,-4.4112896714251546e-08
67,7.209417010946795e-06
67,7.304520048200562e-06
67,8.705420736459626e-07
67,-1.0637518153976228e-05
67,-2.6275758559839777e-05
67,-4.607125145363676e-05
67,-7.052514622596583e-05
67,-9.993615390824558e-05
67,-0.00013419429756757504
67,-0.00017299083659415957
67,-0.0002159688833556326
67,-0.0002625842964641181
67,-0.00031195581139884036
67,-0.0003630449214553748
67,-0.000415047538028999
67,-0.0004675740286781808
67,-0.0005204350304573518
67,-0.0005732512796490143
67,-0.0006252127579788406
67,-0.0006751529917920288
67,-0.0007218836326332858
67,-0.0007645478872484353
67,-0.0008027103826601234
67,-0.0008361236994260888
67,-0.0008644483102396155
67,-0.0008872660048737795
67,-0.0009044028124539081
67,-0.0009162654727500792
67,-0.000923932568572217
67,-0.0009289067580118725
67,-0.0009325051290036892
67,-0.0009351153065999208
67,-0.0009359670890720828
67,-0.0009338907502951867
67,-0.0009285276057417964
67,-0.0009208066522259857
67,-0.0009121897190486546
67,-0.0009034601183422953
67,-0.0008942319361046466
67,-0.0008835485725385498
67,-0.0008708653800929302
67,-0.0008564820453677819
67,-0.0008412365486264302
67,-0.0008260170539860281
67,-0.0008115633942002093
67,-0.0007984950130783194
67,-0.000787331217404542
67,-0.0007784808672406341
67,-0.0007722859090414407
67,-0.0007691206692827694
67,-0.0007695041670977215
67,-0.0007741846560072855
67,-0.0007840868060342057
67,-0.0007999839162866459
67,-0.0008219515399442657
67,-0.0008489164794306385
67,-0.0008785854058958109
67,-0.0009077560166841685
67,-0.0009328714555180576
67,-0.0009507175302836616
67,-0.0009590524196820353
67,-0.0009568175708322802
67,-0.0009438825813286387
67,-0.0009207646820289744
67,-0.0008886229993666854
67,-0.000849188762429159
67,-0.0008041886094054236
67,-0.0007544993030011612
67,-0.000699813818098654
67,-0.00063926139404597
67,-0.0005725370452661259
67,-0.0005006017432121794
67,-0.0004254424806259631
67,-0.00034924015833403025
67,-0.00027366329841552206
67,-0.0001996873813085533
67,-0.00012788922482094117
67,-5.8953190732699304e-05
67,5.930126426732723e-06
67,6.502409556019846e-05
67,0.0001163518282517512
67,0.00015806562945021513
67,0.00018865675191819396
67,0.00020710891322622973
67,0.00021323975432705673
67,0.00020821222197730467
67,0.00019488474218283262
67,0.0001776942575215957
67,0.0001619864440666575
67,0.00015284395158997197
67,0.00015369538354003786
67,0.00016541241371975153
67,0.0001865956097441431
67,0.00021490200134474788
67,0.00024840989241856445
67,0.0002861691472770026
67,0.00032796614220577847
67,0.00037388327866789934
67,0.00042403711007906977
67,0.0004784049615979084
67,0.0005365335043053508
67,0.0005972730182288517
67,0.0006589411173917318
67,0.0007199895847428247
67,0.0007796708744536829
67,0.0008381256101975151
67,0.0008958281927962628
67,0.0009528426590806697
67,0.0010084252083642172
67,0.0010612156897071294
67,0.0011098352637318788
67,0.0011534262019074002
67,0.0011917619756444619
67,0.0012249736151608197
67,0.0012532848689970346
67,0.0012770573839282718
67,0.0012970413598014162
67,0.0013144935386803034
67,0.0013309492744639278
67,0.0013476393290605463
67,0.0013647150533425592
67,0.0013807658848733655
67,0.0013932897652734508
67,0.0014001688329306444
67,0.0014011108631930347
67,0.0013977587464829005
67,0.0013923022141042831
67,0.0013858101080088505
67,0.0013776600327020695
67,0.0013662852407796521
67,0.0013503077430208595
67,0.0013291508423560836
67,0.0013030922540029815
67,0.001273182894445212
67,0.0012411336093988503
67,0.0012089717390745618
67,0.0011785096151871025
67,0.0011509745403583843
67,0.0011270412887701144
67,0.0011071889134470537
67,0.001092142473122637
67,0.0010831628350220263
67,0.0010819828081991374
67,0.0010903056041667537
67,0.0011090435097470279
67,0.0011376775443143825
67,0.001174010124142115
67,0.0012143047532974776
67,0.0012537234049576833
67,0.0012870455082334058
67,0.0013095574444809395
67,0.0013178435489885167
67,0.0013103313818082823
67,0.0012876016344504288
67,0.0012522372669654348
67,0.0012077916758727002
67,0.001157025359166949
67,0.0011004738373943132
67,0.0010364594375704157
67,0.0009625686668898293
67,0.0008774735169081273
67,0.0007818886669367301
67,0.000678325333784354
67,0.0005701366924200832
67,0.0004605288324789159
67,0.00035196813224250224
67,0.00024614531104984964
67,0.00014438673710194048
67,4.814694323661964e-05
67,-4.076938970803749e-05
67,-0.00012026525778048042
67,-0.00018804371445959705
67,-0.0002416620480465791
67,-0.0002788050709994807
67,-0.0002980056359370713
67,-0.00029961927525217223
67,-0.0002865423807529616
67,-0.00026425712013221705
67,-0.00024003399290181368
67,-0.00022131631460769636
67,-0.00021370191246592192
67,-0.00021947174122110598
67,-0.00023755234568385045
67,-0.0002648801069257854
67,-0.0002982492137698713
67,-0.00033568524567933024
67,-0.0003769359597906293
67,-0.000423163970164111
67,-0.00047613104887642897
67,-0.0005371867729159389
67,-0.000606396944511405
67,-0.0006822221692474447
67,-0.0007620330775759805
67,-0.0008432317745578032
67,-0.0009242325819111886
67,-0.001004641098910801
67,-0.0010846271986940405
67,-0.0011640868732106023
67,-0.0012422403371701658
67,-0.0013178512878534291
67,-0.0013897074607443307
67,-0.0014568553114537137
67,-0.0015184302483314033
67,-0.0015733908396632606
67,-0.0016205897254647362
67,-0.0016592850354269545
67,-0.0016897447962876048
67,-0.0017134523344426674
67,-0.0017326413437181898
67,-0.0017492351918669033
67,-0.0017636485249953565
67,-0.0017742611555202385
67,-0.0017782395346878034
67,-0.0017734329609619857
67,-0.001759986782392756
67,-0.001740330263982884
67,-0.0017175514862329436
67,-0.0016935595640464318
67,-0.0016684254877241537
67,-0.001641020200793211
67,-0.0016100390510107557
67,-0.0015746946858251954
67,-0.0015350906446976482
67,-0.0014924320043938587
67,-0.001448884395581409
67,-0.0014069294446035288
67,-0.0013685749151017411
67,-0.0013350065853810031
67,-0.0013068811599546788
67,-0.0012849376003171303
67,-0.001270456501504777
67,-0.001265297246379653
67,-0.0012714768250339588
67,-0.0012904184004204438
67,-0.0013221600026073839
67,-0.0013648704580369044
67,-0.001414824469479529
67,-0.001466715006843586
67,-0.0015141627797559509
67,-0.0015504645485431956
67,-0.001569631435260031
67,-0.0015675662987262836
67,-0.0015430736620752024
67,-0.0014982719804325112
67,-0.0014378619685063683
67,-0.0013670808199804118
67,-0.0012892270881656378
67,-0.0012043612541267894
67,-0.0011100867623979843
67,-0.0010037301155052455
67,-0.000884367320074767
67,-0.0007536274052658733
67,-0.0006152105949851546
67,-0.00047365561407601114
67,-0.00033300637113597195
67,-0.00019597362085667063
67,-6.396894876446494e-05
67,6.210795092724991e-05
67,0.00018094006168304679
67,0.0002903221905936464
67,0.0003872507004183363
67,0.00046829935986485844
67,0.0005301204475617223
67,0.0005701745684656904
67,0.0005877232842687873
67,0.0005847715159016382
67,0.0005664799649255202
67,0.0005407502026504909
67,0.0005169273009868645
67,0.0005037548206641027
67,0.0005071094404185315
67,0.0005285059109210827
67,0.000565251927760716
67,0.0006122894221597013
67,0.0006648293493677983
67,0.0007204840642805461
67,0.0007798843590029273
67,0.000845621343075692
67,0.0009202930926628858
67,0.0010047821840729117
67,0.0010975275385357664
67,0.0011949935635376609
67,0.0012930785901138725
67,0.0013887679644727447
67,0.001481110099819772
67,0.0015709543542013725
67,0.0016597156200348704
67,0.001748069254748062
67,0.0018354043962321947
67,0.0019201745384400816
67,0.002000624732808915
67,0.0020752972151507915
67,0.002143142337955512
67,0.0022034845110322156
67,0.002256149044456976
67,0.0023017635413784877
67,0.00234191577928704
67,0.0023788013764502237
67,0.0024142762577918173
67,0.0024486499992312644
67,0.0024799031393228504
67,0.0025040498842957633
67,0.002516854534886905
67,0.002516135609345944
67,0.002503149287478129
67,0.0024819033712160238
67,0.0024567408896521113
67,0.002429894050916362
67,0.0024005924592049276
67,0.0023659312231019873
67,0.0023225925451227547
67,0.0022685003062846583
67,0.0022039187758700883
67,0.002131661812006378
67,0.002056226121542441
67,0.001982215951942618
67,0.001912985433189903
67,0.0018502952066967106
67,0.0017949969113989234
67,0.0017480781344072827
67,0.0017113695911653611
67,0.0016876195465067396
67,0.0016799760980075805
67,0.0016910633986592257
67,0.00172194106306087
67,0.0017712714151771058
67,0.0018348740863839308
67,0.0019056817953333838
67,0.001974192372724547
67,0.002029696803953647
67,0.0020623942663833333
67,0.0020659112091576492
67,0.0020391759555408806
67,0.0019865018923152368
67,0.0019153419699802449
67,0.0018325065127838924
67,0.0017409135242047523
67,0.0016388164025236064
67,0.001521715685510026
67,0.001385425210805272
67,0.0012285208192661604
67,0.0010532902482755517
67,0.0008651380216135099
67,0.0006708517934531071
67,0.00047652763523858604
67,0.0002861964834149474
67,0.00010184287931472338
67,-7.541253883859946e-05
67,-0.0002439299747327334
67,-0.00040080833161945564
67,-0.0005419150158065402
67,-0.0006623657141997666
67,-0.0007572557513720968
67,-0.0008226918771278905
67,-0.0008570926248353023
67,-0.0008624128581443315
67,-0.0008447791867723568
67,-0.000814120576597287
67,-0.000782589505619494
67,-0.0007618880534299236
67,-0.0007601758132013262
67,-0.0007798229494435011
67,-0.000817315712936287
67,-0.0008657769393964941
67,-0.0009190565282054669
67,-0.0009750883876281319
67,-0.00103645228097821
67,-0.0011080401798831863
67,-0.001193738590737817
67,-0.0012942522979454516
67,-0.0014068573000853425
67,-0.0015266544198362327
67,-0.0016485296959054192
67,-0.0017689899155320864
67,-0.001887043289669038
67,-0.002003685864278579
67,-0.0021204001965858545
67,-0.002237730055709972
67,-0.002354797929842499
67,-0.0024697595332656384
67,-0.002580530773432315
67,-0.002685220435099999
67,-0.002782220168994681
67,-0.0028702380015950446
67,-0.0029485055552053857
67,-0.003017104707756268
67,-0.0030770945971688897
67,-0.0031300826423898264
67,-0.003177185418623398
67,-0.003217843923010819
67,-0.0032492864513328657
67,-0.0032672296528907185
67,-0.003267764043404378
67,-0.003249603320279496
67,-0.0032153262298504604
67,-0.003170473757545424
67,-0.0031207260909120235
67,-0.003068948070047257
67,-0.003014051360580836
67,-0.0029521838412043307
67,-0.002879245276163123
67,-0.0027933054258319247
67,-0.002695881637157501
67,-0.002591606490805995
67,-0.002486508438079174
67,-0.002385871749730688
67,-0.00229293456807956
67,-0.0022091069735219178
67,-0.002135295294681588
67,-0.0020732446018381563
67,-0.0020260672439810857
67,-0.0019978431838364504
67,-0.0019926253387001205
67,-0.0020132113658355134
67,-0.0020599534823882294
67,-0.0021298430718022813
67,-0.0022160527316602363
67,-0.002308045562473157
67,-0.002392443413208106
67,-0.0024549957510918963
67,-0.002483691830765541
67,-0.002472118147016546
67,-0.0024213237985751413
67,-0.002338730290702263
67,-0.0022341858651272555
67,-0.002115153983514772
67,-0.0019837349610727336
67,-0.0018369753496746864
67,-0.001669727155111717
67,-0.0014780970389901185
67,-0.00126190269005514
67,-0.0010254526631878146
67,-0.0007765118227781751
67,-0.0005238288129405489
67,-0.00027438297577473834
67,-3.189947964180094e-05
67,0.0002025374679136114
67,0.0004283863170205422
67,0.0006435937200193129
67,0.0008437564075249352
67,0.001022607907641002
67,0.0011732490281459542
67,0.0012895801580231426
67,0.001367716017185794
67,0.0014073005001480157
67,0.0014125157622806412
67,0.0013923961639998427
67,0.0013600317773357607
67,0.0013304466458666255
67,0.0013173334397338055
67,0.0013294169639134431
67,0.0013679146308131732
67,0.0014268347838303694
67,0.001496817819383114
67,0.0015708130754077598
67,0.0016479708089100766
67,0.001733091204066585
67,0.0018324404004149409
67,0.0019493354279921413
67,0.002082255479824496
67,0.002225746077804247
67,0.002372805220357962
67,0.002517457516161729
67,0.0026566564959171267
67,0.002790825025091696
67,0.0029227265082638846
67,0.003055277873679131
67,0.003189655426561862
67,0.0033247344829581606
67,0.0034578115045390684
67,0.003585799829629078
67,0.0037061923295061655
67,0.003817565281292402
67,0.003919689833447371
67,0.004013376431887456
67,0.004100147975898292
67,0.0041817179907225055
67,0.004259139225485674
67,0.004331701727853267
67,0.004396153915901872
67,0.0044469606930468706
67,0.00447780679568651
67,0.004483930902928888
67,0.004464452170025016
67,0.004423408752618874
67,0.004368265396620989
67,0.004306087208297665
67,0.004239620587759659
67,0.0041659426006331575
67,0.004078510998679773
67,0.0039711760267531785
67,0.0038417998107325986
67,0.003693708568882308
67,0.003534519981362962
67,0.0033732329478129877
67,0.00321727390522554
67,0.0030710716669592295
67,0.0029366789837692296
67,0.0028156225739917585
67,0.0027105682962326196
67,0.0026259066912089233
67,0.0025672839034964453
67,0.002540522781176571
67,0.0025502069650247764
67,0.00259801319209056
67,0.0026810421114459816
67,0.00279065887243067
67,0.0029123639264717867
67,0.0030271414218066978
67,0.0031146918030331384
67,0.003158323800557324
67,0.003149780057999222
67,0.0030912304705046057
67,0.002992747222396777
67,0.0028663947656693742
67,0.0027202909851392317
67,0.002555762078315398
67,0.002368417137756954
67,0.002151698243008891
67,0.001900834612920054
67,0.001615783602598144
67,0.0013023272085122162
67,0.0009707856190684625
67,0.0006326748551575919
67,0.00029702743028843927
67,-3.14003410101954e-05
67,-0.00035107041793138447
67,-0.0006608264367682769
67,-0.0009573603298714101
67,-0.0012343780067937456
67,-0.0014834407445267189
67,-0.0016956083043082651
67,-0.0018631035607827482
67,-0.001980776436295956
67,-0.002047522469953716
67,-0.002067647552168012
67,-0.002051647989897135
67,-0.0020155974505572734
67,-0.001978638952017802
67,-0.0019587387422750676
67,-0.001967697269748244
67,-0.002007507973415952
67,-0.0020707351334434527
67,-0.0021459376348201215
67,-0.0022253289140665134
67,-0.0023093403628165654
67,-0.0024049402800976403
67,-0.00251975244501748
67,-0.002656889904981523
67,-0.00281358103731734
67,-0.0029830466567980682
67,-0.0031574711187969656
67,-0.0033306227971444703
67,-0.003499594837747086
67,-0.003665182583623281
67,-0.003830530392533152
67,-0.003998664932145715
67,-0.004170459104671708
67,-0.004344184972496003
67,-0.004516498707206652
67,-0.004683876905972516
67,-0.004843695837164473
67,-0.0049946567971493345
67,-0.005136584295335905
67,-0.005269849437329378
67,-0.005394806754680776
67,-0.005511392271293839
67,-0.005618616121750288
67,-0.00571382542305604
67,-0.0057922557075376175
67,-0.005847509572365086
67,-0.005873017453162907
67,-0.0058641871769508636
67,-0.005820794117024023
67,-0.0057483101074306655
67,-0.0056562809284022506
67,-0.005553576355100374
67,-0.0054434022376659485
67,-0.0053218006334294085
67,-0.005180764889206798
67,-0.005013724184453863
67,-0.00481989681554113
67,-0.0046052658793576005
67,-0.00438023200859994
67,-0.004155724965551966
67,-0.0039399966929719215
67,-0.0037376320990463495
67,-0.0035509206219084114
67,-0.0033823096355843764
67,-0.003236203241198797
67,-0.00311921806734248
67,-0.00303920613814831
67,-0.00300372951991315
67,-0.0030182233333729304
67,-0.003083806325597742
67,-0.0031951208294807
67,-0.0033390544034003346
67,-0.0034950561635666557
67,-0.0036374643072096527
67,-0.003740158434287988
67,-0.0037829750144614156
67,-0.0037573374148037724
67,-0.0036676143701972696
67,-0.003526874080826977
67,-0.0033494285966371258
67,-0.003144394224085362
67,-0.002913174873803909
67,-0.0026510486479172117
67,-0.002351168632504884
67,-0.0020090349820188896
67,-0.0016259745688047649
67,-0.0012103667153301086
67,-0.0007757083435966222
67,-0.0003361147640167657
67,9.819902915766054e-05
67,0.0005225974089941264
67,0.0009360175313675979
67,0.0013370382022466815
67,0.001720785269414996
67,0.0020783317042650734
67,0.00239834162930745
67,0.0026695604540650153
67,0.0028829354273853264
67,0.0030331306594247117
67,0.0031199260669903224
67,0.0031497152172949823
67,0.0031363939885508006
67,0.003100495010549391
67,0.003065927860619363
67,0.0030545602464989623
67,0.003079938481721403
67,0.0031429834437574663
67,0.003233188257319998
67,0.003336189221956479
67,0.0034433375928013647
67,0.0035563672462178364
67,0.003684089420064051
67,0.0038347203100862013
67,0.004010145644477585
67,0.004205266930364402
67,0.004410981143818996
67,0.004617867340440391
67,0.0048190875982984886
67,0.005012229438996887
67,0.005199569082546892
67,0.005386188879473799
67,0.005576709031250603
67,0.005772655506304713
67,0.005971968374615025
67,0.0061704614089929345
67,0.006363969806586764
67,0.0065500156061068454
67,0.006728359651503147
67,0.006900346553811253
67,0.007067559025967344
67,0.0072306408007494355
67,0.00738866966121633
67,0.007538694345084154
67,0.007675186275023108
67,0.007789956944072221
67,0.007873131814067062
67,0.007915109647227515
67,0.007909301230004379
67,0.007855265075889007
67,0.0077603922956657545
67,0.00763742887783605
67,0.00749776804936146
67,0.007344767453972336
67,0.007172203881218964
67,0.006969046188725259
67,0.006727020685027085
67,0.006446058821827576
67,0.006134965187241562
67,0.0058079620479815006
67,0.005479703727612206
67,0.0051614247650247705
67,0.004859854624761101
67,0.0045789326083673695
67,0.004322750759068602
67,0.004097676446652035
67,0.003912697630372584
67,0.0037784294780120625
67,0.00370544878617332
67,0.0037019319994867827
67,0.0037704439514133986
67,0.0039046264381966617
67,0.004087226860973732
67,0.004290530549778504
67,0.004479712016950035
67,0.004619390720410104
67,0.004682356861026371
67,0.004656823242400728
67,0.004547787522725928
67,0.00437134936231434
67,0.00414539120498172
67,0.0038816680180847087
67,0.003582476727575187
67,0.0032421649639072484
67,0.0028518591094382033
67,0.002405291347365988
67,0.0019036623941361757
67,0.001357475365849499
67,0.0007840056317694387
67,0.00020140344061369468
67,-0.0003770482030837508
67,-0.0009449102022576935
67,-0.0014999662136486922
67,-0.0020393876907786263
67,-0.0025561318696292468
67,-0.003038495484514085
67,-0.003472279759976291
67,-0.003843640727352526
67,-0.004141200034153834
67,-0.004357522585324142
67,-0.004490947682393935
67,-0.004548015718470332
67,-0.004545218993935474
67,-0.004508273979528966
67,-0.0044679628609319445
67,-0.004452859207324331
67,-0.004480814179395019
67,-0.00455325930481874
67,-0.0046570337395321106
67,-0.004774420428127004
67,-0.004895218304381453
67,-0.005022115765201408
67,-0.005166139667279844
67,-0.0053372184825010716
67,-0.005537607537501715
67,-0.005761520264556095
67,-0.005998731158141299
67,-0.006238638277393237
67,-0.006473439214271539
67,-0.006700380065849559
67,-0.006922263581640974
67,-0.007145242444217943
67,-0.0073748245093048425
67,-0.007612732304028043
67,-0.007856515997156368
67,-0.00810157229691722
67,-0.00834383072471766
67,-0.00858151986004144
67,-0.008815251379577515
67,-0.009046572594115022
67,-0.009276021321375918
67,-0.009501940832426437
67,-0.009720334902252017
67,-0.009924921069539237
67,-0.010106846020764382
67,-0.010254672871460454
67,-0.010355398518744407
67,-0.01039665251048598
67,-0.010370174857581103
67,-0.010276065499831882
67,-0.010124952348227915
67,-0.009934317855232874
67,-0.009719312029729673
67,-0.0094841711724635
67,-0.009220899762550078
67,-0.008916098065814688
67,-0.00856069932496392
67,-0.008156281504128267
67,-0.0077151899316850675
67,-0.007255902417435005
67,-0.0067969416555666885
67,-0.006352368969830324
67,-0.0059307071204588585
67,-0.0055373039339994155
67,-0.0051781232014568475
67,-0.004862340288472616
67,-0.004602581833371386
67,-0.004413433296824594
67,-0.004309034821869374
67,-0.004299712943009587
67,-0.004387607490597419
67,-0.004562487543918403
67,-0.004799645499747625
67,-0.005061050513634307
67,-0.005300219152282363
67,-0.0054709984946369064
67,-0.00553872693617794
67,-0.005489066726132625
67,-0.005329237374870392
67,-0.005080616654597203
67,-0.004766968872009673
67,-0.004404274975620961
67,-0.003996130880074611
67,-0.0035354988552289755
67,-0.0030110659747462657
67,-0.0024152232412175964
67,-0.0017504618473084142
67,-0.001031322105404718
67,-0.0002805299505430082
67,0.00047887091920081426
67,0.001230678654732404
67,0.001967582951364074
67,0.0026873785579808592
67,0.0033866047306124357
67,0.004056072082024434
67,0.004680623642010123
67,0.00524217952853388
67,0.005723406204562222
67,0.006110261327190282
67,0.006393794023235769
67,0.006572554181092352
67,0.006655744895452657
67,0.006665291018970707
67,0.006634525557566838
67,0.00660243294018196
67,0.006604060385683255
67,0.006659795276245098
67,0.006768880187930479
67,0.006912810462645848
67,0.007068677856907722
67,0.007224175538531054
67,0.007383574643352638
67,0.007561305389114168
67,0.007769858229975895
67,0.008011641392675326
67,0.008278707897168319
67,0.008557432944761271
67,0.008833880629854747
67,0.009098250442011282
67,0.009348058288457958
67,0.009588634242996314
67,0.009829738517501772
67,0.01007991527604564
67,0.010342322994782145
67,0.010614488504100246
67,0.010891302254707485
67,0.011168735629512839
67,0.011446066602137761
67,0.011725670124984
67,0.012010775426995794
67,0.012302707040296562
67,0.012599221209914207
67,0.012894174043068371
67,0.013177423444032898
67,0.013434417347919798
67,0.013646420907988743
67,0.01379249633173276
67,0.013853448565059732
67,0.013817456446369709
67,0.013685885018155626
67,0.01347506297979035
67,0.01320974347873215
67,0.012909992832490017
67,0.012580225264372087
67,0.012208578464750491
67,0.011776711423201027
67,0.011272660326565027
67,0.010698839231634902
67,0.010072117557984804
67,0.009417842149140782
67,0.008761771850572865
67,0.008123828821200383
67,0.0075163764766824626
67,0.006947246620136056
67,0.006424818861042011
67,0.005961604572804026
67,0.005574779818396104
67,0.005284407973083656
67,0.005110269012632975
67,0.005067172346339884
67,0.005158851275756435
67,0.005372185758263788
67,0.005674280877693395
67,0.00601396695040435
67,0.006328395751613722
67,0.0065549773838533085
67,0.0066464923842470625
67,0.006583119160156645
67,0.006374430272214986
67,0.006049707084685049
67,0.005641769357392286
67,0.005172408492305099
67,0.004645606175627385
67,0.004050250836329951
67,0.003369648367177184
67,0.0025928845994398113
67,0.0017232624488467798
67,0.0007803241440465082
67,-0.00020571594789542728
67,-0.0012044334209575195
67,-0.002194472671355449
67,-0.0031661037952668176
67,-0.004116245102909252
67,-0.005040274901604526
67,-0.005926416586894617
67,-0.006755538552036921
67,-0.007504888930603996
67,-0.00815236676037676
67,-0.00867944194767331
67,-0.009073529585609013
67,-0.009331492708200734
67,-0.009464113792965429
67,-0.009498932103906501
67,-0.009478430313548917
67,-0.009452261143941574
67,-0.009464528722251531
67,-0.009539991935019775
67,-0.009676254297595813
67,-0.00984880293529481
67,-0.010028450511034502
67,-0.010200456135144245
67,-0.010371856407777897
67,-0.010562849536412415
67,-0.010790885601572167
67,-0.011059908602296121
67,-0.011359902276998254
67,-0.011673109907860985
67,-0.011981459426210553
67,-0.012272838161905839
67,-0.01254530201478911
67,-0.012807239998263963
67,-0.013072363345526923
67,-0.01335218719193395
67,-0.013651019135588699
67,-0.013966284074014611
67,-0.014292762478333831
67,-0.014627169494987272
67,-0.014970349171786218
67,-0.015326308748769977
67,-0.015698990826921663
67,-0.016088779197097298
67,-0.016490572711327905
67,-0.016893501505915953
67,-0.01728085140943529
67,-0.017629644415179294
67,-0.01791134454246077
67,-0.018095337857123712
67,-0.018155299757589338
67,-0.018077289866102474
67,-0.01786670842428686
67,-0.01754867718792428
67,-0.0171575718987018
67,-0.01671941179148705
67,-0.01623864932711431
67,-0.015698890072879838
67,-0.01507642692930694
67,-0.014356826468500476
67,-0.01354491044656784
67,-0.012664546512463218
67,-0.011750500578811551
67,-0.010837405326635253
67,-0.0099513085015475
67,-0.009107725714130526
67,-0.008316334893417276
67,-0.0075882536665753675
67,-0.006940888022128703
67,-0.006398313982372974
67,-0.005988348802091701
67,-0.005737743948291117
67,-0.005665604008671211
67,-0.0057753505612038614
67,-0.0060474711457164316
67,-0.006436155435867282
67,-0.006871750651549344
67,-0.007269918034484295
67,-0.007547746257580772
67,-0.007643866750336509
67,-0.007534311676574404
67,-0.007234840688579635
67,-0.006787223109349102
67,-0.00623640782250739
67,-0.005610293712544227
67,-0.00491140180850896
67,-0.004122486900510821
67,-0.0032209306399291816
67,-0.0021940215684071104
67,-0.0010488722769215583
67,0.00018652372589575156
67,0.001471639769362564
67,0.002767332646650215
67,0.004047554293503041
67,0.005301922725366086
67,0.006528443819789836
67,0.007722391922406939
67,0.008869024813039188
67,0.009943607961718962
67,0.010916533446561552
67,0.011759097460380794
67,0.01244760176814956
67,0.012966720220766089
67,0.01331398663772024
67,0.01350504196321687
67,0.01357645409470765
67,0.013582530057391884
67,0.01358474745932847
67,0.013635506174024502
67,0.013761438457909166
67,0.013955006051908801
67,0.01418233941036813
67,0.014406136343897365
67,0.01460981837090025
67,0.014805837787708978
67,0.015023070841021948
67,0.01528499316636285
67,0.015595345153692984
67,0.01593824303554267
67,0.01628779702884118
67,0.016619435023833503
67,0.01691892784168641
67,0.01718735458760309
67,0.017439805049017088
67,0.01769741420281879
67,0.01797706935506148
67,0.01828537316266626
67,0.018619921566451206
67,0.018975351943848518
67,0.01934928694869077
67,0.019744898344905518
67,0.02016942593394527
67,0.020629842963470372
67,0.021127991072963356
67,0.021657375991798563
67,0.022201905612536967
67,0.02273518998029187
67,0.02322020589240145
67,0.02361160720265857
67,0.02386272880537839
67,0.02393642110210137
67,0.02381652056762222
67,0.023515219574521906
67,0.02307017465198096
67,0.02252812093516514
67,0.021921538200587058
67,0.021253077674996193
67,0.020498462949251332
67,0.019625206499943332
67,0.01861454847036529
67,0.017474549817021463
67,0.01623953655444841
67,0.01495847176719788
67,0.013679235677163148
67,0.01243692006532712
67,0.01125172941982716
67,0.010136151426253215
67,0.009105247100040438
67,0.008183136195582964
67,0.007403186453970681
67,0.006803733637740274
67,0.006421415533763516
67,0.006282343400057065
67,0.006391464444920124
67,0.006722883663374758
67,0.007215199520703707
67,0.007774673168947455
67,0.008287703163832687
67,0.008642951231718397
67,0.008758939749825846
67,0.008605710564288917
67,0.00820751914933496
67,0.007622776684345397
67,0.006911360422954678
67,0.006106936091099077
67,0.00520774973308479
67,0.004187185756337508
67,0.003014685385392386
67,0.0016754320762305832
67,0.00018153371336563284
67,-0.0014282763838413682
67,-0.0031003431458424945
67,-0.004784276406345426
67,-0.006447750486244871
67,-0.008079081345757612
67,-0.009677023292714085
67,-0.011236050147408897
67,-0.012737155084776089
67,-0.014148263156284738
67,-0.015431028324902986
67,-0.01654832992965703
67,-0.017469625042051233
67,-0.018175298023779384
67,-0.018662222809800122
67,-0.01895011297487199
67,-0.019084754796359352
67,-0.019133611738709564
67,-0.019172130764429425
67,-0.0192632318588652
67,-0.019436853079353073
67,-0.019680352405633882
67,-0.019949430882859984
67,-0.020197891569107906
67,-0.02040839594992143
67,-0.020601892575640962
67,-0.020819342982197283
67,-0.021091920402464888
67,-0.021422434105235106
67,-0.02178711625257796
67,-0.022150413544041975
67,-0.0224813048744304
67,-0.022764990266589232
67,-0.023007744815497392
67,-0.023233192750147163
67,-0.023470803940697536
67,-0.02374284397947944
67,-0.024057867865521526
67,-0.024413652560484847
67,-0.024805418807841654
67,-0.02523299664977228
67,-0.025703303332909606
67,-0.026227811820661025
67,-0.026816560238900097
67,-0.027471398183034856
67,-0.028181210218878407
67,-0.02891979363389488
67,-0.029645056089317598
67,-0.030299639611755927
67,-0.030816088342448464
67,-0.031128747491193307
67,-0.03118980806182646
67,-0.030983682075168464
67,-0.03053337830478241
67,-0.02989282773962089
67,-0.029123547749466537
67,-0.028265159502540535
67,-0.02731765471149143
67,-0.026247359513600448
67,-0.025012235174894377
67,-0.023590471426413906
67,-0.021997006037955957
67,-0.020281525880347068
67,-0.018511461748503984
67,-0.01675014931336069
67,-0.01504180773832033
67,-0.013410508363393445
67,-0.01187144294344709
67,-0.010445254433834691
67,-0.009166097848131388
67,-0.008080693035407862
67,-0.00724149037113508
67,-0.0066972088268264975
67,-0.006481190063353379
67,-0.006597781488022393
67,-0.007010016041681259
67,-0.00763384734778782
67,-0.008342887217050014
67,-0.00898571634091161
67,-0.009416019037453028
67,-0.009529601704976855
67,-0.009292611626946532
67,-0.008743125296333486
67,-0.007961472505446893
67,-0.007024781302470811
67,-0.005971400471651936
67,-0.004792782651878922
67,-0.0034514687645667477
67,-0.0019097745694347098
67,-0.00015367245199416984
67,0.0017956571016177003
67,0.00388452880266136
67,0.006042950746925015
67,0.008208080320897647
67,0.01034234318472707
67,0.012435098047052829
67,0.014487894077458971
67,0.016494819636517596
67,0.01843103274970819
67,0.020254222017452035
67,0.02191431266293458
67,0.023363872206601945
67,0.02456534461269848
67,0.02549629188704879
67,0.02615549155492287
67,0.026569791331372564
67,0.026797199007986182
67,0.026920647886134866
67,0.027030521078337737
67,0.027199432291546935
67,0.027457943545907595
67,0.027784316930167936
67,0.02812000247648216
67,0.02840834705541263
67,0.028633128373502865
67,0.028827907485607544
67,0.02904901961143426
67,0.029335204370558334
67,0.029684627119647127
67,0.030060488252755067
67,0.030413723340121955
67,0.030705975891188515
67,0.030924026509890273
67,0.031083505663250403
67,0.031221313535349234
67,0.031379313137637664
67,0.031587838597284965
67,0.03185878582875286
67,0.03219078852504698
67,0.032580321268408145
67,0.03303067876445719
67,0.033554749814812136
67,0.03417140109279743
67,0.03489711536932132
67,0.03573601880406315
67,0.03667211932267586
67,0.037665425145432994
67,0.038650969363851005
67,0.03954133932339739
67,0.04023675703805401
67,0.04064451585699054
67,0.04070222305207277
67,0.040395398083848205
67,0.03976156108866136
67,0.03887565633092426
67,0.037817589520635665
67,0.03663500103012085
67,0.035322998150334
67,0.033834382348460576
67,0.03211391306658176
67,0.030135915818991353
67,0.027925193663931428
67,0.025552598825702846
67,0.023110464923868798
67,0.020682723935886792
67,0.018325951308005645
67,0.016070106062033185
67,0.013935120877829495
67,0.011950103438524375
67,0.010163026089872528
67,0.008638207915284062
67,0.00744652099129829
67,0.006652893602648339
67,0.006301383313129763
67,0.006397502309480967
67,0.0068917992396128995
67,0.007671960907174305
67,0.008569246079348246
67,0.00938223814345175
67,0.009917953983319907
67,0.01004173917967167
67,0.009714161643550918
67,0.008990590272020394
67,0.007978334644122894
67,0.006774754977888913
67,0.005422487100121474
67,0.003903680600973824
67,0.0021674814724764327
67,0.00016777061659109787
67,-0.002108446400025024
67,-0.004629187890175369
67,-0.0073228642130752225
67,-0.010099708627803036
67,-0.01288161634026713
67,-0.015624289587856815
67,-0.01831766185972812
67,-0.020965567413267175
67,-0.023560312277351517
67,-0.026068894329985843
67,-0.028436133634027118
67,-0.030597985844660405
67,-0.032495106989643
67,-0.034081649480800585
67,-0.03533088940290252
67,-0.036241782506962666
67,-0.0368469299502751
67,-0.037216366140906815
67,-0.037449832787822206
67,-0.03765504678564262
67,-0.03791664556720927
67,-0.038266755948715515
67,-0.03867342615278776
67,-0.03906162618404181
67,-0.03936328487618963
67,-0.03956543878973545
67,-0.03971880054113106
67,-0.039899132187163316
67,-0.040153820610830004
67,-0.04047450097179461
67,-0.04080866034073455
67,-0.04109255966854425
67,-0.04128171686120568
67,-0.041367451252895995
67,-0.041378265171018856
67,-0.041367369259890804
67,-0.04139096317555337
67,-0.04148831270944696
67,-0.04167509709399491
67,-0.041951736692450524
67,-0.04231794039005094
67,-0.04278343447248604
67,-0.04337043933806099
67,-0.044107997451128735
67,-0.04502000883464849
67,-0.046110889255024184
67,-0.0473543006830831
67,-0.04868787166354347
67,-0.05001308673887461
67,-0.05120125198690732
67,-0.052110513203364954
67,-0.052614919316352496
67,-0.05263600949780852
67,-0.05216322304238493
67,-0.05125411568309468
67,-0.05001083801423297
67,-0.04853647866455446
67,-0.04688853907674721
67,-0.045055967209661915
67,-0.04297532514439323
67,-0.040576771676295156
67,-0.037832840397076
67,-0.03478389516235197
67,-0.03152936496156412
67,-0.028192961916580057
67,-0.024883021592766088
67,-0.0216696926177172
67,-0.01858905554786426
67,-0.01566704439067028
67,-0.01294469075039564
67,-0.010489208059543696
67,-0.0083886664297623
67,-0.00673787180389639
67,-0.005621815406147366
67,-0.00509660218548588
67,-0.005166738141267701
67,-0.005763816262857466
67,-0.006736544074110036
67,-0.00786016846453058
67,-0.008869129405158372
67,-0.009512428350532091
67,-0.009619554147828684
67,-0.009147265956199474
67,-0.008175071290568122
67,-0.0068447105124335855
67,-0.0052779345609049524
67,-0.003521613925309146
67,-0.0015462614407489948
67,0.0007142443739148506
67,0.0033141447346406202
67,0.006262599046537899
67,0.009512137989135803
67,0.012967857298051373
67,0.016515707541687855
67,0.020060261345370218
67,0.02355130620987663
67,0.026981819900859415
67,0.030359954776150333
67,0.03367623557829807
67,0.03688726517881588
67,0.03992158387179581
67,0.04269808847124004
67,0.04514381416183709
67,0.04720449928873466
67,0.04885020046285317
67,0.050081898538488594
67,0.05094043439388646
67,0.05151077894145477
67,0.051912085459321494
67,0.052270553883997053
67,0.05268149607922737
67,0.05317436892100584
67,0.053700775224444615
67,0.05416351298212242
67,0.054481147860101144
67,0.05464719995081506
67,0.05473582077345888
67,0.054847130880754706
67,0.05503739304026483
67,0.055287343333774004
67,0.05552278272123636
67,0.05566114630253509
67,0.055651401093518155
67,0.055492772299085204
67,0.055232643752462895
67,0.05494744496460558
67,0.05471378397540355
67,0.05458410948678259
67,0.0545804947428198
67,0.054707104127918744
67,0.05496923694747712
67,0.05538645547972555
67,0.05599487713981264
67,0.05683886932864798
67,0.0579540826138312
67,0.05934683711853146
67,0.06097768913217709
67,0.06275391174993362
67,0.0645304029671073
67,0.06612052053798313
67,0.06732309673799777
67,0.06796525088420262
67,0.06794574743978123
67,0.06725923371612022
67,0.06599073474889325
67,0.06427924091139454
67,0.06225834303715639
67,0.05999728914109666
67,0.05747515891915239
67,0.054605817447073345
67,0.05129984529652324
67,0.047527840883519384
67,0.043351290079937564
67,0.038907665083169694
67,0.03436219472259782
67,0.029855641869315882
67,0.025476714738945486
67,0.021270657649447626
67,0.017272501080954825
67,0.013539758252553394
67,0.010165017448838657
67,0.007267078015169508
67,0.004971750976208169
67,0.003390646742436443
67,0.002596915377384051
67,0.0025956399535389937
67,0.003295551281054282
67,0.0044958721676676035
67,0.00589944922762793
67,0.007157095257507218
67,0.007941807067678995
67,0.008035842093778774
67,0.007390455031488806
67,0.006115907486859521
67,0.0043978451704167944
67,0.0023886996925936094
67,0.00013992349884681945
67,-0.0023936407997725575
67,-0.005298116890858226
67,-0.008638407155925761
67,-0.012419194217716688
67,-0.016574037792448874
67,-0.020979408585812057
67,-0.025491439803373116
67,-0.0299934108239089
67,-0.03442766139721615
67,-0.03879035914060892
67,-0.043094060748845774
67,-0.04732627101847701
67,-0.05143067333295604
67,-0.055316664252263975
67,-0.058883727480491525
67,-0.06204352499754352
67,-0.06473167925255868
67,-0.06691288260019834
67,-0.06858781253546525
67,-0.06980402532242704
67,-0.07066154072316604
67,-0.07130044684053401
67,-0.07186707221546734
67,-0.0724675805325391
67,-0.07312642894264926
67,-0.07377426779845628
67,-0.07428732700746443
67,-0.07456997507567696
67,-0.07462689144588117
67,-0.07456396726534237
67,-0.07451281855136616
67,-0.07454065459889787
67,-0.07461427309374094
67,-0.07463296419685367
67,-0.07449254157352286
67,-0.07413660308445916
67,-0.07357713349548278
67,-0.07288721517844089
67,-0.07217315650385175
67,-0.07153686965397871
67,-0.07104683665531412
67,-0.0707334714440753
67,-0.07060735256324792
67,-0.07068368030858445
67,-0.07099756858913663
67,-0.07160509548849012
67,-0.07257087052474077
67,-0.07394430199211298
67,-0.07573102517715351
67,-0.07787029570190945
67,-0.08022520153176296
67,-0.08258546331397149
67,-0.08468517932045429
67,-0.08624362650893871
67,-0.08702683254617635
67,-0.08690661798732356
67,-0.08588901796326459
67,-0.08409936530290257
67,-0.08172699374180843
67,-0.07894465408547276
67,-0.0758346083384796
67,-0.07236136387374262
67,-0.06840975376819185
67,-0.06386771488385906
67,-0.05870725082162688
67,-0.053020730624248336
67,-0.04699681402969646
67,-0.04085430828603205
67,-0.03477399991590091
67,-0.028865888775308407
67,-0.0231848131748376
67,-0.0177766149981046
67,-0.01272051513747411
67,-0.008143004228918282
67,-0.004203521385594888
67,-0.0010679936384189299
67,0.0011187398814176005
67,0.0022638654402075365
67,0.0023647227516614563
67,0.0015453425064807327
67,7.27011067882268e-05
67,-0.0016621242315888996
67,-0.00320376944646706
67,-0.004130755931365601
67,-0.0041689557329497974
67,-0.0032669634451067114
67,-0.0015779247671117097
67,0.0006549214326245687
67,0.0032411442658519408
67,0.006126317515443157
67,0.009377850670326825
67,0.01310703535210372
67,0.01738927633867927
67,0.02221936808234081
67,0.02750356594703591
67,0.03308114019943709
67,0.03877200092210577
67,0.04443565895592978
67,0.050008615396752665
67,0.05549399345184444
67,0.06091178936247203
67,0.06624687950136547
67,0.0714278026353165
67,0.07634134911606123
67,0.08086443097390728
67,0.08489141836094238
67,0.08834733425172306
67,0.09119222128987553
67,0.09342816443030928
67,0.09511202946709615
67,0.09636170241759433
67,0.09733957742338262
67,0.09821011934640307
67,0.09908424845619657
67,0.09997226662415142
67,0.10077416099158126
67,0.10133289886578704
67,0.10153857744511316
67,0.10141463107764502
67,0.10111026245535305
67,0.10079724279197476
67,0.10055427792325877
67,0.10032692611288598
67,0.09997793520083836
67,0.09937493593952539
67,0.09845675321513508
67,0.09725577447199533
67,0.09588247282933648
67,0.09448485065785017
67,0.09319921663926746
67,0.09211592507931632
67,0.09127783353811773
67,0.09070630396074217
67,0.09043211704281057
67,0.09051284107502064
67,0.0910320690955388
67,0.09208200448364477
67,0.09373134164112322
67,0.0959861912300318
67,0.09875859657062097
67,0.1018526090068879
67,0.10496867984394206
67,0.10773068537502935
67,0.1097467741670013
67,0.11069881526626821
67,0.11042454859977291
67,0.10895086695999347
67,0.1064624729552634
67,0.10321717810258113
67,0.0994360146361644
67,0.09521228915511061
67,0.09048643173297805
67,0.08510351429768225
67,0.0789230242702575
67,0.07192149593584249
67,0.06423465501107817
67,0.056120431044315584
67,0.04786863978533751
67,0.039711734512345755
67,0.0317859456857431
67,0.02415725677972366
67,0.016885133171542596
67,0.010077320641305848
67,0.003904722414961972
67,-0.0014205813620671286
67,-0.005681302613198151
67,-0.008690397610795401
67,-0.010330101723603031
67,-0.010600697200501111
67,-0.009667591980093456
67,-0.007881514768275054
67,-0.005752274436294329
67,-0.003869340049815962
67,-0.0027734807437450725
67,-0.002809563591176724
67,-0.004030623232557272
67,-0.006226729383256576
67,-0.009080863485675515
67,-0.012357565515968913
67,-0.01600467319013733
67,-0.02012253939689535
67,-0.024854347536699413
67,-0.030284605532449195
67,-0.036390920683765635
67,-0.04304337040941102
67,-0.05003640218435122
67,-0.05714849337073004
67,-0.06421313691692594
67,-0.07116148245745813
67,-0.07800527021412311
67,-0.08477269595976844
67,-0.09144492161238686
67,-0.0979330361396499
67,-0.10409882865834479
67,-0.10979474506245254
67,-0.11489639766518331
67,-0.11931675134438333
67,-0.1230093540675099
67,-0.1259755891582547
67,-0.12827988257850143
67,-0.13005662139021978
67,-0.13148809765088043
67,-0.13275181185122054
67,-0.13395586909803026
67,-0.13508845859122687
67,-0.13601279022274382
67,-0.1365362692096361
67,-0.13653849961328798
67,-0.13607235183159624
67,-0.13534429768117723
67,-0.13457618095696997
67,-0.13385849716785836
67,-0.13310712930109986
67,-0.13213796769111713
67,-0.13078611716616706
67,-0.1289909532871731
67,-0.12681808026710684
67,-0.12442997177282052
67,-0.12202757581673612
67,-0.11978775996862076
67,-0.11782582884572912
67,-0.11620075082287207
67,-0.11495135579713169
67,-0.11413339268170548
67,-0.11383688250706236
67,-0.11418165909504316
67,-0.11529395495727258
67,-0.11726462931123857
67,-0.12009716129389598
67,-0.12366446248777961
67,-0.12768902532163354
67,-0.13174911494404148
67,-0.1353187079737313
67,-0.1378572435277772
67,-0.13893939942532038
67,-0.13836908515647245
67,-0.13621502843796587
67,-0.1327496385372906
67,-0.12831981984267016
67,-0.12320037895573491
67,-0.11748847537832757
67,-0.11108832361703465
67,-0.10379587664649632
67,-0.09544110895819355
67,-0.08601517781393733
67,-0.07571733959854263
67,-0.06489900091278111
67,-0.05394058337076689
67,-0.04313540875987853
67,-0.03264572624634131
67,-0.022545567601583667
67,-0.012909123305659275
67,-0.0038811725807146712
67,0.004308734022824692
67,0.011380421441897076
67,0.01705288951709189
67,0.02109003398276289
67,0.02334875555728173
67,0.023839365405017524
67,0.022784150615206892
67,0.02064075739749359
67,0.01806545831299785
67,0.01580974558377571
67,0.01455638636917917
67,0.014731595453493132
67,0.016383539732161292
67,0.019225979455906515
67,0.022850002773852816
67,0.02697216916714154
67,0.03155468779812448
67,0.0367444554040648
67,0.04271827296364274
67,0.04955780728097852
67,0.05720620186133167
67,0.06548382821923097
67,0.07413395796065016
67,0.08289304589979829
67,0.09157123603296217
67,0.10009827602574363
67,0.10849793790470502
67,0.11680815465500638
67,0.1250060782119399
67,0.13298429801123807
67,0.14057864017976773
67,0.14761649178173547
67,0.15395476532163324
67,0.15949529504746018
67,0.16418656065469595
67,0.16803050512741377
67,0.17109962828768727
67,0.17354306029490985
67,0.1755560261135374
67,0.1773155032153268
67,0.1789102093878897
67,0.18029320866877388
67,0.18128536938037693
67,0.18166025789324355
67,0.1812952330879175
67,0.18028623566850657
67,0.1789112126915346
67,0.17744962495646205
67,0.1759995038241183
67,0.17443172830392953
67,0.17249951489962898
67,0.17000266697274846
67,0.16689309739177313
67,0.16328889561535698
67,0.159424063049916
67,0.15556588494243154
67,0.15193726671582583
67,0.1486813904495509
67,0.14587996109263454
67,0.14360125937925855
67,0.14193967167768926
67,0.14102896216234076
67,0.1410331935859477
67,0.1421187255459431
67,0.14440332557143426
67,0.1478876365625473
67,0.15239508226851586
67,0.15754208407910217
67,0.1627446812215557
67,0.16727562766309817
67,0.17039576391060796
67,0.17154378255950958
67,0.1704956202473238
67,0.16739546787893486
67,0.16264082705550403
67,0.15668710118354384
67,0.14985955329406625
67,0.14224297716497797
67,0.13368895684619064
67,0.12393536104767841
67,0.11278454946173559
67,0.10025694488772681
67,0.08664138738409119
67,0.07241265292721022
67,0.05806432898244903
67,0.04395939372429782
67,0.030284046024579167
67,0.017116331757400856
67,0.004547351969099557
67,-0.007229869904003079
67,-0.017910325087647092
67,-0.02712994015413552
67,-0.03453389497729705
67,-0.03983304692543078
67,-0.04285999909144867
67,-0.04364186263773989
67,-0.04247192611181013
67,-0.03993564342454996
67,-0.03686039860038694
67,-0.03418507836798041
67,-0.03275731070532246
67,-0.03309809646025963
67,-0.03524677438320651
67,-0.03882225671178706
67,-0.043308537751675785
67,-0.04837902348628361
67,-0.05403083650391991
67,-0.06047184163683522
67,-0.0679048209696536
67,-0.07638369458221593
67,-0.08579272770535316
67,-0.0958922654828726
67,-0.10637876464969179
67,-0.11695691231718519
67,-0.1274206684079765
67,-0.13769897256820862
67,-0.14782322751086768
67,-0.15783571178936387
67,-0.16770729270438348
67,-0.1773145685286358
67,-0.18647278780556942
67,-0.1949892444733394
67,-0.20270495353145168
67,-0.2095110822958785
67,-0.21534884737064433
67,-0.22021565949708408
67,-0.22418478566309774
67,-0.22741008116232966
67,-0.23008400397973114
67,-0.23236143967365233
67,-0.23429237234124548
67,-0.23578852556211305
67,-0.23663763834187282
67,-0.23659628677572556
67,-0.23555551838376132
67,-0.233666289992668
67,-0.23128608942981782
67,-0.22875368640467106
67,-0.2261656843875058
67,-0.22333295347404425
67,-0.21993773493043295
67,-0.21575038873000482
67,-0.2107566736707551
67,-0.2051571657992011
67,-0.19927820860563022
67,-0.1934553138044253
67,-0.18794951289742806
67,-0.18292900816525026
67,-0.17850811983690357
67,-0.17480382663996186
67,-0.17196916093149633
67,-0.17019439394841124
67,-0.16969128933437871
67,-0.1706653591165463
67,-0.1732591566954433
67,-0.17746497205628328
67,-0.18304138363759792
67,-0.18946818519540426
67,-0.1959524862499932
67,-0.20150853440282968
67,-0.20514926007129589
67,-0.20616049750123372
67,-0.20431627439692113
67,-0.19988885105420667
67,-0.19344449485645118
67,-0.18555600028814556
67,-0.17657777189354354
67,-0.16655494436648288
67,-0.15527273488604282
67,-0.14241502417553473
67,-0.12777373422262847
67,-0.11142480991169852
67,-0.09377874479144944
67,-0.07546401910871711
67,-0.05710547502986854
67,-0.03913632426525322
67,-0.021755683103869872
67,-0.005035722344339171
67,0.010914450450679885
67,0.025841513025662434
67,0.03934923198085185
67,0.050977643140574305
67,0.0602947906630822
67,0.06696458083752983
67,0.07080790720316783
67,0.07188472662188494
67,0.07057713066344995
67,0.06761535031946703
67,0.06401059345234723
67,0.060898213074689636
67,0.05929979166435926
67,0.059837419715075425
67,0.06253597514806403
67,0.06690365578852081
67,0.07231093553528267
67,0.07840603603778817
67,0.0852498587692043
67,0.09311996411273214
67,0.10221791097548942
67,0.11252203406940156
67,0.12382109752874908
67,0.13581079316138644
67,0.14816281986126376
67,0.16057664383214315
67,0.17284268782603873
67,0.18488463833148672
67,0.1967287788099606
67,0.20841246553017287
67,0.21990186368311887
67,0.2310693917979989
67,0.2417247387224071
67,0.2516665191619237
67,0.26072592815806905
67,0.2687845074715436
67,0.2757723021941198
67,0.2816758318859385
67,0.2865615688389802
67,0.29057460627992
67,0.2938794963853076
67,0.29657390494015257
67,0.2986402682724898
67,0.2999503453712447
67,0.3002928645446267
67,0.2994444830695406
67,0.29732363669987105
67,0.29413412391322025
67,0.2903117947331466
67,0.28625159096536273
67,0.2820349320493002
67,0.2773943817816387
67,0.2719345173504183
67,0.26541323516288917
67,0.2578871746434404
67,0.24967401308631268
67,0.2412034898040939
67,0.23286834769196127
67,0.22495173963843687
67,0.21764245325453396
67,0.21110185705291978
67,0.20552344813126616
67,0.20114331978185648
67,0.19821491467930963
67,0.1969898230454665
67,0.19770272446564457
67,0.200515742702787
67,0.20540947301973164
67,0.21206648928377017
67,0.2198031337844598
67,0.22757674539481076
67,0.2340967446249136
67,0.23808787396843503
67,0.23867248329491822
67,0.23566295501402992
67,0.22952969653584368
67,0.22104987321048522
67,0.2108952903016351
67,0.19939982787173885
67,0.18653602772935987
67,0.17202227137938816
67,0.15551131836664073
67,0.13681630569759473
67,0.11609661023754546
67,0.09390845371933695
67,0.0710575024212117
67,0.04831374598751693
67,0.02617652089219396
67,0.00484271718162858
67,-0.015634151124327568
67,-0.03513039890962261
67,-0.053326633904509146
67,-0.06972661207622846
67,-0.08377350544128978
67,-0.0949707711877193
67,-0.10295583586927282
67,-0.10755566792998984
67,-0.10887373838096696
67,-0.10738687854919327
67,-0.10396917871320832
67,-0.09980357579619649
67,-0.09620523237186004
67,-0.09436282637661732
67,-0.09500617941977942
67,-0.09815193770259951
67,-0.10319544654529522
67,-0.10940025240526616
67,-0.1164197192374476
67,-0.12441157445383601
67,-0.13372099202250098
67,-0.14450199182277995
67,-0.15659574124628892
67,-0.16965889848101257
67,-0.18333239136556773
67,-0.1973076589784435
67,-0.21132289855353972
67,-0.2251785954908626
67,-0.23877397465998557
67,-0.2520995923394926
67,-0.26517080296047985
67,-0.2779578188614816
67,-0.2903572684480663
67,-0.3022023999702149
67,-0.3132989727692642
67,-0.3234699424129655
67,-0.33258093456638754
67,-0.340544586744638
67,-0.34733000941794645
67,-0.3529804381547575
67,-0.35760067989643995
67,-0.3612856579685502
67,-0.36403779334159
67,-0.36576029189589576
67,-0.3663162482422069
67,-0.3655561145093913
67,-0.36332985195984796
67,-0.359603969862692
67,-0.3546220657501791
67,-0.3488654705171012
67,-0.34275442191150385
67,-0.3363419478686424
67,-0.3292877706654194
67,-0.32113862440438035
67,-0.3116730346204571
67,-0.3010577077349238
67,-0.28975316787572347
67,-0.27828868410183283
67,-0.2670830240685841
67,-0.2564039820887575
67,-0.24644507363430784
67,-0.2374335492997619
67,-0.229676643560007
67,-0.22351966697916179
67,-0.2192793533180115
67,-0.21722325973587028
67,-0.21758055369618798
67,-0.22050663147493849
67,-0.22596161982432886
67,-0.23354969462531286
67,-0.24241107175012197
67,-0.2512281145740925
67,-0.2583813952130698
67,-0.262309476216974
67,-0.26201927120846485
67,-0.2574426403799539
67,-0.2493112473775764
67,-0.23860881256172906
67,-0.22603868984031125
67,-0.21184012864643614
67,-0.19588809842073457
67,-0.1778690272362434
67,-0.1574619717346349
67,-0.13454285372930636
67,-0.10937823025908577
67,-0.08268335156418788
67,-0.055439383784651505
67,-0.028545472239060624
67,-0.0025454052922326866
67,0.02238415064651782
67,0.04621612652882996
67,0.06881468275295732
67,0.08980352752568366
67,0.10860503492990653
67,0.12458662262719235
67,0.13721016356697707
67,0.14611665593739415
67,0.15117131063067626
67,0.15253937587550848
67,0.15078335913454236
67,0.1468848054589719
67,0.14214711927165558
67,0.1380184709650747
67,0.1358282377639748
67,0.13640682620780226
67,0.13976300911682618
67,0.14518778607311106
67,0.15186621698041702
67,0.15950201176991713
67,0.16838681480117856
67,0.17892512980359887
67,0.19115074274269278
67,0.2046828290608212
67,0.21902672661771083
67,0.23381532992976164
67,0.24882049836918485
67,0.26385543518953736
67,0.27872680746194317
67,0.2932791373526454
67,0.307440011732969
67,0.3212014112090296
67,0.3345638604981814
67,0.34748257468306165
67,0.35984506567521196
67,0.3714857341500684
67,0.38222505886375063
67,0.3919046827049298
67,0.400404431604636
67,0.407662516694864
67,0.41368642694229235
67,0.41851657945148296
67,0.42213837297390605
67,0.4244182812208806
67,0.42517365066807233
67,0.4243107312650495
67,0.42182969314219027
67,0.4177207107483771
67,0.4119984478012921
67,0.4048903859097661
67,0.3968680709088538
67,0.3883583322481416
67,0.3793940232536577
67,0.3695772627280954
67,0.3584174685218723
67,0.34574561150864136
67,0.33186955601158646
67,0.3173989444362521
67,0.302932518109186
67,0.28886231426794007
67,0.27539824748351055
67,0.26273331340128664
67,0.2511911517419003
67,0.24122836020128627
67,0.2333073271553961
67,0.22777990837398163
67,0.22488246596839057
67,0.22480032187249874
67,0.22766639931065813
67,0.23341717019346558
67,0.24157631160026904
67,0.25111065934753923
67,0.26044866625483115
67,0.26769073851003666
67,0.27106239174592245
67,0.2695395555379256
67,0.26324518976177075
67,0.2531918099381876
67,0.24050666178273647
67,0.22580875544062837
67,0.20916142314987107
67,0.19035373597894423
67,0.16911920613368853
67,0.14524396195015854
67,0.11870602693485242
67,0.08986965674061705
67,0.05956760563508731
67,0.028910018656238174
67,-0.0011089814836097132
67,-0.029920280803909377
67,-0.05737426104992985
67,-0.08347424834920099
67,-0.10808463509501061
67,-0.13079529531947837
67,-0.15097733350725498
67,-0.16795980814754413
67,-0.18121009237590593
67,-0.19041972286640252
67,-0.19551683533636252
67,-0.19671480161806845
67,-0.1946129801795992
67,-0.1902347077699181
67,-0.18493768907758204
67,-0.18024232601593537
67,-0.17756664152341492
67,-0.1778067706712424
67,-0.18095760504559313
67,-0.18623435756969722
67,-0.19279946440128332
67,-0.20046457744484372
67,-0.2096703567735614
67,-0.22083831602568682
67,-0.23383285709623905
67,-0.2480326085822396
67,-0.2627971340043729
67,-0.2777891022648442
67,-0.2929148143777482
67,-0.30808248838061547
67,-0.323082631924303
67,-0.3376762260488775
67,-0.35172548629673767
67,-0.3652159193331442
67,-0.3782014771275848
67,-0.3907294959025258
67,-0.40276685975706855
67,-0.41417646287264537
67,-0.4247599492158136
67,-0.4343304383480606
67,-0.44275829227057684
67,-0.44996753852940596
67,-0.45590885277932386
67,-0.4605126681174469
67,-0.46361657747247187
67,-0.4649456178657808
67,-0.4642660836649232
67,-0.46158591200782745
67,-0.4570996530992851
67,-0.4509434389231121
67,-0.44315349447531743
67,-0.43390679163784684
67,-0.4236427619169102
67,-0.41278759796040054
67,-0.40136174752569687
67,-0.38893452028598263
67,-0.375010458001257
67,-0.3594942591700012
67,-0.34283119117398503
67,-0.3257458773591372
67,-0.30885358916033134
67,-0.2924775530885567
67,-0.27675749767080926
67,-0.26189166269835573
67,-0.24829948714226047
67,-0.23657193979563707
67,-0.22726665305670907
67,-0.22074174994544546
67,-0.21716361003565252
67,-0.21664158763795002
67,-0.21928227037059986
67,-0.22501591459206036
67,-0.23329953162019937
67,-0.24294441867231495
67,-0.25218281871358156
67,-0.2589411942240689
67,-0.2613633420657329
67,-0.2585131789181787
67,-0.250754010907046
67,-0.23931259033767344
67,-0.2253160409482891
67,-0.20918875539964632
67,-0.1908058156406584
67,-0.16993563165107337
67,-0.14644635697060987
67,-0.12028395079321061
67,-0.09152314882631186
67,-0.06058371613797438
67,-0.028358169015262447
67,0.003982918355981371
67,0.03541547645760722
67,0.06538347319047838
67,0.09376945012309779
67,0.1205995741924474
67,0.14574391828500424
67,0.1687833865151651
67,0.18907526529410307
67,0.20595031498946956
67,0.2189204460939858
67,0.222102388058966
