67,0.0
67,2.1139856077813844e-05
67,2.1139856077813844e-05
67,2.1136753419243316e-05
67,2.110159921258344e-05
67,2.1026701297353145e-05
67,2.106771328219664e-05
67,2.143550243261018e-05
67,2.2224474196289097e-05
67,2.3514411092394506e-05
67,2.5302768443398797e-05
67,2.7462973803910877e-05
67,2.9809632473919133e-05
67,3.218062449271343e-05
67,3.44879058738222e-05
67,3.669093998085075e-05
67,3.869224301753855e-05
67,4.03021023220469e-05
67,4.138920193395221e-05
67,4.200988490193683e-05
67,4.2252927852215194e-05
67,4.20489619653416e-05
67,4.128142165108807e-05
67,4.001134396977748e-05
67,3.849699876513574e-05
67,3.6940888896785905e-05
67,3.526214552540601e-05
67,3.324951521971209e-05
67,3.090869259674375e-05
67,2.8564052387113825e-05
67,2.6576851216506614e-05
67,2.500008648771119e-05
67,2.361713943367076e-05
67,2.2263414354305245e-05
67,2.0989619290950385e-05
67,1.9950952580091576e-05
67,1.9200308774047654e-05
67,1.86025566604639e-05
67,1.798159587711502e-05
67,1.734673574820167e-05
67,1.6920171553866088e-05
67,1.6938988727190496e-05
67,1.7445694698937417e-05
67,1.8249608386412406e-05
67,1.9132819353769327e-05
67,2.0136118746707002e-05
67,2.1540258876735777e-05
67,2.3498242182367982e-05
67,2.581845248954981e-05
67,2.818942211057579e-05
67,3.0479039601549634e-05
67,3.27053142746492e-05
67,3.477672463749657e-05
67,3.6380345526357486e-05
67,3.7197598209316016e-05
67,3.7189852517418136e-05
67,3.657585991016548e-05
67,3.553036054106946e-05
67,3.3996472924903236e-05
67,3.1813926097097055e-05
67,2.896761017074851e-05
67,2.5672718649980637e-05
67,2.2240818017996392e-05
67,1.8921305258680282e-05
67,1.586098494909724e-05
67,1.3119108570837548e-05
67,1.0683400160803706e-05
67,8.528471328000687e-06
67,6.707855504045257e-06
67,5.3635223739309436e-06
67,4.593748305822369e-06
67,4.338544344776764e-06
67,4.4483942129237235e-06
67,4.822166009396363e-06
67,5.408476431581485e-06
67,6.118723131920526e-06
67,6.85631343867382e-06
67,7.641176102434142e-06
67,8.611788279256791e-06
67,9.869395360085897e-06
67,1.1342969731535903e-05
67,1.2815831843714957e-05
67,1.4094630559610673e-05
67,1.5159356835864708e-05
67,1.6144657467846628e-05
67,1.7188456245217295e-05
67,1.8315112420796352e-05
67,1.9455948365270178e-05
67,2.0558931223367032e-05
67,2.1656240566756085e-05
67,2.2820127302836843e-05
67,2.407161548889949e-05
67,2.534933666915708e-05
67,2.6573800207871175e-05
67,2.7743021625261706e-05
67,2.8936180914974305e-05
67,3.0196940261179694e-05
67,3.145668655552793e-05
67,3.2629807990213e-05
67,3.3766846459972266e-05
67,3.504979685995225e-05
67,3.660900397807679e-05
67,3.838396541986031e-05
67,4.020438588434969e-05
67,4.1977859198638264e-05
67,4.373854820906735e-05
67,4.551529504349963e-05
67,4.721772359894008e-05
67,4.867337604770788e-05
67,4.97347460674106e-05
67,5.034330329225968e-05
67,5.050913235770271e-05
67,5.022398515796849e-05
67,4.9406716966573135e-05
67,4.795277687413438e-05
67,4.582894221669608e-05
67,4.3120790125077135e-05
67,3.999792457527667e-05
67,3.662379175791165e-05
67,3.309529920190269e-05
67,2.9474366673309343e-05
67,2.5852640582468637e-05
67,2.2353155687851582e-05
67,1.907678722005592e-05
67,1.6077273456615017e-05
67,1.3401019472888053e-05
67,1.1135292613505401e-05
67,9.391328935662598e-06
67,8.224112665988433e-06
67,7.576591303384218e-06
67,7.323255339275739e-06
67,7.352860341713056e-06
67,7.592556354076426e-06
67,8.011450855146104e-06
67,8.65493452169079e-06
67,9.633697941195351e-06
67,1.102052342568102e-05
67,1.276375955665679e-05
67,1.4727468589266784e-05
67,1.6795598027669107e-05
67,1.890046841902676e-05
67,2.095767078095097e-05
67,2.2822949161713367e-05
67,2.4358984380795403e-05
67,2.55333935772934e-05
67,2.6395971862753987e-05
67,2.6948431734503772e-05
67,2.708622699441808e-05
67,2.669998155537399e-05
67,2.5809999486850143e-05
67,2.4565086619148302e-05
67,2.3107272825797267e-05
67,2.1469948831674834e-05
67,1.962906582659076e-05
67,1.76203523549913e-05
67,1.556243658889867e-05
67,1.3584761176562286e-05
67,1.178987211520653e-05
67,1.0293908769186869e-05
67,9.240301721626389e-06
67,8.71422649937509e-06
67,8.654486377695484e-06
67,8.889956984476124e-06
67,9.27572246450731e-06
67,9.792859263625029e-06
67,1.0527743501991429e-05
67,1.15722985047949e-05
67,1.2941606157684871e-05
67,1.4562353803353101e-05
67,1.631271527415614e-05
67,1.805527127046297e-05
67,1.9644461289951858e-05
67,2.095290040338017e-05
67,2.1933219419851895e-05
67,2.2653468600564203e-05
67,2.324809131316658e-05
67,2.3820148128135103e-05
67,2.4389861334809832e-05
67,2.4933261779808717e-05
67,2.5461340327482293e-05
67,2.6054555256268588e-05
67,2.6818129795787755e-05
67,2.7811188262665553e-05
67,2.902512385908026e-05
67,3.0416507792717215e-05
67,3.194175245789946e-05
67,3.3566359851804317e-05
67,3.526602626049579e-05
67,3.703154119696789e-05
67,3.886713294150678e-05
67,4.077332334773976e-05
67,4.272402240218833e-05
67,4.4662086609197035e-05
67,4.65175255888406e-05
67,4.8221784573390486e-05
67,4.971224933578944e-05
67,5.095196945670088e-05
67,5.195157991913616e-05
67,5.274235831002477e-05
67,5.330965043145818e-05
67,5.356149831297739e-05
67,5.3365137786696164e-05
67,5.2612678353760985e-05
67,5.12622413517148e-05
67,4.932919022494667e-05
67,4.6853995249279576e-05
67,4.389159115517835e-05
67,4.0518541802310205e-05
67,3.6822334753508964e-05
67,3.287161265455496e-05
67,2.8699954519728975e-05
67,2.432436041911196e-05
67,1.9790757872704425e-05
67,1.5214716178182929e-05
67,1.0780336934700469e-05
67,6.691673448744565e-06
67,3.1105454806793487e-06
67,1.198338598979987e-07
67,-2.2683856425116803e-06
67,-4.069535285115975e-06
67,-5.293570073740753e-06
67,-5.95836845164474e-06
67,-6.109464077990222e-06
67,-5.785313198660164e-06
67,-4.964705253309529e-06
67,-3.586818284336836e-06
67,-1.6385230199735981e-06
67,7.93376475406139e-07
67,3.559291478274269e-06
67,6.513975659174462e-06
67,9.531207629921009e-06
67,1.2468499968163075e-05
67,1.5158447213738041e-05
67,1.746540395862968e-05
67,1.9345739085453515e-05
67,2.0834003808777083e-05
67,2.197234931266267e-05
67,2.2769641911330868e-05
67,2.3229655534955668e-05
67,2.339609695975006e-05
67,2.3345525804337486e-05
67,2.313416860549909e-05
67,2.2768949319207858e-05
67,2.224095723590381e-05
67,2.158098157577729e-05
67,2.0878064857356948e-05
67,2.025129942721933e-05
67,1.9806273488938066e-05
67,1.9602130418814145e-05
67,1.9633942699345323e-05
67,1.9833136301064868e-05
67,2.0092539098872182e-05
67,2.0309901651848915e-05
67,2.0433121687173917e-05
67,2.0492271007296034e-05
67,2.05981947491777e-05
67,2.0890186120756775e-05
67,2.1455138529399042e-05
67,2.227685454386123e-05
67,2.3248233228856216e-05
67,2.4224490185021755e-05
67,2.508185009062118e-05
67,2.5761208147906933e-05
67,2.6279547471237534e-05
67,2.669975978399832e-05
67,2.7078698140760863e-05
67,2.7434653127073223e-05
67,2.775986200030325e-05
67,2.806046469581215e-05
67,2.8377967635872012e-05
67,2.8768233214216994e-05
67,2.9265796516695193e-05
67,2.9877179270351377e-05
67,3.060392454333229e-05
67,3.14572373310231e-05
67,3.244865911890491e-05
67,3.35859914833667e-05
67,3.4895437995612e-05
67,3.6439630047594745e-05
67,3.8288935573115964e-05
67,4.04570283611386e-05
67,4.286319414748382e-05
67,4.5363401797185807e-05
67,4.7820802132074575e-05
67,5.01522012640595e-05
67,5.232326268667705e-05
67,5.4311836510588624e-05
67,5.606879448099303e-05
67,5.749790463739053e-05
67,5.84658764875925e-05
67,5.883228712379213e-05
67,5.8477489532925694e-05
67,5.7323033682149714e-05
67,5.535022103442509e-05
67,5.2609639188708734e-05
67,4.920766731040746e-05
67,4.526968160077187e-05
67,4.089977551951687e-05
67,3.616562063810656e-05
67,3.1118087403248304e-05
67,2.5821208726172463e-05
67,2.036304997364643e-05
67,1.4848298086748867e-05
67,9.392922279605335e-06
67,4.127429676624258e-06
67,-8.04613237319469e-07
67,-5.265490211784611e-06
67,-9.15381439947707e-06
67,-1.2424756795320827e-05
67,-1.5086743183466405e-05
67,-1.718533350087456e-05
67,-1.8784296926849907e-05
67,-1.9932061430087906e-05
67,-2.0613905655382622e-05
67,-2.0730291475650622e-05
67,-2.0135926292577285e-05
67,-1.8717124099013262e-05
67,-1.645290608578058e-05
67,-1.3429994829477165e-05
67,-9.820493998490149e-06
67,-5.844429776932714e-06
67,-1.7289410452709864e-06
67,2.3340786802235455e-06
67,6.2209634064070305e-06
67,9.877581610370871e-06
67,1.3284946111248899e-05
67,1.6419918394513155e-05
67,1.9245937639679247e-05
67,2.173350495169653e-05
67,2.387924726229506e-05
67,2.570131144177335e-05
67,2.722170627090686e-05
67,2.846056047488125e-05
67,2.9448849901357872e-05
67,3.0243135585391457e-05
67,3.092703197079366e-05
67,3.160118133202633e-05
67,3.2368158453619474e-05
67,3.330821682095688e-05
67,3.444395343503653e-05
67,3.5714019007166945e-05
67,3.6983986040357825e-05
67,3.809822029895032e-05
67,3.8945838453290135e-05
67,3.950148721469357e-05
67,3.981463223641775e-05
67,3.995816836610069e-05
67,3.997865775810437e-05
67,3.987831193484959e-05
67,3.9621579056317414e-05
67,3.914871052256462e-05
67,3.839673656635229e-05
67,3.7333957562092786e-05
67,3.599425671973139e-05
67,3.44815493877037e-05
67,3.2932133265898414e-05
67,3.146226786038072e-05
67,3.014306516961968e-05
67,2.901338811397483e-05
67,2.8102161668910565e-05
67,2.743087591380233e-05
67,2.700061302528647e-05
67,2.6790630828015393e-05
67,2.677945378201041e-05
67,2.696855728436855e-05
67,2.738566259866968e-05
67,2.806953796900102e-05
67,2.905286067089104e-05
67,3.0350680105395174e-05
67,3.195357992876145e-05
67,3.382836371018284e-05
67,3.592968082698113e-05
67,3.821693069111815e-05
67,4.066443348073776e-05
67,4.325690690544757e-05
67,4.597075494498744e-05
67,4.874812909201648e-05
67,5.1476165489471e-05
67,5.398669341707541e-05
67,5.608178703345959e-05
67,5.757017535375131e-05
67,5.829344063505502e-05
67,5.813748972502196e-05
67,5.7038279632814745e-05
67,5.4985339651279076e-05
67,5.2018062009364795e-05
67,4.821260287826925e-05
67,4.366575345794231e-05
67,3.848421103131088e-05
67,3.2779705101265805e-05
67,2.666354650378349e-05
67,2.0241361704637733e-05
67,1.3619816502372163e-05
67,6.92951193200227e-06
67,3.4659601768060076e-07
67,-5.9114226433277305e-06
67,-1.1622766690642903e-05
67,-1.6615571850639598e-05
67,-2.081410760806083e-05
67,-2.4257472442188627e-05
67,-2.707976215705449e-05
67,-2.944777051152612e-05
67,-3.147084326114496e-05
67,-3.31278592835423e-05
67,-3.426162988197657e-05
67,-3.464789443306743e-05
67,-3.4094462800675735e-05
67,-3.251714146467372e-05
67,-2.996647258811199e-05
67,-2.66061433944999e-05
67,-2.26576368942018e-05
67,-1.8332639543138923e-05
67,-1.3778540081425006e-05
67,-9.061456710301285e-06
67,-4.196319597782965e-06
67,7.97838236461259e-07
67,5.860690066999939e-06
67,1.0897767483118109e-05
67,1.5817131991012475e-05
67,2.0558287719062986e-05
67,2.509065928538732e-05
67,2.9390722483295465e-05
67,3.342448184466495e-05
67,3.715206601676316e-05
67,4.05487070170464e-05
67,4.362579901671581e-05
67,4.644098567184156e-05
67,4.9091780971255704e-05
67,5.168820054139439e-05
67,5.430764074221949e-05
67,5.6950774917058956e-05
67,5.952507396291609e-05
67,6.18724754668338e-05
67,6.383200001687192e-05
67,6.530086741210233e-05
67,6.625565257493751e-05
67,6.672672184721748e-05
67,6.6751384432144e-05
67,6.633422133103501e-05
67,6.542993418909093e-05
67,6.395511566311184e-05
67,6.182730397105814e-05
67,5.901644004160887e-05
67,5.55822803416232e-05
67,5.167394578543483e-05
67,4.7490372111744576e-05
67,4.3227294980854445e-05
67,3.904078619814951e-05
67,3.5037493677596995e-05
67,3.128282132163942e-05
67,2.7816160700698367e-05
67,2.4668971285910755e-05
67,2.1882941639706657e-05
67,1.9519622414835167e-05
67,1.7652052758323033e-05
67,1.634143259490515e-05
67,1.561490923921283e-05
67,1.5457172672545283e-05
67,1.5815902488281976e-05
67,1.6616654999459007e-05
67,1.7784714143552976e-05
67,1.9268419706609168e-05
67,2.1053557835455223e-05
67,2.3160420375622674e-05
67,2.5622314979763307e-05
67,2.8451423873800797e-05
67,3.1604599436040116e-05
67,3.496542777644641e-05
67,3.835294016817358e-05
67,4.155159908429055e-05
67,4.434466403290211e-05
67,4.653703428627994e-05
67,4.796812932577147e-05
67,4.8521451842651665e-05
67,4.813108343084064e-05
67,4.67804521883911e-05
67,4.4492995130862635e-05
67,4.132011166337763e-05
67,3.7330718849226594e-05
67,3.260147568316951e-05
67,2.720722440052942e-05
67,2.121960038400693e-05
67,1.4724626604854714e-05
67,7.855917044890133e-06
67,8.205640257020561e-07
67,-6.1077510822002695e-06
67,-1.263533937091376e-05
67,-1.851831695046396e-05
67,-2.3626595598538676e-05
67,-2.797379212721082e-05
67,-3.1694176273412416e-05
67,-3.496555378380981e-05
67,-3.7905231472735047e-05
67,-4.049075848741752e-05
67,-4.255096650893865e-05
67,-4.383252502084903e-05
67,-4.410469631265697e-05
67,-4.324988956807661e-05
67,-4.13008813298928e-05
67,-3.841403854322739e-05
67,-3.4798193181684944e-05
67,-3.0636623551620165e-05
67,-2.603744504458714e-05
67,-2.1030619881019138e-05
67,-1.5605774824175012e-05
67,-9.763132707951874e-06
67,-3.5445307179367846e-06
67,2.970589373124815e-06
67,9.692395906105393e-06
67,1.654518220123537e-05
67,2.3470551394642443e-05
67,3.0410692636294906e-05
67,3.728940685428223e-05
67,4.4009072191005735e-05
67,5.046907554663169e-05
67,5.659723562597232e-05
67,6.237749099933227e-05
67,6.78553508094169e-05
67,7.311014764190482e-05
67,7.82015171110376e-05
67,8.311676937524756e-05
67,8.775023443966506e-05
67,9.192899714579006e-05
67,9.547028251329164e-05
67,9.823502096085215e-05
67,0.00010014883463753204
67,0.00010118859548223959
67,0.0001013516034311618
67,0.00010062453754171232
67,9.896474968857112e-05
67,9.630461983055741e-05
67,9.258273242639368e-05
67,8.779043178969602e-05
67,8.200831701397822e-05
67,7.540847458690292e-05
67,6.821931684043462e-05
67,6.06747019086089e-05
67,5.297483565548894e-05
67,4.527174111270657e-05
67,3.767535087561634e-05
67,3.0270790961546842e-05
67,2.3140104940366484e-05
67,1.6382784395140353e-05
67,1.0126085283802756e-05
67,4.515916430575617e-06
67,-3.114335450459542e-07
67,-4.264137045782596e-06
67,-7.319627399165409e-06
67,-9.527445709822037e-06
67,-1.0986078826422272e-05
67,-1.1799797953715245e-05
67,-1.2032057469091332e-05
67,-1.1675852539638068e-05
67,-1.0655544342563441e-05
67,-8.863349453632126e-06
67,-6.219686154949778e-06
67,-2.7324851510420252e-06
67,1.4732678879204572e-06
67,6.169478881452597e-06
67,1.1071057525625877e-05
67,1.5888065345582035e-05
67,2.0363071670825854e-05
67,2.4288513303281545e-05
67,2.7509115903715747e-05
67,2.9915625079406646e-05
67,3.143530749198117e-05
67,3.202504241901377e-05
67,3.166994548455327e-05
67,3.0383404722358742e-05
67,2.8200983732872588e-05
67,2.516782472784414e-05
67,2.1331294271430082e-05
67,1.6752711145160336e-05
67,1.1537785464077983e-05
67,5.866835064871734e-06
67,-1.681103765791559e-10
67,-5.757937029391406e-06
67,-1.112443251720182e-05
67,-1.5919523715572907e-05
67,-2.011746676664096e-05
67,-2.383965297408959e-05
67,-2.7278797463784487e-05
67,-3.058478454259306e-05
67,-3.3769157170480625e-05
67,-3.667689463610241e-05
67,-3.9036695437089273e-05
67,-4.056160792679317e-05
67,-4.1051500560714633e-05
67,-4.0452300253107965e-05
67,-3.884957869651321e-05
67,-3.640543145656155e-05
67,-3.3273046915668587e-05
67,-2.953152763509092e-05
67,-2.5171036123176763e-05
67,-2.012991885264576e-05
67,-1.4355642057294339e-05
67,-7.85014102583489e-06
67,-6.762213225273801e-07
67,7.068480267947898e-06
67,1.528348915255504e-05
67,2.3879780972420796e-05
67,3.2771792873409894e-05
67,4.1860279093574066e-05
67,5.102297696226869e-05
67,6.012214716551422e-05
67,6.902776662882017e-05
67,7.764676834844339e-05
67,8.59424119956094e-05
67,9.392801405579305e-05
67,0.00010163115429973938
67,0.00010904344147637635
67,0.0001160828431927083
67,0.0001225893705243259
67,0.00012835365890373097
67,0.0001331589919665153
67,0.00013681579301185042
67,0.00013917909019412888
67,0.00014014863873851048
67,0.00013965512968178132
67,0.00013764124988758004
67,0.0001340520662201383
67,0.0001288466437679745
67,0.00012202958741316682
67,0.0001136852723909957
67,0.00010399190941345557
67,9.320398951695185e-05
67,8.161097110577313e-05
67,6.94912729064671e-05
67,5.707877956359572e-05
67,4.455124372915548e-05
67,3.204258942040806e-05
67,1.9674357938026415e-05
67,7.593641347946432e-06
67,-4.001877338333845e-06
67,-1.4869619359300276e-05
67,-2.4762727055992693e-05
67,-3.3490678927814745e-05
67,-4.097198343653612e-05
67,-4.725068040734624e-05
67,-5.246152984863657e-05
67,-5.675231115754047e-05
67,-6.019519534270411e-05
67,-6.272829842489016e-05
67,-6.415721822549599e-05
67,-6.422064241916534e-05
67,-6.269492263364504e-05
67,-5.949251749715265e-05
67,-5.471100797675554e-05
67,-4.861484948476523e-05
67,-4.156594206930607e-05
67,-3.3940623130458525e-05
67,-2.606953393980136e-05
67,-1.8217879312253502e-05
67,-1.060022185544779e-05
67,-3.408117891488069e-06
67,3.1734135239963115e-06
67,8.972960203838954e-06
67,1.3856305424247245e-05
67,1.774559719356497e-05
67,2.0616482396217028e-05
67,2.2474497586223918e-05
67,2.3330826943456103e-05
67,2.320016041482037e-05
67,2.2127623782635286e-05
67,2.0230016022117983e-05
67,1.7723333244276486e-05
67,1.4910099101259664e-05
67,1.2115936914236955e-05
67,9.59149362783938e-06
67,7.422886477858751e-06
67,5.502362430368048e-06
67,3.586435739242326e-06
67,1.4206487307378736e-06
67,-1.129755384921034e-06
67,-4.007542814096967e-06
67,-6.9807862274661335e-06
67,-9.734538231131732e-06
67,-1.1988046580460107e-05
67,-1.3581688961131658e-05
67,-1.4496744180222094e-05
67,-1.4805069988129068e-05
67,-1.4579346800853772e-05
67,-1.381301907184998e-05
67,-1.239267854712549e-05
67,-1.0135266024962472e-05
67,-6.864268912637242e-06
67,-2.47810643100111e-06
67,3.025316166937907e-06
67,9.571244631964758e-06
67,1.7052355380681543e-05
67,2.536279295745365e-05
67,3.4405073382062213e-05
67,4.407374465034389e-05
67,5.423234994759566e-05
67,6.470184621285738e-05
67,7.527252832515655e-05
67,8.573952033225798e-05
67,9.594673517437473e-05
67,0.00010581478261462308
67,0.00011533388443663783
67,0.00012452192337497096
67,0.0001333674641860323
67,0.00014178453634126683
67,0.00014959698539130091
67,0.00015655421019343662
67,0.0001623684008691191
67,0.00016675863460837036
67,0.00016948617797659556
67,0.00017036883391050608
67,0.00016927292128158787
67,0.00016609540278738843
67,0.00016075577547106356
67,0.0001532105959762368
67,0.00014348583837087676
67,0.0001317065412188184
67,0.0001181020880212224
67,0.00010297921855551871
67,8.667244195047571e-05
67,6.949256318939602e-05
67,5.1695171137706476e-05
67,3.3483251036986816e-05
67,1.5043985328117571e-05
67,-3.3970361303575845e-06
67,-2.153383521858132e-05
67,-3.897984157979052e-05
67,-5.5321666037976054e-05
67,-7.021113315995224e-05
67,-8.345572800407676e-05
67,-9.506048546727218e-05
67,-0.00010519062044089673
67,-0.00011406004533008188
67,-0.00012179019585827668
67,-0.00012830404043839204
67,-0.00013330803437558894
67,-0.0001363747092875994
67,-0.0001370907913969443
67,-0.00013520511322519957
67,-0.00013071322188731854
67,-0.00012384906634443275
67,-0.00011499939176745039
67,-0.00010458992419199683
67,-9.299849339995144e-05
67,-8.05280010202429e-05
67,-6.743524666456385e-05
67,-5.398098536365675e-05
67,-4.045930396916675e-05
67,-2.7184204404923217e-05
67,-1.444450841741447e-05
67,-2.461049121921568e-06
67,8.623654037287396e-06
67,1.8718928858153437e-05
67,2.7745822998508332e-05
67,3.561609587467817e-05
67,4.225034038841518e-05
67,4.762974813683883e-05
67,5.1852096974325845e-05
67,5.515187651205124e-05
67,5.7854968640448286e-05
67,6.027077492881416e-05
67,6.256552632074013e-05
67,6.468300625259583e-05
67,6.636183643489361e-05
67,6.724747355717407e-05
67,6.704457593511212e-05
67,6.563575803000504e-05
67,6.311568631280105e-05
67,5.9735977617400054e-05
67,5.5797655834898285e-05
67,5.1546352953930654e-05
67,4.711877271636372e-05
67,4.256250394223951e-05
67,3.791427851479787e-05
67,3.328984609928472e-05
67,2.8930746679379868e-05
67,2.5178391638001985e-05
67,2.239072465167021e-05
67,2.0850712600197737e-05
67,2.0715204324492154e-05
67,2.202124845050231e-05
67,2.4731238227953956e-05
67,2.8782197141268228e-05
67,3.411193690298969e-05
67,4.065348960095204e-05
67,4.8306511050946415e-05
67,5.6905532499976925e-05
67,6.620845604171122e-05
67,7.592106833532074e-05
67,8.575434081053902e-05
67,9.549041580408037e-05
67,0.0001050244505201817
67,0.0001143592900177813
67,0.00012355247303757498
67,0.00013263758570746838
67,0.0001415527658157052
67,0.0001501041366330442
67,0.00015797590532719242
67,0.00016477998389709803
67,0.0001701227566334823
67,0.0001736605040329184
67,0.00017512264096337723
67,0.00017430176917113195
67,0.0001710303342723007
67,0.00016517071910875135
67,0.00015663298993917512
67,0.00014541151016618606
67,0.00013161547565960686
67,0.00011546995511872437
67,9.728075703342827e-05
67,7.737736589705228e-05
67,5.6061985509258744e-05
67,3.359256423820474e-05
67,1.0212488666683334e-05
67,-1.3785393899980109e-05
67,-3.799608508167548e-05
67,-6.188430580804068e-05
67,-8.48381014245593e-05
67,-0.00010628662480451667
67,-0.0001258371305304262
67,-0.0001433654829643813
67,-0.00015900492223359372
67,-0.00017302092882901782
67,-0.00018561823003162732
67,-0.000196767301510737
67,-0.00020613473283447303
67,-0.00021315291064813598
67,-0.00021719706871181852
67,-0.00021778904300337587
67,-0.00021473987348951746
67,-0.00020817703222211195
67,-0.00019845824466648444
67,-0.00018602605689734656
67,-0.00017128017820620904
67,-0.00015452625278877797
67,-0.0001360103920526391
67,-0.00011599767864385168
67,-9.483144564396097e-05
67,-7.293125808942406e-05
67,-5.0734543272366776e-05
67,-2.8625211586308557e-05
67,-6.896852575377196e-06
67,1.4230221290898276e-05
67,3.455646059525779e-05
67,5.3855836467293554e-05
67,7.187111042281102e-05
67,8.836404517224466e-05
67,0.00010319927154840171
67,0.0001164134225996052
67,0.00012821725348860537
67,0.00013890737577856117
67,0.00014871583259478272
67,0.00015766925789279854
67,0.00016553309587839422
67,0.00017187353377329543
67,0.00017620677306293402
67,0.00017816267749906894
67,0.00017759120898048347
67,0.00017457635043402716
67,0.00016936674919935363
67,0.0001622654448168833
67,0.00015353534896635375
67,0.00014336794367094958
67,0.000131928699460402
67,0.00011944714821142531
67,0.00010628985800684499
67,9.29637254083703e-05
67,8.004166563001065e-05
67,6.80514880345134e-05
67,5.738703492643087e-05
67,4.828012510690081e-05
67,4.083320239825535e-05
67,3.508299479381025e-05
67,3.105726373828648e-05
67,2.879616491937663e-05
67,2.8328766236946014e-05
67,2.9618099867830172e-05
67,3.2507722304529636e-05
67,3.6708076479782605e-05
67,4.1844484239355504e-05
67,4.755613839276589e-05
67,5.360457619891971e-05
67,5.993879786688823e-05
67,6.668058473176516e-05
67,7.403094899041202e-05
67,8.213691555385854e-05
67,9.097535844828786e-05
67,0.00010029988666567462
67,0.00010966705780406116
67,0.00011852429972071929
67,0.00012631673794724253
67,0.00013256498722446388
67,0.0001368860856903612
67,0.00013896548470836753
67,0.00013851700213026564
67,0.00013527060138991272
67,0.00012900352157985178
67,0.0001195964546509255
67,0.0001070766463098483
67,9.161655556179528e-05
67,7.348453225627127e-05
67,5.297492778956681e-05
67,3.036043697575201e-05
67,5.899562297570287e-06
67,-2.009919944972272e-05
67,-4.719142291063984e-05
67,-7.474553582740372e-05
67,-0.0001019753362850652
67,-0.00012806869897917595
67,-0.00015237338334092408
67,-0.00017455863883372057
67,-0.00019466443146099504
67,-0.00021299235382926811
67,-0.00022987029140440822
67,-0.00024539498077655786
67,-0.00025927606655569755
67,-0.00027085644485901875
67,-0.000279296149353129
67,-0.000283831571830259
67,-0.00028399412833242014
67,-0.0002796991304865154
67,-0.0002711808823843987
67,-0.0002588240389675712
67,-0.0002429881746466677
67,-0.00022391671694571482
67,-0.0002017650049738588
67,-0.00017670843053936688
67,-0.00014904681565433065
67,-0.00011923360630278336
67,-8.781617740606117e-05
67,-5.5333491852693116e-05
67,-2.2239572152318282e-05
67,1.1103011250313247e-05
67,4.436390443533174e-05
67,7.716520816460941e-05
67,0.0001090391636994116
67,0.0001394621454243357
67,0.00016796177452805627
67,0.00019424724701117476
67,0.00021828689021670535
67,0.00024027281237090018
67,0.00026046926653490313
67,0.00027900882054005655
67,0.00029573608424605154
67,0.0003101775884173595
67,0.00032165083281195155
67,0.00032945755025154275
67,0.0003330747732522598
67,0.0003322702333416401
67,0.000327108282684351
67,0.00031785989089182936
67,0.0003048718749447084
67,0.00028846918348625935
67,0.0002689434940709587
67,0.0002466263182829594
67,0.00022198802618477652
67,0.00019568573820762474
67,0.00016851736007658427
67,0.00014130073335445498
67,0.00011474141303966155
67,8.935339403425056e-05
67,6.546211315605461e-05
67,4.327534047754021e-05
67,2.2977443198456125e-05
67,4.794558653826326e-06
67,-1.1007325768254852e-05
67,-2.4196291326704988e-05
67,-3.4684622284206405e-05
67,-4.261121725027498e-05
67,-4.833630267919467e-05
67,-5.232838543851527e-05
67,-5.498135063755246e-05
67,-5.644443299716232e-05
67,-5.655141509770311e-05
67,-5.4890879437770164e-05
67,-5.099020247425338e-05
67,-4.4532831890015254e-05
67,-3.5518544135043265e-05
67,-2.4307756405229802e-05
67,-1.1543818497497296e-05
67,2.000415764575091e-06
67,1.5575181204492413e-05
67,2.8537714597463025e-05
67,4.034530639131408e-05
67,5.0491616010531235e-05
67,5.845190903829432e-05
67,6.3689541234099e-05
67,6.572800511466845e-05
67,6.424424732628433e-05
67,5.9123108733050304e-05
67,5.043861410247145e-05
67,3.8376087393304155e-05
67,2.3147686186336037e-05
67,4.959202887816906e-06
67,-1.594473799958139e-05
67,-3.917901589637078e-05
67,-6.412285762693879e-05
67,-8.990517145781503e-05
67,-0.00011551570034205465
67,-0.00014002584623901837
67,-0.0001628341807940155
67,-0.00018381428004239953
67,-0.00020326933485398892
67,-0.00022168849812272723
67,-0.00023940794939286968
67,-0.00025633710496918437
67,-0.00027187829231331627
67,-0.0002850685812421138
67,-0.0002948669545809904
67,-0.00030045121740099226
67,-0.0003013959209032703
67,-0.00029766620627046076
67,-0.00028945443820414335
67,-0.00027696370793135077
67,-0.00026026300642064467
67,-0.00023928853397644305
67,-0.00021397247740758028
67,-0.00018440354244087824
67,-0.0001509129302988625
67,-0.00011403850897568062
67,-7.440274134657058e-05
67,-3.25895573254923e-05
67,1.0904352274315366e-05
67,5.562189175989543e-05
67,0.00010104010705296626
67,0.00014648097477155196
67,0.00019110841258682565
67,0.00023403934465972555
67,0.00027453269335851824
67,0.00031216532590402435
67,0.00034689304074462596
67,0.0003789428697995803
67,0.00040856945703310305
67,0.00043578439620777507
67,0.00046018652093249144
67,0.00048097085602239457
67,0.0004971064691585975
67,0.0005076003432846948
67,0.000511737426007273
67,0.0005092067502761749
67,0.0005000770787030802
67,0.0004846557388210801
67,0.0004633216153393864
67,0.00043643202155605745
67,0.0004043509266111627
67,0.0003675628459096317
67,0.0003267787370643406
67,0.00028294760904628343
67,0.00023715225203728565
67,0.00019044126774978633
67,0.00014368452580710002
67,9.75211587297064e-05
67,5.241719741490646e-05
67,8.793939093538015e-06
67,-3.284778271703715e-05
67,-7.188380797176639e-05
67,-0.00010764309417333069
67,-0.00013958072224482202
67,-0.0001674624591761987
67,-0.00019145232301976604
67,-0.0002120297632728483
67,-0.00022974638593787914
67,-0.0002449223612481323
67,-0.00025742732909151225
67,-0.0002666578696556286
67,-0.0002717285442749045
67,-0.0002717921641435739
67,-0.0002663523815453046
67,-0.00025544560261758255
67,-0.00023963310683852883
67,-0.0002198290008962761
67,-0.00019706098139028052
67,-0.0001722837107348622
67,-0.00014632279833833392
67,-0.00011994256282266437
67,-9.39547679823959e-05
67,-6.926740516220164e-05
67,-4.682314987678711e-05
67,-2.7458942273787846e-05
67,-1.1772958718656064e-05
67,-7.782271506734658e-08
67,7.540120226870934e-06
67,1.1103385144604516e-05
67,1.0649759751685691e-05
67,6.2280599726157385e-06
67,-2.0057972150086136e-06
67,-1.364524027939942e-05
67,-2.7937116013357443e-05
67,-4.382482605348982e-05
67,-6.016306752984554e-05
67,-7.604101105606001e-05
67,-9.106764349600557e-05
67,-0.00010546088364424757
67,-0.00011986626567082373
67,-0.00013497274473113933
67,-0.0001511052697025925
67,-0.00016798374946314846
67,-0.00018474556797784937
67,-0.00020019805218590402
67,-0.00021316867075257264
67,-0.00022279044063982172
67,-0.0002286022317393057
67,-0.000230440210927054
67,-0.0002282055111288995
67,-0.00022165713482069277
67,-0.00021035700884313856
67,-0.00019379469291953567
67,-0.00017160511224647808
67,-0.00014374040601399508
67,-0.00011049872459169251
67,-7.24121496700792e-05
67,-3.0081128131368985e-05
67,1.593677451430302e-05
67,6.512123513603953e-05
67,0.00011687921378125236
67,0.00017040661321107212
67,0.00022462115282219944
67,0.0002782388835163678
67,0.00032999562385958473
67,0.0003789290171315361
67,0.0004245833935111431
67,0.00046701651195640246
67,0.0005065761913325559
67,0.0005435327166547109
67,0.0005777328544831357
67,0.0006084342594712438
67,0.0006343899825632912
67,0.0006541365731931856
67,0.0006663559304395624
67,0.0006701599360757343
67,0.0006651897028900091
67,0.0006515129172652537
67,0.0006294051757123317
67,0.0005991578465507318
67,0.0005610265363408522
67,0.0005153349623382308
67,0.00046264385699647297
67,0.0004038541851967058
67,0.00034016235419195016
67,0.0002728833445562133
67,0.00020323843218388244
67,0.00013222182021233066
67,6.061360824047715e-05
67,-1.0874114438118857e-05
67,-8.140517167841111e-05
67,-0.00014990107344728452
67,-0.00021508937038087377
67,-0.0002757297326465505
67,-0.0003309271528547203
67,-0.0003803729156813503
67,-0.0004243637496045406
67,-0.0004635462023369744
67,-0.0004984749559172281
67,-0.000529183803427748
67,-0.000554977195892036
67,-0.0005745468252765742
67,-0.0005863618975821917
67,-0.0005891614171054196
67,-0.0005823450659891815
67,-0.0005661164465178653
67,-0.0005413479856806399
67,-0.0005092636033642823
67,-0.0004711141740499726
67,-0.0004280056657268025
67,-0.0003809344783917388
67,-0.00033095168598235654
67,-0.0002793028533062703
67,-0.0002274212079435601
67,-0.0001767629761866484
67,-0.0001285831376943497
67,-8.378433788553641e-05
67,-4.2917489593635425e-05
67,-6.314975722238487e-06
67,2.57402682091042e-05
67,5.292380591972e-05
67,7.492485309159487e-05
67,9.16306391731925e-05
67,0.00010333753086582858
67,0.00011084365544464299
67,0.0001153128535496102
67,0.00011791343381213303
67,0.00011937505500588628
67,0.00011968628927425989
67,0.00011810886470965254
67,0.00011352508928599482
67,0.00010495824696927644
67,9.202362172486511e-05
67,7.512098669257775e-05
67,5.531713653522864e-05
67,3.4006655601553025e-05
67,1.2524721204244648e-05
67,-8.107071192989389e-06
67,-2.719647375507779e-05
67,-4.4184084714679644e-05
67,-5.83820224316912e-05
67,-6.883071918023863e-05
67,-7.437674290983347e-05
67,-7.392832433795051e-05
67,-6.673330917385239e-05
67,-5.252157457494278e-05
67,-3.145220075477397e-05
67,-3.928047407592734e-06
67,2.9592006925838267e-05
67,6.866873473574467e-05
67,0.000112807460297072
67,0.00016128389153126848
67,0.00021298675049574928
67,0.0002664024473155658
67,0.00031980934722671635
67,0.00037164057287771674
67,0.00042086545379683234
67,0.00046719583275343327
67,0.0005109839997006114
67,0.0005528255709383702
67,0.0005930360635819289
67,0.0006312405957278106
67,0.0006662585701724178
67,0.0006963193883477382
67,0.0007194964521584452
67,0.0007341616722683504
67,0.0007392681019305237
67,0.0007343607612524572
67,0.0007193582827933581
67,0.0006942679687375844
67,0.0006590210983273031
67,0.0006135248222743967
67,0.0005578786991866627
67,0.0004925961978464865
67,0.00041867438248032314
67,0.0003374596685030608
67,0.00025038819810598137
67,0.00015875354262646406
67,6.363510348159684e-05
67,-3.39735930748343e-05
67,-0.00013291371415093234
67,-0.0002316438458900679
67,-0.0003282153945197841
67,-0.0004205146030758735
67,-0.0005067049718374875
67,-0.000585674709653794
67,-0.0006572501556144719
67,-0.0007220192474071082
67,-0.0007807942089914534
67,-0.0008339378007723201
67,-0.0008808678677136693
67,-0.0009199783520896105
67,-0.0009490138318614327
67,-0.0009657260772795669
67,-0.0009685287891629782
67,-0.0009568866287589945
67,-0.0009313064865860322
67,-0.0008929871520337845
67,-0.0008433430211923136
67,-0.000783661221895115
67,-0.000715048089446177
67,-0.0006386296701491245
67,-0.0005558132929485974
67,-0.0004683956310365084
67,-0.00037842455468618244
67,-0.00028789446120996385
67,-0.0001984585249430468
67,-0.00011131877722795271
67,-2.7337378011666375e-05
67,5.271942805483674e-05
67,0.00012796733780781117
67,0.00019736785957809265
67,0.0002599234093978685
67,0.00031502234386678984
67,0.0003627408835061089
67,0.00040388967378465724
67,0.0004397011269096222
67,0.00047124959194477225
67,0.0004988697064311373
67,0.0005218729027485105
67,0.000538720873199805
67,0.0005475794381814527
67,0.0005469936182051872
67,0.0005363935818145068
67,0.0005162489992450201
67,0.0004878566151916849
67,0.0004528998995103605
67,0.00041300988107320077
67,0.0003695413400757356
67,0.0003236495545457257
67,0.00027656932804957465
67,0.0002298719226752161
67,0.00018549560466687648
67,0.00014550230178469393
67,0.00011169546330318559
67,8.531517876225678e-05
67,6.696200429424168e-05
67,5.675258184099503e-05
67,5.4581288682921634e-05
67,6.032027963848167e-05
67,7.384021714181168e-05
67,9.483953837305618e-05
67,0.00012258325127592135
67,0.00015572461895098946
67,0.00019237229701643053
67,0.00023045694205370526
67,0.0002682842124178955
67,0.000305024213419787
67,0.0003408728532893303
67,0.0003767607576420826
67,0.00041371533321300346
67,0.0004521651593667484
67,0.0004914998907518376
67,0.0005300598967825101
67,0.0005655230407811725
67,0.0005954875771002334
67,0.0006179822189857274
67,0.0006316888967126858
67,0.0006358222421262826
67,0.0006297984433763248
67,0.0006129375028748087
67,0.0005844044622848174
67,0.0005434274465581481
67,0.0004896435219188072
67,0.0004233430798724889
67,0.0003454584975638514
67,0.0002573126481894799
67,0.00016029140981179806
67,5.5644078148530817e-05
67,-5.546643090410671e-05
67,-0.00017169240556761355
67,-0.00029117672371638747
67,-0.00041139934411487885
67,-0.0005293605343342907
67,-0.0006421059916482633
67,-0.0007474033857957263
67,-0.0008442499808478123
67,-0.000932915672300441
67,-0.0010144234614600997
67,-0.001089655400471963
67,-0.0011584868503236143
67,-0.0012193579297701262
67,-0.0012694783941324841
67,-0.001305559643778518
67,-0.0013247390127224114
67,-0.0013253009840210501
67,-0.0013069152656151575
67,-0.001270349867544667
67,-0.0012168732666321632
67,-0.0011477007706599423
67,-0.0010637798561804748
67,-0.0009659780500296601
67,-0.000855479052223986
67,-0.0007340757402079964
67,-0.0006041432947812678
67,-0.00046830345804477
67,-0.0003289895695122736
67,-0.00018816957642981986
67,-4.7372550687467205e-05
67,9.202175128050929e-05
67,0.00022842390453701788
67,0.0003598474066692597
67,0.0004840546474495986
67,0.000599021457136851
67,0.000703508132417644
67,0.000797414493376468
67,0.0008816585667622446
67,0.0009575487418027807
67,0.0010259023089243648
67,0.0010863301534094543
67,0.0011370447784033668
67,0.0011752874635808262
67,0.001198171378716345
67,0.0012035691970987516
67,0.001190694087627449
67,0.0011601831014491737
67,0.001113713866858067
67,0.001053390862491055
67,0.0009812347801710381
67,0.000899027983507585
67,0.0008085372804113116
67,0.0007118903894638149
67,0.0006117892615508286
67,0.0005113669747644298
67,0.0004137426752016439
67,0.000321522511814541
67,0.00023651166568037813
67,0.00015975838013160108
67,9.185714355661359e-05
67,3.330721323554765e-05
67,-1.5292875967469874e-05
67,-5.334101085012183e-05
67,-8.058365664416654e-05
67,-9.752931681156133e-05
67,-0.0001056471367940134
67,-0.00010714020023315068
67,-0.00010429266059763045
67,-9.864537694208798e-05
67,-9.040365330942238e-05
67,-7.840944030955986e-05
67,-6.07349501626177e-05
67,-3.563421129294721e-05
67,-2.420495498717388e-06
67,3.809526413423356e-05
67,8.373986785348547e-05
67,0.000131564512695049
67,0.0001785795154232786
67,0.00022229273390298555
67,0.00026083112585670873
67,0.00029266660837694536
67,0.0003161975228057502
67,0.00032951153129256766
67,0.0003305196745510455
67,0.0003173926686921231
67,0.0002890278233516865
67,0.0002452644978651452
67,0.00018674078832046665
67,0.00011451304589737976
67,2.9695347786612544e-05
67,-6.665082828286299e-05
67,-0.000173304718332918
67,-0.0002884782589396489
67,-0.0004094777430428882
67,-0.0005327122509875776
67,-0.000654185938662633
67,-0.0007703622696943239
67,-0.0008790433768468795
67,-0.0009798123681339233
67,-0.0010737351017666584
67,-0.0011623719611850594
67,-0.0012465236361170347
67,-0.0013252963601020904
67,-0.001395914534289301
67,-0.001454335920966475
67,-0.0014963565349208514
67,-0.0015187011456658428
67,-0.0015196395452557693
67,-0.0014989175438431294
67,-0.0014571380117838456
67,-0.00139500068951545
67,-0.0013128524198652083
67,-0.0012107770878795438
67,-0.0010891007558983363
67,-0.0009489312658587425
67,-0.0007923585612446436
67,-0.000622190824925206
67,-0.0004414073816638697
67,-0.0002526720586616105
67,-5.8190458954327434e-05
67,0.00014002539662375123
67,0.00033966563586870226
67,0.0005377288206727738
67,0.0007305268825634202
67,0.0009141995851233522
67,0.0010855671612609698
67,0.0012429137629659985
67,0.0013862513614978818
67,0.0015168257513717923
67,0.0016360076687273457
67,0.001744056716199761
67,0.0018393441763257766
67,0.001918403453650505
67,0.001976775233600374
67,0.0020102618505378534
67,0.0020160637952611102
67,0.001993362477519797
67,0.001943176953854267
67,0.0018676595964825997
67,0.0017692589265614197
67,0.0016502128491237297
67,0.0015125989143513663
67,0.001358796567709464
67,0.0011919531124857036
67,0.0010160666839308281
67,0.000835578101873593
67,0.0006546910429892861
67,0.00047679764695896074
67,0.00030430101927230813
67,0.00013888474699791674
67,-1.7965634776993307e-05
67,-0.0001645145436013248
67,-0.00029869258128167365
67,-0.0004184825633180194
67,-0.0005226150337620398
67,-0.0006111910767183924
67,-0.0006858099071692624
67,-0.0007489859725588666
67,-0.0008030180350668126
67,-0.0008488156710273446
67,-0.0008852765766845796
67,-0.0009095578663091595
67,-0.000918133825966061
67,-0.0009081564880261517
67,-0.0008785372529210042
67,-0.0008303479944676591
67,-0.0007664634200402513
67,-0.0006906908303296795
67,-0.0006068414217658118
67,-0.0005181892443630944
67,-0.00042751775438548456
67,-0.000337590757000103
67,-0.000251626197963637
67,-0.00017337290833411016
67,-0.00010668040257000461
67,-5.480389211761406e-05
67,-1.985420772688222e-05
67,-2.68785537355626e-06
67,-3.2422814319382062e-06
67,-2.10579978983544e-05
67,-5.564189899925093e-05
67,-0.00010643912716730162
67,-0.00017241699642064713
67,-0.00025150728770812316
67,-0.00034029060333261714
67,-0.00043425469657732736
67,-0.0005287004142896182
67,-0.0006199983893711437
67,-0.0007066148891441057
67,-0.0007893292169070735
67,-0.0008704195092103266
67,-0.0009521303827012251
67,-0.0010351298006835302
67,-0.001117663047102162
67,-0.0011957387728012698
67,-0.0012641831339061697
67,-0.0013180315186652157
67,-0.001353626052073106
67,-0.0013689697410937003
67,-0.0013632802296012245
67,-0.0013361077006053496
67,-0.00128660054688823
67,-0.0012133758211217358
67,-0.0011150454327565457
67,-0.0009910246174159028
67,-0.0008420895007165674
67,-0.0006703490601767687
67,-0.0004786927218022234
67,-0.00027009343447347424
67,-4.720251808601293e-05
67,0.00018753150895627985
67,0.0004313111711164801
67,0.0006803647612734617
67,0.0009296929767817689
67,0.0011734868617906489
67,0.0014061817047837494
67,0.0016237325497728587
67,0.0018244794397866962
67,0.0020090739241448337
67,0.002179360442311942
67,0.002336647145029063
67,0.0024801529715723207
67,0.0026063578846921244
67,0.0027095423081834424
67,0.002783245759582426
67,0.002821993125883729
67,0.0028225700217814416
67,0.0027843701067197654
67,0.0027087890400330256
67,0.0025981076017285126
67,0.002454538490947711
67,0.002279952038984545
67,0.0020763294229200337
67,0.0018465166255111638
67,0.0015946825029941217
67,0.0013261186457449558
67,0.0010464705656382512
67,0.0007608446795829794
67,0.0004732876031223279
67,0.00018689518434140815
67,-9.555493270768428e-05
67,-0.0003708472978057468
67,-0.0006349381243398851
67,-0.0008832569246248199
67,-0.0011116668614101178
67,-0.001317648643370994
67,-0.0015010485956695216
67,-0.0016638543655149308
67,-0.0018089232044918523
67,-0.00193816361113109
67,-0.002051026430877498
67,-0.002144058024402677
67,-0.0022117475431177335
67,-0.00224827714560764
67,-0.0022494083312358665
67,-0.0022137505400007538
67,-0.0021429802572390695
67,-0.002041051175133004
67,-0.0019128813049509438
67,-0.0017632182621754422
67,-0.0015962252822417998
67,-0.0014158572334677648
67,-0.0012265905571228204
67,-0.0010338670738511036
67,-0.0008438462212280243
67,-0.0006625561505566016
67,-0.0004949330626286494
67,-0.0003442826997751882
67,-0.00021240479971664224
67,-0.00010021793811162769
67,-8.453523614261984e-06
67,6.20256425053948e-05
67,0.00011050635161307748
67,0.00013718416029150803
67,0.00014395912476443813
67,0.00013469695852880165
67,0.00011456688441060167
67,8.853668112190145e-05
67,5.963790556204695e-05
67,2.7878780816907407e-05
67,-9.547444197374374e-06
67,-5.6758626633270644e-05
67,-0.00011706743831247596
67,-0.00019122640093399912
67,-0.000276764680044917
67,-0.0003685815998547815
67,-0.00046040215139196114
67,-0.0005463686932006696
67,-0.0006220420250757851
67,-0.0006844233655958173
67,-0.0007311528975725368
67,-0.0007595054128400972
67,-0.0007658981645996142
67,-0.0007462679944271955
67,-0.0006970907014427162
67,-0.000616404621981409
67,-0.0005042348583003136
67,-0.0003622354592778508
67,-0.0001928589407022844
67,1.3866221213603173e-06
67,0.00021813438147655077
67,0.0004547025229472957
67,0.0007072767146149709
67,0.0009702777604576727
67,0.001236448936057296
67,0.0014978893963743353
67,0.0017477587474170172
67,0.00198192172688118
67,0.0021996698350474704
67,0.0024029982383796267
67,0.0025946153212633247
67,0.002775546584457076
67,0.0029434437955124203
67,0.0030923620722490427
67,0.003214047559804192
67,0.0033001005242951752
67,0.003344046424161733
67,0.003342456962474713
67,0.0032947555547310405
67,0.003202010385329605
67,0.003065525178860777
67,0.0028860790651760266
67,0.0026641989680827923
67,0.0024011608849237656
67,0.0020999603175012806
67,0.0017655597607274082
67,0.00140423325802912
67,0.0010224124174492539
67,0.000625723728609942
67,0.00021876165563782624
67,-0.00019430438424120538
67,-0.0006086789052808348
67,-0.001018120766386132
67,-0.0014149734263749455
67,-0.0017912618287220388
67,-0.0021404849722804105
67,-0.0024592488611764715
67,-0.00274780248738355
67,-0.0030089830658503194
67,-0.0032458716744592922
67,-0.003459184653367834
67,-0.0036456399727017993
67,-0.003798085019844717
67,-0.003907319936725452
67,-0.003964792032566201
67,-0.003965026467586566
67,-0.003906854870755106
67,-0.003793077154332039
67,-0.0036289178150077633
67,-0.003420193809260692
67,-0.0031721779885556106
67,-0.0028896415459905636
67,-0.002577780695335914
67,-0.002243180615030827
67,-0.0018940087929657412
67,-0.001539206016599052
67,-0.0011871257216502502
67,-0.0008444000598355438
67,-0.0005156241871297958
67,-0.0002039364630758371
67,8.793520782999684e-05
67,0.00035683424107067096
67,0.0005991058558721564
67,0.0008114501218533998
67,0.0009923094376009327
67,0.0011429860209608708
67,0.0012676618869452247
67,0.0013719757133033137
67,0.0014606080598420505
67,0.00153498952711453
67,0.0015923271090956227
67,0.0016265222189209146
67,0.0016305833649899743
67,0.001599418297624537
67,0.0015318116627568395
67,0.0014308822464694144
67,0.0013030283225032063
67,0.0011560014585681694
67,0.0009970836514049878
67,0.0008322225675811162
67,0.0006664059312602754
67,0.0005048076505175085
67,0.00035377213752240235
67,0.0002208452637218167
67,0.00011372893508841071
67,3.8762100164074225e-05
67,-1.8965751010339169e-07
67,-1.8696150036910065e-06
67,3.314194176535208e-05
67,0.00010352222547489323
67,0.00020791547838208712
67,0.00034482552733799173
67,0.0005117503315742256
67,0.0007040885606274606
67,0.0009145868151775672
67,0.0011339512486200566
67,0.0013527072327159842
67,0.0015636656672275559
67,0.0017638392028864478
67,0.0019547179362184412
67,0.002140542385773921
67,0.0023252500124451674
67,0.0025094963739864034
67,0.002689106105936924
67,0.002855558449529795
67,0.0029981429397005215
67,0.0031067230861267156
67,0.0031738690274023505
67,0.00319550182949999
67,0.0031699808319376284
67,0.0030963898574769373
67,0.0029731733252873673
67,0.002797977698387644
67,0.002568733966922862
67,0.0022852052627872236
67,0.0019499599544024445
67,0.001568162200418334
67,0.0011463603998253485
67,0.0006910635597262933
67,0.0002079785035942345
67,-0.00029765164071361163
67,-0.0008198337452836814
67,-0.0013505087943123232
67,-0.001879066496456576
67,-0.0023932930501076553
67,-0.0028816378537472047
67,-0.00333589525408924
67,-0.003752963645303805
67,-0.0041345888637958
67,-0.0044849066890410615
67,-0.004806743972389116
67,-0.005098367576036964
67,-0.005352215184323038
67,-0.005556178727669126
67,-0.005696815751428553
67,-0.005763060311864179
67,-0.005748891404809736
67,-0.005653968132864842
67,-0.005482224689268944
67,-0.005239406034438702
67,-0.00493098993912649
67,-0.00456157662919687
67,-0.004135828845382684
67,-0.003660046538512567
67,-0.00314311689091635
67,-0.0025960892617716185
67,-0.002030582028312976
67,-0.0014569641537012278
67,-0.0008833369426614644
67,-0.00031581296878113057
67,0.00024017526337956276
67,0.0007783857611456224
67,0.0012910777191372862
67,0.0017697252038606187
67,0.0022069856347138525
67,0.002598982010221345
67,0.002946565111878463
67,0.00325455288994069
67,0.0035289396632224427
67,0.003773223260884927
67,0.003985618111858005
67,0.004158570775797157
67,0.0042808463086789934
67,0.004341212084486097
67,0.004332107116763845
67,0.004251856959829732
67,0.004104734652993585
67,0.003899121134578709
67,0.0036448410271404798
67,0.0033510722196812043
67,0.003025807797849862
67,0.0026768519271905358
67,0.00231335258919023
67,0.0019465684635078678
67,0.0015891492153759959
67,0.001253249892774395
67,0.0009485546199098896
67,0.0006812761905137835
67,0.0004545339540043093
67,0.0002696945081621173
67,0.0001277688204779607
67,2.999343156664968e-05
67,-2.2797202444977217e-05
67,-3.170562855695578e-05
67,-1.2994666191808646e-06
67,5.9992378651893414e-05
67,0.0001413305376159472
67,0.0002325277487864479
67,0.00032745760332771127
67,0.00042607648697956047
67,0.0005338337926891265
67,0.0006585479412292011
67,0.0008061584702457564
67,0.0009772972556815953
67,0.001166099457079566
67,0.001361531393272636
67,0.001550398846591887
67,0.0017205565834143245
67,0.0018628718432330408
67,0.0019712091546359198
67,0.0020408065145433103
67,0.0020663147061160676
67,0.002040905770770786
67,0.001957100002631422
67,0.0018087974585488257
67,0.0015932228055436468
67,0.001311612786233709
67,0.0009683454770189188
67,0.0005691920514516472
67,0.00011984735407954733
67,-0.0003743494890662215
67,-0.0009073439908633222
67,-0.0014706140126718621
67,-0.00205190920801037
67,-0.0026355787085581054
67,-0.003204890298365212
67,-0.003745678499977469
67,-0.00424973193233248
67,-0.00471611495264095
67,-0.005149401503948081
67,-0.005555304504769477
67,-0.005935606264883948
67,-0.006284753374807895
67,-0.006589664917521212
67,-0.006832732158713805
67,-0.006996557458438559
67,-0.007068329052706731
67,-0.0070420366253374595
67,-0.006917837627881705
67,-0.006699314582333353
67,-0.0063903982427115985
67,-0.0059937547290772305
67,-0.005511394619327277
67,-0.004946800152132995
67,-0.004306935980129733
67,-0.0036027027778817305
67,-0.0028475075250018905
67,-0.0020548487476468517
67,-0.001236369764632956
67,-0.00040147284022618956
67,0.00044137286503111845
67,0.0012824906449701518
67,0.002109417634499445
67,0.0029071002709776246
67,0.003660211834973558
67,0.00435674268654463
67,0.004991084126008634
67,0.005564760352054973
67,0.0060839617495636045
67,0.006554672698018484
67,0.0069775705227096895
67,0.007345143064255117
67,0.007642415607909757
67,0.007850928322041465
67,0.007954173371195873
67,0.007942230784259733
67,0.007813859705971331
67,0.007575495078302312
67,0.007238016831373062
67,0.006813176431177512
67,0.006311582716808971
67,0.005743060141697701
67,0.005118629423284421
67,0.004452344135070339
67,0.003761427241147956
67,0.003064392834348085
67,0.002378190807105469
67,0.001715972122351677
67,0.0010865961580307977
67,0.0004959306036173015
67,-5.0994191074518465e-05
67,-0.000548339956805297
67,-0.0009894086797825454
67,-0.0013684192449833492
67,-0.0016832707329716046
67,-0.0019376588559068951
67,-0.0021409266967782965
67,-0.002305043032440556
67,-0.002439700537282523
67,-0.0025478086295977545
67,-0.002623748101402628
67,-0.002655452612307069
67,-0.0026294215585753416
67,-0.0025363596425700503
67,-0.0023750384449039903
67,-0.002153011613584441
67,-0.0018842842806582757
67,-0.0015853059182669
67,-0.0012712867194710558
67,-0.0009545293436880808
67,-0.0006452629610090754
67,-0.00035396389454800555
67,-9.3265558466015e-05
67,0.00012208570793172512
67,0.0002773950069232466
67,0.0003610321324335332
67,0.0003665194884042637
67,0.0002926144123489556
67,0.00014160993440456547
67,-8.289471672428688e-05
67,-0.00037730855938198954
67,-0.0007376324217615469
67,-0.0011575437314661882
67,-0.0016261695319534754
67,-0.0021271546449664353
67,-0.002640236181007959
67,-0.0031453500883732053
67,-0.0036277956481827757
67,-0.004081995531438437
67,-0.004511653107817085
67,-0.004925731006657192
67,-0.00533186079835852
67,-0.005730222101593238
67,-0.00611068919361477
67,-0.006454349341357114
67,-0.006738424390392432
67,-0.006942215779011264
67,-0.007051440349255664
67,-0.007059253666745896
67,-0.006963986796164577
67,-0.006765334255698111
67,-0.006461463413458502
67,-0.006048779101246641
67,-0.005524292149728878
67,-0.00488886146300912
67,-0.004149116523587036
67,-0.003316863168350385
67,-0.00240645638472456
67,-0.0014318508415804266
67,-0.00040512432856287675
67,0.0006627005057720083
67,0.0017591032755456812
67,0.0028674284948801655
67,0.0039660556010227286
67,0.005030511535655975
67,0.006038155524113572
67,0.006973487049868624
67,0.007831355522527852
67,0.00861599142363278
67,0.009335710430923303
67,0.00999542225784069
67,0.010590390574837686
67,0.011104188871321738
67,0.01151175673217464
67,0.011786096049658261
67,0.011905666628695466
67,0.011859455779978347
67,0.011647892603140158
67,0.011279768523494318
67,0.010767250704971408
67,0.010121891900005557
67,0.009353682808066073
67,0.00847312762475861
67,0.007494371547189863
67,0.006436858412131929
67,0.005324149194468221
67,0.0041804880426639605
67,0.0030271045394374037
67,0.0018802884280092224
67,0.0007521315553362666
67,-0.00034671101118449147
67,-0.001404008584681255
67,-0.002404656387557805
67,-0.003332235915910224
67,-0.00417304044974734
67,-0.004920596712467538
67,-0.0055779893691848105
67,-0.0061560437660934265
67,-0.006667479941118744
67,-0.007119468378976568
67,-0.007508192550563909
67,-0.007818210835346546
67,-0.00802701763681861
67,-0.008112691053992167
67,-0.008061290740755452
67,-0.007871116179161305
67,-0.00755251584897176
67,-0.0071238974968960015
67,-0.006606218650768167
67,-0.006018800247007781
67,-0.005378363414518462
67,-0.004701133872591831
67,-0.0040059184158260435
67,-0.0033155286557381837
67,-0.002655182432638894
67,-0.002048637700260729
67,-0.0015142881923842467
67,-0.0010633448329935035
67,-0.0007008106173190637
67,-0.0004282869116106376
67,-0.00024671194569613527
67,-0.00015730477987302172
67,-0.00016005471728930737
67,-0.0002505336019645515
67,-0.0004169894842663048
67,-0.0006399786759710099
67,-0.0008958226504148308
67,-0.0011631691488127108
67,-0.001429881920045124
67,-0.0016966911328144107
67,-0.0019752811052084103
67,-0.0022812912411511502
67,-0.002625408201242759
67,-0.003006637369510932
67,-0.0034105363756905672
67,-0.0038126862784374745
67,-0.004185373117101521
67,-0.004504257901772373
67,-0.00475208294830396
67,-0.004918114654831159
67,-0.0049943590000630315
67,-0.0049713596876320675
67,-0.0048364830260399765
67,-0.004575864790318121
67,-0.004178745327475995
67,-0.003641410437035454
67,-0.002968367217217624
67,-0.002170293718940332
67,-0.0012603217733591046
67,-0.00025108729026940475
67,0.0008456507618165943
67,0.0020166394031825496
67,0.0032435153978577144
67,0.004500394191230263
67,0.005754833246000587
67,0.006972817494466799
67,0.008126218888277973
67,0.009199393112298029
67,0.01019132580097371
67,0.011111500923819935
67,0.011970756943316624
67,0.01277114910558696
67,0.013499542917229138
67,0.014127841300118904
67,0.014619536073108903
67,0.014939475716087941
67,0.015062572565540805
67,0.014977930293508359
67,0.01468718878278272
67,0.01419877472506954
67,0.01352173940503491
67,0.012662750958918409
67,0.011627576801464787
67,0.010425433797300935
67,0.009072833842192263
67,0.007594116687068911
67,0.006018207495210402
67,0.004373574048548187
67,0.0026843576427294435
67,0.0009698052835185151
67,-0.0007528649774167578
67,-0.0024640271725583623
67,-0.004138512247779804
67,-0.0057461867426748265
67,-0.0072568298848486
67,-0.008647445713900912
67,-0.009908320051007677
67,-0.011044115408571895
67,-0.012068441919711294
67,-0.0129937200156232
67,-0.01382089873098505
67,-0.01453399456857055
67,-0.015102113159952909
67,-0.015487989245305755
67,-0.01565921946686342
67,-0.015597540442856096
67,-0.015302701572239496
67,-0.014789999515932835
67,-0.014083422083934524
67,-0.01320832619246933
67,-0.012187471868102545
67,-0.011041918220917404
67,-0.00979510453475334
67,-0.008476465099313765
67,-0.007121481250083828
67,-0.005767677718062749
67,-0.0044488016730024
67,-0.0031904555878996127
67,-0.0020093612742710194
67,-0.0009161892963841765
67,8.008340950817769e-05
67,0.0009690640355776957
67,0.0017391486485467107
67,0.0023813049002513317
67,0.0028945452970951277
67,0.0032897351344595245
67,0.0035885953626321014
67,0.0038169650322284793
67,0.003994658232774128
67,0.0041267045822262925
67,0.0042006721142768995
67,0.004191864561031988
67,0.004074118776488306
67,0.0038312254077585007
67,0.003464107908857276
67,0.0029912923118093457
67,0.0024433087316954286
67,0.0018541577431943261
67,0.0012540152718645043
67,0.0006664422252196755
67,0.00011073437879763717
67,-0.0003929935072341451
67,-0.0008199881412595494
67,-0.001141313651299675
67,-0.001328621931124995
67,-0.0013603855356958453
67,-0.0012259207785869624
67,-0.0009251622652661552
67,-0.0004648974259627011
67,0.0001458169637867274
67,0.0008981162524776425
67,0.001782169537951297
67,0.0027830973038729394
67,0.003876541989812093
67,0.005027165923518086
67,0.006192362110069076
67,0.007330939639788045
67,0.00841354095301244
67,0.009429745006214758
67,0.010387605881333894
67,0.011304826905874527
67,0.01219516087584651
67,0.01305630475717083
67,0.013864812003602846
67,0.014579956902180608
67,0.015154283520682222
67,0.015545828713085227
67,0.015726673873590703
67,0.01568454330398623
67,0.01541777750707248
67,0.01492744002403502
67,0.014211617800025264
67,0.013265260316577935
67,0.012085177164436281
67,0.010676496106488749
67,0.009056156149837768
67,0.00725120899365071
67,0.0052931481639915
67,0.0032118720965868663
67,0.0010329021346263236
67,-0.0012206158904010233
67,-0.0035224709909892817
67,-0.005838002233840421
67,-0.008122644731372282
67,-0.010326591769594945
67,-0.01240459055272586
67,-0.014326690288251138
67,-0.01608433486036079
67,-0.017687710120625
67,-0.019154351416150475
67,-0.020493666830032314
67,-0.021694535719298233
67,-0.022721861433046824
67,-0.023523608986263794
67,-0.02404501583014155
67,-0.02424378119879086
67,-0.024100074379454876
67,-0.02361782568342414
67,-0.022817908224793813
67,-0.021727691549186672
67,-0.02037294622279598
67,-0.01877613732799053
67,-0.01696083411046856
67,-0.014958039425234429
67,-0.012809289165668201
67,-0.010563889531811874
67,-0.008271704960197086
67,-0.0059756775928912435
67,-0.0037081795452700936
67,-0.0014928274016127998
67,0.0006497759726164817
67,0.0026960704921330683
67,0.004617250386944044
67,0.006382749738403012
67,0.007968436414398037
67,0.0093653625579507
67,0.010583667260307935
67,0.011647983833812168
67,0.012585014040086905
67,0.013408552853050086
67,0.014109322662443193
67,0.014654938550091907
67,0.01500023531929478
67,0.01510316454217216
67,0.01493933447925115
67,0.014509583815973367
67,0.013838440791310158
67,0.01296528969208855
67,0.011933137372238896
67,0.01078067054611633
67,0.00954108903977931
67,0.008246941821618597
67,0.006936422916789181
67,0.005655834943353263
67,0.004455763667093803
67,0.0033828894209127023
67,0.0024721664247050468
67,0.001743581635652801
67,0.0012046192565032712
67,0.0008561745040540207
67,0.0006979506684589247
67,0.0007299683281208576
67,0.0009491370897152379
67,0.0013427517405731235
67,0.0018830108020165492
67,0.002527014436875993
67,0.0032245100345168402
67,0.003931519473285719
67,0.004623976281679532
67,0.005304216545474639
67,0.0059959993839138566
67,0.006729526051127495
67,0.007523263357764633
67,0.008370903975543001
67,0.009238834429519505
67,0.010074233705752094
67,0.010819284770055745
67,0.011424751843403491
67,0.011857011318730539
67,0.012096230998232099
67,0.012128207526804942
67,0.011935806271543193
67,0.01149582697525415
67,0.010783353381639958
67,0.009780650861013946
67,0.008484829972027966
67,0.006909616010015118
67,0.005080604114121695
67,0.0030274456210454036
67,0.0007780072506026188
67,-0.0016419554361312727
67,-0.004203504784989406
67,-0.0068669614107707
67,-0.009577230375234183
67,-0.012266360722338164
67,-0.014864350453796025
67,-0.017314639648058367
67,-0.019587221090353185
67,-0.021682101326642687
67,-0.023619766294375417
67,-0.02542176554948017
67,-0.027090006069449175
67,-0.028594430809349505
67,-0.02987467726702816
67,-0.030854584633843114
67,-0.03146277184444678
67,-0.0316503630178825
67,-0.03139878747513051
67,-0.03071554952826522
67,-0.029621829891850995
67,-0.028139698000420297
67,-0.026286185389239793
67,-0.02407665289821573
67,-0.021533794554532994
67,-0.01869523247283682
67,-0.015614084422090974
67,-0.012351854918949783
67,-0.00896795423524282
67,-0.005511990265120707
67,-0.0020230124098964937
67,0.001464313628911253
67,0.004910635754168581
67,0.008265848030866912
67,0.01147074175212277
67,0.014467217413528178
67,0.01721294898134057
67,0.01969289536149255
67,0.021920348321180262
67,0.02392485176048325
67,0.02573124836651677
67,0.027339418285382878
67,0.028714590304021462
67,0.029793000282036568
67,0.03050021810877004
67,0.030773955693771136
67,0.03058199763842103
67,0.029928738451312498
67,0.028849057268948635
67,0.02739394930123118
67,0.025615985919763794
67,0.023562067586765132
67,0.021275997716141214
67,0.018807013709389177
67,0.0162167333813694
67,0.013578492890093465
67,0.010968556451605861
67,0.008454131030152454
67,0.006084877908990335
67,0.0038920464628556402
67,0.0018946719315246197
67,0.0001084213852269424
67,-0.0014485191862489255
67,-0.002756398629687914
67,-0.003801821838982369
67,-0.00458853079226514
67,-0.005144244123462024
67,-0.005517507488439637
67,-0.005763178206948043
67,-0.005921755716160188
67,-0.006002432581067989
67,-0.005979113373312008
67,-0.005802413362504865
67,-0.005422360483815394
67,-0.004811339187714493
67,-0.003977520188369555
67,-0.0029642822656962583
67,-0.0018375748198707052
67,-0.0006680683699098698
67,0.000483324816818729
67,0.0015702459234822651
67,0.002555272299142982
67,0.0033992527135525714
67,0.004053837919610343
67,0.004463027174099973
67,0.0045733015036586964
67,0.004346177333677031
67,0.0037657262993900584
67,0.0028372737846245897
67,0.001579174097811418
67,1.3483836347169369e-05
67,-0.0018385204909990675
67,-0.003953260060477493
67,-0.006296074226816073
67,-0.008812343516961273
67,-0.01142524252141449
67,-0.014044454037235803
67,-0.01658475829398314
67,-0.018987317358893262
67,-0.02123317405887987
67,-0.02334064600076821
67,-0.025345733676499182
67,-0.027273633357956406
67,-0.029114511177288218
67,-0.030814601859985004
67,-0.03228594799816379
67,-0.0334294130988682
67,-0.034160203920493355
67,-0.034424871274438724
67,-0.03420343223790113
67,-0.03349791138551425
67,-0.032315553984936955
67,-0.030657251065215267
67,-0.028517730009105458
67,-0.02589618398032936
67,-0.022809367732330988
67,-0.01929810156073422
67,-0.015422979392304331
67,-0.011252220572258958
67,-0.006849300915934461
67,-0.002267704797312117
67,0.0024444005049457365
67,0.007232711610551476
67,0.012025950390535322
67,0.016733503132738192
67,0.021255622798742182
67,0.025503660637504998
67,0.029421418303709396
67,0.03299621938139078
67,0.03625188183191892
67,0.03922440229329075
67,0.041930483795380016
67,0.04434356862534465
67,0.046388778654734786
67,0.04795898634106914
67,0.048944536725656775
67,0.04926377158158744
67,0.04888213709335873
67,0.04781334552187794
67,0.046104507888394514
67,0.043814742895034064
67,0.04099933964595327
67,0.037707169383381596
67,0.03399015652685694
67,0.029915917402203132
67,0.02557320315038148
67,0.021065273710749607
67,0.0164946310258702
67,0.011947903957303146
67,0.0074890779317149615
67,0.003163912232293721
67,-0.0009880655714516913
67,-0.004921709964846069
67,-0.00858228247221689
67,-0.011913085734863214
67,-0.014872049186482977
67,-0.017448644059510583
67,-0.019670369313956396
67,-0.02159196305590729
67,-0.023269382031224903
67,-0.024729775859781134
67,-0.02595238559786204
67,-0.026870575885223447
67,-0.027394536429475463
67,-0.027444117731960763
67,-0.02697749421573472
67,-0.02600471271952362
67,-0.024582625953014393
67,-0.022795734241396373
67,-0.020733279447321357
67,-0.018473969200056936
67,-0.016084767806392702
67,-0.013631464219307896
67,-0.011191392494052517
67,-0.008857672593218827
67,-0.00673053920021827
67,-0.004900328264344534
67,-0.0034320438585264904
67,-0.0023598117534791825
67,-0.0016928784413043892
67,-0.0014279769481741781
67,-0.0015598116754164976
67,-0.00208314126875443
67,-0.0029849720840299716
67,-0.004231247291639091
67,-0.005756618086639971
67,-0.00746611593370118
67,-0.009252620913486912
67,-0.011025420999084873
67,-0.012737304880304893
67,-0.014395720223107164
67,-0.016050033494247815
67,-0.017759079494663273
67,-0.019553795427598344
67,-0.021412086403153865
67,-0.023256225493700444
67,-0.024971956700913563
67,-0.026439069184648365
67,-0.027559153341050656
67,-0.028268672953351934
67,-0.028533450104949808
67,-0.028330649652926986
67,-0.027631002474222805
67,-0.026393061211979537
67,-0.02457296994080095
67,-0.022142935769593114
67,-0.019106272144370592
67,-0.015499828248721172
67,-0.01138321121360809
67,-0.006822397128696104
67,-0.0018781653896264502
67,0.0033937172851252473
67,0.008930897122495618
67,0.014648790053375663
67,0.020431656604854055
67,0.026139027109630186
67,0.03162883131587033
67,0.03678915186106288
67,0.04156376989850715
67,0.045957022463983525
67,0.05001215008217971
67,0.05377063081212477
67,0.05723062655353121
67,0.060323973563620154
67,0.06292215770622774
67,0.06486788891557116
67,0.0660177386521811
67,0.06627754465514042
67,0.06561668073411175
67,0.06405776223473356
67,0.061650449266724486
67,0.05844553399376123
67,0.05448374654749705
67,0.0498034328812296
67,0.044458966287915035
67,0.03853540380138798
67,0.03214834219056552
67,0.02542829937805083
67,0.01849893400100424
67,0.011461761431476473
67,0.004395537843364077
67,-0.002630360181493283
67,-0.00953733705652695
67,-0.016225878165748858
67,-0.022579868076426927
67,-0.028487867621229124
67,-0.033872432745756326
67,-0.03871197271990725
67,-0.04304078164767352
67,-0.046922700358156495
67,-0.050407977872507385
67,-0.0534932402900789
67,-0.0561043124935569
67,-0.058110541848241076
67,-0.059363898748284134
67,-0.059745373594677006
67,-0.0591997335844743
67,-0.05774632256674701
67,-0.05546451045454953
67,-0.05246361165664823
67,-0.04885382194058915
67,-0.04473276933986632
67,-0.04019190104316041
67,-0.03533415250911664
67,-0.03028739703306299
67,-0.025201815498245336
67,-0.020230919708947408
67,-0.015507014305364412
67,-0.01112486692551035
67,-0.007141378630551396
67,-0.0035891552920203863
67,-0.0004943298950935986
67,0.0021126424257509034
67,0.004200249318570014
67,0.0057525090788485885
67,0.006790007091405037
67,0.007381702010285902
67,0.007635953267576346
67,0.007669110888909197
67,0.007563336100934781
67,0.007334120346087256
67,0.006925667024876699
67,0.006238779485530497
67,0.005178869026907571
67,0.0037018697730420375
67,0.001838564114917469
67,-0.0003104256395604539
67,-0.002603362653698136
67,-0.004894770367548721
67,-0.007063844522048852
67,-0.009021906137204938
67,-0.010698754049403012
67,-0.012019952785448956
67,-0.012892186853388742
67,-0.013207901155092851
67,-0.01286709152461374
67,-0.011802708120626967
67,-0.009994517451886956
67,-0.007464621306532255
67,-0.004259572459199635
67,-0.00043149010376179525
67,0.003969951477542895
67,0.00888988903751594
67,0.014249632899987014
67,0.01992899983190464
67,0.025763374941896157
67,0.03156365373663036
67,0.03715559320735718
67,0.042422803673427496
67,0.047331813777955714
67,0.05192323512514547
67,0.0562689313306952
67,0.06041314770858591
67,0.06432479343041378
67,0.0678826066968541
67,0.07089855778802809
67,0.07316722014752666
67,0.07451834858930498
67,0.07485020743700112
67,0.07413156829535102
67,0.07237628338467453
67,0.0696082631663168
67,0.06583851540231929
67,0.06106676165723742
67,0.05530371117077612
67,0.04859713026623764
67,0.04104353415064061
67,0.03277770671207925
67,0.02394681176203514
67,0.014685098661847062
67,0.005104093050882311
67,-0.00469657740355372
67,-0.014604961048183028
67,-0.024474911620681817
67,-0.034122565760914624
67,-0.043348600727830464
67,-0.05197993005341426
67,-0.059912018289052904
67,-0.06712879196913245
67,-0.07368521760496395
67,-0.07965564913614305
67,-0.0850697921198684
67,-0.08986634482615131
67,-0.09388654995680126
67,-0.09691053037926536
67,-0.09871961752944473
67,-0.09915781105304305
67,-0.09816807577786439
67,-0.0957916303738027
67,-0.0921355504283988
67,-0.08732878496462604
67,-0.08149094111647881
67,-0.07472845729723233
67,-0.06715467654506166
67,-0.05891526529045699
67,-0.050197984525310234
67,-0.041217437961640985
67,-0.03218274112303703
67,-0.02326687748665885
67,-0.014594420084151837
67,-0.006252365387698222
67,0.001684690845879461
67,0.009131432900281105
67,0.015985712617955585
67,0.022145371383867123
67,0.027541399245611022
67,0.03216989792896391
67,0.0361018501431571
67,0.03945806388727284
67,0.042354843146081164
67,0.04484418773696248
67,0.046878790576716955
67,0.04832122921969185
67,0.04899416425222894
67,0.04874802913836717
67,0.047516544673942666
67,0.04533926431816107
67,0.04234650607358665
67,0.03871786932342738
67,0.03463604571242267
67,0.03025828118884571
67,0.025716918099859508
67,0.021142807562482782
67,0.016691177258170514
67,0.012548434301579415
67,0.008912125583530372
67,0.005955185797596881
67,0.003795662310095453
67,0.0024881134916079186
67,0.0020382470311912032
67,0.002428719082193218
67,0.0036391071725616953
67,0.005647955986564661
67,0.008415408789515723
67,0.011856280661577815
67,0.015821207537067016
67,0.020103287938929588
67,0.024476788876450065
67,0.0287565048905666
67,0.03285103521801805
67,0.036780954525568864
67,0.04064761859505791
67,0.04456366086407309
67,0.048577023474322197
67,0.05262333869340531
67,0.056525959952055456
67,0.06003976028381371
67,0.06291605191368696
67,0.06495874776712006
67,0.06604825765264559
67,0.06612686056001527
67,0.06515974321244489
67,0.06309871560670961
67,0.0598722380614951
67,0.05540705540105727
67,0.04966582901654716
67,0.042675855407073256
67,0.0345313185829976
67,0.025369247125739722
67,0.01533545917348941
67,0.004561785331954666
67,-0.006831874370159325
67,-0.0187122038243906
67,-0.030899894775005918
67,-0.04315256992196095
67,-0.055180501875261724
67,-0.06669624446071493
67,-0.07747975522993522
67,-0.08742789727469216
67,-0.09655957726296205
67,-0.10496680447807878
67,-0.11272945757283667
67,-0.11983202052652957
67,-0.12612121685284478
67,-0.13132385781172934
67,-0.13511580039694732
67,-0.13721060669213112
67,-0.13743011023616206
67,-0.13572975242498828
67,-0.13217374292847572
67,-0.1268794424085143
67,-0.11996463941195476
67,-0.1115262670648659
67,-0.10165730824566285
67,-0.0904843596713806
67,-0.0781964318807025
67,-0.06504276078500189
67,-0.05129876694749757
67,-0.037220296572680875
67,-0.023013021412045996
67,-0.008833475098278575
67,0.0051813625942500816
67,0.018875937972812937
67,0.032054597203098646
67,0.04449318570100396
67,0.05598299377553912
67,0.06638800408291415
67,0.07568497735217643
67,0.08395885195496089
67,0.09134589050806383
67,0.0979455842066335
67,0.10374256712425539
67,0.10857795095486118
67,0.11218533872878458
67,0.11427455152725174
67,0.1146250534295355
67,0.11315105405166945
67,0.10991649818315584
67,0.1051005636392145
67,0.09893532476725234
67,0.09164881213468482
67,0.08344117334062037
67,0.0745004549267099
67,0.0650395785111372
67,0.05532257237130287
67,0.045656071907102844
67,0.0363472609845733
67,0.027652912971727013
67,0.01974872988905499
67,0.012733127014041806
67,0.006657855748222531
67,0.001563554872675464
67,-0.0025018639861291315
67,-0.0054930728126293665
67,-0.007401386633967978
67,-0.008294848081298283
67,-0.00833776981132166
67,-0.007767757468616779
67,-0.006828725480067698
67,-0.00568554187228579
67,-0.004362566491591266
67,-0.0027416913360055802
67,-0.0006262713412009627
67,0.0021579483461639636
67,0.005672170327194517
67,0.009822476524426998
67,0.01437837421945197
67,0.019036919215739845
67,0.023499893873373583
67,0.027528664402044517
67,0.030954574939826205
67,0.0336471042414228
67,0.0354660991273746
67,0.036233726840822156
67,0.035747626015948136
67,0.033827547242051594
67,0.030365514716063947
67,0.025349528680232533
67,0.018849970917749093
67,0.010981285744804725
67,0.0018646425947552343
67,-0.00838565227124689
67,-0.01964401011576921
67,-0.031734147198339085
67,-0.04439360080275419
67,-0.05727092429782095
67,-0.06997132160541268
67,-0.0821406005015343
67,-0.09355210828450256
67,-0.10415194533865042
67,-0.11403234923125774
67,-0.12333746527834079
67,-0.13214179967247344
67,-0.1403572794857124
67,-0.1477108310131929
67,-0.15380033024903317
67,-0.158201083183179
67,-0.16057426990594897
67,-0.16073155450930732
67,-0.1586335451598014
67,-0.15433304070408957
67,-0.14790172847426739
67,-0.13938479205903526
67,-0.12880647917493093
67,-0.11621590843109232
67,-0.10173861799172379
67,-0.08559809852750072
67,-0.06809192689897595
67,-0.049536611523002406
67,-0.030214931512791948
67,-0.010357267502784276
67,0.009833003456794328
67,0.030127411480369227
67,0.050228657397095144
67,0.06976767136809124
67,0.0883527246647776
67,0.10565397873475571
67,0.12148487222677662
67,0.13583560615209497
67,0.14883089635857455
67,0.16062105144798475
67,0.1712531266073224
67,0.18058349335012552
67,0.18827482198350634
67,0.19387940851243973
67,0.1969700745764548
67,0.19726146327935226
67,0.19467440799629823
67,0.18932579998813223
67,0.18145993307956795
67,0.17135882229308894
67,0.15927892956499506
67,0.1454482086799884
67,0.130110667793505
67,0.11357669957634298
67,0.09624206135534766
67,0.07855244505926522
67,0.06093094572962117
67,0.04371560721292092
67,0.027140106848112237
67,0.011363033785120123
67,-0.0034785093303221076
67,-0.01722657454766073
67,-0.029695957672305436
67,-0.04071090021002521
67,-0.05016890414022926
67,-0.05809850321759572
67,-0.0646724093442331
67,-0.07015211229224437
67,-0.07477623835917076
67,-0.07864177202464055
67,-0.08164156946542464
67,-0.08349563213606385
67,-0.08386220234090647
67,-0.0824760304708827
67,-0.07925270817223753
67,-0.07431997733216064
67,-0.06797548312368469
67,-0.060599513025464666
67,-0.05256433472186765
67,-0.044181714918472836
67,-0.03570991857281916
67,-0.027405723164546918
67,-0.0195776204409265
67,-0.012595068425826576
67,-0.006840317398191957
67,-0.00263186508376315
67,-0.00016746226916462435
67,0.00048318977537865795
67,-0.0006591292430853668
67,-0.003535559230185301
67,-0.008083570226752174
67,-0.014235272253231613
67,-0.021880312094253732
67,-0.03081235229457925
67,-0.0406943459928053
67,-0.051078527454799114
67,-0.061492346538762184
67,-0.07156262064801033
67,-0.08111998897047036
67,-0.09022433408421224
67,-0.09908688440117838
67,-0.10791977907331773
67,-0.11678302650567488
67,-0.1254980564860537
67,-0.1336619358097622
67,-0.14074849307683343
67,-0.1462455989659942
67,-0.14976728105225284
67,-0.1510958845930794
67,-0.15014470949400027
67,-0.14687320692957917
67,-0.14121314955632425
67,-0.13305320045961136
67,-0.12228658149636468
67,-0.10888560615489745
67,-0.09295427694951858
67,-0.07472740062821462
67,-0.054518497730539815
67,-0.03264959234158951
67,-0.009405789242045371
67,0.01495775289383909
67,0.04015999062328318
67,0.06582486920945836
67,0.09144915291432752
67,0.11644198244496767
67,0.14023222995691167
67,0.1624003743811998
67,0.1827707996943483
67,0.20140901227323196
67,0.2185096617599022
67,0.2342185049094943
67,0.2484691408256483
67,0.260910563658224
67,0.2709597909058151
67,0.27795536749094385
67,0.2813403422036664
67,0.28079670619324765
67,0.2762863465110363
67,0.2679933494322825
67,0.25620291407684265
67,0.24119139536609832
67,0.22318880119860707
67,0.20241662625684198
67,0.17916350758594315
67,0.15384353218016486
67,0.12699167005613093
67,0.09918967773812819
67,0.07096287717595195
67,0.04271705002471696
67,0.01475225780461032
67,-0.012667366010148777
67,-0.0392369629370881
67,-0.0645781525520776
67,-0.08827321355056039
67,-0.10995241407166624
67,-0.1293964357267734
67,-0.14660358664301298
67,-0.16177357854975785
67,-0.17518918348089385
67,-0.18703789200633492
67,-0.1972629082652856
67,-0.20552337831209533
67,-0.21128713837005345
67,-0.21401152332010606
67,-0.213326383864135
67,-0.20914358789770202
67,-0.20166379287370367
67,-0.19129569284656575
67,-0.1785322040072418
67,-0.16384304350650977
67,-0.1476337936162306
67,-0.13028362940292296
67,-0.11222541854999363
67,-0.09399994189541144
67,-0.07622912041668199
67,-0.059514611598161085
67,-0.04432746501757006
67,-0.030958273324136608
67,-0.01954760254383251
67,-0.01016058166700911
67,-0.0028510219010929577
67,0.002318649933731566
67,0.0053059616181262755
67,0.006151963765186262
67,0.005051339111849202
67,0.0023831108791838086
67,-0.0013420558810181911
67,-0.005621914463608029
67,-0.010135110688351996
67,-0.014855640101784817
67,-0.020036676409363942
67,-0.02605959460181088
67,-0.03322122311821526
67,-0.04156234627372467
67,-0.050807742819252724
67,-0.06042733803919758
67,-0.06977706233726694
67,-0.07825225067001115
67,-0.08538911790714968
67,-0.09087649294434963
67,-0.09448350641092713
67,-0.09595863715285026
67,-0.09497812741382096
67,-0.09118482922594277
67,-0.08428821086549426
67,-0.07415656074506399
67,-0.06084761736032121
67,-0.04456859324542865
67,-0.02559783810465559
67,-0.004216483124165563
67,0.019312737712206898
67,0.04470620069275332
67,0.07157672486674163
67,0.09935919347702173
67,0.12731024121620044
67,0.15461525219327152
67,0.1805714875235485
67,0.2047632413582733
67,0.22713458368185477
67,0.24790660439265205
67,0.2673646137402956
67,0.28561030949878335
67,0.30239013570021483
67,0.317074379783453
67,0.32879584688874
67,0.33668379900612544
67,0.34008559341112465
67,0.33868449958970515
67,0.33247875354477935
67,0.32165264893103673
67,0.3064236097832701
67,0.2869538932944133
67,0.2633631151864818
67,0.23581672958351804
67,0.20463056145795638
67,0.17032035640555657
67,0.13355164482397508
67,0.0950132874761211
67,0.05529698542802359
67,0.014862697830899614
67,-0.02589034912374303
67,-0.06650243982415849
67,-0.07859114417772199
