67,0.0
67,2.1139856077813844e-05
67,2.1139856077813844e-05
67,2.113573418195846e-05
67,2.1094919621981496e-05
67,2.1025394359897344e-05
67,2.114453059337533e-05
67,2.1658145782145228e-05
67,2.2668122573199e-05
67,2.423796693545874e-05
67,2.629952394839154e-05
67,2.8673490638690413e-05
67,3.1172678037994754e-05
67,3.367775467055243e-05
67,3.613874319290874e-05
67,3.84708324798791e-05
67,4.04831345990026e-05
67,4.201314471805978e-05
67,4.308395492551757e-05
67,4.376293706449828e-05
67,4.395159806834807e-05
67,4.351887417380747e-05
67,4.254599022053793e-05
67,4.127351693269637e-05
67,3.980069367575981e-05
67,3.7947568714648624e-05
67,3.555818014323086e-05
67,3.283860343225433e-05
67,3.0211208170346635e-05
67,2.7883636688130756e-05
67,2.5703290801397002e-05
67,2.346744385128398e-05
67,2.1226786700254375e-05
67,1.919694306901833e-05
67,1.7483613689354944e-05
67,1.5986231981943877e-05
67,1.4583865280280416e-05
67,1.3360389716351213e-05
67,1.257394414637997e-05
67,1.2405189787940694e-05
67,1.2763866503565782e-05
67,1.3388619927262432e-05
67,1.4178441117493484e-05
67,1.537780779407911e-05
67,1.7328859392714677e-05
67,2.0060258122976875e-05
67,2.3264582780070085e-05
67,2.665041892793648e-05
67,3.010672872747922e-05
67,3.347830809370024e-05
67,3.638254889240797e-05
67,3.8423736872970886e-05
67,3.9523949442845505e-05
67,3.9869927589791674e-05
67,3.955064811193936e-05
67,3.841015932404996e-05
67,3.628020623310402e-05
67,3.325150106815368e-05
67,2.965338054258524e-05
67,2.5801326911274644e-05
67,2.183959200587286e-05
67,1.780491326816433e-05
67,1.3745349764281467e-05
67,9.771889897035639e-06
67,6.072213889375677e-06
67,2.8909873047758924e-06
67,4.209217229644066e-07
67,-1.3225338824768075e-06
67,-2.488947191366993e-06
67,-3.261096644929908e-06
67,-3.7646049286633916e-06
67,-4.075201673409946e-06
67,-4.201736129613535e-06
67,-4.004391893107939e-06
67,-3.2217081082999015e-06
67,-1.6627904609605511e-06
67,6.462200282102942e-07
67,3.5153507775546087e-06
67,6.753349522968721e-06
67,1.0260886991935904e-05
67,1.3982715371724443e-05
67,1.780453109725878e-05
67,2.154706795427905e-05
67,2.508246766216001e-05
67,2.8390378331652537e-05
67,3.144307334245994e-05
67,3.4084965710604624e-05
67,3.609181630508864e-05
67,3.7358741446161334e-05
67,3.8001514761455206e-05
67,3.823633349261983e-05
67,3.817715672809001e-05
67,3.781481801217623e-05
67,3.718733595661757e-05
67,3.648477101528911e-05
67,3.5948305558475076e-05
67,3.570458934229664e-05
67,3.573684704398259e-05
67,3.6000642075790154e-05
67,3.650129997927906e-05
67,3.7215288745575466e-05
67,3.800245893961544e-05
67,3.8696491453512424e-05
67,3.926379577258453e-05
67,3.9804171277983686e-05
67,4.0393297302630374e-05
67,4.0949656139827865e-05
67,4.126553587271855e-05
67,4.115747251028883e-05
67,4.057971198699108e-05
67,3.9618861078362516e-05
67,3.840299637163268e-05
67,3.701029096775258e-05
67,3.5446249435854085e-05
67,3.368287638802907e-05
67,3.169847418550147e-05
67,2.948765983317734e-05
67,2.7063212009957172e-05
67,2.4470152875131934e-05
67,2.180510014790636e-05
67,1.9206520581456285e-05
67,1.6787344444373747e-05
67,1.456665382895363e-05
67,1.249457656770971e-05
67,1.0546714523120621e-05
67,8.779612195637427e-06
67,7.307028378451931e-06
67,6.239813719921088e-06
67,5.649222396075384e-06
67,5.571816747272693e-06
67,6.024023974692425e-06
67,7.017127875533278e-06
67,8.583484360816977e-06
67,1.076716567151414e-05
67,1.354924147670849e-05
67,1.6801503202270377e-05
67,2.0336814088638122e-05
67,2.3960457552838843e-05
67,2.745065310503753e-05
67,3.0554224047053946e-05
67,3.3067288087197856e-05
67,3.4917250982172665e-05
67,3.612045156175053e-05
67,3.6647732687211924e-05
67,3.637939384168545e-05
67,3.52222933997191e-05
67,3.3238219008022556e-05
67,3.0627622349956634e-05
67,2.7613897652224336e-05
67,2.4380205825268494e-05
67,2.109363495273567e-05
67,1.7912103897487975e-05
67,1.4930147011499282e-05
67,1.2165079593791027e-05
67,9.644468219046757e-06
67,7.481346907266192e-06
67,5.817809970879387e-06
67,4.701886850400916e-06
67,4.048203214164093e-06
67,3.7161294477169262e-06
67,3.605857085120479e-06
67,3.6855773702983125e-06
67,3.978216992551916e-06
67,4.570355464913802e-06
67,5.619355927838153e-06
67,7.297061987832188e-06
67,9.68084026374872e-06
67,1.268050922243627e-05
67,1.6082002130654644e-05
67,1.9674715571893262e-05
67,2.3324809921293073e-05
67,2.692900232803035e-05
67,3.0348911125286202e-05
67,3.342465140812687e-05
67,3.602588637256497e-05
67,3.8063672096935436e-05
67,3.947054103633264e-05
67,4.020567521639417e-05
67,4.029550492046867e-05
67,3.984602981427594e-05
67,3.898498702329322e-05
67,3.7795608501781386e-05
67,3.632324252246316e-05
67,3.463785247360855e-05
67,3.287576781250152e-05
67,3.122900405483984e-05
67,2.9900921326643688e-05
67,2.904492440410957e-05
67,2.8698072655907395e-05
67,2.8750029793718827e-05
67,2.899812843423516e-05
67,2.9270316788038617e-05
67,2.9510980113826376e-05
67,2.975725623855368e-05
67,3.0059431468668636e-05
67,3.0434974434199146e-05
67,3.086465576685537e-05
67,3.129045645629651e-05
67,3.161274291665855e-05
67,3.1720768518723514e-05
67,3.15556890383707e-05
67,3.114570062507406e-05
67,3.056537077398011e-05
67,2.9854968867718014e-05
67,2.8983035335589137e-05
67,2.7884094521539222e-05
67,2.652258898338527e-05
67,2.4918315231358084e-05
67,2.3122516055166132e-05
67,2.1187853017065348e-05
67,1.916591092142931e-05
67,1.7117569198019442e-05
67,1.5111367710242812e-05
67,1.3214435837927203e-05
67,1.1493745800990316e-05
67,1.0029280805456782e-05
67,8.919697372322802e-06
67,8.259266605962044e-06
67,8.094530453101406e-06
67,8.40440328830126e-06
67,9.137487222648044e-06
67,1.02807136606604e-05
67,1.1888151165121812e-05
67,1.403137217627754e-05
67,1.671737690020699e-05
67,1.9849254359161442e-05
67,2.3240865652325478e-05
67,2.6646098316886857e-05
67,2.9793762751078946e-05
67,3.2448061375582525e-05
67,3.4478120636315307e-05
67,3.5876991195636534e-05
67,3.669755817472937e-05
67,3.695954592591733e-05
67,3.662144469107639e-05
67,3.563812539291832e-05
67,3.4032591869825525e-05
67,3.191337475193197e-05
67,2.9439809816267267e-05
67,2.6779048530110488e-05
67,2.4080066559137196e-05
67,2.1457536435213576e-05
67,1.898185793070957e-05
67,1.6691653129671216e-05
67,1.4627803314027296e-05
67,1.285314746825876e-05
67,1.1432967116583121e-05
67,1.0394630610556484e-05
67,9.702754595874552e-06
67,9.274175595935436e-06
67,9.031640943086439e-06
67,8.96425889453149e-06
67,9.153278441603115e-06
67,9.745226148172958e-06
67,1.0884942842961512e-05
67,1.2642351259033342e-05
67,1.4974183516005827e-05
67,1.7742811659162133e-05
67,2.0773979840840524e-05
67,2.390725707401334e-05
67,2.7007699889055356e-05
67,2.9951732871200882e-05
67,3.2617472906296326e-05
67,3.4880954346892506e-05
67,3.6607388396931645e-05
67,3.7656618426954056e-05
67,3.7928654211943136e-05
67,3.7427309996244074e-05
67,3.62788594801685e-05
67,3.4672932067418414e-05
67,3.2774091329124474e-05
67,3.0686287340334005e-05
67,2.8488126356873348e-05
67,2.6280518494296874e-05
67,2.4197156788098477e-05
67,2.238541861735591e-05
67,2.098217553974319e-05
67,2.0085199327899958e-05
67,1.971489455552482e-05
67,1.9789789390964267e-05
67,2.0154578779892106e-05
67,2.065855931997343e-05
67,2.1226524876944892e-05
67,2.1870270543268976e-05
67,2.2644807186355773e-05
67,2.3588183394938716e-05
67,2.468130119124686e-05
67,2.5845856986888938e-05
67,2.697508780174365e-05
67,2.7976368894507847e-05
67,2.8801635521013904e-05
67,2.944645224698349e-05
67,2.9918155725908352e-05
67,3.0199690496038704e-05
67,3.0239250567698727e-05
67,2.9972614021392112e-05
67,2.935974716167458e-05
67,2.8409083029729192e-05
67,2.717515718054676e-05
67,2.573451776051279e-05
67,2.4154560009066473e-05
67,2.2472797337200765e-05
67,2.070319044758851e-05
67,1.8870667399252905e-05
67,1.7050443208347394e-05
67,1.5379923512925153e-05
67,1.4027846313561997e-05
67,1.3135272375800339e-05
67,1.2764414146479362e-05
67,1.2887946469271335e-05
67,1.3426459819946608e-05
67,1.4311104305733766e-05
67,1.552885594592119e-05
67,1.7116949753750943e-05
67,1.9110901458412655e-05
67,2.148353510664124e-05
67,2.4113261660052418e-05
67,2.679874804306481e-05
67,2.9311971855742903e-05
67,3.1461498760547656e-05
67,3.313322401679847e-05
67,3.4289824117713e-05
67,3.4935184865888565e-05
67,3.5073373880832104e-05
67,3.4693542768715546e-05
67,3.378754574463847e-05
67,3.238109806359333e-05
67,3.05536184634911e-05
67,2.8432238989753987e-05
67,2.6161195472815915e-05
67,2.3863094821942394e-05
67,2.1615774968271686e-05
67,1.9460572052268273e-05
67,1.743550659259316e-05
67,1.560445666248338e-05
67,1.4054153093288255e-05
67,1.2859176545139075e-05
67,1.2043220734042579e-05
67,1.1566961133532994e-05
67,1.1353176128139814e-05
67,1.1336716743356543e-05
67,1.1513327126515415e-05
67,1.1960970751077854e-05
67,1.2817231825497238e-05
67,1.4215277088914276e-05
67,1.6207144036381986e-05
67,1.871926056331545e-05
67,2.1569246305881936e-05
67,2.4531684949335903e-05
67,2.740820939087885e-05
67,3.006146997937345e-05
67,3.2405456997469095e-05
67,3.437245223702815e-05
67,3.588214063692164e-05
67,3.6832523940800355e-05
67,3.712214879730977e-05
67,3.669427201407882e-05
67,3.5574807941920556e-05
67,3.387587513957838e-05
67,3.176038330835714e-05
67,2.9392837090025086e-05
67,2.6909583237179767e-05
67,2.4420974800882477e-05
67,2.2032853239363832e-05
67,1.9866092482033593e-05
67,1.8056164926231324e-05
67,1.6724489439867254e-05
67,1.5932593795874957e-05
67,1.5649048860765174e-05
67,1.575823773651646e-05
67,1.611431432489893e-05
67,1.66105764643234e-05
67,1.72217909288604e-05
67,1.7996356676850813e-05
67,1.9007311908458916e-05
67,2.0292096021425943e-05
67,2.1814708862465408e-05
67,2.347074543434195e-05
67,2.512997067988685e-05
67,2.66883764436848e-05
67,2.809650463927893e-05
67,2.9346804819602774e-05
67,3.0432127957687305e-05
67,3.13084070306361e-05
67,3.188914793612871e-05
67,3.207484135901751e-05
67,3.179749830685306e-05
67,3.105287257573637e-05
67,2.9902571169250537e-05
67,2.844642714280883e-05
67,2.6781470059532002e-05
67,2.4972375916105228e-05
67,2.3053528031510285e-05
67,2.106174984138332e-05
67,1.907478472597935e-05
67,1.722409622374315e-05
67,1.5667627812411983e-05
67,1.4537013714926716e-05
67,1.3893410626227633e-05
67,1.3720803187852886e-05
67,1.3959626480251903e-05
67,1.4556824005372008e-05
67,1.549859152328297e-05
67,1.680501181874413e-05
67,1.8492128305270974e-05
67,2.0526585209979955e-05
67,2.280006777866997e-05
67,2.5139942607525418e-05
67,2.735379196755027e-05
67,2.928470105241736e-05
67,3.084487584635852e-05
67,3.2008018985984276e-05
67,3.277016117706525e-05
67,3.311251480913616e-05
67,3.29963334913939e-05
67,3.2391237861314225e-05
67,3.131206297608107e-05
67,2.9835917038117147e-05
67,2.8087861055584805e-05
67,2.620443850767676e-05
67,2.4295928917842197e-05
67,2.2427306521492325e-05
67,2.0627723489119e-05
67,1.89221723066233e-05
67,1.7363295515009225e-05
67,1.603847118076547e-05
67,1.5043137866022855e-05
67,1.4435867275726722e-05
67,1.4206636091695024e-05
67,1.4284611213525151e-05
67,1.4586259388986043e-05
67,1.5075614439944805e-05
67,1.579739078326331e-05
67,1.68586590140504e-05
67,1.836673963133285e-05
67,2.0358910337979197e-05
67,2.2763908622665388e-05
67,2.5414241888476806e-05
67,2.809836379726056e-05
67,3.0621601726354125e-05
67,3.284432494850601e-05
67,3.468289490975702e-05
67,3.6081529015491036e-05
67,3.697964964536861e-05
67,3.730160625505126e-05
67,3.697953561679767e-05
67,3.5993935715263315e-05
67,3.440120654744682e-05
67,3.23264976348603e-05
67,2.9926056353240726e-05
67,2.7344638049107765e-05
67,2.4694081601565492e-05
67,2.2061462901225276e-05
67,1.9535411112502587e-05
67,1.7228673155907045e-05
67,1.527616041114361e-05
67,1.3801323488847121e-05
67,1.2866352416704709e-05
67,1.2439107937182728e-05
67,1.2405373552547794e-05
67,1.2627023373322008e-05
67,1.301375918811169e-05
67,1.3564635833877065e-05
67,1.435526149119509e-05
67,1.5480675366541745e-05
67,1.698811253685783e-05
67,1.8836324189110683e-05
67,2.0901206866393134e-05
67,2.302163186735848e-05
67,2.505760903048439e-05
67,2.6926475162370404e-05
67,2.8597218568948968e-05
67,3.0051559745240465e-05
67,3.1243108748620046e-05
67,3.2085548462321934e-05
67,3.2478491329731535e-05
67,3.235267897981421e-05
67,3.170395569364155e-05
67,3.059528183119087e-05
67,2.9128425051839154e-05
67,2.7405632548989902e-05
67,2.5506072578431644e-05
67,2.3490613588260784e-05
67,2.1428566548836943e-05
67,1.9424199579614546e-05
67,1.7619523955942884e-05
67,1.616440407082458e-05
67,1.5167683064744751e-05
67,1.4659448598080845e-05
67,1.4591462787541328e-05
67,1.4879191102800606e-05
67,1.5459802155751788e-05
67,1.6327586681423292e-05
67,1.752309442738941e-05
67,1.9084290090894284e-05
67,2.099227822521369e-05
67,2.3145123288302106e-05
67,2.5374784238032493e-05
67,2.7497184639480135e-05
67,2.936711029389586e-05
67,3.090770337531804e-05
67,3.210037520502959e-05
67,3.294618545915544e-05
67,3.3428151039178607e-05
67,3.3501850181756874e-05
67,3.312007516490582e-05
67,3.227265501992519e-05
67,3.1012589971516526e-05
67,2.9449931900313727e-05
67,2.771690173350676e-05
67,2.592604233443193e-05
67,2.414645425664832e-05
67,2.241069544701423e-05
67,2.074491024666003e-05
67,1.9199476805260493e-05
67,1.785708367089573e-05
67,1.6810403285423424e-05
67,1.6122775378815722e-05
67,1.579902474339077e-05
67,1.57896755175373e-05
67,1.603041861952172e-05
67,1.6492999565471786e-05
67,1.7212689391216538e-05
67,1.8270967877758368e-05
67,1.974154218893611e-05
67,2.1631993453110426e-05
67,2.3855234085842447e-05
67,2.6245592833470286e-05
67,2.860841773200944e-05
67,3.077474099165369e-05
67,3.263214918163514e-05
67,3.411894681029906e-05
67,3.519178945876371e-05
67,3.579379580625864e-05
67,3.5849368494836135e-05
67,3.529209441832538e-05
67,3.4106685125779895e-05
67,3.2354711303964584e-05
67,3.0165332353357332e-05
67,2.769662880761973e-05
67,2.50920127599075e-05
67,2.2457133248283316e-05
67,1.9867478585289425e-05
67,1.739687433460338e-05
67,1.5143651278286772e-05
67,1.3231626758580454e-05
67,1.1778721744557055e-05
67,1.0849329948676016e-05
67,1.0422058923852593e-05
67,1.0399305013011469e-05
67,1.0659726786351886e-05
67,1.1125085718059098e-05
67,1.1800801731611349e-05
67,1.2764829989317878e-05
67,1.4111457397197364e-05
67,1.5883429652690833e-05
67,1.803102256294041e-05
67,2.0418945350005122e-05
67,2.2873503146497603e-05
67,2.524014505105837e-05
67,2.7417912334447388e-05
67,2.9354385505919183e-05
67,3.1011540235972275e-05
67,3.233140804982612e-05
67,3.322840452558631e-05
67,3.361487084424726e-05
67,3.344234174317994e-05
67,3.273012873258721e-05
67,3.156200310524843e-05
67,3.005357012743277e-05
67,2.8312086909765604e-05
67,2.6414669621739813e-05
67,2.4417641757449537e-05
67,2.2387954211938652e-05
67,2.0431548042133683e-05
67,1.869386129903273e-05
67,1.7325060294559094e-05
67,1.6427097171524523e-05
67,1.6015376275362165e-05
67,1.6022281804731978e-05
67,1.634425844598512e-05
67,1.6904768385782935e-05
67,1.769348924721857e-05
67,1.8757436105401212e-05
67,2.015121074047285e-05
67,2.1878405785422838e-05
67,2.3859238924839965e-05
67,2.5942202070327095e-05
67,2.795177012728235e-05
67,2.974415416896027e-05
67,3.123957352572876e-05
67,3.241506402000944e-05
67,3.3267617927851654e-05
67,3.377662091800953e-05
67,3.389321392412251e-05
67,3.356324731621589e-05
67,3.276590630035813e-05
67,3.15398835662575e-05
67,2.9979139912748866e-05
67,2.8201697345589862e-05
67,2.631203362172171e-05
67,2.4380241635896903e-05
67,2.244918183801711e-05
67,2.0562250797747432e-05
67,1.879022292788137e-05
67,1.723509054791905e-05
67,1.600363090806445e-05
67,1.5165244372764278e-05
67,1.4722806363764586e-05
67,1.4620131170284038e-05
67,1.478603264218301e-05
67,1.5188341995006114e-05
67,1.586151467931888e-05
67,1.688723763038894e-05
67,1.833801464130044e-05
67,2.021718171634777e-05
67,2.243007077205307e-05
67,2.4801791822775976e-05
67,2.7130565490646137e-05
67,2.9246496782947953e-05
67,3.104426921992438e-05
67,3.2475456601597965e-05
67,3.3511989750600364e-05
67,3.411043812015073e-05
67,3.420455805282044e-05
67,3.3731997267132616e-05
67,3.267584589732169e-05
67,3.109142852730028e-05
67,2.909971220282875e-05
67,2.6851489300520488e-05
67,2.4484751782464255e-05
67,2.2100239292298838e-05
67,1.9767028992984915e-05
67,1.755015222073663e-05
67,1.553737790533981e-05
67,1.3841844397296837e-05
67,1.2573044540018727e-05
67,1.1791962457822446e-05
67,1.1481067738995435e-05
67,1.155412220901565e-05
67,1.1905715436938066e-05
67,1.2472450479636226e-05
67,1.32674378782457e-05
67,1.4365769996518112e-05
67,1.5849581608777327e-05
67,1.7745470879901433e-05
67,1.9989763931347818e-05
67,2.2439223883689308e-05
67,2.491845368499921e-05
67,2.7275180430202736e-05
67,2.941180724999979e-05
67,3.127811808815515e-05
67,3.283601882818771e-05
67,3.402557194391619e-05
67,3.475941538445154e-05
67,3.495126226873151e-05
67,3.4559129810947967e-05
67,3.3613563023812907e-05
67,3.2212069043924857e-05
67,3.048399529706652e-05
67,2.8548692313790895e-05
67,2.649247090368992e-05
67,2.4376262449836466e-05
67,2.2265310055671938e-05
67,2.0257215231597206e-05
67,1.8484426716613356e-05
67,1.7083118515224008e-05
67,1.614391409863569e-05
67,1.567576972578221e-05
67,1.5609783612417307e-05
67,1.5845066853947367e-05
67,1.6309893894517996e-05
67,1.6999433732752325e-05
67,1.7966284812475078e-05
67,1.927087377151062e-05
67,2.0923196233386365e-05
67,2.2850447098429717e-05
67,2.4907950542040753e-05
67,2.6925334837688623e-05
67,2.8760326096653338e-05
67,3.032952031806909e-05
67,3.160113361051624e-05
67,3.2559864570256e-05
67,3.3172126740595e-05
67,3.337807210887811e-05
67,3.311619760240632e-05
67,3.236230664286716e-05
67,3.1154804809390904e-05
67,2.9588791747268332e-05
67,2.778313840500982e-05
67,2.584208179662463e-05
67,2.3835180840593956e-05
67,2.1806610371356862e-05
67,1.980524535035416e-05
67,1.7912626009270857e-05
67,1.6245840356515523e-05
67,1.4927971344773542e-05
67,1.4041516014872136e-05
67,1.3595151968493729e-05
67,1.3529229104205686e-05
67,1.3760978281558916e-05
67,1.4242332697437037e-05
67,1.499232677180945e-05
67,1.6081715040603954e-05
67,1.7578687811209745e-05
67,1.948874731127326e-05
67,2.1723758785190434e-05
67,2.4116637171343042e-05
67,2.6471965604690883e-05
67,2.862356174424738e-05
67,3.0467761200733866e-05
67,3.195742996847473e-05
67,3.3067085143295646e-05
67,3.375781287010023e-05
67,3.396903857319354e-05
67,3.36433470007544e-05
67,3.2765864783151897e-05
67,3.138949597329682e-05
67,2.9628022392744676e-05
67,2.76214374053636e-05
67,2.5495592261526815e-05
67,2.3340291513304053e-05
67,2.1216644347150182e-05
67,1.9184923399960866e-05
67,1.7330238945061733e-05
67,1.5763751144773817e-05
67,1.4593002251194274e-05
67,1.3877495091937207e-05
67,1.3599801903562543e-05
67,1.3676450551943333e-05
67,1.4007859334195072e-05
67,1.4538784969910814e-05
67,1.529079969613819e-05
67,1.6344945490662574e-05
67,1.7784370767732862e-05
67,1.9631029604137357e-05
67,2.181241426197393e-05
67,2.4175263827508856e-05
67,2.6536141427252208e-05
67,2.873882651426771e-05
67,3.068642558934835e-05
67,3.233337417205905e-05
67,3.364882478270226e-05
67,3.458123150611369e-05
67,3.505152964194988e-05
67,3.4980681449181386e-05
67,3.4332303038975155e-05
67,3.314081589966647e-05
67,3.150644096291575e-05
67,2.9561072625197838e-05
67,2.7427379408325636e-05
67,2.5196086870471815e-05
67,2.2933059306238298e-05
67,2.0707602880814936e-05
67,1.8618726901025277e-05
67,1.679617352799457e-05
67,1.5369101703697423e-05
67,1.4418500955819641e-05
67,1.3944285262807627e-05
67,1.3872425509525437e-05
67,1.4102577749830633e-05
67,1.4568573201999807e-05
67,1.5273571891565812e-05
67,1.6277483598558388e-05
67,1.764506534967919e-05
67,1.9386897831456446e-05
67,2.1427738082592203e-05
67,2.3618986614998172e-05
67,2.5786302853429726e-05
67,2.7784035355592105e-05
67,2.952563540759456e-05
67,3.0975431471380266e-05
67,3.2112583851607225e-05
67,3.289610681615415e-05
67,3.3257704272983604e-05
67,3.312806906836997e-05
67,3.2477789021571245e-05
67,3.134400390723743e-05
67,2.9824684767198024e-05
67,2.8044684729809414e-05
67,2.6115584274058385e-05
67,2.4113871695397665e-05
67,2.2088980275460695e-05
67,2.0092892513011705e-05
67,1.8208389370668357e-05
67,1.655271533584751e-05
67,1.5248880644843261e-05
67,1.437959737556637e-05
67,1.3953962655219307e-05
67,1.391224594391425e-05
67,1.4170082139032744e-05
67,1.4675584173012585e-05
67,1.544200125186672e-05
67,1.6533804358585945e-05
67,1.8014570573360857e-05
67,1.9888736626866855e-05
67,2.207143101210826e-05
67,2.440263361958785e-05
67,2.6696227858927788e-05
67,2.8795457036680218e-05
67,3.0604167067120785e-05
67,3.207950911241646e-05
67,3.319694372554724e-05
67,3.3916132719778444e-05
67,3.417407285817359e-05
67,3.391086444676268e-05
67,3.310926469006495e-05
67,3.1819489967627073e-05
67,3.015169578984535e-05
67,2.824086235765813e-05
67,2.6206400542145705e-05
67,2.413078529914812e-05
67,2.206805874868871e-05
67,2.0073204266357737e-05
67,1.822919884950074e-05
67,1.6648941528590516e-05
67,1.544530351698933e-05
67,1.4685408535683286e-05
67,1.435977427163522e-05
67,1.4391183257578276e-05
67,1.468321933442298e-05
67,1.518036354410155e-05
67,1.590118072742484e-05
67,1.6922386460346436e-05
67,1.8323045647341972e-05
67,2.0122397979781964e-05
67,2.2246847941479656e-05
67,2.4543011967128032e-05
67,2.6827159053274504e-05
67,2.894175493714088e-05
67,3.078765846173407e-05
67,3.231722734458515e-05
67,3.3499281821285925e-05
67,3.4284921005556555e-05
67,3.460095361659992e-05
67,3.437652558055094e-05
67,3.358398225833616e-05
67,3.2265106234423965e-05
67,3.052481900976418e-05
67,2.849686007391141e-05
67,2.6303699032539134e-05
67,2.403501885116254e-05
67,2.1755641172499108e-05
67,1.9533903541496587e-05
67,1.7467338644571414e-05
67,1.568297531710503e-05
67,1.4305732753455148e-05
67,1.3411327003140223e-05
67,1.2994588593277024e-05
67,1.2978130229245644e-05
67,1.3261180383221398e-05
67,1.3780345211819708e-05
67,1.4543836501564493e-05
67,1.5617023730817732e-05
67,1.7068444117444697e-05
67,1.8909360319642478e-05
67,2.1061940068273443e-05
67,2.337273339371531e-05
67,2.566185872200916e-05
67,2.7778794191676213e-05
67,2.9633466011176316e-05
67,3.118800577900259e-05
67,3.2420301496893265e-05
67,3.328855655232267e-05
67,3.372377838423708e-05
67,3.365586938637106e-05
67,3.305443907992076e-05
67,3.195551416579202e-05
67,3.045609653874806e-05
67,2.8680740896327592e-05
67,2.6742054082690524e-05
67,2.4719380828797908e-05
67,2.2666850228576064e-05
67,2.0642243293518846e-05
67,1.8733784920860555e-05
67,1.7062041161002507e-05
67,1.574988517249986e-05
67,1.4876280661136634e-05
67,1.4444263712306133e-05
67,1.4387971342992684e-05
67,1.4618957155061654e-05
67,1.5084337497539284e-05
67,1.579910867235909e-05
67,1.683099594621551e-05
67,1.824701399400407e-05
67,2.0054436976323833e-05
67,2.217059616968889e-05
67,2.4437555809619812e-05
67,2.6671773197778402e-05
67,2.8719766863772686e-05
67,3.0488916658071456e-05
67,3.193921065973414e-05
67,3.3047258211147604e-05
67,3.377166639498839e-05
67,3.404636645096961e-05
67,3.3807152383637335e-05
67,3.3032231810708526e-05
67,3.176789813143e-05
67,3.0121529744785542e-05
67,2.8226575300237062e-05
67,2.620189858811453e-05
67,2.4129952237670157e-05
67,2.2064840841229537e-05
67,2.006147644962797e-05
67,1.8202753479872665e-05
67,1.6601930819448472e-05
67,1.5373302796964087e-05
67,1.4586964824955255e-05
67,1.4237934637052717e-05
67,1.4254219314140168e-05
67,1.4543810840730296e-05
67,1.5053020094487653e-05
67,1.5798510580696785e-05
67,1.685150683133953e-05
67,1.828350183921122e-05
67,2.010632518969877e-05
67,2.2241152364117856e-05
67,2.4532605744031762e-05
67,2.6798055700953358e-05
67,2.8883097912781484e-05
67,3.069232800905169e-05
67,3.2181311206607375e-05
67,3.332114804337098e-05
67,3.4064675785909265e-05
67,3.4340662246812625e-05
67,3.4080973851135596e-05
67,3.3261365777833944e-05
67,3.192707945681946e-05
67,3.018569690089148e-05
67,2.8172149289247042e-05
67,2.600833755799028e-05
67,2.3781715687755314e-05
67,2.1553621605972775e-05
67,1.9388237483167606e-05
67,1.7378883461710372e-05
67,1.5648845869036723e-05
67,1.4320155354822358e-05
67,1.3466723199661369e-05
67,1.3082734924827246e-05
67,1.3091246288491438e-05
67,1.3392822216969206e-05
67,1.3926025898709845e-05
67,1.4701342836812566e-05
67,1.578642937020356e-05
67,1.7251837736958997e-05
67,1.9110321114822587e-05
67,2.1284797247071144e-05
67,2.3621640324391207e-05
67,2.593972194683704e-05
67,2.8086158824746237e-05
67,2.9967570381261956e-05
67,3.154230521393339e-05
67,3.2784725428898534e-05
67,3.365057938150172e-05
67,3.407011783715156e-05
67,3.397437863354057e-05
67,3.3335638478260407e-05
67,3.219330233701486e-05
67,3.0647496398600915e-05
67,2.8824956142247812e-05
67,2.683941838542934e-05
67,2.477078203698525e-05
67,2.2673887840740493e-05
67,2.060791745339378e-05
67,1.8663175097992397e-05
67,1.6962384017245027e-05
67,1.5629732709776006e-05
67,1.4743892788736765e-05
67,1.4305830446038493e-05
67,1.424641621825428e-05
67,1.4473823521399538e-05
67,1.493273823902216e-05
67,1.5637259351181366e-05
67,1.6655716020824265e-05
67,1.8056764336780067e-05
67,1.9849760175221564e-05
67,2.1954050538854e-05
67,2.4213324740573228e-05
67,2.644512722202809e-05
67,2.849651229496863e-05
67,3.0274913073851884e-05
67,3.173999642582339e-05
67,3.286779302828235e-05
67,3.361616426688593e-05
67,3.3918136926997304e-05
67,3.370832495170754e-05
67,3.296328145486882e-05
67,3.172705779287059e-05
67,3.010438772719232e-05
67,2.822623908450633e-05
67,2.6209941559165026e-05
67,2.413800245298437e-05
67,2.2066323069251644e-05
67,2.0052885642452276e-05
67,1.818399762187537e-05
67,1.6575655164973027e-05
67,1.534352623010001e-05
67,1.4557639758738624e-05
67,1.421204340882582e-05
67,1.4233708760697694e-05
67,1.4530177642746392e-05
67,1.5047967531100975e-05
67,1.580406269422595e-05
67,1.6869334220859464e-05
67,1.8313746821987203e-05
67,2.0146563821078956e-05
67,2.2286099289774424e-05
67,2.457481170761953e-05
67,2.6829389219823526e-05
67,2.8896485341182363e-05
67,3.0683187875937915e-05
67,3.2148330279389536e-05
67,3.3266352477936686e-05
67,3.399297773466422e-05
67,3.425912626337622e-05
67,3.399799035758278e-05
67,3.318584051554826e-05
67,3.186770378439422e-05
67,3.015034237594085e-05
67,2.816740386109172e-05
67,2.6039166280103116e-05
67,2.3851199806841874e-05
67,2.166271727270669e-05
67,1.9535512505876762e-05
67,1.7560263967333195e-05
67,1.585753745879896e-05
67,1.4547017607205788e-05
67,1.3701336123113068e-05
67,1.3315127056458544e-05
67,1.3313851626578939e-05
67,1.3601943011148623e-05
67,1.4122140728201713e-05
67,1.4888054692655043e-05
67,1.5968468891440466e-05
67,1.74329665683995e-05
67,1.929197870848536e-05
67,2.1465922050926573e-05
67,2.3799507964223863e-05
67,2.61111729057846e-05
67,2.8248458083019025e-05
67,3.0118415289104946e-05
67,3.1679034220229426e-05
67,3.2903280469330045e-05
67,3.3744945985208056e-05
67,3.4132708208111084e-05
67,3.3997301552671e-05
67,3.331234475062699e-05
67,3.2119965119939427e-05
67,3.052370458031223e-05
67,2.8653677069780184e-05
67,2.6626482608732348e-05
67,2.452421548587048e-05
67,2.2403281359836514e-05
67,2.03238130230775e-05
67,1.837632532999544e-05
67,1.6682805973843777e-05
67,1.5365690055093432e-05
67,1.450112842500672e-05
67,1.4087355548175317e-05
67,1.4052920233736335e-05
67,1.4304473229125939e-05
67,1.4785997553929458e-05
67,1.5511459289333333e-05
67,1.6549321262389453e-05
67,1.796844851373271e-05
67,1.9778445193628296e-05
67,2.1899018756270105e-05
67,2.4174415662873098e-05
67,2.642290529348988e-05
67,2.8492208047290906e-05
67,3.029000114726605e-05
67,3.177549786775092e-05
67,3.2923626155524616e-05
67,3.369090660889782e-05
67,3.400933124617934e-05
67,3.381312108433857e-05
67,3.307900112021195e-05
67,3.185133266858301e-05
67,3.0234784575119735e-05
67,2.8359578720348814e-05
67,2.63417009401806e-05
67,2.426219693130298e-05
67,2.2176091010123936e-05
67,2.014168869497635e-05
67,1.8247030983405643e-05
67,1.6610902481766254e-05
67,1.5352008691703978e-05
67,1.4542761824653526e-05
67,1.4178337879427072e-05
67,1.4185504411839497e-05
67,1.4470647199845967e-05
67,1.4978750794791063e-05
67,1.5725399458105864e-05
67,1.6780520071521383e-05
67,1.821372274050979e-05
67,2.0034481016849536e-05
67,2.216173250584753e-05
67,2.4438749167975593e-05
67,2.66830082600001e-05
67,2.8741795351526587e-05
67,3.0522652195337745e-05
67,3.198476236029656e-05
67,3.3102938416593655e-05
67,3.383341728904878e-05
67,3.410780509148792e-05
67,3.386002186905999e-05
67,3.306681298912575e-05
67,3.177308710366994e-05
67,3.0084707562447783e-05
67,2.813375807140166e-05
67,2.603868495255389e-05
67,2.3883440886437332e-05
67,2.1726152708010494e-05
67,1.962806417451628e-05
67,1.7679564037286527e-05
67,1.6000819604336398e-05
67,1.4710790227199963e-05
67,1.3881173142474806e-05
67,1.3505921072468366e-05
67,1.3510647418811232e-05
67,1.3801083868790761e-05
67,1.4322151914454482e-05
67,1.5089710698858643e-05
67,1.6173885683208793e-05
67,1.7644081816746008e-05
67,1.950909095415538e-05
67,2.168688559625746e-05
67,2.4019816034945585e-05
67,2.6324742270376505e-05
67,2.8448670681497277e-05
67,3.029897668006768e-05
67,3.1834431106799734e-05
67,3.302890695024609e-05
67,3.383714050257951e-05
67,3.418890202423008e-05
67,3.401628423723501e-05
67,3.329448070562916e-05
67,3.206719346210754e-05
67,3.0439310622094043e-05
67,2.854199046850496e-05
67,2.6492690154181258e-05
67,2.4374348145434974e-05
67,2.2244241878366294e-05
67,2.0163190906692625e-05
67,1.8221795423207004e-05
67,1.654112851897641e-05
67,1.5241620115245534e-05
67,1.4396720215599098e-05
67,1.4002057188941365e-05
67,1.3984493010021042e-05
67,1.4250328690436797e-05
67,1.4744309724423702e-05
67,1.5481552369473335e-05
67,1.6531271290290933e-05
67,1.7962280353190172e-05
67,1.9783482392053603e-05
67,2.1913784223869297e-05
67,2.4197117344047957e-05
67,2.6452186850674154e-05
67,2.852768648090108e-05
67,3.0332233547108617e-05
67,3.182534903600041e-05
67,3.2981351517905565e-05
67,3.375541256966714e-05
67,3.407794774706062e-05
67,3.388192130118942e-05
67,3.3143434330808824e-05
67,3.190684955182798e-05
67,3.0277237302644174e-05
67,2.83853663638211e-05
67,2.634777945586583e-05
67,2.4246108176613542e-05
67,2.2136086612122015e-05
67,2.0076897529896855e-05
67,1.815753966901368e-05
67,1.6497653190353688e-05
67,1.5216549478668862e-05
67,1.4387008341462496e-05
67,1.4004509247027062e-05
67,1.399625641975972e-05
67,1.4269240822533292e-05
67,1.4769015243083961e-05
67,1.551135962313024e-05
67,1.656579224561129e-05
67,1.8000970322869014e-05
67,1.9825231839157197e-05
67,2.1956689908005434e-05
67,2.423847794081344e-05
67,2.6488670465392018e-05
67,2.8555562333673486e-05
67,3.0347579279233108e-05
67,3.182421531868129e-05
67,3.2959928390335746e-05
67,3.371025150571797e-05
67,3.4006246394448585e-05
67,3.378180942410954e-05
67,3.3014159488374404e-05
67,3.1748784483301014e-05
67,3.0091715814255354e-05
67,2.8174456237653327e-05
67,2.611415172835994e-05
67,2.3993112739599634e-05
67,2.1868005630042583e-05
67,1.9799196579875548e-05
67,1.7876869531291784e-05
67,1.6221432680820547e-05
67,1.4952162110308027e-05
67,1.4140871842306835e-05
67,1.3781391000369901e-05
67,1.3799121762859105e-05
67,1.4099666588418774e-05
67,1.4627925580575426e-05
67,1.5399710902103897e-05
67,1.648491184993864e-05
67,1.7952465708270077e-05
67,1.9810595924000306e-05
67,2.1976838424479282e-05
67,2.429343804221614e-05
67,2.657752753757147e-05
67,2.8676626850173725e-05
67,3.0498633792860108e-05
67,3.200269694334876e-05
67,3.316298682377038e-05
67,3.393472528623331e-05
67,3.424864063987079e-05
67,3.4038319447884874e-05
67,3.3280722610624285e-05
67,3.2021123578655586e-05
67,3.0365371791327215e-05
67,2.8444845322486428e-05
67,2.637668278048202e-05
67,2.4243362006526682e-05
67,2.2101905322316873e-05
67,2.001317585870742e-05
67,1.806789743339227e-05
67,1.6386950509272716e-05
67,1.5089951857226957e-05
67,1.4248960544976332e-05
67,1.3858091720262489e-05
67,1.3843233758790261e-05
67,1.4110738051059811e-05
67,1.460641187103655e-05
67,1.5346908303668232e-05
67,1.6402688121318945e-05
67,1.7842940459305528e-05
67,1.96759520316611e-05
67,2.1819361183485974e-05
67,2.4115746038659413e-05
67,2.6382854974608478e-05
67,2.8468988805948033e-05
67,3.0282761637808187e-05
67,3.1783740951280946e-05
67,3.2946089968770714e-05
67,3.372461949762109e-05
67,3.4049383037255355e-05
67,3.385320127302668e-05
67,3.311230570442432e-05
67,3.187132876478309e-05
67,3.0235560116450757e-05
67,2.8335869888357326e-05
67,2.6288919079613945e-05
67,2.4176735953757477e-05
67,2.2055932182974208e-05
67,1.9987010744963818e-05
67,1.8060392675672624e-05
67,1.639672283716836e-05
67,1.5115473223614171e-05
67,1.428868179039238e-05
67,1.3910579370822191e-05
67,1.3907261950270898e-05
67,1.4185262323833315e-05
67,1.4690386969922308e-05
67,1.543899345394451e-05
67,1.650096441969898e-05
67,1.794478591295139e-05
67,1.9778156927924085e-05
67,2.1918455359218566e-05
67,2.420841399562821e-05
67,2.646628174904944e-05
67,2.8541020566728296e-05
67,3.0341859695300286e-05
67,3.1828812215885166e-05
67,3.297633850688375e-05
67,3.373954666716376e-05
67,3.404897178462886e-05
67,3.383820323925045e-05
67,3.3084477646628145e-05
67,3.183348100706107e-05
67,3.019137089241065e-05
67,2.8289526964049155e-05
67,2.6244712096177558e-05
67,2.4138713298128125e-05
67,2.2027675212557982e-05
67,1.997151197785157e-05
67,1.805999264709376e-05
67,1.641307398501496e-05
67,1.5149538635114721e-05
67,1.4340805523095009e-05
67,1.3980654326769027e-05
67,1.3994969644671205e-05
67,1.4290296711387963e-05
67,1.4812548028655862e-05
67,1.5578077889860254e-05
67,1.665647984524132e-05
67,1.8115615211946584e-05
67,1.9962336634149544e-05
67,2.2113177942396057e-05
67,2.4410246189162808e-05
67,2.667147734625198e-05
67,2.8745767528781098e-05
67,3.054236508162091e-05
67,3.2021251752855105e-05
67,3.3156793928302684e-05
67,3.3904055479080374e-05
67,3.419372187902731e-05
67,3.395978780822209e-05
67,3.318006893939597e-05
67,3.190082414589704e-05
67,3.0228612061893223e-05
67,2.8295001055585472e-05
67,2.621685423672448e-05
67,2.407619838707713e-05
67,2.1929756367310926e-05
67,1.9838394012232975e-05
67,1.7893022018686367e-05
67,1.621459709201682e-05
67,1.4922449621318959e-05
67,1.4087981212512062e-05
67,1.3704552371909182e-05
67,1.3697594122311377e-05
67,1.3973549968731585e-05
67,1.447879392033488e-05
67,1.5230647036245219e-05
67,1.6299892694882805e-05
67,1.7755441075617367e-05
67,1.96047637535127e-05
67,2.1764470860408027e-05
67,2.407627776451101e-05
67,2.635744891719609e-05
67,2.8456118197139576e-05
67,3.0280787241087404e-05
67,3.179072025877904e-05
67,3.295957077945697e-05
67,3.374169427913291e-05
67,3.406711319866471e-05
67,3.386925257981686e-05
67,3.3125463479772416e-05
67,3.1881610002658224e-05
67,3.0243872368605307e-05
67,2.8343425258913227e-05
67,2.629673557107113e-05
67,2.4185482966222214e-05
67,2.206615500061583e-05
67,1.9999529632661712e-05
67,1.8076553659144547e-05
67,1.6418258112557912e-05
67,1.514397713411631e-05
67,1.4324977845703319e-05
67,1.3954362674667805e-05
67,1.3957256082642176e-05
67,1.4239810480418158e-05
67,1.4748121466021876e-05
67,1.549919374887477e-05
67,1.656343886848909e-05
67,1.8009421851120072e-05
67,1.9844466577768105e-05
67,2.1985410994762665e-05
67,2.427466606172199e-05
67,2.6530613968163777e-05
67,2.8602753134097392e-05
67,3.0400952633388163e-05
67,3.188562432182799e-05
67,3.303122822944525e-05
67,3.3792594269620734e-05
67,3.409998698246267e-05
67,3.388695045117786e-05
67,3.3130886898759196e-05
67,3.1877640161051935e-05
67,3.023328012328036e-05
67,2.832879126419876e-05
67,2.628041423242844e-05
67,2.4169609976865193e-05
67,2.2052658807562698e-05
67,1.9990096895815868e-05
67,1.8072529918441887e-05
67,1.6420522715032722e-05
67,1.5152881830759272e-05
67,1.4340442236900511e-05
67,1.3976155491517141e-05
67,1.3985378783039574e-05
67,1.4274801722293787e-05
67,1.4791091654852239e-05
67,1.5551507848445216e-05
67,1.6626141981853947e-05
67,1.8082639663980605e-05
67,1.9927027851447288e-05
67,2.2074828886307237e-05
67,2.4367447350507636e-05
67,2.6622729113143054e-05
67,2.8690059870155726e-05
67,3.047943505070547e-05
67,3.195144356177989e-05
67,3.308069886001928e-05
67,3.382223099258022e-05
67,3.4106694699368826e-05
67,3.3868310242428144e-05
67,3.3085405528567906e-05
67,3.1804836016921525e-05
67,3.0133564127340366e-05
67,2.8203207686506567e-05
67,2.6130368833712838e-05
67,2.3996699513566675e-05
67,2.1858639953324267e-05
67,1.9776941880635743e-05
67,1.784246587680221e-05
67,1.6175973306209588e-05
67,1.4896310008292946e-05
67,1.4074179120403508e-05
67,1.3702332692103045e-05
67,1.3706034550166185e-05
67,1.3992132093606033e-05
67,1.4507730223293508e-05
67,1.527069897091873e-05
67,1.6351730828686363e-05
67,1.7818894536230013e-05
67,1.9678377880676098e-05
67,2.184561200506259e-05
67,2.4161723224626347e-05
67,2.644414897735371e-05
67,2.854174220987203e-05
67,3.0363805178651357e-05
67,3.187005212393661e-05
67,3.3034095245429466e-05
67,3.380997930863931e-05
67,3.4127563231293534e-05
67,3.392057439140865e-05
67,3.316714236785185e-05
67,3.191409883691572e-05
67,3.0268399466625033e-05
67,2.8361566841204713e-05
67,2.631001782101041e-05
67,2.419521947486885e-05
67,2.207354383422707e-05
67,2.000585040097818e-05
67,1.8083233151598867e-05
67,1.6426663666883847e-05
67,1.5155002414825328e-05
67,1.4338674001777318e-05
67,1.3969897717672681e-05
67,1.3973309213037826e-05
67,1.425522592726268e-05
67,1.4762454635720479e-05
67,1.5512831981412156e-05
67,1.65772440447957e-05
67,1.8024132444710556e-05
67,1.9860218162461417e-05
67,2.200163184128146e-05
67,2.4290364694036617e-05
67,2.6544842723030118e-05
67,2.8614935771704466e-05
67,3.0410863817274345e-05
67,3.189304922415421e-05
67,3.303555778879826e-05
67,3.379266641611201e-05
67,3.4094318902444134e-05
67,3.387423485804263e-05
67,3.311044254643833e-05
67,3.1849540465656725e-05
67,3.0198099267465536e-05
67,2.8287149839531857e-05
67,2.623262168699224e-05
67,2.4115629267944693e-05
67,2.199241311613824e-05
67,1.992392212761619e-05
67,1.8001475916781894e-05
67,1.634628662557457e-05
67,1.5077382087518315e-05
67,1.4265276812496122e-05
67,1.3902274639120607e-05
67,1.3913166755101361e-05
67,1.4204483832127786e-05
67,1.4723158074087922e-05
67,1.5486843201000864e-05
67,1.6565769856425074e-05
67,1.8027261275946142e-05
67,1.9876662966771868e-05
67,2.202879094727513e-05
67,2.4324675577732136e-05
67,2.6582288100974183e-05
67,2.86515219596086e-05
67,3.0442941290861104e-05
67,3.191745143317734e-05
67,3.304963260427713e-05
67,3.379430676980576e-05
67,3.40820508639709e-05
67,3.3847334863423695e-05
67,3.306899912891631e-05
67,3.1794390709305615e-05
67,3.0130640094584038e-05
67,2.8209094484810818e-05
67,2.6145793367520563e-05
67,2.4021845830552587e-05
67,2.1893446353004134e-05
67,1.9821460068202236e-05
67,1.7897014411797786e-05
67,1.6240936842946183e-05
67,1.4971671740824863e-05
67,1.4159084271202664e-05
67,1.3795012475031253e-05
67,1.3804219071879413e-05
67,1.4093757670889872e-05
67,1.4611523880395544e-05
67,1.537627410220377e-05
67,1.6459128207884684e-05
67,1.7927840182500456e-05
67,1.9787681960840848e-05
67,2.1953030749090036e-05
67,2.4264336769769078e-05
67,2.6539029696701164e-05
67,2.8626548113737893e-05
67,3.0437007770963303e-05
67,3.193075385599451e-05
67,3.308165285043005e-05
67,3.3843750671702514e-05
67,3.4146968482566104e-05
67,3.392540634526233e-05
67,3.315787272088709e-05
67,3.189193795790563e-05
67,3.0235051734527057e-05
67,2.831883380843302e-05
67,2.6259494381117005e-05
67,2.413825496473322e-05
67,2.2011457175932965e-05
67,1.9940210552685244e-05
67,1.8015954630922038e-05
67,1.6359774295724583e-05
67,1.5090168920345864e-05
67,1.427677719625551e-05
67,1.3910973980040367e-05
67,1.3916966542042976e-05
67,1.4201321656965354e-05
67,1.4711617289040884e-05
67,1.5466486232978564e-05
67,1.6537109285007673e-05
67,1.799148709962556e-05
67,1.983534167490027e-05
67,2.1983708338996317e-05
67,2.4277862219562476e-05
67,2.653612438410338e-05
67,2.8608746469427762e-05
67,3.04064312117501e-05
67,3.1889791885435296e-05
67,3.303265198680058e-05
67,3.378881113337661e-05
67,3.4087890087719175e-05
67,3.3863741535159595e-05
67,3.3094994276606514e-05
67,3.1829046598553856e-05
67,3.0173115569206146e-05
67,2.825851428859251e-05
67,2.6201129788022508e-05
67,2.4081939712689565e-05
67,2.1957201665019733e-05
67,1.9888124927727763e-05
67,1.7966389770184407e-05
67,1.631337683844834e-05
67,1.5047851611181297e-05
67,1.4239646494938306e-05
67,1.3880266120659628e-05
67,1.3894009479637096e-05
67,1.4187484179099429e-05
67,1.4708175181358815e-05
67,1.5474367382179536e-05
67,1.6556564224752425e-05
67,1.8021808292690798e-05
67,1.9874763952915193e-05
67,2.2029554770163637e-05
67,2.4326895640263483e-05
67,2.6584982919411636e-05
67,2.8654323284981546e-05
67,3.0446110418720397e-05
67,3.192154050473487e-05
67,3.3055037923283886e-05
67,3.380102722251668e-05
67,3.4089812420884274e-05
67,3.3855977907346965e-05
67,3.3078842065309636e-05
67,3.180630818358196e-05
67,3.0145794860955447e-05
67,2.8228488860201738e-05
67,2.6169912427560732e-05
67,2.4050597371036807e-05
67,2.1926415557398378e-05
67,1.98583032151231e-05
67,1.7937728424246768e-05
67,1.6285817787945568e-05
67,1.5020980826934391e-05
67,1.4212649533768533e-05
67,1.3852059625313473e-05
67,1.3863579789814799e-05
67,1.4154332708531822e-05
67,1.4672678256105129e-05
67,1.543787412738724e-05
67,1.65211776838588e-05
67,1.7989946310980758e-05
67,1.9848686212261988e-05
67,2.2011027930975536e-05
67,2.4317071170439667e-05
67,2.6584443054008078e-05
67,2.8663176615188247e-05
67,3.0464028739840347e-05
67,3.194771034246112e-05
67,3.3088094982278755e-05
67,3.383908160011413e-05
67,3.413062730492244e-05
67,3.3897267892295746e-05
67,3.3118580913652316e-05
67,3.184293353145601e-05
67,3.0178264994157187e-05
67,2.8256232077901142e-05
67,2.619275528344527e-05
67,2.4068739545402193e-05
67,2.1940453875173414e-05
67,1.9869239829736446e-05
67,1.7946874615662013e-05
67,1.6294548394105846e-05
67,1.5030387002400226e-05
67,1.4223222011378573e-05
67,1.3863547711752596e-05
67,1.387509219374699e-05
67,1.4164620624429758e-05
67,1.4680453314837096e-05
67,1.544202274959987e-05
67,1.6520824470786098e-05
67,1.79844202023788e-05
67,1.9837488573242132e-05
67,2.199387716025196e-05
67,2.429403113766157e-05
67,2.6556072181331233e-05
67,2.8630598491287317e-05
67,3.0428849240617933e-05
67,3.191178381720084e-05
67,3.3053227180802216e-05
67,3.380679050242423e-05
67,3.410203927534684e-05
67,3.387313896732393e-05
67,3.309936749110053e-05
67,3.1828835546818956e-05
67,3.0169216034853515e-05
67,2.8251868970455465e-05
67,2.6192425792341695e-05
67,2.4071591246955577e-05
67,2.1945603846481648e-05
67,1.9875977161714037e-05
67,1.795482106318005e-05
67,1.6303715348078376e-05
67,1.5041117623259269e-05
67,1.4236066004984646e-05
67,1.387914066874823e-05
67,1.3894080527002051e-05
67,1.4187610181412365e-05
67,1.4707919741648188e-05
67,1.5474145601560554e-05
67,1.6557280336514643e-05
67,1.8024231656565772e-05
67,1.9879024458259417e-05
67,2.2035036474168648e-05
67,2.4332559230620725e-05
67,2.6589899782629554e-05
67,2.865808928174409e-05
67,3.044889284381061e-05
67,3.192375250985639e-05
67,3.305688089585133e-05
67,3.380222481075842e-05
67,3.408971704182695e-05
67,3.3853964983258044e-05
67,3.307471517867963e-05
67,3.1800451875682875e-05
67,3.0139001537135054e-05
67,2.8221604105149713e-05
67,2.6163544639787317e-05
67,2.4045073580074302e-05
67,2.1921990251510534e-05
67,1.9855451618435566e-05
67,1.7937286828868485e-05
67,1.6288823094079375e-05
67,1.5028268185362138e-05
67,1.422446037338029e-05
67,1.3867945519945813e-05
67,1.3882708847246657e-05
67,1.4176020856041589e-05
67,1.469678582896741e-05
67,1.546477921074954e-05
67,1.6551318862075047e-05
67,1.802321105911783e-05
67,1.9884013885983e-05
67,2.204646196912123e-05
67,2.435023778400047e-05
67,2.6613200756752155e-05
67,2.8686094144189853e-05
67,3.0480459734668018e-05
67,3.195748489508611e-05
67,3.3091087140276344e-05
67,3.383497623566058e-05
67,3.411904895696286e-05
67,3.38781631480083e-05
67,3.309256442375262e-05
67,3.181134118871806e-05
67,3.0142865061211568e-05
67,2.821876887575688e-05
67,2.615459447193455e-05
67,2.403080466670928e-05
67,2.1903453004870944e-05
67,1.983399595550894e-05
67,1.7914503266530993e-05
67,1.6266321409625423e-05
67,1.500733714648836e-05
67,1.4205745856403171e-05
67,1.385130529537667e-05
67,1.3867326823566199e-05
67,1.4160732662715114e-05
67,1.4680464007133563e-05
67,1.5446615812600634e-05
67,1.6530924390656898e-05
67,1.800055786637239e-05
67,1.985932025778198e-05
67,2.202011302515185e-05
67,2.4322786137168704e-05
67,2.6585419148508474e-05
67,2.8659004751547108e-05
67,3.0455271015920066e-05
67,3.193542568258347e-05
67,3.307319981064863e-05
67,3.382196288762263e-05
67,3.4111231061063396e-05
67,3.387554199076559e-05
67,3.3094913510666016e-05
67,3.181826152880027e-05
67,3.0153782207804653e-05
67,2.823290634290161e-05
67,2.617098385271016e-05
67,2.4048375940845126e-05
67,2.192120170928912e-05
67,1.9851173222755533e-05
67,1.793074874346414e-05
67,1.6281677307414854e-05
67,1.5022140578156188e-05
67,1.4220462998330025e-05
67,1.3866397933307188e-05
67,1.3883204160528338e-05
67,1.4177762505870474e-05
67,1.4698960535308185e-05
67,1.5466738008085352e-05
67,1.6552500365613296e-05
67,1.8022929255000884e-05
67,1.9881314844275463e-05
67,2.2040195378178543e-05
67,2.433934675801353e-05
67,2.6597094240436425e-05
67,2.866490555587699e-05
67,3.0455049867836744e-05
67,3.192919072479055e-05
67,3.306136452813146e-05
67,3.380513502013272e-05
67,3.4090195455974716e-05
67,3.3851308601520096e-05
67,3.3068746061940534e-05
67,3.1791614068405426e-05
67,3.012813727843928e-05
67,2.8209578190363792e-05
67,2.6150974152416467e-05
67,2.403233567007523e-05
67,2.1909487883691227e-05
67,1.984393665145211e-05
67,1.792798149589584e-05
67,1.628319145758714e-05
67,1.5027517236523504e-05
67,1.4229056911579426e-05
67,1.387746850549438e-05
67,1.3896165554062227e-05
67,1.4192448748285602e-05
67,1.4715756266998148e-05
67,1.5486475262264504e-05
67,1.657614292593033e-05
67,1.805118030365615e-05
67,1.991431930500997e-05
67,2.207745097780891e-05
67,2.4379827307209723e-05
67,2.6639486524261e-05
67,2.870782073252662e-05
67,3.0497112571498858e-05
67,3.196900748944557e-05
67,3.3097463456045105e-05
67,3.383598893193606e-05
67,3.4114376753899677e-05
67,3.386772326376557e-05
67,3.307683071903103e-05
67,3.1791396857841824e-05
67,3.0120142528128307e-05
67,2.8194639734543932e-05
67,2.613005989268963e-05
67,2.400645960428691e-05
67,2.1879715868806764e-05
67,1.9811421747934957e-05
67,1.7893937740339704e-05
67,1.624875296020281e-05
67,1.499351447786379e-05
67,1.4195820150934795e-05
67,1.384478171013678e-05
67,1.386342439959918e-05
67,1.4158962899866526e-05
67,1.4681054423010319e-05
67,1.5450477462954783e-05
67,1.6539150918829973e-05
67,1.8013739692522557e-05
67,1.9877061804594584e-05
67,2.2041009570534375e-05
67,2.434485203483978e-05
67,2.6606714199809786e-05
67,2.867811056531684e-05
67,3.0471378752206427e-05
67,3.194805051500562e-05
67,3.3081778119093184e-05
67,3.382565320042707e-05
67,3.41090800080253e-05
67,3.386690649782834e-05
67,3.307984815783543e-05
67,3.179761080802795e-05
67,3.0128923074833597e-05
67,2.8205312044112455e-05
67,2.6141877634996292e-05
67,2.4018664574760284e-05
67,2.189168525201922e-05
67,1.9822840209033154e-05
67,1.7904899617670563e-05
67,1.6259723853280668e-05
67,1.5005154415844106e-05
67,1.4208750727350688e-05
67,1.3859412370380295e-05
67,1.3879910059616167e-05
67,1.4177272522596825e-05
67,1.4701056667484334e-05
67,1.5471952436357146e-05
67,1.656171125230584e-05
67,1.8036726530008936e-05
67,1.9899509888337106e-05
67,2.2061738377689884e-05
67,2.436266864083833e-05
67,2.6620650797047884e-05
67,2.8687597872505615e-05
67,3.0476288858740076e-05
67,3.194861392919493e-05
67,3.307844824130789e-05
67,3.3819010936065803e-05
67,3.409982550012865e-05
67,3.385590686811807e-05
67,3.306815996202105e-05
67,3.178641157388087e-05
67,3.0119352726825877e-05
67,2.8198290424965046e-05
67,2.6137983565530868e-05
67,2.4018126761099145e-05
67,2.189447255146985e-05
67,1.9828787079557648e-05
67,1.791379109420652e-05
67,1.6271300414048524e-05
67,1.5019061495753288e-05
67,1.4224509717171111e-05
67,1.3876488539306425e-05
67,1.3897887472389877e-05
67,1.4196054440945988e-05
67,1.4720960194117628e-05
67,1.5493605843040048e-05
67,1.658577313828958e-05
67,1.8063551995055374e-05
67,1.9928919459423596e-05
67,2.20929872242326e-05
67,2.4394608105480085e-05
67,2.6651981709160876e-05
67,2.8717083319926286e-05
67,3.050283812988231e-05
67,3.1971241650068577e-05
67,3.3096195186987954e-05
67,3.3830931487461084e-05
67,3.410508933118105e-05
67,3.3853971745370066e-05
67,3.3058915129132386e-05
67,3.177020632570694e-05
67,3.0096896608595086e-05
67,2.817048685860339e-05
67,2.610578865194609e-05
67,2.3982494667614845e-05
67,2.1856381134095694e-05
67,1.9789275792971583e-05
67,1.7873927906658963e-05
67,1.6232040038485456e-05
67,1.4981040557066905e-05
67,1.4187892225525875e-05
67,1.3840975184865064e-05
67,1.3862922594841407e-05
67,1.4161149091520234e-05
67,1.468597501954756e-05
67,1.5458858009378712e-05
67,1.6551934305643422e-05
67,1.8031418420952238e-05
67,1.989918982055532e-05
67,2.206615679660817e-05
67,2.4371006105997995e-05
67,2.663189044902996e-05
67,2.870083173879846e-05
67,3.0490785789585077e-05
67,3.196364946621188e-05
67,3.309306389855123e-05
67,3.3831918424080645e-05
67,3.410956545738591e-05
67,3.38611892293008e-05
67,3.306818806502327e-05
67,3.178100953252427e-05
67,3.01088511148483e-05
67,2.8183276726504742e-05
67,2.611909268459711e-05
67,2.3995998685399975e-05
67,2.1869876947462056e-05
67,1.980278808919062e-05
67,1.7887779043006547e-05
67,1.6246788286778185e-05
67,1.4997300257773347e-05
67,1.420612061700505e-05
67,1.3861336407792538e-05
67,1.3885290369887277e-05
67,1.4185216515598226e-05
67,1.4711371545807221e-05
67,1.5485182873671747e-05
67,1.657869276299041e-05
67,1.8057928398545555e-05
67,1.9924552559648852e-05
67,2.208934585723558e-05
67,2.4391057021577307e-05
67,2.6648111125078716e-05
67,2.871293486677658e-05
67,3.0498882171135022e-05
67,3.1968117563082393e-05
67,3.30943805444324e-05
67,3.38305508215438e-05
67,3.4105971913799156e-05
67,3.3855892619495056e-05
67,3.3061833844886104e-05
67,3.177433601525651e-05
67,3.0102567085533782e-05
67,2.8177908718527385e-05
67,2.611488672436928e-05
67,2.3992929357627608e-05
67,2.1867754280182776e-05
67,1.9801397904973106e-05
67,1.788697647272799e-05
67,1.624649806196613e-05
67,1.4997443813745832e-05
67,1.4206547365591774e-05
67,1.3861841476137512e-05
67,1.388574095725319e-05
67,1.4185719288051991e-05
67,1.4712360386815982e-05
67,1.5487337439009222e-05
67,1.6582698273749672e-05
67,1.8064185722875605e-05
67,1.9932978544661088e-05
67,2.209935357828495e-05
67,2.4401710616096242e-05
67,2.665836438978481e-05
67,2.8721831446205987e-05
67,3.0505634191814678e-05
67,3.197206537201892e-05
67,3.30949144175525e-05
67,3.3827093743641843e-05
67,3.409806789672033e-05
67,3.384335782683855e-05
67,3.3044873063999836e-05
67,3.1753543413396745e-05
67,3.0078802203182563e-05
67,2.815211364244973e-05
67,2.60879394671014e-05
67,2.396559700152918e-05
67,2.1840740301549874e-05
67,1.977541441072094e-05
67,1.7862753494433154e-05
67,1.622468396730264e-05
67,1.4978432353131342e-05
67,1.419033653195203e-05
67,1.3848034905040538e-05
67,1.387372902106064e-05
67,1.4174965674086028e-05
67,1.4702646686409993e-05
67,1.5478838342736343e-05
67,1.6575860971039562e-05
67,1.8059497693682864e-05
67,1.993075775475569e-05
67,2.2099664097721286e-05
67,2.44044237574662e-05
67,2.6663299836083898e-05
67,2.8728870862296013e-05
67,3.051472590606546e-05
67,3.1983118157597274e-05
67,3.310765985639433e-05
67,3.384102279463659e-05
67,3.411249753819541e-05
67,3.3857594216384435e-05
67,3.305837498404859e-05
67,3.176599716927989e-05
67,3.0090084878887703e-05
67,2.816219489798424e-05
67,2.6096804671650915e-05
67,2.3973250662602104e-05
67,2.184728763169026e-05
67,1.9781158392331663e-05
67,1.7868222036217658e-05
67,1.6230535260044497e-05
67,1.4985262286862842e-05
67,1.4198483864877034e-05
67,1.385749505600898e-05
67,1.3884226147373676e-05
67,1.418613115217719e-05
67,1.4714182772550304e-05
67,1.549056224031365e-05
67,1.6587614138334075e-05
67,1.8070999031625453e-05
67,1.9941512805952383e-05
67,2.2109002891428072e-05
67,2.4411660469737214e-05
67,2.666793481524624e-05
67,2.8730728412465044e-05
67,3.0513956084587776e-05
67,3.198007039702909e-05
67,3.3102712127461264e-05
67,3.3834470875862555e-05
67,3.410455865884251e-05
67,3.3848494191752243e-05
67,3.3048431267391745e-05
67,3.175562115903858e-05
67,3.0079691358489112e-05
67,2.815207453106343e-05
67,2.6087041660076003e-05
67,2.3963739831330355e-05
67,2.1837844516741303e-05
67,1.9771659371454936e-05
67,1.7858692301217974e-05
67,1.622113438206115e-05
67,1.4976184841823241e-05
67,1.418985400586423e-05
67,1.384934345475074e-05
67,1.3876580325780344e-05
67,1.4179160560921227e-05
67,1.4708284629633582e-05
67,1.5486301062132286e-05
67,1.6585521970423282e-05
67,1.807133572551278e-05
67,1.9944112756995605e-05
67,2.2113285574557318e-05
67,2.441679338045063e-05
67,2.6673059964951035e-05
67,2.8735137828457098e-05
67,3.0517141901458306e-05
67,3.1981658390297885e-05
67,3.3102362238043823e-05
67,3.383184396399301e-05
67,3.409939309151903e-05
67,3.384074879718317e-05
67,3.303839692061484e-05
67,3.174391993089011e-05
67,3.006715376527712e-05
67,2.813955932368142e-05
67,2.6075290897675465e-05
67,2.3953331430772535e-05
67,2.182923835688957e-05
67,1.9765272824450106e-05
67,1.7854923545884214e-05
67,1.6220290388988098e-05
67,1.497834538701352e-05
67,1.4194765856472482e-05
67,1.3856441989077991e-05
67,1.388516646116761e-05
67,1.418865855279252e-05
67,1.4718442494394701e-05
67,1.549722092535447e-05
67,1.6597508267493086e-05
67,1.8084654311606952e-05
67,1.995879567590737e-05
67,2.212907746117842e-05
67,2.4433247889184258e-05
67,2.668970962242758e-05
67,2.8751624448589584e-05
67,3.0533228188253057e-05
67,3.1997125262128265e-05
67,3.311687667706567e-05
67,3.384490317169159e-05
67,3.41103962063614e-05
67,3.3849156972806024e-05
67,3.3043882891922815e-05
67,3.1746420208304585e-05
67,3.0066806038916872e-05
67,2.813658229631316e-05
67,2.6069894850452978e-05
67,2.394571997482556e-05
67,2.181969578308615e-05
67,1.9754267890901964e-05
67,1.7843138710383557e-05
67,1.620852351146273e-05
67,1.4967311695540071e-05
67,1.41849019977751e-05
67,1.3847827491450805e-05
67,1.3877612682571225e-05
67,1.418190943498562e-05
67,1.4712359223342349e-05
67,1.5491838123459304e-05
67,1.659294036408575e-05
67,1.8080928557185213e-05
67,1.9955727469764998e-05
67,2.212626914825714e-05
67,2.443021434698624e-05
67,2.668605880296707e-05
67,2.874718895543021e-05
67,3.052807434794686e-05
67,3.1991443328551054e-05
67,3.3110831515332094e-05
67,3.383854656286751e-05
67,3.41036926154666e-05
67,3.384209028004933e-05
67,3.303655551436086e-05
67,3.173906742561011e-05
67,3.005971319876234e-05
67,2.812996081054879e-05
67,2.6063799278536054e-05
67,2.3940060807140113e-05
67,2.1814341735298437e-05
67,1.9749174502113494e-05
67,1.783842042667748e-05
67,1.6204419057982054e-05
67,1.4964062401313298e-05
67,1.4182626750632112e-05
67,1.3846488572437852e-05
67,1.3877107497672784e-05
67,1.4182229510375715e-05
67,1.4713698694896855e-05
67,1.5494559087277906e-05
67,1.6597396919966557e-05
67,1.8087245397723624e-05
67,1.9963658021716964e-05
67,2.2135211126710594e-05
67,2.443937300005157e-05
67,2.6694670466497736e-05
67,2.87546904992989e-05
67,3.053414283462371e-05
67,3.1995913379119335e-05
67,3.311357412510141e-05
67,3.38394110424885e-05
67,3.410255938841094e-05
67,3.383899550864226e-05
67,3.3031793293101384e-05
67,3.173319009014069e-05
67,3.0053419543158927e-05
67,2.8123933728102366e-05
67,2.605858149189492e-05
67,2.3936027246061404e-05
67,2.1811762669725234e-05
67,1.9748305028972893e-05
67,1.7839535060894828e-05
67,1.62077482688072e-05
67,1.4969661502423158e-05
67,1.4190269704489942e-05
67,1.3855682359386321e-05
67,1.3887253990776452e-05
67,1.4192861276550981e-05
67,1.4724654178402753e-05
67,1.5505990836083382e-05
67,1.6609607497215462e-05
67,1.810044763437409e-05
67,1.9977792713142722e-05
67,2.214991222610945e-05
67,2.4454082013988957e-05
67,2.6708819399906348e-05
67,2.87678402445765e-05
67,3.054599990104993e-05
67,3.200623189686295e-05
67,3.3122028806746836e-05
67,3.3845545966497135e-05
67,3.410586196475477e-05
67,3.3839054795089465e-05
67,3.302844336826801e-05
67,3.172655256775756e-05
67,3.0043829389583664e-05
67,2.8111806729475708e-05
67,2.6044311801708608e-05
67,2.391997523041361e-05
67,2.1794328330576687e-05
67,1.9730020882368784e-05
67,1.7821092146511874e-05
67,1.6189906219799736e-05
67,1.4953070752324603e-05
67,1.4175302984709988e-05
67,1.3842382589740444e-05
67,1.3875440379663878e-05
67,1.4182333199953233e-05
67,1.4715365346723544e-05
67,1.5498086127058942e-05
67,1.6603307822813158e-05
67,1.8095865407106764e-05
67,1.997479712637271e-05
67,2.214812561485225e-05
67,2.445300769280857e-05
67,2.6708025075654243e-05
67,2.876709047728304e-05
67,3.054526458206443e-05
67,3.2005577402770856e-05
67,3.312147428430837e-05
67,3.384498672559411e-05
67,3.4105109729050613e-05
67,3.3837958580625136e-05
67,3.302699889224355e-05
67,3.172492107815681e-05
67,3.0042253807376237e-05
67,2.8110483099512583e-05
67,2.604330127827162e-05
67,2.3919213258286165e-05
67,2.1793724565265984e-05
67,1.9729584054751588e-05
67,1.782099392601861e-05
67,1.619043274767802e-05
67,1.4954483781582302e-05
67,1.4177699333694344e-05
67,1.3845651863263301e-05
67,1.3879360044115848e-05
67,1.4186743225920286e-05
67,1.4720301777662046e-05
67,1.550377498150338e-05
67,1.6610013808495995e-05
67,1.8103684988417163e-05
67,1.9983517993986597e-05
67,2.2157231762720457e-05
67,2.4461824962423635e-05
67,2.671592530636773e-05
67,2.8773644155599287e-05
67,3.055026831775628e-05
67,3.20089636022043e-05
67,3.312318545287063e-05
67,3.3844914614901925e-05
67,3.410314617636472e-05
67,3.383411903388764e-05
67,3.3021525168503196e-05
67,3.171828493433209e-05
67,3.0035051780548083e-05
67,2.8103283995335642e-05
67,2.6036534009404512e-05
67,2.391315219188034e-05
67,2.178856512740657e-05
67,1.9725542991519534e-05
67,1.781835170678348e-05
67,1.6189473545201465e-05
67,1.495536210093459e-05
67,1.4180325159237165e-05
67,1.384969041124163e-05
67,1.3884374744408227e-05
67,1.4192411132990874e-05
67,1.4726570448048728e-05
67,1.5510858281971745e-05
67,1.661822415344496e-05
67,1.8113199368889298e-05
67,1.9994209009191304e-05
67,2.216864994388135e-05
67,2.447333003889784e-05
67,2.6726882924651466e-05
67,2.878357399921141e-05
67,3.055886701494097e-05
67,3.201601014576736e-05
67,3.312841487946506e-05
67,3.384796393228766e-05
67,3.410362088019009e-05
67,3.38317395011169e-05
67,3.301625560912388e-05
67,3.171036228488187e-05
67,3.002490176602432e-05
67,2.8091383950343564e-05
67,2.6023309805804557e-05
67,2.3898966899944835e-05
67,2.1773792288973147e-05
67,1.97106577394284e-05
67,1.780395510341928e-05
67,1.6176204370007133e-05
67,1.4943727155634235e-05
67,1.4170545922821e-05
67,1.3841670457215357e-05
67,1.3877824384127434e-05
67,1.4187063114609967e-05
67,1.4722355594970659e-05
67,1.550793343432336e-05
67,1.6616841133836412e-05
67,1.811350265199354e-05
67,1.9996086212922682e-05
67,2.2171719530168034e-05
67,2.4477067175701758e-05
67,2.6730805813501825e-05
67,2.878738131161501e-05
67,3.0562451186973304e-05
67,3.201935258415378e-05
67,3.3131446349565556e-05
67,3.3850493272810215e-05
67,3.4105382264956715e-05
67,3.383252130930576e-05
67,3.3016017273041596e-05
67,3.170925825750023e-05
67,3.0023199170150655e-05
67,2.8089331519660697e-05
67,2.602104401347259e-05
67,2.3896513320285857e-05
67,2.1771157134092544e-05
67,1.9707944666059342e-05
67,1.780142177640406e-05
67,1.6174207892710054e-05
67,1.4942581104958513e-05
67,1.4170378621522782e-05
67,1.3842384710277592e-05
67,1.3879196920116866e-05
67,1.4188924502214338e-05
67,1.4724729001816986e-05
67,1.5511033659267154e-05
67,1.6620928867640427e-05
67,1.8118683282144733e-05
67,2.0002173836158477e-05
67,2.2178243479498143e-05
67,2.4483414638290102e-05
67,2.6736418732351096e-05
67,2.8791898820147124e-05
67,3.0565726145771716e-05
67,3.202135204315483e-05
67,3.313212032619701e-05
67,3.384971290020918e-05
67,3.410299358042438e-05
67,3.3828474147800777e-05
67,3.301047424722029e-05
67,3.170260461198474e-05
67,3.0015943956798496e-05
67,2.808196163940311e-05
67,2.6013918639752802e-05
67,2.3889855259505613e-05
67,2.1765133139595305e-05
67,1.970276853068354e-05
67,1.7797397268227913e-05
67,1.6171666510363595e-05
67,1.4941743347609637e-05
67,1.4171230635265604e-05
67,1.384466715130142e-05
67,1.3882536438340021e-05
67,1.4193039604355043e-05
67,1.4729581928404667e-05
67,1.5516827277459443e-05
67,1.6627945689764923e-05
67,1.8127061654455874e-05
67,2.001174925281054e-05
67,2.2188538598383844e-05
67,2.4493774561219702e-05
67,2.6746208764811673e-05
67,2.8800652481943026e-05
67,3.057316856501205e-05
67,3.202730696951331e-05
67,3.313638537476233e-05
67,3.385200484964683e-05
67,3.410301024200375e-05
67,3.38260318858801e-05
67,3.300562548937257e-05
67,3.169565537030471e-05
67,3.0007360959977856e-05
67,2.8072229943397302e-05
67,2.600343719903887e-05
67,2.3878927562094204e-05
67,2.1754045155511524e-05
67,1.9691886830635933e-05
67,1.7787202496979397e-05
67,1.6162676028123345e-05
67,1.4934352998374956e-05
67,1.4165571598028598e-05
67,1.3840580188467009e-05
67,1.3879698442434602e-05
67,1.4191175849062447e-05
67,1.4728633839532918e-05
67,1.5516970201623944e-05
67,1.662944813281288e-05
67,1.8130076101991097e-05
67,2.0016159817944434e-05
67,2.2193949236303905e-05
67,2.4499636872963225e-05
67,2.6752009801864968e-05
67,2.8806052608596036e-05
67,3.05780151027879e-05
67,3.2031531283292166e-05
67,3.3139867612063e-05
67,3.3854509003882125e-05
67,3.4104238133422165e-05
67,3.382575729126253e-05
67,3.3003813707353256e-05
67,3.169248754869642e-05
67,3.0003150923405003e-05
67,2.8067292369465807e-05
67,2.599799324821521e-05
67,2.3873104690107044e-05
67,2.174796386588238e-05
67,1.9685767994780576e-05
67,1.778141055337044e-05
67,1.6157650650503556e-05
67,1.4930456799158713e-05
67,1.4162947261460848e-05
67,1.383911781543748e-05
67,1.3879148321904745e-05
67,1.4191342368314043e-05
67,1.4729524279802115e-05
67,1.551879752651488e-05
67,1.663248304079972e-05
67,1.813443988232634e-05
67,2.0021681675097365e-05
67,2.2200168045823514e-05
67,2.4505942235848782e-05
67,2.6757840012806202e-05
67,2.8811038935566074e-05
67,3.058199912733283e-05
67,3.203446450369481e-05
67,3.314167837657873e-05
67,3.385503892828794e-05
67,3.4103294990327374e-05
67,3.3823244023826365e-05
67,3.299983858440426e-05
67,3.168737628787871e-05
67,2.9997351059107627e-05
67,2.8061230909451934e-05
67,2.599197460955743e-05
67,2.3867305342864674e-05
67,2.1742515890008456e-05
67,1.968086528370539e-05
67,1.7777353976915202e-05
67,1.6154786045321055e-05
67,1.4929033698688865e-05
67,1.4162990295452931e-05
67,1.3840408494812518e-05
67,1.3881348981901655e-05
67,1.4194195711347795e-05
67,1.4733001974258079e-05
67,1.5523098323108577e-05
67,1.6637877733376487e-05
67,1.8141056544493386e-05
67,2.002935612991565e-05
67,2.2208440125471443e-05
67,2.451419269476221e-05
67,2.6765485502377103e-05
67,2.881767447550052e-05
67,3.0587415332040194e-05
67,3.203854944062718e-05
67,3.3144289291468445e-05
67,3.385594536445482e-05
67,3.410223912372254e-05
67,3.382007677221812e-05
67,3.299463576467959e-05
67,3.168045512606182e-05
67,2.998917695836018e-05
67,2.805227538199155e-05
67,2.5982611574427934e-05
67,2.385780254491099e-05
67,2.173311366530586e-05
67,1.9671876066137374e-05
67,1.776919864300496e-05
67,1.6147921573989467e-05
67,1.4923801794485107e-05
67,1.4159481364079203e-05
67,1.3838440906660566e-05
67,1.3880596309356264e-05
67,1.419439444658155e-05
67,1.4734110626650872e-05
67,1.5525305183633083e-05
67,1.6641452128889692e-05
67,1.8146135985409757e-05
67,2.0035794931116464e-05
67,2.2215801792847007e-05
67,2.452188282871422e-05
67,2.677294376395139e-05
67,2.8824515036875192e-05
67,3.0593442271625915e-05
67,3.2043656124693264e-05
67,3.314832683422838e-05
67,3.385866242770172e-05
67,3.410333998320116e-05
67,3.381935694655066e-05
67,3.299209956116221e-05
67,3.1676335100381945e-05
67,2.998384487352074e-05
67,2.8046105436654144e-05
67,2.597588297957706e-05
67,2.3850697869594012e-05
67,2.1725804518097442e-05
67,1.966462854752817e-05
67,1.7762413475802103e-05
67,1.6142062224941988e-05
67,1.4919239674842572e-05
67,1.4156352895334765e-05
67,1.3836617712831309e-05
67,1.3879803043189853e-05
67,1.4194408535750644e-05
67,1.473491627685361e-05
67,1.552709983534936e-05
67,1.664450028053694e-05
67,1.8150561859514312e-05
67,2.0041437820039988e-05
67,2.2222214466242696e-05
67,2.452846851006632e-05
67,2.6779150034410523e-05
67,2.8829974806787236e-05
67,3.059798924873323e-05
67,3.204722431340768e-05
67,3.315081887433135e-05
67,3.3859888142777694e-05
67,3.410307121347321e-05
67,3.381745789634452e-05
67,3.2988637991818755e-05
67,3.167159588493667e-05
67,2.9978236679282882e-05
67,2.804002150070104e-05
67,2.5969602366575966e-05
67,2.384438281172554e-05
67,2.1719585280118925e-05
67,1.9658709133388682e-05
67,1.7757114574558103e-05
67,1.6137755861091655e-05
67,1.4916204438841716e-05
67,1.4154642613750399e-05
67,1.3836041746799681e-05
67,1.3880049828898883e-05
67,1.4195245208526964e-05
67,1.4736337272214628e-05
67,1.552932485058882e-05
67,1.6647819327929868e-05
67,1.8155121279836093e-05
67,2.0047092280033288e-05
67,2.222852507481441e-05
67,2.453484121880067e-05
67,2.6785031096684108e-05
67,2.8834992470783222e-05
67,3.0601969195927704e-05
67,3.2050089283195915e-05
67,3.315245823537838e-05
67,3.386009916856727e-05
67,3.4101617826507786e-05
67,3.381420524930958e-05
67,3.298366719721642e-05
67,3.166521962414993e-05
67,2.9970906101584747e-05
67,2.8032185599014563e-05
67,2.59616067928622e-05
67,2.3836464137123497e-05
67,2.1711952086265637e-05
67,1.9651642871140513e-05
67,1.7751006459157736e-05
67,1.613303493335951e-05
67,1.4913187107858976e-05
67,1.4153398132178846e-05
67,1.3836372719006e-05
67,1.3881619127553656e-05
67,1.4197780955013817e-05
67,1.4739787296250892e-05
67,1.553385980492989e-05
67,1.6653681452787196e-05
67,1.816241241625333e-05
67,2.0055626305934077e-05
67,2.22378253951915e-05
67,2.4544278087634498e-05
67,2.6794015971537855e-05
67,2.8843118695495572e-05
67,3.060902646464065e-05
67,3.205596238978305e-05
67,3.315699615100848e-05
67,3.38630564463264e-05
67,3.4102714026875786e-05
67,3.381326042126016e-05
67,3.298071742204366e-05
67,3.1660533339322134e-05
67,2.9964891913516533e-05
67,2.8025253073574927e-05
67,2.5954067271812753e-05
67,2.3828527494037426e-05
67,2.1703810564549368e-05
67,1.9643574504307372e-05
67,1.7743413722655452e-05
67,1.6126373093844747e-05
67,1.4907812181535265e-05
67,1.4149429071992403e-05
67,1.3833667659035986e-05
67,1.3879898042294671e-05
67,1.419682729575541e-05
67,1.4739600579229624e-05
67,1.5534658424659176e-05
67,1.6655752377328678e-05
67,1.8165900693718346e-05
67,2.0060388800639996e-05
67,2.2243428858437786e-05
67,2.4550136242669853e-05
67,2.6799583101852802e-05
67,2.8848029505239925e-05
67,3.061311004523668e-05
67,3.205914082446882e-05
67,3.3159153431434115e-05
67,3.3863979157934486e-05
67,3.410214916898627e-05
67,3.381104857386767e-05
67,3.297690586081044e-05
67,3.165539050888324e-05
67,2.995881444683304e-05
67,2.8018626932386327e-05
67,2.5947169837832296e-05
67,2.3821526200588813e-05
67,2.169684894038325e-05
67,1.963687800013264e-05
67,1.773733095318584e-05
67,1.6121306928963067e-05
67,1.4904070407031801e-05
67,1.4147088841820451e-05
67,1.3832553121942424e-05
67,1.3879703225444658e-05
67,1.4197316827165568e-05
67,1.4740760616142933e-05
67,1.5536697707221338e-05
67,1.6658950665049275e-05
67,1.8170397770102823e-05
67,2.0066038275232902e-05
67,2.2249796407213994e-05
67,2.4556636564513713e-05
67,2.6805673025446414e-05
67,2.8853347314808874e-05
67,3.0617489302635676e-05
67,3.206250951497174e-05
67,3.3161404075075324e-05
67,3.386491102968857e-05
67,3.4101527512860736e-05
67,3.3808738571432825e-05
67,3.297298575624283e-05
67,3.1650165397599964e-05
67,2.995272217214761e-05
67,2.8012097829443513e-05
67,2.5940527040501e-05
67,2.381498177939531e-05
67,2.169058657035429e-05
67,1.9631154851803386e-05
67,1.7732515325582414e-05
67,1.6117807197760566e-05
67,1.4902185854838627e-05
67,1.4146876624919568e-05
67,1.3833809806679436e-05
67,1.3882091419413154e-05
67,1.4200568061188849e-05
67,1.4744826282545222e-05
67,1.5541748557211614e-05
67,1.666522349695645e-05
67,1.8177983887892076e-05
67,2.0074738651877207e-05
67,2.2259122911903184e-05
67,2.4565952431283397e-05
67,2.6814388667089518e-05
67,2.886106069863597e-05
67,3.062399918016193e-05
67,3.206771308170215e-05
67,3.316516565316779e-05
67,3.386700348894949e-05
67,3.410169131227821e-05
67,3.380681587970956e-05
67,3.296903383958666e-05
67,3.164447083156656e-05
67,2.9945707537851477e-05
67,2.800418281493301e-05
67,2.593203065923498e-05
67,2.380612068195847e-05
67,2.1681559554951542e-05
67,1.9622245585135195e-05
67,1.7724129326262527e-05
67,1.6110398719850647e-05
67,1.4896105885004113e-05
67,1.4142237161659354e-05
67,1.383046358684897e-05
67,1.3879757868846109e-05
67,1.419903642644347e-05
67,1.474410723999921e-05
67,1.5542074184638312e-05
67,1.6666893661452703e-05
67,1.8181153280339546e-05
67,2.0079269476568744e-05
67,2.2264583119756422e-05
67,2.4571753456820127e-05
67,2.6819979425596068e-05
67,2.886606733709345e-05
67,3.062823876939997e-05
67,3.2071092488075634e-05
67,3.316755178191463e-05
67,3.3868166257070965e-05
67,3.4101363979976656e-05
67,3.380483005184142e-05
67,3.296543326200944e-05
67,3.163952553875837e-05
67,2.993982005404749e-05
67,2.799774846106383e-05
67,2.5925338943271968e-05
67,2.3799353141235642e-05
67,2.167487458219396e-05
67,1.961588246676659e-05
67,1.7718447380987232e-05
67,1.6105806639202972e-05
67,1.489291174817357e-05
67,1.4140513660764243e-05
67,1.3830027390054825e-05
67,1.3880294162530285e-05
67,1.4200300281370164e-05
67,1.4746074044179802e-05
67,1.554493986880596e-05
67,1.6670923092227227e-05
67,1.818647061625968e-05
67,2.0085714412396925e-05
67,2.2271711669436504e-05
67,2.457897640300994e-05
67,2.6826755103349287e-05
67,2.8872038870947e-05
67,3.063324494532973e-05
67,3.2075064378668365e-05
67,3.3170381708518176e-05
67,3.3869650243938464e-05
67,3.410126176640533e-05
67,3.380299947858918e-05
67,3.296194308795294e-05
67,3.1634668627691546e-05
67,2.993401914666834e-05
67,2.799141681800163e-05
67,2.591878256239585e-05
67,2.379276927674196e-05
67,2.1668436457773958e-05
67,1.9609842199343747e-05
67,1.7713173425154132e-05
67,1.6101711704991318e-05
67,1.4890302511288226e-05
67,1.4139457108757085e-05
67,1.383033225066344e-05
67,1.3881637415989802e-05
67,1.4202429359187717e-05
67,1.4748956494917533e-05
67,1.554876158089374e-05
67,1.667593440899842e-05
67,1.8192775158911046e-05
67,2.009312517084386e-05
67,2.2279753055401916e-05
67,2.4587024916425202e-05
67,2.6834234582460107e-05
67,2.8878559869928288e-05
67,3.063861717953374e-05
67,3.207919443233086e-05
67,3.317314274724503e-05
67,3.387082491247392e-05
67,3.4100602218313434e-05
67,3.3800361262574e-05
67,3.2957397050859764e-05
67,3.162851307708727e-05
67,2.9926684851510244e-05
67,2.7983327369678474e-05
67,2.5910256825152942e-05
67,2.3784020455072506e-05
67,2.165965733274923e-05
67,1.9601308216574873e-05
67,1.7705279752844155e-05
67,1.6094900303883787e-05
67,1.4884910888658218e-05
67,1.4135584011958703e-05
67,1.3827818980466895e-05
67,1.3880194661495823e-05
67,1.4201839773549355e-05
67,1.4749224379563571e-05
67,1.555011053632489e-05
67,1.667865229422841e-05
67,1.8197001363125967e-05
67,2.0098705027330146e-05
67,2.2286238361177045e-05
67,2.4593813411654364e-05
67,2.6840764461633157e-05
67,2.888444885898114e-05
67,3.064367508181361e-05
67,3.20833213531568e-05
67,3.317619973972542e-05
67,3.3872578140473534e-05
67,3.410078440137546e-05
67,3.3798806889681594e-05
67,3.295415531625023e-05
67,3.162386068058388e-05
67,2.9921031248580607e-05
67,2.7977075059420878e-05
67,2.5903703489410784e-05
67,2.377735756191589e-05
67,2.1653054846226323e-05
67,1.9595017178069386e-05
67,1.7699668957282402e-05
67,1.609038323806728e-05
67,1.4881794685451117e-05
67,1.4133935705046201e-05
67,1.382744766178905e-05
67,1.3880779260624167e-05
67,1.4203132552469637e-05
67,1.4751201557366968e-05
67,1.555297110163904e-05
67,1.668266449468846e-05
67,1.8202291738679194e-05
67,2.0105114371701273e-05
67,2.2293323014967294e-05
67,2.4600984358084317e-05
67,2.6847480272231163e-05
67,2.8890352367527385e-05
67,3.064860328690834e-05
67,3.208720134999853e-05
67,3.3178917775685615e-05
67,3.387392290167113e-05
67,3.4100508026775266e-05
67,3.379675990178567e-05
67,3.2950399329291776e-05
67,3.161868117995681e-05
67,2.9914843251294866e-05
67,2.7970284314613602e-05
67,2.589660986486899e-05
67,2.377015490794781e-05
67,2.164591666977952e-05
67,1.958819976619211e-05
67,1.7693548253414095e-05
67,1.6085381820899038e-05
67,1.4878230704985352e-05
67,1.4131888928481504e-05
67,1.3826740895149867e-05
67,1.388110455631609e-05
67,1.4204252325541073e-05
67,1.4753096548562867e-05
67,1.5555837138933253e-05
67,1.6686758349620295e-05
67,1.820772121526842e-05
67,2.0111696636958952e-05
67,2.2300588754289933e-05
67,2.4608319381655317e-05
67,2.6854320141760795e-05
67,2.889631997240741e-05
67,3.0653519287403584e-05
67,3.209098071588228e-05
67,3.3181439643087926e-05
67,3.387497456716387e-05
67,3.409984609410678e-05
67,3.379424446822912e-05
67,3.294610516090384e-05
67,3.1612908623331545e-05
67,2.9908022264018817e-05
67,2.7962834635597053e-05
67,2.5888843974395592e-05
67,2.3762277788867193e-05
67,2.163811132723638e-05
67,1.9580729950128383e-05
67,1.768679482994835e-05
67,1.6079769546603852e-05
67,1.4874077712065914e-05
67,1.4129274252123312e-05
67,1.3825488031071964e-05
67,1.3880909797408535e-05
67,1.4204887240874789e-05
67,1.4754556018459827e-05
67,1.5558334784164643e-05
67,1.6690570023769117e-05
67,1.8212972382110013e-05
67,2.011821834919231e-05
67,2.2307920334569474e-05
67,2.461584956168205e-05
67,2.6861481965835422e-05
67,2.8902728984008326e-05
67,3.065898465237281e-05
67,3.209540250624092e-05
67,3.318467962551624e-05
67,3.387680137449308e-05
67,3.4099997652203105e-05
67,3.379256327250785e-05
67,3.2942650144915013e-05
67,3.1607966322620884e-05
67,2.9902010761583664e-05
67,2.7956163543903556e-05
67,2.588181731354876e-05
67,2.3755093826971212e-05
67,2.1630948206172923e-05
67,1.9573848249387584e-05
67,1.768057324497477e-05
67,1.607463045894562e-05
67,1.4870335344317937e-05
67,1.412700127639323e-05
67,1.3824499024981841e-05
67,1.3880890374482984e-05
67,1.4205597951001908e-05
67,1.4755982077108033e-05
67,1.55606832515525e-05
67,1.669411491686376e-05
67,1.8217843279813774e-05
67,2.012425688401593e-05
67,2.2314682443053897e-05
67,2.4622745256795318e-05
67,2.6867968207836437e-05
67,2.8908445604258765e-05
67,3.066376341415876e-05
67,3.2099162858935226e-05
67,3.318729864165819e-05
67,3.387805866972024e-05
67,3.4099637925853086e-05
67,3.379043185665146e-05
67,3.293880526096375e-05
67,3.160269087391616e-05
67,2.989571727862778e-05
67,2.794925545977006e-05
67,2.5874593128119444e-05
67,2.3747747876944786e-05
67,2.1623656683218212e-05
67,1.956687169331878e-05
67,1.7674291969518373e-05
67,1.6069469942949255e-05
67,1.4866614328325e-05
67,1.4124798238507414e-05
67,1.3823635061727377e-05
67,1.3881056988639666e-05
67,1.4206558872803033e-05
67,1.4757720731830255e-05
67,1.5563398346760278e-05
67,1.669806537853815e-05
67,1.8223138325860116e-05
67,2.0130715201814546e-05
67,2.2321837510241207e-05
67,2.4629987729673026e-05
67,2.687474043604076e-05
67,2.8914378197834992e-05
67,3.066868429683313e-05
67,3.21029927850484e-05
67,3.318992087756748e-05
67,3.3879263510168274e-05
67,3.4099184407840255e-05
67,3.378818190646504e-05
67,3.293483412064759e-05
67,3.1597297046534664e-05
67,2.988932603685296e-05
67,2.7942279332855184e-05
67,2.5867335905797543e-05
67,2.3740405619562816e-05
67,2.1616404117418268e-05
67,1.9559965087237323e-05
67,1.7668105011885913e-05
67,1.606441990275209e-05
67,1.4863011434845228e-05
67,1.4122713903216299e-05
67,1.3822886580789482e-05
67,1.3881336627803252e-05
67,1.4207635936821154e-05
67,1.4759588044662823e-05
67,1.5566265898747583e-05
67,1.670220297569868e-05
67,1.82286636655894e-05
67,2.0137451754490065e-05
67,2.2329319305311882e-05
67,2.463760173680987e-05
67,2.6881921279478523e-05
67,2.892074494527362e-05
67,3.0674049848583836e-05
67,3.2107260105408026e-05
67,3.3192953958802946e-05
67,3.38808336515219e-05
67,3.409903378773173e-05
67,3.3786159211456e-05
67,3.293100573806406e-05
67,3.1591957035859175e-05
67,2.988289918834884e-05
67,2.7935181068951915e-05
67,2.585987579243119e-05
67,2.3732787963527315e-05
67,2.1608813802565897e-05
67,1.955266948853235e-05
67,1.7661488471270816e-05
67,1.605890833243939e-05
67,1.4858920506211246e-05
67,1.4120116928236091e-05
67,1.3821599879917242e-05
67,1.388105002665911e-05
67,1.4208116502843851e-05
67,1.4760828050810467e-05
67,1.556847755297544e-05
67,1.6705661712901406e-05
67,1.8233496422339616e-05
67,2.0143494595044167e-05
67,2.233612151932597e-05
67,2.4644567170912273e-05
67,2.6888501757552507e-05
67,2.8926575679134964e-05
67,3.0678957572982835e-05
67,3.211115839562076e-05
67,3.319571374636157e-05
67,3.3882229471751786e-05
67,3.4098807524990545e-05
67,3.378415590604579e-05
67,3.2927284971101965e-05
67,3.158680326744691e-05
67,2.987672552270132e-05
67,2.79283902190259e-05
67,2.5852764821777138e-05
67,2.3725550032422783e-05
67,2.1601624859191362e-05
67,1.9545790630919333e-05
67,1.76553004383595e-05
67,1.6053835715592236e-05
67,1.4855279226646033e-05
67,1.4117981171616247e-05
67,1.3820786335835973e-05
67,1.3881247140103866e-05
67,1.420908701033003e-05
67,1.4762556115275619e-05
67,1.557116344933975e-05
67,1.67095661064648e-05
67,1.823873051886841e-05
67,2.0149880012211854e-05
67,2.234319634189577e-05
67,2.4651728473811145e-05
67,2.6895199325267333e-05
67,2.893244703842656e-05
67,3.068383546656815e-05
67,3.211496547922258e-05
67,3.3198332616530066e-05
67,3.388344840152221e-05
67,3.409838343646558e-05
67,3.378194904971231e-05
67,3.292336898420815e-05
67,3.158147432907956e-05
67,2.9870405384694885e-05
67,2.7921486998636224e-05
67,2.584557800616617e-05
67,2.3718272639236412e-05
67,2.1594430469365615e-05
67,1.9538935997884547e-05
67,1.764916033762879e-05
67,1.604882793570658e-05
67,1.4851713416098065e-05
67,1.4115927554263128e-05
67,1.382006158383988e-05
67,1.3881544371166356e-05
67,1.4210177671871733e-05
67,1.4764435085688046e-05
67,1.557404090257217e-05
67,1.6713709141712526e-05
67,1.82442516506832e-05
67,2.0156596710310752e-05
67,2.235063788180132e-05
67,2.465927979675931e-05
67,2.6902296016300347e-05
67,2.8938711201184756e-05
67,3.06890837227251e-05
67,3.211910425630421e-05
67,3.3201229128733574e-05
67,3.3884877694979205e-05
67,3.409809267025655e-05
67,3.408389292074068e-05
