  0.000,0.0
  1.000,0.01456641940121728
  0.000,0.01456641940121728
 2.2600E-05,0.015423431534438528
 4.5200E-05,0.017733081176241842
 6.7800E-05,0.021824244545036463
 9.0400E-05,0.02671700382470625
 1.1300E-04,0.0304121379891429
 1.3560E-04,0.03195921072797045
 1.5820E-04,0.031246994911301455
 1.8080E-04,0.02882452736884597
 2.0340E-04,0.026341982714606596
 2.2600E-04,0.025136095011459553
 2.4860E-04,0.024892155568001006
 2.7120E-04,0.024749184554144477
 2.9380E-04,0.023631799075205438
 3.1640E-04,0.020389407266840777
 3.3900E-04,0.015315972954931492
 3.6160E-04,0.009943044652641734
 3.8420E-04,0.0055771915787404865
 4.0680E-04,0.003117839681892629
 4.2940E-04,0.0026824335755973993
 4.5200E-04,0.0030227902282289375
 4.7460E-04,0.0027621513063154366
 4.9720E-04,0.001511859159370911
 5.1980E-04,-0.00041540992612552983
 5.4240E-04,-0.0019163987322233927
 5.6500E-04,-0.0015223358748932738
 5.8760E-04,0.001215331004558342
 6.1020E-04,0.0055696992034971905
 6.3280E-04,0.010327332914306955
 6.5540E-04,0.01413613274562316
 6.7800E-04,0.016299581691734892
 7.0060E-04,0.017409299755058612
 7.2320E-04,0.01864466778914704
 7.4580E-04,0.020897317554267082
 7.6840E-04,0.024408920338682166
 7.9100E-04,0.028405707102062902
 8.1360E-04,0.03140770376977184
 8.3620E-04,0.032328648720841575
 8.5880E-04,0.031053564060464427
 8.8140E-04,0.02832134203084576
 9.0400E-04,0.025447252408945853
 9.2660E-04,0.023526603559674578
 9.4920E-04,0.02260046383229784
 9.7180E-04,0.021845131602033156
 9.9440E-04,0.020193659167107324
 1.0170E-03,0.01688167148066524
 1.0396E-03,0.012116074049372781
 1.0622E-03,0.007082007932643943
 1.0848E-03,0.0031184554939972632
 1.1074E-03,0.0010443231354215596
 1.1300E-03,0.000804689292379193
 1.1526E-03,0.0014417180720591356
 1.1752E-03,0.0017786063853431344
 1.1978E-03,0.0012646891214662323
 1.2204E-03,0.00022930010405811368
 1.2430E-03,-0.00032626472939582894
 1.2656E-03,0.0007128943956504992
 1.2882E-03,0.0037871896125792805
 1.3108E-03,0.008324170086496451
 1.3334E-03,0.013117331066455008
 1.3560E-03,0.016969399674552178
 1.3786E-03,0.01931300926252072
 1.4012E-03,0.020547404534013533
 1.4238E-03,0.021687972468559285
 1.4464E-03,0.023602499780958602
 1.4690E-03,0.026464838184522346
 1.4916E-03,0.02959295004921248
 1.5142E-03,0.03177609421782703
 1.5368E-03,0.032042858578103225
 1.5594E-03,0.030257464706890343
 1.5820E-03,0.02714568187094793
 1.6046E-03,0.023885354480390728
 1.6272E-03,0.021426278746267326
 1.6498E-03,0.019905976732846935
 1.6724E-03,0.01865021430656822
 1.6950E-03,0.01669312343144887
 1.7176E-03,0.013416616547250003
 1.7402E-03,0.009017322220519439
 1.7628E-03,0.004484711400389036
 1.7854E-03,0.0010298361009111845
 1.8080E-03,-0.0005967138312070925
 1.8306E-03,-0.00047747809503747776
 1.8532E-03,0.000557790646649932
 1.8758E-03,0.0014750701205269146
 1.8984E-03,0.0017173454483897246
 1.9210E-03,0.0015330615331521503
 1.9436E-03,0.0017861444430247776
 1.9662E-03,0.0034047237752957973
 1.9888E-03,0.00675494636863075
 2.0114E-03,0.01134375286987732
 2.0340E-03,0.016076437817296466
 2.0566E-03,0.01986229393600672
 2.0792E-03,0.02219375577446374
 2.1018E-03,0.02338878311612455
 2.1244E-03,0.024315753370362462
 2.1470E-03,0.025766163726932415
 2.1696E-03,0.02791376216569052
 2.1922E-03,0.030171756868091714
 2.2148E-03,0.0315164223203933
 2.2374E-03,0.031113724614021242
 2.2600E-03,0.028843453811627603
 2.2826E-03,0.02537351489341935
 2.3052E-03,0.02177335525173339
 2.3278E-03,0.01890358170300654
 2.3504E-03,0.01693672918727447
 2.3730E-03,0.0153256493330117
 2.3956E-03,0.01323313712086976
 2.4182E-03,0.010127036232077436
 2.4408E-03,0.006183935913770575
 2.4634E-03,0.002257110461215462
 2.4860E-03,-0.0005906059974543467
 2.5086E-03,-0.0016894205036055568
 2.5312E-03,-0.0011191183005635024
 2.5538E-03,0.0003781726577628435
 2.5764E-03,0.0018735382039420025
 2.5990E-03,0.0028312357455447835
 2.6216E-03,0.0034199661119133445
 2.6442E-03,0.0043650309506612596
 2.6668E-03,0.006451502050232906
 2.6894E-03,0.00997989530450764
 2.7120E-03,0.014509614599084081
 2.7346E-03,0.0190623911517184
 2.7572E-03,0.02265358962183126
 2.7798E-03,0.024818193363944963
 2.8024E-03,0.025819848968655478
 2.8250E-03,0.026414797485660772
 2.8476E-03,0.027316555272223056
 2.8702E-03,0.028707361840174448
 2.8928E-03,0.030099685957408043
 2.9154E-03,0.030624996020317576
 2.9380E-03,0.02957516269464708
 2.9606E-03,0.026859630250272746
 2.9832E-03,0.023087441198751668
 3.0058E-03,0.019229867760503633
 3.0284E-03,0.0160776103956793
 3.0510E-03,0.013821998829470048
 3.0736E-03,0.012017488754823816
 3.0962E-03,0.009944911649655342
 3.1188E-03,0.007138452133255242
 3.1414E-03,0.003746551863411229
 3.1640E-03,0.0005056097981738709
 3.1866E-03,-0.0016605341715646969
 3.2092E-03,-0.002166917012290644
 3.2318E-03,-0.0010918833758880172
 3.2544E-03,0.0008938726200335299
 3.2770E-03,0.0029447001120131207
 3.2996E-03,0.0045474049243456206
 3.3222E-03,0.005803364919455546
 3.3448E-03,0.007312199352565116
 3.3674E-03,0.009737274065851929
 3.3900E-03,0.013325803383636882
 3.4126E-03,0.01768141563384571
 3.4352E-03,0.021933952546410694
 3.4578E-03,0.025202358004233007
 3.4804E-03,0.02706354092007329
 3.5030E-03,0.027741510277286163
 3.5256E-03,0.027904597251468724
 3.5482E-03,0.028200130715070458
 3.5708E-03,0.028820695189296995
 3.5934E-03,0.029372746295991407
 3.6160E-03,0.029125403018183105
 3.6386E-03,0.027482918489101928
 3.6612E-03,0.024386284213249395
 3.6838E-03,0.020392360428321973
 3.7064E-03,0.016382670679181244
 3.7290E-03,0.013084780463741001
 3.7516E-03,0.01070029837423742
 3.7742E-03,0.008864754236518457
 3.7968E-03,0.0069584179790334955
 3.8194E-03,0.004568438219338887
 3.8420E-03,0.0018115006857194866
 3.8646E-03,-0.0006831809211680752
 3.8872E-03,-0.0021197539183199056
 3.9098E-03,-0.001996309192919505
 3.9324E-03,-0.0003955882971855549
 3.9550E-03,0.0020708864834657753
 3.9776E-03,0.004627350148487077
 4.0002E-03,0.006781264216491716
 4.0228E-03,0.008578156000702278
 4.0454E-03,0.010508928920101935
 4.0680E-03,0.013132686011932754
 4.0906E-03,0.01665380986245636
 4.1132E-03,0.020717863645406162
 4.1358E-03,0.024554894189193058
 4.1584E-03,0.027383107666356914
 4.1810E-03,0.028823937179708783
 4.2036E-03,0.029074004612211223
 4.2262E-03,0.028731790365526956
 4.2488E-03,0.028390892441336333
 4.2714E-03,0.02825561555636812
 4.2940E-03,0.02801805718509974
 4.3166E-03,0.027070273366206377
 4.3392E-03,0.02491644065588757
 4.3618E-03,0.02152667447715599
 4.3844E-03,0.01741126304945208
 4.4070E-03,0.013369276384555222
 4.4296E-03,0.010067987196081965
 4.4522E-03,0.0077116115081159575
 4.4748E-03,0.0059993458561849585
 4.4974E-03,0.004392427710066918
 4.5200E-03,0.0025189745635053086
 4.5426E-03,0.00046198057208233665
 4.5652E-03,-0.0012488320808028413
 4.5878E-03,-0.0019355153372525849
 4.6104E-03,-0.0011753264982449865
 4.6330E-03,0.0009401109234107841
 4.6556E-03,0.003848491732737448
 4.6782E-03,0.006834653930054334
 4.7008E-03,0.0094259943004694
 4.7234E-03,0.011622724172379431
 4.7460E-03,0.01382407567779434
 4.7686E-03,0.01650139307751556
 4.7912E-03,0.0198257582147061
 4.8138E-03,0.023484272550961686
 4.8364E-03,0.026800909682586145
 4.8590E-03,0.02908860528818754
 4.8816E-03,0.030015759440646248
 4.9042E-03,0.02976208911304439
 4.9268E-03,0.028870679333235935
 4.9494E-03,0.02789187457056532
 4.9720E-03,0.02704240680124586
 4.9946E-03,0.026090991988941093
 5.0172E-03,0.024538494082391137
 5.0398E-03,0.021976969475607636
 5.0624E-03,0.018401494828293945
 5.0850E-03,0.014279299346393309
 5.1076E-03,0.010332690850938435
 5.1302E-03,0.007169915248977704
 5.1528E-03,0.00499031026215576
 5.1754E-03,0.0035414418466041026
 5.1980E-03,0.002348810089550798
 5.2206E-03,0.0010707303245817692
 5.2432E-03,-0.00024456989383745266
 5.2658E-03,-0.0011596242693172015
 5.2884E-03,-0.0011048003809087
 5.3110E-03,0.0002685002462174408
 5.3336E-03,0.0028572690942880426
 5.3562E-03,0.006140911467980794
 5.3788E-03,0.009458354667872636
 5.4014E-03,0.012357579259257156
 5.4240E-03,0.014803622762024618
 5.4466E-03,0.017120266793079
 5.4692E-03,0.019706698122131595
 5.4918E-03,0.02270973721726873
 5.5144E-03,0.025858387800247268
 5.5370E-03,0.028565355440476108
 5.5596E-03,0.03023391115227351
 5.5822E-03,0.030581018999351877
 5.6048E-03,0.029778009664734734
 5.6274E-03,0.028324207417123458
 5.6500E-03,0.02673492599585924
 5.6726E-03,0.025239005180721377
 5.6952E-03,0.02367252326255553
 5.7178E-03,0.021631310011607983
 5.7404E-03,0.018783357037864934
 5.7630E-03,0.015143530812794027
 5.7856E-03,0.011137753843801865
 5.8082E-03,0.007415682916721247
 5.8308E-03,0.0045269491910127305
 5.8534E-03,0.0026589862816584963
 5.8760E-03,0.0015942290342885422
 5.8986E-03,0.0009078347407858252
 5.9212E-03,0.00027907635117504657
 5.9438E-03,-0.000278920759614433
 5.9664E-03,-0.0004137063224975617
 5.9890E-03,0.00034557745240053074
 6.0116E-03,0.002279265635781632
 6.0342E-03,0.005272353960014549
 6.0568E-03,0.00884082983249449
 6.0794E-03,0.012373373713872586
 6.1020E-03,0.01544032399336374
 6.1246E-03,0.017981402304597015
 6.1472E-03,0.02026006995339193
 6.1698E-03,0.02261786586347343
 6.1924E-03,0.02518584988575203
 6.2150E-03,0.02773555066146835
 6.2376E-03,0.029763794310773847
 6.2602E-03,0.030759812441175947
 6.2828E-03,0.030489700014940085
 6.3054E-03,0.02912288275249278
 6.3280E-03,0.027124015705147116
 6.3506E-03,0.024979440243750498
 6.3732E-03,0.022928645369818708
 6.3958E-03,0.020865649815902058
 6.4184E-03,0.01846769618113627
 6.4410E-03,0.015466837101380589
 6.4636E-03,0.011891884651950029
 6.4862E-03,0.00812789171759741
 6.5088E-03,0.004754719996042643
 6.5314E-03,0.0022633315741375096
 6.5540E-03,0.0008229588719132872
 6.5766E-03,0.00023921334928354474
 6.5992E-03,0.00012447216290403822
 6.6218E-03,0.00017142803811509533
 6.6444E-03,0.0003586405153353704
 6.6670E-03,0.0009609992868692525
 6.6896E-03,0.002360292046245464
 6.7122E-03,0.00477527582565732
 6.7348E-03,0.008080001216849656
 6.7574E-03,0.011824003304451887
 6.7800E-03,0.015443174434073786
 6.8026E-03,0.01853280784935782
 6.8252E-03,0.02101676629387773
 6.8478E-03,0.0231121135546214
 6.8704E-03,0.025115995670999664
 6.8930E-03,0.027151469171701064
 6.9156E-03,0.02903312663375512
 6.9382E-03,0.030337514071854324
 6.9608E-03,0.03063523757090003
 6.9834E-03,0.029740972031307367
 7.0060E-03,0.027826738653803428
 7.0286E-03,0.025329243513500656
 7.0512E-03,0.022709901596415925
 7.0738E-03,0.020216315388976953
 7.0964E-03,0.017790877032502123
 7.1190E-03,0.01517902300080167
 7.1416E-03,0.012165187277697703
 7.1642E-03,0.008785886017529727
 7.1868E-03,0.005384832072271811
 7.2094E-03,0.0024740992963138745
 7.2320E-03,0.0004857908775809704
 7.2546E-03,-0.00043441162018713776
 7.2772E-03,-0.00046752852068153303
 7.2998E-03,2.579230804629519e-05
 7.3224E-03,0.000745902294970411
 7.3450E-03,0.0016383185469575556
 7.3676E-03,0.0029081722281445116
 7.3902E-03,0.004858132334556287
 7.4128E-03,0.007652788643422644
 7.4354E-03,0.01115769846154658
 7.4580E-03,0.014954651089201475
 7.4806E-03,0.018525636960695428
 7.5032E-03,0.021494020442026404
 7.5258E-03,0.02377669075776198
 7.5484E-03,0.025556923312964264
 7.5710E-03,0.0270993194145007
 7.5936E-03,0.028525738783037706
 7.6162E-03,0.02969401888941946
 7.6388E-03,0.030255928784955373
 7.6614E-03,0.029858460127958012
 7.6840E-03,0.02836317160294612
 7.7066E-03,0.025947290261847323
 7.7292E-03,0.023024116280856224
 7.7518E-03,0.020032369302328608
 7.7744E-03,0.01722426240097618
 7.7970E-03,0.014580927507695563
 7.8196E-03,0.011903206298360409
 7.8422E-03,0.009016587256027879
 7.8648E-03,0.005958944114621119
 7.8874E-03,0.0030316621712330525
 7.9100E-03,0.0006805717847031658
 7.9326E-03,-0.0007210959016702859
 7.9552E-03,-0.0010554273055370933
 7.9778E-03,-0.0004979460105389316
 8.0004E-03,0.0006096175033875434
 8.0230E-03,0.0019713017121731364
 8.0456E-03,0.003502140121936921
 8.0682E-03,0.00534571030918729
 8.0908E-03,0.007735760199661242
 8.1134E-03,0.010790713365303725
 8.1360E-03,0.014371202091939105
 8.1586E-03,0.018091344978695245
 8.1812E-03,0.02147917039247166
 8.2038E-03,0.024189454909691356
 8.2264E-03,0.026140244884955113
 8.2490E-03,0.027492207078888817
 8.2716E-03,0.02848771769276982
 8.2942E-03,0.02925311714567502
 8.3168E-03,0.029689079027721964
 8.3394E-03,0.02951777757588962
 8.3620E-03,0.02845706063500736
 8.3846E-03,0.02641253531437678
 8.4072E-03,0.023567499873302002
 8.4298E-03,0.020314434347315447
 8.4524E-03,0.01707000122284022
 8.4750E-03,0.014086727607356977
 8.4976E-03,0.011374907538756423
 8.5202E-03,0.008778558522358926
 8.5428E-03,0.0061534454138950125
 8.5654E-03,0.003532636439762649
 8.5880E-03,0.0011740475173900589
 8.6106E-03,-0.0005412911040261099
 8.6332E-03,-0.0012985825508822109
 8.6558E-03,-0.0010106216375337443
 8.6784E-03,0.0001466510540504421
 8.7010E-03,0.0018445025371864956
 8.7236E-03,0.0037884262864276122
 8.7462E-03,0.0058665464783826116
 8.7688E-03,0.008169479103711883
 8.7914E-03,0.010872425224799765
 8.8140E-03,0.014056052948523468
 8.8366E-03,0.017580450247448066
 8.8592E-03,0.021093131715570524
 8.8818E-03,0.02416879105988292
 8.9044E-03,0.02649689913282531
 8.9270E-03,0.0280038577272147
 8.9496E-03,0.028837369903586055
 8.9722E-03,0.029226279751857175
 8.9948E-03,0.029305819501536042
 9.0174E-03,0.029018326543951718
 9.0400E-03,0.028151081113712124
 9.0626E-03,0.026486640353655812
 9.0852E-03,0.02397073914655943
 9.1078E-03,0.02079204669132686
 9.1304E-03,0.017323102887737734
 9.1530E-03,0.013957813076197222
 9.1756E-03,0.01094413830930664
 9.1982E-03,0.008312177171441126
 9.2208E-03,0.005937612658898013
 9.2434E-03,0.0036964640806611214
 9.2660E-03,0.0016112950063578548
 9.2886E-03,-0.00010441298950285087
 9.3112E-03,-0.0011327703842821766
 9.3338E-03,-0.0012162976621499495
 9.3564E-03,-0.0003000653531713041
 9.3790E-03,0.0014355862813832778
 9.4016E-03,0.003671041036448963
 9.4242E-03,0.006112646363468158
 9.4468E-03,0.008626120809552246
 9.4694E-03,0.01125801778089121
 9.4920E-03,0.01413541794719651
 9.5146E-03,0.017309839396430462
 9.5372E-03,0.020645705506371154
 9.5598E-03,0.023825617011366807
 9.5824E-03,0.02647189965490556
 9.6050E-03,0.028311677188173928
 9.6276E-03,0.029285812491062383
 9.6502E-03,0.029537069274929304
 9.6728E-03,0.02928775858175018
 9.6954E-03,0.028685058135305423
 9.7180E-03,0.027710918844062217
 9.7406E-03,0.026211850826863604
 9.7632E-03,0.024028338387777487
 9.7858E-03,0.021141338387803008
 9.8084E-03,0.01774283828773489
 9.8310E-03,0.014184890983084744
 9.8536E-03,0.010836888153261556
 9.8762E-03,0.007937000826295879
 9.8988E-03,0.005526187605809184
 9.9214E-03,0.003501184365508403
 9.9440E-03,0.0017492072232399639
 9.9666E-03,0.0002773389501512795
 9.9892E-03,-0.0007458717652746834
 1.0012E-02,-0.001063537992213813
 1.0034E-02,-0.0004735306756331925
 1.0057E-02,0.0010466509582998293
 1.0080E-02,0.003310136379658703
 1.0102E-02,0.006004434383132206
 1.0125E-02,0.00883761318863464
 1.0147E-02,0.011658275527538054
 1.0170E-02,0.014477984563105721
 1.0193E-02,0.017386014040197063
 1.0215E-02,0.020413296234744076
 1.0238E-02,0.023433656779070892
 1.0260E-02,0.02616674716337245
 1.0283E-02,0.02828351025116494
 1.0306E-02,0.02955112142481652
 1.0328E-02,0.029929783555397504
 1.0351E-02,0.029563666940188586
 1.0373E-02,0.028673824099978984
 1.0396E-02,0.027421033030385643
 1.0419E-02,0.02582387540275555
 1.0441E-02,0.023781605379674903
 1.0464E-02,0.02118525563357653
 1.0486E-02,0.018045257582147936
 1.0509E-02,0.014553755547310322
 1.0532E-02,0.011040643093726307
 1.0554E-02,0.007848286877305535
 1.0577E-02,0.005199759478090848
 1.0599E-02,0.003138557304875665
 1.0622E-02,0.001572938524605689
 1.0645E-02,0.0003934184101417181
 1.0667E-02,-0.0004124286045838494
 1.0690E-02,-0.0007207811491600855
 1.0712E-02,-0.0003329378404145062
 1.0735E-02,0.0009008033191263999
 1.0758E-02,0.0029717572471078986
 1.0780E-02,0.005686112145839056
 1.0803E-02,0.008738199384770275
 1.0825E-02,0.01183993149492532
 1.0848E-02,0.014828681601083978
 1.0871E-02,0.017690094240712415
 1.0893E-02,0.020485644345789037
 1.0916E-02,0.023233957583235577
 1.0938E-02,0.02582321652936816
 1.0961E-02,0.02801204174528668
 1.0984E-02,0.029520711198307712
 1.1006E-02,0.030158089765719452
 1.1029E-02,0.02990727178148819
 1.1051E-02,0.028918478344881385
 1.1074E-02,0.027415064039406335
 1.1097E-02,0.025571672641255067
 1.1119E-02,0.023439605651935407
 1.1142E-02,0.020963792410189426
 1.1164E-02,0.018077929046233024
 1.1187E-02,0.014815514862556937
 1.1210E-02,0.011364850090904122
 1.1232E-02,0.008031188735181254
 1.1255E-02,0.005126919366465917
 1.1277E-02,0.0028548912671968315
 1.1300E-02,0.0012536511315259806
 1.1323E-02,0.00023470687578293044
 1.1345E-02,-0.0003146944722105076
 1.1368E-02,-0.00042938480982488347
 1.1390E-02,-2.9183215594028153e-05
 1.1413E-02,0.0010300536618112303
 1.1436E-02,0.002849519458154501
 1.1458E-02,0.005391903013209721
 1.1481E-02,0.00845757644728346
 1.1503E-02,0.011748837914820896
 1.1526E-02,0.014984575291759214
 1.1549E-02,0.017997191077544574
 1.1571E-02,0.020755281543972996
 1.1594E-02,0.023302019805917756
 1.1616E-02,0.025651479656690002
 1.1639E-02,0.027710766334226145
 1.1662E-02,0.02927905677628982
 1.1684E-02,0.03012617156557508
 1.1707E-02,0.03010338280539338
 1.1729E-02,0.02921883885128786
 1.1752E-02,0.02763177006362862
 1.1775E-02,0.025569734142664394
 1.1797E-02,0.023220177384558092
 1.1820E-02,0.020662342153415822
 1.1842E-02,0.017879262471658303
 1.1865E-02,0.014839043705671913
 1.1888E-02,0.01159140241118839
 1.1910E-02,0.008316242409988723
 1.1933E-02,0.005291215794164298
 1.1955E-02,0.002795652813392857
 1.1978E-02,0.0010075024307638041
 1.2001E-02,-4.608957794349669e-05
 1.2023E-02,-0.00045722616024350274
 1.2046E-02,-0.0003470330473084659
 1.2068E-02,0.00022560999409570396
 1.2091E-02,0.0012993222549551858
 1.2114E-02,0.00296818729611247
 1.2136E-02,0.005289775808417329
 1.2159E-02,0.008201891343244542
 1.2181E-02,0.011501523232587295
 1.2204E-02,0.01490125044511384
 1.2227E-02,0.018130798795011182
 1.2249E-02,0.02102398759116137
 1.2272E-02,0.0235408206006286
 1.2294E-02,0.02571494858010666
 1.2317E-02,0.027562899372014133
 1.2340E-02,0.029014631817546006
 1.2362E-02,0.02991089346977738
 1.2385E-02,0.030070548727649932
 1.2407E-02,0.029386961817043877
 1.2430E-02,0.02789409072833689
 1.2453E-02,0.025761505971959642
 1.2475E-02,0.023221308895492107
 1.2498E-02,0.02047146569483184
 1.2520E-02,0.017613624117808212
 1.2543E-02,0.01466098066679565
 1.2566E-02,0.0116076024554388
 1.2588E-02,0.008512369463077325
 1.2611E-02,0.0055419844956604136
 1.2633E-02,0.0029433778087347724
 1.2656E-02,0.000959918486585941
 1.2679E-02,-0.0002593265588828023
 1.2701E-02,-0.0007038502023029021
 1.2724E-02,-0.0004746960009052158
 1.2746E-02,0.00029508056930769905
 1.2769E-02,0.00152223289426472
 1.2792E-02,0.003206930710451387
 1.2814E-02,0.005398556672499559
 1.2837E-02,0.008116818941158486
 1.2859E-02,0.011279371495934698
 1.2882E-02,0.014683298667598177
 1.2905E-02,0.018054644172475137
 1.2927E-02,0.02113827568985526
 1.2950E-02,0.02377569325639527
 1.2972E-02,0.02592613588176569
 1.2995E-02,0.027621598223206926
 1.3018E-02,0.028887119441242032
 1.3040E-02,0.029678600529982356
 1.3063E-02,0.02987860676978582
 1.3085E-02,0.029353697094939984
 1.3108E-02,0.028037917119255868
 1.3131E-02,0.02599041100798798
 1.3153E-02,0.02339089414507006
 1.3176E-02,0.02047493397883516
 1.3198E-02,0.017447669309828266
 1.3221E-02,0.014427018311246018
 1.3244E-02,0.011448197043889127
 1.3266E-02,0.008522800585043303
 1.3289E-02,0.005711872659502671
 1.3311E-02,0.0031641584968894665
 1.3334E-02,0.001092901489743889
 1.3357E-02,-0.0002969334617518237
 1.3379E-02,-0.0008882302882027651
 1.3402E-02,-0.0006910047735804135
 1.3424E-02,0.00018103319521728856
 1.3447E-02,0.0015809180407994495
 1.3470E-02,0.0034020417695320463
 1.3492E-02,0.005610242731746282
 1.3515E-02,0.008216346446860128
 1.3537E-02,0.011208686722130358
 1.3560E-02,0.014490272109153234
 1.3583E-02,0.01786251617655215
 1.3605E-02,0.021068670137509186
 1.3628E-02,0.023873196556230023
 1.3650E-02,0.026131169104337586
 1.3673E-02,0.02780805962968723
 1.3696E-02,0.02894098474521772
 1.3718E-02,0.029568436165718283
 1.3741E-02,0.029674339642954833
 1.3763E-02,0.02918241614764773
 1.3786E-02,0.028004629544285554
 1.3809E-02,0.026113189205034342
 1.3831E-02,0.023590497283025737
 1.3854E-02,0.02062483633185072
 1.3876E-02,0.017452927325232293
 1.3899E-02,0.014282864612616965
 1.3922E-02,0.011242297802791129
 1.3944E-02,0.008380322294087021
 1.3967E-02,0.00571786926334915
 1.3989E-02,0.003311464187366599
 1.4012E-02,0.0012874767104091851
 1.4035E-02,-0.0001770581417183904
 1.4057E-02,-0.0009173148027175438
 1.4080E-02,-0.0008501080986079566
 1.4102E-02,-8.415335246424053e-06
 1.4125E-02,0.0014792849895457663
 1.4148E-02,0.003451682898425152
 1.4170E-02,0.005781076870953318
 1.4193E-02,0.008404007023122778
 1.4215E-02,0.011299536989365203
 1.4238E-02,0.01443164982482799
 1.4261E-02,0.0176947259928338
 1.4283E-02,0.020899198593572598
 1.4306E-02,0.0238095175475041
 1.4328E-02,0.02621405961491857
 1.4351E-02,0.027986761768823584
 1.4374E-02,0.02910531509061153
 1.4396E-02,0.029617502061948135
 1.4419E-02,0.0295789638236306
 1.4441E-02,0.02900261262893459
 1.4464E-02,0.027851666650437305
 1.4487E-02,0.02608023036460598
 1.4509E-02,0.023695092527421302
 1.4532E-02,0.020798799881663256
 1.4554E-02,0.017585425360729486
 1.4577E-02,0.014289514996744565
 1.4600E-02,0.011117260502663973
 1.4622E-02,0.008199325349301251
 1.4645E-02,0.005590772648999951
 1.4667E-02,0.003314158199226248
 1.4690E-02,0.001415383025227078
 1.4713E-02,-5.369521853942948e-06
 1.4735E-02,-0.0008090979359329929
 1.4758E-02,-0.0008719410753428258
 1.4780E-02,-0.00014541219267077108
 1.4803E-02,0.0013135934611620843
 1.4826E-02,0.0033613112105901734
 1.4848E-02,0.0058231079426136765
 1.4871E-02,0.008553596892153549
 1.4893E-02,0.011465820889133388
 1.4916E-02,0.014514348015465584
 1.4939E-02,0.0176461443500721
 1.4961E-02,0.020753221372551995
 1.4984E-02,0.023659877358982898
 1.5006E-02,0.026155702174224586
 1.5029E-02,0.028056909292409143
 1.5052E-02,0.029260777838056532
 1.5074E-02,0.02976204171372267
 1.5097E-02,0.029623349102617887
 1.5119E-02,0.02891985887947613
 1.5142E-02,0.02769324739314356
 1.5165E-02,0.025943543489382454
 1.5187E-02,0.02366277366171409
 1.5210E-02,0.02088774463084534
 1.5232E-02,0.017737010851302776
 1.5255E-02,0.0144066784731827
 1.5278E-02,0.011125023565683302
 1.5300E-02,0.008091090402725482
 1.5323E-02,0.0054319058406764945
 1.5345E-02,0.003201054738851022
 1.5368E-02,0.0014157229033489654
 1.5391E-02,0.00010589670820740707
 1.5413E-02,-0.0006573952712006566
 1.5436E-02,-0.0007741079408924275
 1.5458E-02,-0.00016111286468992474
 1.5481E-02,0.001195887695341116
 1.5504E-02,0.003216582913380481
 1.5526E-02,0.005742891642612598
 1.5549E-02,0.008589187556557212
 1.5571E-02,0.01159677294041659
 1.5594E-02,0.014661569399343042
 1.5617E-02,0.017721171994232336
 1.5639E-02,0.020712928678558902
 1.5662E-02,0.023532707675160715
 1.5684E-02,0.026023383688376433
 1.5707E-02,0.028003301219766276
 1.5730E-02,0.029319801651948533
 1.5752E-02,0.029896999307581176
 1.5775E-02,0.029750216457069777
 1.5797E-02,0.02895975431744189
 1.5820E-02,0.027621292761816487
 1.5843E-02,0.025803855386517055
 1.5865E-02,0.023540590535514744
 1.5888E-02,0.020856346718665562
 1.5910E-02,0.017812545838176652
 1.5933E-02,0.014538789103449835
 1.5956E-02,0.011228726719210085
 1.5978E-02,0.008099775462372331
 1.6001E-02,0.005338471935070443
 1.6023E-02,0.0030618778274270637
 1.6046E-02,0.0013153551897162109
 1.6069E-02,0.00010466358314211799
 1.6091E-02,-0.0005603897366560275
 1.6114E-02,-0.0006398674503341415
 1.6136E-02,-7.255187481146179e-05
 1.6159E-02,0.0011853257235975591
 1.6182E-02,0.003115661686747686
 1.6204E-02,0.0056166070663899
 1.6227E-02,0.008518068407464986
 1.6249E-02,0.011626868440455202
 1.6272E-02,0.01477612209029394
 1.6295E-02,0.017851355069630148
 1.6317E-02,0.02078073202629646
 1.6340E-02,0.02349919466988607
 1.6362E-02,0.02591239312684952
 1.6385E-02,0.027886086674978022
 1.6408E-02,0.029270416482373888
 1.6430E-02,0.029946313190546473
 1.6453E-02,0.029867097682045908
 1.6475E-02,0.029070874670096145
 1.6498E-02,0.02765695021362944
 1.6521E-02,0.025741176497733557
 1.6543E-02,0.023417355412048646
 1.6566E-02,0.020747134978645804
 1.6588E-02,0.017782325720546572
 1.6611E-02,0.01460289723898667
 1.6634E-02,0.011343943558485902
 1.6656E-02,0.008191708610382568
 1.6679E-02,0.005347952561843655
 1.6701E-02,0.002981505861587339
 1.6724E-02,0.001193710095177921
 1.6747E-02,1.5882649294453972e-05
 1.6769E-02,-0.000562567528766264
 1.6792E-02,-0.0005550834789989918
 1.6814E-02,4.6411528738211525e-05
 1.6837E-02,0.0012655753583572411
 1.6860E-02,0.0031093500705168015
 1.6882E-02,0.005530234453365305
 1.6905E-02,0.008407953404189688
 1.6927E-02,0.011563838423733206
 1.6950E-02,0.014801480006805628
 1.6973E-02,0.01795143158176251
 1.6995E-02,0.020895651698044124
 1.7018E-02,0.023560192991527975
 1.7040E-02,0.02588436888308626
 1.7063E-02,0.02778898716151124
 1.7086E-02,0.029166357711517227
 1.7108E-02,0.02990067931543118
 1.7131E-02,0.02990794701347914
 1.7153E-02,0.02917184629991946
 1.7176E-02,0.0277540792018731
 1.7199E-02,0.025772897441478294
 1.7221E-02,0.02336268757743117
 1.7244E-02,0.020638401542862048
 1.7266E-02,0.017684763159872205
 1.7289E-02,0.014574089500312444
 1.7312E-02,0.011398376922687614
 1.7334E-02,0.00829232072829201
 1.7357E-02,0.005429631683641918
 1.7379E-02,0.0029916981500270894
 1.7402E-02,0.001124878980346617
 1.7425E-02,-9.015011555088982e-05
 1.7447E-02,-0.0006408218737683393
 1.7470E-02,-0.0005577169452716834
 1.7492E-02,0.00012070898268905195
 1.7515E-02,0.0013711435752096044
 1.7538E-02,0.0031821115189885956
 1.7560E-02,0.005527374587236331
 1.7583E-02,0.008334132716555177
 1.7605E-02,0.011467840706891703
 1.7628E-02,0.014745585169639863
 1.7651E-02,0.017972655671623726
 1.7673E-02,0.02098290775451334
 1.7696E-02,0.02366141196488645
 1.7718E-02,0.025938962851121915
 1.7741E-02,0.027765358444199535
 1.7764E-02,0.029081169079071337
 1.7786E-02,0.029808077213871218
 1.7809E-02,0.02986565432298584
 1.7831E-02,0.0292053393162722
 1.7854E-02,0.027841083235806575
 1.7877E-02,0.02585764116256667
 1.7899E-02,0.023390812698071115
 1.7922E-02,0.02059070212145759
 1.7944E-02,0.017588863393724296
 1.7967E-02,0.014487035955571988
 1.7990E-02,0.011371193483564268
 1.8012E-02,0.008338622746521123
 1.8035E-02,0.005517661985408281
 1.8057E-02,0.003064473538810637
 1.8080E-02,0.0011357232177936138
 1.8103E-02,-0.000148781391823484
 1.8125E-02,-0.0007329606257052624
 1.8148E-02,-0.0006264324858219988
 1.8170E-02,0.00011798250485594718
 1.8193E-02,0.001436418901060269
 1.8216E-02,0.0032758965355439793
 1.8238E-02,0.0055933472638394505
 1.8261E-02,0.008334004318014405
 1.8283E-02,0.011404788846646205
 1.8306E-02,0.01466185521786138
 1.8329E-02,0.01792300071007367
 1.8351E-02,0.021000478640110294
 1.8374E-02,0.023737278654195264
 1.8396E-02,0.0260278648891223
 1.8419E-02,0.027813937846349363
 1.8442E-02,0.029061021976440435
 1.8464E-02,0.029733097640626437
 1.8487E-02,0.029783038860964586
 1.8509E-02,0.029166042445365956
 1.8532E-02,0.027868215708298956
 1.8555E-02,0.025932424983529344
 1.8577E-02,0.023464643211754097
 1.8600E-02,0.020615600203037425
 1.8622E-02,0.017547277531847615
 1.8645E-02,0.014402544410900914
 1.8668E-02,0.011293663542836584
 1.8690E-02,0.008313250125976132
 1.8713E-02,0.005557185230253136
 1.8735E-02,0.003141700759112206
 1.8758E-02,0.001200787297148463
 1.8781E-02,-0.00013733600103042927
 1.8803E-02,-0.0007825852148230496
 1.8826E-02,-0.0007062260174476773
 1.8848E-02,5.787738836474175e-05
 1.8871E-02,0.0014338488195542302
 1.8894E-02,0.0033333747987014904
 1.8916E-02,0.005676722584266854
 1.8939E-02,0.008393778309520839
 1.8961E-02,0.011406742004701013
 1.8984E-02,0.014607981908531848
 1.9007E-02,0.01784987638588387
 1.9029E-02,0.020956231987353406
 1.9052E-02,0.023751581594002095
 1.9074E-02,0.026093586910005986
 1.9097E-02,0.0278917574102636
 1.9120E-02,0.02910397258631903
 1.9142E-02,0.029715680994831923
 1.9165E-02,0.029716817797220577
 1.9187E-02,0.0290921533817835
 1.9210E-02,0.0278316348195614
 1.9233E-02,0.02595409989963917
 1.9255E-02,0.0235287844809089
 1.9278E-02,0.020679868006975563
 1.9300E-02,0.017569334781737313
 1.9323E-02,0.014366373915921687
 1.9346E-02,0.011219360255943778
 1.9368E-02,0.008244387648477649
 1.9391E-02,0.005533780837856875
 1.9413E-02,0.003175621901212572
 1.9436E-02,0.00126876545772231
 1.9459E-02,-7.89409355345513e-05
 1.9481E-02,-0.0007705926338913309
 1.9504E-02,-0.0007479159858389481
 1.9526E-02,-1.0976391773930352e-05
 1.9549E-02,0.00138147545462349
 1.9572E-02,0.0033311107102994408
 1.9594E-02,0.005727419267627571
 1.9617E-02,0.00846790893714817
 1.9639E-02,0.0114608130577545
 1.9662E-02,0.014611432131194528
 1.9685E-02,0.017803767516533894
 1.9707E-02,0.020892226115955558
 1.9730E-02,0.023711980539563544
 1.9752E-02,0.02610493652865426
 1.9775E-02,0.02794842680220909
 1.9798E-02,0.02917182081293349
 1.9820E-02,0.029753390204240726
 1.9843E-02,0.02970152765782572
 1.9865E-02,0.029033466001601872
 1.9888E-02,0.027765402256200368
 1.9911E-02,0.025920018445215104
 1.9933E-02,0.023545826461061424
 1.9956E-02,0.02073479411075581
 1.9978E-02,0.017625277919393813
 2.0001E-02,0.014385983122385343
 2.0024E-02,0.01118803486019249
 2.0046E-02,0.008179224041980626
 2.0069E-02,0.005472835000072163
 2.0091E-02,0.0031543094759616946
 2.0114E-02,0.0012980977252445261
 2.0137E-02,-1.8865280531111866e-05
 2.0159E-02,-0.0007179666944911771
 2.0182E-02,-0.00073544251942719
 2.0204E-02,-4.5704545306010126e-05
 2.0227E-02,0.0013222780581505077
 2.0250E-02,0.0032856334741964126
 2.0272E-02,0.005725524722887534
 2.0295E-02,0.008512658114072286
 2.0317E-02,0.011526683880388215
 2.0340E-02,0.014660216704124748
 2.0363E-02,0.01780819291867236
 2.0385E-02,0.020852630154545786
 2.0408E-02,0.023655770494086216
 2.0430E-02,0.0260692917260278
 2.0453E-02,0.027957088496415237
 2.0476E-02,0.029220406113813116
 2.0498E-02,0.02981227718181425
 2.0521E-02,0.029734388735519417
 2.0543E-02,0.029019830937069016
 2.0566E-02,0.027713225456503298
 2.0589E-02,0.025860543649524705
 2.0611E-02,0.023514086813424318
 2.0634E-02,0.020747959744542067
 2.0656E-02,0.017672281142147517
 2.0679E-02,0.014434733817011932
 2.0702E-02,0.011205584922707566
 2.0724E-02,0.008152275397313363
 2.0747E-02,0.005415903193603492
 2.0769E-02,0.003100613071048018
 2.0792E-02,0.001278962976570144
 2.0815E-02,6.739050039373867e-06
 2.0837E-02,-0.0006646384267622077
 2.0860E-02,-0.0006878199664749412
 2.0882E-02,-3.2835036219681923e-05
 2.0905E-02,0.0012936210330907368
 2.0928E-02,0.0032349146226555076
 2.0950E-02,0.005686147276223689
 2.0973E-02,0.008511124815917117
 2.0995E-02,0.011566165081862076
 2.1018E-02,0.014718659482433229
 2.1041E-02,0.01785204325288686
 2.1063E-02,0.020857570467072088
 2.1086E-02,0.023621587522428968
 2.1108E-02,0.026019710678294714
 2.1131E-02,0.027924787802835246
 2.1154E-02,0.029226614363828056
 2.1176E-02,0.029853648341263486
 2.1199E-02,0.029785242242226936
 2.1221E-02,0.029048245740229885
 2.1244E-02,0.02770089224587231
 2.1267E-02,0.025814033039104154
 2.1289E-02,0.023460622949275745
 2.1312E-02,0.020718456688602473
 2.1334E-02,0.017682265529609772
 2.1357E-02,0.014474982587771336
 2.1380E-02,0.01124817390443428
 2.1402E-02,0.008168141114437422
 2.1425E-02,0.0053929413021145175
 2.1447E-02,0.003051118360668626
 2.1470E-02,0.0012319129923645165
 2.1493E-02,-1.0174154818382887e-05
 2.1515E-02,-0.0006420430174806749
 2.1538E-02,-0.0006402601316192173
 2.1560E-02,1.0424684181121351e-05
 2.1583E-02,0.001306779782661941
 2.1606E-02,0.0032115072340721173
 2.1628E-02,0.005642822207983831
 2.1651E-02,0.00847708881273089
 2.1673E-02,0.011564927269831339
 2.1696E-02,0.014753423075414855
 2.1719E-02,0.01790376190581495
 2.1741E-02,0.02089678909666183
 2.1764E-02,0.023626644050470304
 2.1786E-02,0.02598998302598798
 2.1809E-02,0.027880816689529807
 2.1832E-02,0.02919712531028237
 2.1854E-02,0.02985762150250206
 2.1877E-02,0.029820191019010105
 2.1899E-02,0.0290919261506901
 2.1922E-02,0.027725271972798175
 2.1945E-02,0.025802752284072084
 2.1967E-02,0.0234190905226701
 2.1990E-02,0.020670389517111157
 2.2012E-02,0.017654938126438334
 2.2035E-02,0.014482422930925805
 2.2058E-02,0.011282721043888682
 2.2080E-02,0.008205500391262218
 2.2103E-02,0.005407473871791257
 2.2125E-02,0.003031810668292712
 2.2148E-02,0.001189149691878202
 2.2171E-02,-5.113333262818766e-05
 2.2193E-02,-0.0006567353634818547
 2.2216E-02,-0.0006200863115786327
 2.2238E-02,5.303392331523966e-05
 2.2261E-02,0.0013462019294748176
 2.2284E-02,0.0032248256809131568
 2.2306E-02,0.005623903066161123
 2.2329E-02,0.008440157098310617
 2.2351E-02,0.011535513301715521
 2.2374E-02,0.014752372099646485
 2.2397E-02,0.01793425315231918
 2.2419E-02,0.020942383441242145
 2.2442E-02,0.02366149773978676
 2.2464E-02,0.025994819354761216
 2.2487E-02,0.027854720912115067
 2.2510E-02,0.029157885430279272
 2.2532E-02,0.029830492656872758
 2.2555E-02,0.029822143220180473
 2.2577E-02,0.029121182821049776
 2.2600E-02,0.027762584109896935
 2.2623E-02,0.025823516803256945
 2.2645E-02,0.02340870244524356
 2.2668E-02,0.020633282144789527
 2.2690E-02,0.01761176687399903
 2.2713E-02,0.014457245143961432
 2.2736E-02,0.011288197848476757
 2.2758E-02,0.008235288934523204
 2.2781E-02,0.005440438357815074
 2.2803E-02,0.0030453290639490794
 2.2826E-02,0.001173202811499574
 2.2849E-02,-8.780276357012412e-05
 2.2871E-02,-0.000692126083875268
 2.2894E-02,-0.0006326044321539879
 2.2916E-02,7.12522154831302e-05
 2.2939E-02,0.001384532340456186
 2.2962E-02,0.0032608310130949605
 2.2984E-02,0.0056372304285979054
 2.3007E-02,0.008425019021032659
 2.3029E-02,0.011504053038328084
 2.3052E-02,0.01472690213496012
 2.3075E-02,0.017933251611907536
 2.3097E-02,0.02096896469514109
 2.3120E-02,0.02370148510763427
 2.3142E-02,0.026025551731955882
 2.3165E-02,0.027859063433959223
 2.3188E-02,0.029134724582909458
 2.3210E-02,0.029795237874945663
 2.3233E-02,0.02979700357616774
 2.3255E-02,0.02912133230499955
 2.3278E-02,0.027786829973736202
 2.3301E-02,0.02585521827746152
 2.3323E-02,0.02342627774553422
 2.3346E-02,0.020623702161011333
 2.3368E-02,0.017578645366438612
 2.3391E-02,0.01441856358108309
 2.3414E-02,0.011265168292302653
 2.3436E-02,0.00823932540616902
 2.3459E-02,0.00546630558645343
 2.3481E-02,0.0030746375824293906
 2.3504E-02,0.0011859863639197012
 2.3527E-02,-0.0001006585101484981
 2.3549E-02,-0.0007232884578653075
 2.3572E-02,-0.0006629269992506022
 2.3594E-02,6.081600116385286e-05
 2.3617E-02,0.0014011508419810336
 2.3640E-02,0.0032954235804732637
 2.3662E-02,0.005670146916632927
 2.3685E-02,0.008438186844480939
 2.3707E-02,0.011492039998194837
 2.3730E-02,0.014700066752676598
 2.3753E-02,0.017911092771579172
 2.3775E-02,0.02096786020292462
 2.3798E-02,0.02372445637282353
 2.3820E-02,0.026060386724157832
 2.3843E-02,0.027885906518522286
 2.3866E-02,0.029138362974962362
 2.3888E-02,0.029774434244393203
 2.3911E-02,0.029765112473915747
 2.3933E-02,0.029097889302060267
 2.3956E-02,0.027785404707919514
 2.3979E-02,0.02587509484916247
 2.4001E-02,0.023453084538743427
 2.4024E-02,0.02063851644536049
 2.4046E-02,0.0175698497647281
 2.4069E-02,0.014389082618110003
 2.4092E-02,0.011230646449945845
 2.4114E-02,0.008218456857966312
 2.4137E-02,0.005469366008975395
 2.4159E-02,0.0030973180299249292
 2.4182E-02,0.0012122825888021887
 2.4205E-02,-8.83760454264981e-05
 2.4227E-02,-0.0007333116336685384
 2.4250E-02,-0.0006891324105522785
 2.4272E-02,3.507503113819638e-05
 2.4295E-02,0.0013926605816536501
 2.4318E-02,0.00331069937870022
 2.4340E-02,0.005701427483230104
 2.4363E-02,0.008468262189601696
 2.4385E-02,0.011504867379490871
 2.4408E-02,0.014690573009730843
 2.4431E-02,0.01788810967039828
 2.4453E-02,0.020948429107615116
 2.4476E-02,0.023723094267641763
 2.4498E-02,0.026080003947098283
 2.4521E-02,0.027915998215338682
 2.4544E-02,0.029161546756845607
 2.4566E-02,0.029777220880753425
 2.4589E-02,0.029746199680845336
 2.4611E-02,0.029068856289867058
 2.4634E-02,0.02776344015204636
 2.4657E-02,0.02587233498372379
 2.4679E-02,0.023469199238669095
 2.4702E-02,0.02066110565347256
 2.4724E-02,0.017582328081703937
 2.4747E-02,0.014381094190687185
 2.4770E-02,0.011204535249687937
 2.4792E-02,0.00818782339084611
 2.4815E-02,0.005450674891907849
 2.4837E-02,0.003099805503175123
 2.4860E-02,0.0012324104486497241
 2.4883E-02,-6.454236634644331e-05
 2.4905E-02,-0.0007213463526953735
 2.4928E-02,-0.0006965801900501445
 2.4950E-02,1.3302519659984832e-05
 2.4973E-02,0.0013710229474519268
 2.4996E-02,0.0033039793070961726
 2.5018E-02,0.00571553142622744
 2.5041E-02,0.008496557409435775
 2.5063E-02,0.011532282163193571
 2.5086E-02,0.014702873145882568
 2.5109E-02,0.01788058066225657
 2.5131E-02,0.02092859973141251
 2.5154E-02,0.023705861726797492
 2.5176E-02,0.026078238959553513
 2.5199E-02,0.027932489536520562
 2.5222E-02,0.02918727374461876
 2.5244E-02,0.02979698136719176
 2.5267E-02,0.029748048417615566
 2.5289E-02,0.029051471258825498
 2.5312E-02,0.0277368661667097
 2.5335E-02,0.025851699657235452
 2.5357E-02,0.02346535732443309
 2.5380E-02,0.02067403492821492
 2.5402E-02,0.017601338639087825
 2.5425E-02,0.014391652258619181
 2.5448E-02,0.011197409393763909
 2.5470E-02,0.00816486759899126
 2.5493E-02,0.00542370064107334
 2.5515E-02,0.0030833020086177654
 2.5538E-02,0.0012346647142565626
 2.5561E-02,-4.643076406253533e-05
 2.5583E-02,-0.0006995174175673276
 2.5606E-02,-0.0006848004401847947
 2.5628E-02,8.167483519192246e-06
 2.5651E-02,0.0013531778004873198
 2.5674E-02,0.003285972266903235
 2.5696E-02,0.005710371411005944
 2.5719E-02,0.00850958711079228
 2.5741E-02,0.011557835540564115
 2.5764E-02,0.014727754214680134
 2.5787E-02,0.017892168126228368
 2.5809E-02,0.020922533968617332
 2.5832E-02,0.02368856227297053
 2.5854E-02,0.026062734258508725
 2.5877E-02,0.0279301957672409
 2.5900E-02,0.02920085312927344
 2.5922E-02,0.02981870396384391
 2.5945E-02,0.029764633400284412
 2.5967E-02,0.02905235470299526
 2.5990E-02,0.027720740016511057
 2.6013E-02,0.025827281579884655
 2.6035E-02,0.023445963622703972
 2.6058E-02,0.020669373475700976
 2.6080E-02,0.017611628283958517
 2.6103E-02,0.014407683514436725
 2.6126E-02,0.011206446510205623
 2.6148E-02,0.008158678796600406
 2.6171E-02,0.005403725421914165
 2.6193E-02,0.0030597848882371326
 2.6216E-02,0.0012203438572924604
 2.6239E-02,-4.413499446618684e-05
 2.6261E-02,-0.0006829806360083351
 2.6284E-02,-0.0006646073399147402
 2.6306E-02,1.9840714056716343e-05
 2.6329E-02,0.0013500833228243117
 2.6352E-02,0.0032715629971789475
 2.6374E-02,0.0056955274615357035
 2.6397E-02,0.008505749579852437
 2.6419E-02,0.011569828878729316
 2.6442E-02,0.014750742131962815
 2.6465E-02,0.017914602061503467
 2.6487E-02,0.0209332324850264
 2.6510E-02,0.023683513966253438
 2.6532E-02,0.026047416781159266
 2.6555E-02,0.027916010427432077
 2.6578E-02,0.029197932383212066
 2.6600E-02,0.029829582420665444
 2.6623E-02,0.02978270341170825
 2.6645E-02,0.029066027659670837
 2.6668E-02,0.027720685767855444
 2.6691E-02,0.025812230031367317
 2.6713E-02,0.02342348316326314
 2.6736E-02,0.020651186973115576
 2.6758E-02,0.017606415667296538
 2.6781E-02,0.014415847199442522
 2.6804E-02,0.011220055547807825
 2.6826E-02,0.008166570556776652
 2.6849E-02,0.005398554670999954
 2.6871E-02,0.003042639709037514
 2.6894E-02,0.0012000955490032764
 2.6917E-02,-5.630088524970125e-05
 2.6939E-02,-0.0006804343712502038
 2.6962E-02,-0.0006492949969200451
 2.6984E-02,3.868231787924621e-05
 2.7007E-02,0.0013616780159712793
 2.7030E-02,0.0032702259416979794
 2.7052E-02,0.005684074901048106
 2.7075E-02,0.00849360837533074
 2.7097E-02,0.011567056943979538
 2.7120E-02,0.014761690946393263
 2.7143E-02,0.01793514942862376
 2.7165E-02,0.020953278672898732
 2.7188E-02,0.023693164083769865
 2.7210E-02,0.026042998540162093
 2.7233E-02,0.02790220371144308
 2.7256E-02,0.029184722887914703
 2.7278E-02,0.02982597051756314
 2.7301E-02,0.02979109748468353
 2.7323E-02,0.02908079531654745
 2.7346E-02,0.027731727440419
 2.7369E-02,0.025811315339025715
 2.7391E-02,0.02340939589765495
 2.7414E-02,0.020630498574750796
 2.7436E-02,0.017589445379479533
 2.7459E-02,0.0144103518940261
 2.7482E-02,0.011226571681199424
 2.7504E-02,0.00817826842222197
 2.7527E-02,0.005405645607853441
 2.7549E-02,0.003038562950592537
 2.7572E-02,0.0011856406879674065
 2.7595E-02,-7.346633976196802e-05
 2.7617E-02,-0.0006905015392440402
 2.7640E-02,-0.0006463544162706062
 2.7662E-02,5.3034490547432516e-05
 2.7685E-02,0.0013793735790650337
 2.7708E-02,0.003281722550910084
 2.7730E-02,0.005684202081428387
 2.7753E-02,0.008484646255818327
 2.7775E-02,0.011557168949772472
 2.7798E-02,0.014759717316560065
 2.7821E-02,0.017945013085057523
 2.7843E-02,0.020971473915041144
 2.7866E-02,0.023710867089147776
 2.7888E-02,0.026051464862096856
 2.7911E-02,0.02789808896188912
 2.7934E-02,0.029172032807941443
 2.7956E-02,0.029813459877734125
 2.7979E-02,0.029786768635764658
 2.8001E-02,0.029086933142597377
 2.8024E-02,0.027743545939091813
 2.8047E-02,0.025820023454605077
 2.8069E-02,0.02340774118822808
 2.8092E-02,0.020617327994555516
 2.8114E-02,0.017570463638537655
 2.8137E-02,0.014394639825598568
 2.8160E-02,0.011221055527633597
 2.8182E-02,0.008183576102866923
 2.8205E-02,0.005415893180276361
 2.8227E-02,0.003045159741115922
 2.8250E-02,0.001182718755357801
 2.8273E-02,-8.537114045994976e-05
 2.8295E-02,-0.0007047768939543081
 2.8318E-02,-0.0006544116258463236
 2.8340E-02,5.6450091690421846e-05
 2.8363E-02,0.0013929499575746265
 2.8386E-02,0.0032984057484121824
 2.8408E-02,0.005695538815971959
 2.8431E-02,0.008485937411750546
 2.8453E-02,0.011550246462615727
 2.8476E-02,0.014751648852508452
 2.8499E-02,0.017943569456448802
 2.8521E-02,0.020980192470459257
 2.8544E-02,0.023726776211585737
 2.8566E-02,0.02606686580486833
 2.8589E-02,0.02790526656134182
 2.8612E-02,0.029167957490239343
 2.8634E-02,0.029801568784699205
 2.8657E-02,0.029774746370932897
 2.8679E-02,0.029081902032255937
 2.8702E-02,0.027747670570607688
 2.8725E-02,0.02582925083785212
 2.8747E-02,0.02341442808082407
 2.8770E-02,0.020615089064779834
 2.8792E-02,0.017558212903634605
 2.8815E-02,0.0143773264270505
 2.8838E-02,0.011206665651169026
 2.8860E-02,0.008178286859396415
 2.8883E-02,0.005420387549442242
 2.8905E-02,0.003054363527697248
 2.8928E-02,0.0011890841989810601
 2.8951E-02,-8.710092353832253e-05
 2.8973E-02,-0.0007142815476551426
 2.8996E-02,-0.0006660032528812737
 2.9018E-02,5.02796411547097e-05
 2.9041E-02,0.001396861817445655
 2.9064E-02,0.0033113183462090477
 2.9086E-02,0.0057112799603662385
 2.9109E-02,0.008497017050636256
 2.9131E-02,0.011552398918340815
 2.9154E-02,0.014746334713598402
 2.9177E-02,0.017936908643721047
 2.9199E-02,0.020979018949818358
 2.9222E-02,0.02373428278666566
 2.9244E-02,0.026080545176859763
 2.9267E-02,0.027918413144392907
 2.9290E-02,0.0291737771660271
 2.9312E-02,0.02979733203868362
 2.9335E-02,0.029763411330791783
 2.9357E-02,0.02907022257531158
 2.9380E-02,0.02774199235635389
 2.9403E-02,0.025831621211253493
 2.9425E-02,0.02342142693156225
 2.9448E-02,0.02062007768909429
 2.9470E-02,0.01755557225465662
 2.9493E-02,0.01436603724260068
 2.9516E-02,0.01119101633605891
 2.9538E-02,0.008165294110194846
 2.9561E-02,0.005415551372648321
 2.9583E-02,0.003058391159178349
 2.9606E-02,0.0011975926196707112
 2.9629E-02,-8.0752717741618e-05
 2.9651E-02,-0.0007148118260423741
 2.9674E-02,-0.0006732740416738577
 2.9696E-02,4.114736876877794e-05
 2.9719E-02,0.0013924206781366682
 2.9742E-02,0.0033156935079808737
 2.9764E-02,0.005723577225244185
 2.9787E-02,0.008511832685104005
 2.9809E-02,0.011563096896111128
 2.9832E-02,0.014749049362321685
 2.9855E-02,0.01793279625890978
 2.9877E-02,0.020973382172104107
 2.9900E-02,0.023733137020162182
 2.9922E-02,0.026086777287453705
 2.9945E-02,0.027929920811992148
 2.9968E-02,0.029184732191860734
 2.9990E-02,0.029801764257622956
 3.0013E-02,0.029758875029029203
 3.0035E-02,0.029059272368401376
 3.0058E-02,0.027730571864423917
 3.0081E-02,0.02582538950104927
 3.0103E-02,0.02342231658968759
 3.0126E-02,0.020625212750763938
 3.0148E-02,0.017559190681216495
 3.0171E-02,0.014363194624025478
 3.0194E-02,0.011180756578536238
 3.0216E-02,0.008151325829607207
 3.0239E-02,0.005404030910315062
 3.0261E-02,0.0030542053456515533
 3.0284E-02,0.0012014473079716207
 3.0307E-02,-7.265223930412587e-05
 3.0329E-02,-0.0007083188233259636
 3.0352E-02,-0.0006726318366251805
 3.0374E-02,3.5923501211918094e-05
 3.0397E-02,0.0013855033956133374
 3.0420E-02,0.0033127921801206083
 3.0442E-02,0.005728335288233561
 3.0465E-02,0.0085235093415283
 3.0487E-02,0.011576960229655413
 3.0510E-02,0.014759222674262945
 3.0533E-02,0.0179357843288731
 3.0555E-02,0.02097009532231138
 3.0578E-02,0.023728175341334444
 3.0600E-02,0.026085442797842386
 3.0623E-02,0.027934830221312736
 3.0646E-02,0.02919413731138583
 3.0668E-02,0.029810612222184098
 3.0691E-02,0.029761932134324976
 3.0713E-02,0.029054359106357595
 3.0736E-02,0.027719902449982875
 3.0759E-02,0.025814200938558813
 3.0781E-02,0.02341565945371705
 3.0804E-02,0.020624906545757344
 3.0826E-02,0.017562824742940932
 3.0849E-02,0.014365769403090521
 3.0872E-02,0.011177919142211633
 3.0894E-02,0.008142177421444297
 3.0917E-02,0.0053917696068369585
 3.0939E-02,0.003044222568495141
 3.0962E-02,0.0011980738138732793
 3.0985E-02,-6.873279175523923e-05
 3.1007E-02,-0.0007004015405116085
 3.1030E-02,-0.0006658857406410031
 3.1052E-02,3.7674575894115184e-05
 3.1075E-02,0.0013821169817143314
 3.1098E-02,0.003307825856429695
 3.1120E-02,0.005726756311341816
 3.1143E-02,0.008528530563240164
 3.1165E-02,0.011587968020951696
 3.1188E-02,0.014772074676480056
 3.1211E-02,0.017945281019482538
 3.1233E-02,0.02097308563966846
 3.1256E-02,0.0237253740873505
 3.1278E-02,0.02608084807120299
 3.1301E-02,0.027933123768063145
 3.1324E-02,0.029197698316538238
 3.1346E-02,0.02981800261578125
 3.1369E-02,0.0297687839589937
 3.1391E-02,0.02905609588799592
 3.1414E-02,0.027714592118279584
 3.1437E-02,0.02580376955279308
 3.1459E-02,0.02340472617787065
 3.1482E-02,0.02061798086020693
 3.1504E-02,0.017561613868666198
 3.1527E-02,0.014368257818500638
 3.1550E-02,0.011179767895035067
 3.1572E-02,0.008139549820544666
 3.1595E-02,0.005383816960200894
 3.1617E-02,0.0030336919077435403
 3.1640E-02,0.0011896754592215834
 3.1663E-02,-7.117272211019628e-05
 3.1685E-02,-0.0006962378414282327
 3.1708E-02,-0.0006579898170543082
 3.1730E-02,4.472849034424834e-05
 3.1753E-02,0.0013848766897316613
 3.1776E-02,0.003306045362540393
 3.1798E-02,0.005723459698491878
 3.1821E-02,0.008528034245729647
 3.1843E-02,0.011593102454205605
 3.1866E-02,0.014782333623037297
 3.1889E-02,0.017957041712572567
 3.1911E-02,0.020981754336227804
 3.1934E-02,0.023728120246308344
 3.1956E-02,0.02607823427970631
 3.1979E-02,0.027928633875412678
 3.2002E-02,0.029195475784924204
 3.2024E-02,0.02982021834997149
 3.2047E-02,0.029774271439553468
 3.2069E-02,0.029061091493795328
 3.2092E-02,0.027715104513650855
 3.2115E-02,0.025798094351356674
 3.2137E-02,0.0233945440507994
 3.2160E-02,0.02060736883813885
 3.2182E-02,0.01755459825160399
 3.2205E-02,0.01436643351930089
 3.2228E-02,0.011181452112247525
 3.2250E-02,0.008140973422934145
 3.2273E-02,0.00538159173222974
 3.2295E-02,0.003027011263226638
 3.2318E-02,0.0011808868468310275
 3.2341E-02,-7.796603911267453e-05
 3.2363E-02,-0.000697667590088797
 3.2386E-02,-0.0006534612115292446
 3.2408E-02,5.27033865396232e-05
 3.2431E-02,0.0013922416271060977
 3.2454E-02,0.0033096789119082368
 3.2476E-02,0.00572303410323142
 3.2499E-02,0.008526113190087812
 3.2521E-02,0.01159343396068786
 3.2544E-02,0.014787411011861016
 3.2567E-02,0.017966451616516096
 3.2589E-02,0.02099233401363606
 3.2612E-02,0.023735819465425228
 3.2634E-02,0.02608052146633978
 3.2657E-02,0.027925956169736015
 3.2680E-02,0.02919087890730298
 3.2702E-02,0.029817379191952983
 3.2725E-02,0.02977517832357358
 3.2747E-02,0.029064815163641233
 3.2770E-02,0.027718413464474338
 3.2793E-02,0.025797516494480466
 3.2815E-02,0.023388582157002197
 3.2838E-02,0.02059749276588868
 3.2860E-02,0.017544407207744847
 3.2883E-02,0.014359520238011337
 3.2906E-02,0.011179298515634244
 3.2928E-02,0.008142174003242296
 3.2951E-02,0.005382866553305373
 3.2973E-02,0.00302535991446702
 3.2996E-02,0.0011755368717379885
 3.3019E-02,-8.502183496324396e-05
 3.3041E-02,-0.0007028671154830554
 3.3064E-02,-0.0006538510033408544
 3.3086E-02,5.7659753658222145e-05
 3.3109E-02,0.001400337440755143
 3.3132E-02,0.003317310435192949
 3.3154E-02,0.005727376123458935
 3.3177E-02,0.008526776383781248
 3.3199E-02,0.011592587198360123
 3.3222E-02,0.014788308386493972
 3.3245E-02,0.01797129160590185
 3.3267E-02,0.021000785742608205
 3.3290E-02,0.023745129337008487
 3.3312E-02,0.026087128152916
 3.3335E-02,0.02792760706550208
 3.3358E-02,0.029187936461436515
 3.3380E-02,0.029812516559482572
 3.3403E-02,0.029771668059305836
 3.3425E-02,0.02906448509536155
 3.3448E-02,0.027720540660186567
 3.3471E-02,0.02579933646194648
 3.3493E-02,0.023387081610483
 3.3516E-02,0.020591360583717633
 3.3538E-02,0.0175349300162778
 3.3561E-02,0.014349873885487491
 3.3584E-02,0.011172684627125729
 3.3606E-02,0.008139960414571787
 3.3629E-02,0.0053838760487554
 3.3651E-02,0.0030267304724129985
 3.3674E-02,0.0011746019920768273
 3.3697E-02,-8.900789902796654e-05
 3.3719E-02,-0.000708226481292539
 3.3742E-02,-0.0006575036408990458
 3.3764E-02,5.829250601921583e-05
 3.3787E-02,0.001405729429462584
 3.3810E-02,0.0033255155592415023
 3.3832E-02,0.005735187758405164
 3.3855E-02,0.008531636608598972
 3.3877E-02,0.011594063928472708
 3.3900E-02,0.014788234518752547
 3.3923E-02,0.017972494435453727
 3.3945E-02,0.0210052081346326
 3.3968E-02,0.02375251565188613
 3.3990E-02,0.026095090207752632
 3.4013E-02,0.027933024181698386
 3.4036E-02,0.02918881608792056
 3.4058E-02,0.029809161674498773
 3.4081E-02,0.029766435234281335
 3.4103E-02,0.029060296066760607
 3.4126E-02,0.02771908126407962
 3.4149E-02,0.025800061764221137
 3.4171E-02,0.02338763513159351
 3.4194E-02,0.02058913224056821
 3.4216E-02,0.017528773494364235
 3.4239E-02,0.01434091427903866
 3.4262E-02,0.011163720492677248
 3.4284E-02,0.008133838666416995
 3.4307E-02,0.005381849237250999
 3.4329E-02,0.0030278066643142213
 3.4352E-02,0.0011762744687734445
 3.4375E-02,-8.911913194095808e-05
 3.4397E-02,-0.000710846851740375
 3.4420E-02,-0.0006612345876413394
 3.4442E-02,5.6102455718605904e-05
 3.4465E-02,0.0014073216985165944
 3.4488E-02,0.003331300575725269
 3.4510E-02,0.005743443461724466
 3.4533E-02,0.008539506937775984
 3.4555E-02,0.011599234236145296
 3.4578E-02,0.014790247437268549
 3.4601E-02,0.01797289957845427
 3.4623E-02,0.021006466324750953
 3.4646E-02,0.023756350194127113
 3.4668E-02,0.026101315650235837
 3.4691E-02,0.027939579816663306
 3.4714E-02,0.029192978826810514
 3.4736E-02,0.029809180778588396
 3.4759E-02,0.029762574328291314
 3.4781E-02,0.02905464243717123
 3.4804E-02,0.027714251377991987
 3.4827E-02,0.025797614507311335
 3.4849E-02,0.023387177315716958
 3.4872E-02,0.020588661709865147
 3.4894E-02,0.01752603215786437
 3.4917E-02,0.014334899378105071
 3.4940E-02,0.011155412447171147
 3.4962E-02,0.008125697749899753
 3.4985E-02,0.005376399037512712
 3.5007E-02,0.00302618348786673
 3.5030E-02,0.0011776343155725307
 3.5053E-02,-8.69822029186066e-05
 3.5075E-02,-0.0007100675230216914
 3.5098E-02,-0.0006625229696820296
 3.5120E-02,5.3897981813574034e-05
 3.5143E-02,0.0014064728920395743
 3.5166E-02,0.0033337471646795363
 3.5188E-02,0.005749534603435161
 3.5211E-02,0.008547715163547631
 3.5233E-02,0.011607015180500259
 3.5256E-02,0.014795509889089453
 3.5279E-02,0.017975177008398138
 3.5301E-02,0.021007072062070108
 3.5324E-02,0.02375743252511562
 3.5346E-02,0.02610441107344716
 3.5369E-02,0.02794456942505247
 3.5392E-02,0.029198096058934593
 3.5414E-02,0.029812061276179067
 3.5437E-02,0.02976169125340708
 3.5459E-02,0.02905023548835841
 3.5482E-02,0.02770817801102886
 3.5505E-02,0.02579222422581384
 3.5527E-02,0.023383913832891415
 3.5550E-02,0.020587259031685432
 3.5572E-02,0.017524793471029098
 3.5595E-02,0.01433187144522293
 3.5618E-02,0.011149715196283667
 3.5640E-02,0.008118179918246652
 3.5663E-02,0.005369215805947264
 3.5685E-02,0.0030215624628407447
 3.5708E-02,0.0011765951872090322
 3.5731E-02,-8.516746577068171e-05
 3.5753E-02,-0.0007073510508843037
 3.5776E-02,-0.000660829405130554
 3.5798E-02,5.3870485477028936e-05
 3.5821E-02,0.00140565887789802
 3.5844E-02,0.003334083608275651
 3.5866E-02,0.005752693345137635
 3.5889E-02,0.008553988782147713
 3.5911E-02,0.011615047454553508
 3.5934E-02,0.014803035838841096
 3.5957E-02,0.017980312480014315
 3.5979E-02,0.02100935603558015
 3.6002E-02,0.02375798370554457
 3.6024E-02,0.026105113095504045
 3.6047E-02,0.027946801320854343
 3.6070E-02,0.02920180253115768
 3.6092E-02,0.029815740174646357
 3.6115E-02,0.02976330144517485
 3.6137E-02,0.029048456198818795
 3.6160E-02,0.02770323616998395
 3.6183E-02,0.025785779882239557
 3.6205E-02,0.023378081323763043
 3.6228E-02,0.020583375691977997
 3.6250E-02,0.01752269742166327
 3.6273E-02,0.014330126498598363
 3.6296E-02,0.01114662969054611
 3.6318E-02,0.00811297632848231
 3.6341E-02,0.005362621220812759
 3.6363E-02,0.0030154554814509427
 3.6386E-02,0.001172931640956593
 3.6409E-02,-8.54839619989238e-05
 3.6431E-02,-0.0007049593865408639
 3.6454E-02,-0.0006574678131622078
 3.6476E-02,5.645772872378378e-05
 3.6499E-02,0.0014067839903231978
 3.6522E-02,0.0033344919395149756
 3.6544E-02,0.005754028661567689
 3.6567E-02,0.008557687259916166
 3.6589E-02,0.011621351848745565
 3.6612E-02,0.014810742950494948
 3.6635E-02,0.017987409895989195
 3.6657E-02,0.021014153036163837
 3.6680E-02,0.023760037867903153
 3.6702E-02,0.026105385103041712
 3.6725E-02,0.02794695228153183
 3.6748E-02,0.029203079852934605
 3.6770E-02,0.029818149363790947
 3.6793E-02,0.02976557777078779
 3.6815E-02,0.02904884890543604
 3.6838E-02,0.027700612602669594
 3.6861E-02,0.025780361510985263
 3.6883E-02,0.02337135696709454
 3.6906E-02,0.020577250538879162
 3.6928E-02,0.01751840858403917
 3.6951E-02,0.014327594505629699
 3.6974E-02,0.011144638225395343
 3.6996E-02,0.008110055769885076
 3.7019E-02,0.0053580775368732075
 3.7041E-02,0.003009902025180523
 3.7064E-02,0.0011679952915773497
 3.7087E-02,-8.809727253796928e-05
 3.7109E-02,-0.0007044603780593559
 3.7132E-02,-0.00065442817042636
 3.7154E-02,6.048031086970467e-05
 3.7177E-02,0.0014102011606225858
 3.7200E-02,0.003336626496830318
 3.7222E-02,0.00575546302310156
 3.7245E-02,0.008559810592969253
 3.7267E-02,0.01162539534369444
 3.7290E-02,0.01481690784580278
 3.7313E-02,0.01799463196980149
 3.7335E-02,0.021020650112790033
 3.7358E-02,0.023764301128947608
 3.7380E-02,0.02610700207817272
 3.7403E-02,0.027946757410051277
 3.7426E-02,0.029202548341803594
 3.7448E-02,0.02981841929124599
 3.7471E-02,0.029766712300505333
 3.7493E-02,0.029049795779321166
 3.7516E-02,0.02769988069488241
 3.7539E-02,0.025776988139628806
 3.7561E-02,0.023365562043855644
 3.7584E-02,0.0205703723522489
 3.7606E-02,0.01751216415485371
 3.7629E-02,0.014323124645093527
 3.7652E-02,0.01114192554643435
 3.7674E-02,0.008108066848590978
 3.7697E-02,0.00535552895579829
 3.7719E-02,0.003006165626693542
 3.7742E-02,0.001163577240227079
 3.7765E-02,-9.179969286742472e-05
 3.7787E-02,-0.0007059708887222258
 3.7810E-02,-0.0006530686646773748
 3.7832E-02,6.41880342571342e-05
 3.7855E-02,0.0014148526196045676
 3.7878E-02,0.003340769638106713
 3.7900E-02,0.005758433145226917
 3.7923E-02,0.008562052035343718
 3.7945E-02,0.011628078567716341
 3.7968E-02,0.014821088139387479
 3.7991E-02,0.018000478393707334
 3.8013E-02,0.02102722667002704
 3.8036E-02,0.02377003711461278
 3.8058E-02,0.026110560512487578
 3.8081E-02,0.027947765247268094
 3.8104E-02,0.029201740933296756
 3.8126E-02,0.02981711732112659
 3.8149E-02,0.02976596326490556
 3.8171E-02,0.029049716663108578
 3.8194E-02,0.027699608269631935
 3.8217E-02,0.025775261843895232
 3.8239E-02,0.02336157080544619
 3.8262E-02,0.020564335480032885
 3.8284E-02,0.017505285390951513
 3.8307E-02,0.014316949521825174
 3.8330E-02,0.011137500712117429
 3.8352E-02,0.008105418149214713
 3.8375E-02,0.005353772562080702
 3.8397E-02,0.0030041721886732596
 3.8420E-02,0.0011607686178065756
 3.8443E-02,-9.501867776541442e-05
 3.8465E-02,-0.0007084123742246673
 3.8488E-02,-0.0006534668244254999
 3.8510E-02,6.640485895242009e-05
 3.8533E-02,0.0014191995053821384
 3.8556E-02,0.003345973479183966
 3.8578E-02,0.005763162905064375
 3.8601E-02,0.008565658960556674
 3.8623E-02,0.01163089245793332
 3.8646E-02,0.014824094054261628
 3.8669E-02,0.018004583086079204
 3.8691E-02,0.02103257687415748
 3.8714E-02,0.02377581677374785
 3.8736E-02,0.026115394342303724
 3.8759E-02,0.02795047895335911
 3.8782E-02,0.02920200835111451
 3.8804E-02,0.029815597446387423
 3.8827E-02,0.02976384864775439
 3.8849E-02,0.029047979473953628
 3.8872E-02,0.027698414548619904
 3.8895E-02,0.02577391505082871
 3.8917E-02,0.023359013270635474
 3.8940E-02,0.02055988922634125
 3.8962E-02,0.01749916761952293
 3.8985E-02,0.014310241447523145
 3.9008E-02,0.011131589495551852
 3.9030E-02,0.008101257107402143
 3.9053E-02,0.005351413548988377
 3.9075E-02,0.003002851315283724
 3.9098E-02,0.0011594821932728024
 3.9121E-02,-9.681258114182709e-05
 3.9143E-02,-0.0007104045658756558
 3.9166E-02,-0.000654659987067098
 3.9188E-02,6.708471477587751e-05
 3.9211E-02,0.0014222239323222379
 3.9234E-02,0.0033508853627759573
 3.9256E-02,0.0057688035854007325
 3.9279E-02,0.008570806964538553
 3.9301E-02,0.011634919699073272
 3.9324E-02,0.014827238003152547
 3.9347E-02,0.01800767415397287
 3.9369E-02,0.021036398766183042
 3.9392E-02,0.023780503762678634
 3.9414E-02,0.02612024374187033
 3.9437E-02,0.02795429680863587
 3.9460E-02,0.02920377431655323
 3.9482E-02,0.029815037579901435
 3.9505E-02,0.029761564106625032
 3.9527E-02,0.02904505635638967
 3.9550E-02,0.02769576158552822
 3.9573E-02,0.02577174151278326
 3.9595E-02,0.02335676779478361
 3.9618E-02,0.020556690576893303
 3.9640E-02,0.017494452378954365
 3.9663E-02,0.014304221244155594
 3.9686E-02,0.011125231810013032
 3.9708E-02,0.00809580101114496
 3.9731E-02,0.005347719049434397
 3.9753E-02,0.003000980867575396
 3.9776E-02,0.0011587658400225946
 3.9799E-02,-9.727752437564924e-05
 3.9821E-02,-0.0007111353369126322
 3.9844E-02,-0.0006554369961382401
 3.9866E-02,6.708633861615524e-05
 3.9889E-02,0.0014239047031929463
 3.9912E-02,0.0033546246481122744
 3.9934E-02,0.0057741665427846235
 3.9957E-02,0.008576736742656726
 3.9979E-02,0.011640296206800066
 4.0002E-02,0.014831459489704194
 4.0025E-02,0.01801090655639029
 4.0047E-02,0.021039346022926283
 4.0070E-02,0.02378384995311461
 4.0092E-02,0.026124120094218328
 4.0115E-02,0.027958108480828678
 4.0138E-02,0.029206495886697086
 4.0160E-02,0.02981579391018122
 4.0183E-02,0.029760136639295935
 4.0205E-02,0.029042002936212594
 4.0228E-02,0.027692079142148916
 4.0251E-02,0.025768284038747178
 4.0273E-02,0.023353780884827216
 4.0296E-02,0.020553747221700575
 4.0318E-02,0.017490822467629126
 4.0341E-02,0.01429943755921742
 4.0364E-02,0.011119495496376548
 4.0386E-02,0.008089972101731012
 4.0409E-02,0.005342896679708763
 4.0431E-02,0.0029979314370904807
 4.0454E-02,0.0011575490218156221
 4.0477E-02,-9.726010616826672e-05
 4.0499E-02,-0.0007107062490430891
 4.0522E-02,-0.0006550978644358049
 4.0544E-02,6.74721899599261e-05
 4.0567E-02,0.0014250073939030574
 4.0590E-02,0.003357189526689457
 4.0612E-02,0.005778490160477249
 4.0635E-02,0.00858240405712374
 4.0657E-02,0.011646343193744095
 4.0680E-02,0.014836861950220766
 4.0703E-02,0.018015095332475202
 4.0725E-02,0.02104243475606811
 4.0748E-02,0.023786441635742426
 4.0770E-02,0.026126820344600624
 4.0793E-02,0.027961054035491286
 4.0816E-02,0.02920919468252608
 4.0838E-02,0.02981737699553096
 4.0861E-02,0.02975986500382482
 4.0883E-02,0.02903971438181637
 4.0906E-02,0.02768829899504619
 4.0929E-02,0.02576393329168218
 4.0951E-02,0.023349664557561326
 4.0974E-02,0.020550139317623044
 4.0996E-02,0.017487400157884605
 4.1019E-02,0.014295597722849052
 4.1042E-02,0.011114849180180686
 4.1064E-02,0.008084704130272152
 4.1087E-02,0.005337764109694771
 4.1109E-02,0.0029939001612578502
 4.1132E-02,0.0011552916792987985
 4.1155E-02,-9.769779035881821e-05
 4.1177E-02,-0.0007098697620768768
 4.1200E-02,-0.0006537468119845884
 4.1222E-02,6.88452406824643e-05
 4.1245E-02,0.0014264637643636685
 4.1268E-02,0.003359262117513479
 4.1290E-02,0.005781787493680858
 4.1313E-02,0.008587150472248273
 4.1335E-02,0.01165214353739711
 4.1358E-02,0.014842839049646062
 4.1381E-02,0.018020317493425288
 4.1403E-02,0.02104637187485045
 4.1426E-02,0.02378917256463619
 4.1448E-02,0.02612886991556116
 4.1471E-02,0.027962968135151683
 4.1494E-02,0.029211122888620492
 4.1516E-02,0.029818924932904563
 4.1539E-02,0.029760308405544705
 4.1561E-02,0.029038440697599827
 4.1584E-02,0.027685201223569985
 4.1607E-02,0.025759511596038044
 4.1629E-02,0.023344773555655812
 4.1652E-02,0.02054553819241663
 4.1674E-02,0.017483382551236982
 4.1697E-02,0.014291925521402443
 4.1720E-02,0.011111023395360109
 4.1742E-02,0.008080396849401405
 4.1765E-02,0.005333137589736867
 4.1787E-02,0.0029896117950985826
 4.1810E-02,0.0011521799721768552
 4.1833E-02,-9.905354273480847e-05
 4.1855E-02,-0.0007094465702495353
 4.1878E-02,-0.0006520523466493874
 4.1900E-02,7.110082234654095e-05
 4.1923E-02,0.0014287929154805407
 4.1946E-02,0.0033616593350009128
 4.1968E-02,0.005784665938927087
 4.1991E-02,0.008591000179078693
 4.2013E-02,0.011657128188667688
 4.2036E-02,0.014848585497623985
 4.2059E-02,0.01802603179896083
 4.2081E-02,0.021051212982717924
 4.2104E-02,0.023792655708553764
 4.2126E-02,0.02613105475192147
 4.2149E-02,0.027964321287435864
 4.2172E-02,0.02921214665518009
 4.2194E-02,0.029819787554237795
 4.2217E-02,0.02976070768601565
 4.2239E-02,0.02903778519445079
 4.2262E-02,0.027682994434114656
 4.2285E-02,0.02575569852799222
 4.2307E-02,0.023339833464353216
 4.2330E-02,0.020540265637914848
 4.2352E-02,0.0174784917481484
 4.2375E-02,0.014287720352481027
 4.2398E-02,0.011107331839819847
 4.2420E-02,0.008076802633768365
 4.2443E-02,0.0053293576420803184
 4.2465E-02,0.002985779644991896
 4.2488E-02,0.001148856107486345
 4.2511E-02,-0.00010115242955014195
 4.2533E-02,-0.0007098331790803053
 4.2556E-02,-0.0006507327270561758
 4.2578E-02,7.364527214127968e-05
 4.2601E-02,0.0014318914608123243
 4.2624E-02,0.003364827824653462
 4.2646E-02,0.005787841531690072
 4.2669E-02,0.008594493723135104
 4.2691E-02,0.011661329445608336
 4.2714E-02,0.014853609661378499
 4.2737E-02,0.018031531326940915
 4.2759E-02,0.021056475275348305
 4.2782E-02,0.02379692944732791
 4.2804E-02,0.02613390624445179
 4.2827E-02,0.02796580450171044
 4.2850E-02,0.029212687049074492
 4.2872E-02,0.0298198572863089
 4.2895E-02,0.029760497753436477
 4.2917E-02,0.029037079362504027
 4.2940E-02,0.027681321898682082
 4.2963E-02,0.025752667603744926
 4.2985E-02,0.023335436127740236
 4.3008E-02,0.020534961770077298
 4.3030E-02,0.01747301938490177
 4.3053E-02,0.014282747751559138
 4.3076E-02,0.011103163389184219
 4.3098E-02,0.00807331482110424
 4.3121E-02,0.0053261971375258834
 4.3143E-02,0.0029826933587850293
 4.3166E-02,0.001145943231040173
 4.3189E-02,-0.00010342556993536982
 4.3211E-02,-0.0007108659317491973
 4.3234E-02,-0.000650127223639569
 4.3256E-02,7.585016256253941e-05
 4.3279E-02,0.0014352324407411517
 4.3302E-02,0.003368666812256905
 4.3324E-02,0.005791698369215009
 4.3347E-02,0.008598258558054067
 4.3369E-02,0.011665228083919657
 4.3392E-02,0.014857949489830404
 4.3415E-02,0.018036391457911312
 4.3437E-02,0.021061538312772583
 4.3460E-02,0.023801563357380318
 4.3482E-02,0.026137448983913018
 4.3505E-02,0.027967878302720406
 4.3528E-02,0.029213351462417873
 4.3550E-02,0.029819510692028987
 4.3573E-02,0.029759592868073018
 4.3595E-02,0.02903583217277436
 4.3618E-02,0.02767959501451131
 4.3641E-02,0.025750098206768785
 4.3663E-02,0.023331725318344453
 4.3686E-02,0.020530141833851028
 4.3708E-02,0.017467530055963607
 4.3731E-02,0.014277271781175384
 4.3754E-02,0.011098320676271776
 4.3776E-02,0.008069400516340804
 4.3799E-02,0.005323119930107122
 4.3821E-02,0.002980144966051161
 4.3844E-02,0.001143687335735241
 4.3867E-02,-0.00010532876330465474
 4.3889E-02,-0.0007120410723487152
 4.3912E-02,-0.0006500833485609888
 4.3934E-02,7.742546231477034e-05
 4.3957E-02,0.0014382661761370582
 4.3980E-02,0.003372708758572834
 4.4002E-02,0.0057961392820472055
 4.4025E-02,0.008602624823474297
 4.4047E-02,0.011669373805219289
 4.4070E-02,0.014862032368879452
 4.4093E-02,0.0180406538360851
 4.4115E-02,0.021066035478211998
 4.4138E-02,0.023806013023632073
 4.4160E-02,0.02614129947092187
 4.4183E-02,0.02797055635172083
 4.4206E-02,0.02921453890191985
 4.4228E-02,0.0298192815795335
 4.4251E-02,0.029758329634097212
 4.4273E-02,0.029033976039919456
 4.4296E-02,0.027677387275490507
 4.4319E-02,0.025747472207445336
 4.4341E-02,0.02332841305655702
 4.4364E-02,0.02052592445687544
 4.4386E-02,0.017462472167024404
 4.4409E-02,0.014271790337887131
 4.4432E-02,0.011093042605729339
 4.4454E-02,0.008064894012358138
 4.4477E-02,0.0053196615160801645
 4.4499E-02,0.0029776607633792964
 4.4522E-02,0.0011418983185969213
 4.4545E-02,-0.0001066534240364164
 4.4567E-02,-0.0007128834994997331
 4.4590E-02,-0.0006501551730910729
 4.4612E-02,7.851272602028955e-05
 4.4635E-02,0.0014407449532074209
 4.4658E-02,0.0033764729929564342
 4.4680E-02,0.005800749637408188
 4.4703E-02,0.00860749966293278
 4.4725E-02,0.011674050224268633
 4.4748E-02,0.01486633976725492
 4.4771E-02,0.018044698183360738
 4.4793E-02,0.021070010552730858
 4.4816E-02,0.023809962010801194
 4.4838E-02,0.026144980094099934
 4.4861E-02,0.027973497131136296
 4.4884E-02,0.02921625443117268
 4.4906E-02,0.029819515535168515
 4.4929E-02,0.02975717709160134
 4.4951E-02,0.0290318116950001
 4.4974E-02,0.027674646121770098
 4.4997E-02,0.025744419273268256
 4.5019E-02,0.023325043324867543
 4.5042E-02,0.020522051099184768
 4.5064E-02,0.017457943099747502
 4.5087E-02,0.014266693493956994
 4.5110E-02,0.011087768155094149
 4.5132E-02,0.00806001126681502
 4.5155E-02,0.005315683153082501
 4.5177E-02,0.002974836009650689
 4.5200E-02,0.0011401577565876661
 4.5223E-02,-0.00010757303750449356
 4.5245E-02,-0.0007132166392850039
 4.5268E-02,-0.0006499280576572763
 4.5290E-02,7.950654562034548e-05
 4.5313E-02,0.0014427997250898634
 4.5336E-02,0.0033797481305673375
 4.5358E-02,0.0058051092142935275
 4.5381E-02,0.008612515525064592
 4.5403E-02,0.01167916927485768
 4.5426E-02,0.014871115205112598
 4.5449E-02,0.01804894610696878
 4.5471E-02,0.02107380073812114
 4.5494E-02,0.02381345501794216
 4.5516E-02,0.02614821782441243
 4.5539E-02,0.027976281717847377
 4.5562E-02,0.029218194062017665
 4.5584E-02,0.02982021094082404
 4.5607E-02,0.02975643445090404
 4.5629E-02,0.02902975119188414
 4.5652E-02,0.027671640121262654
 4.5675E-02,0.025740899254758517
 4.5697E-02,0.023321294703663363
 4.5720E-02,0.02051812049460038
 4.5742E-02,0.017453710866185006
 4.5765E-02,0.014262060731334382
 4.5788E-02,0.011082836515274632
 4.5810E-02,0.00805513922920794
 4.5833E-02,0.005311379898546355
 4.5855E-02,0.002971554894244311
 4.5878E-02,0.0011381131168405215
 4.5901E-02,-0.00010845709247041366
 4.5923E-02,-0.0007131985576508955
 4.5946E-02,-0.0006492527832963712
 4.5968E-02,8.076867524638327e-05
 4.5991E-02,0.0014447795209986747
 4.6014E-02,0.0033826549301902843
 4.6036E-02,0.005809037784417267
 4.6059E-02,0.008617305123434369
 4.6081E-02,0.011684405282149408
 4.6104E-02,0.014876275697467856
 4.6127E-02,0.018053606590591895
 4.6149E-02,0.021077775137140858
 4.6172E-02,0.023816791339743442
 4.6194E-02,0.02615105733359671
 4.6217E-02,0.027978674614231543
 4.6240E-02,0.029219990410492967
 4.6262E-02,0.029821097321754475
 4.6285E-02,0.029756094968756825
 4.6307E-02,0.029028053476995837
 4.6330E-02,0.02766873118850384
 4.6353E-02,0.02573715189382714
 4.6375E-02,0.023317137241903596
 4.6398E-02,0.020513853790129797
 4.6420E-02,0.017449422439551332
 4.6443E-02,0.014257683978055992
 4.6466E-02,0.011078312110192808
 4.6488E-02,0.00805057271062563
 4.6511E-02,0.005307092753125575
 4.6533E-02,0.0029679934431073147
 4.6556E-02,0.0011356680412126243
 4.6579E-02,-0.00010961254075760626
 4.6601E-02,-0.0007131554431648638
 4.6624E-02,-0.0006482731473876443
 4.6646E-02,8.242498796312537e-05
 4.6669E-02,0.0014469998484836117
 4.6692E-02,0.003385501988992898
 4.6714E-02,0.005812646365722313
 4.6737E-02,0.008621714911611747
 4.6759E-02,0.011689437283412428
 4.6782E-02,0.014881532781601689
 4.6805E-02,0.01805860185858792
 4.6827E-02,0.021082112988715946
 4.6850E-02,0.02382029403440752
 4.6872E-02,0.026153764144623216
 4.6895E-02,0.027980719749855342
 4.6918E-02,0.02922144042703684
 4.6940E-02,0.029821852549314732
 4.6963E-02,0.02975591808205434
 4.6985E-02,0.02902670796075119
 4.7008E-02,0.027666143335121993
 4.7031E-02,0.025733495019833227
 4.7053E-02,0.023312784887859136
 4.7076E-02,0.0205092293982956
 4.7098E-02,0.017444836019043224
 4.7121E-02,0.014253252715492966
 4.7144E-02,0.011074008405950025
 4.7166E-02,0.008046363508291764
 4.7189E-02,0.005303077838865396
 4.7211E-02,0.0029644520894792116
 4.7234E-02,0.001132981246024914
 4.7257E-02,-0.00011111927340374801
 4.7279E-02,-0.0007133544716841492
 4.7302E-02,-0.0006472770393833779
 4.7324E-02,8.434485108816422e-05
 4.7347E-02,0.0014495666763288072
 4.7370E-02,0.00338856438051902
 4.7392E-02,0.005816207683752598
 4.7415E-02,0.008625846657293497
 4.7437E-02,0.01169413455372647
 4.7460E-02,0.014886606010500604
 4.7483E-02,0.01806367648545736
 4.7505E-02,0.021086741728070766
 4.7528E-02,0.02382411672677673
 4.7550E-02,0.02615662094710378
 4.7573E-02,0.027982652588356333
 4.7596E-02,0.029222586779813264
 4.7618E-02,0.02982230162874274
 4.7641E-02,0.029755621391561245
 4.7663E-02,0.029025500750042076
 4.7686E-02,0.027663863146578493
 4.7709E-02,0.025730122321779132
 4.7731E-02,0.023308516699393655
 4.7754E-02,0.020504438187289146
 4.7776E-02,0.017439936830613914
 4.7799E-02,0.014248557378086099
 4.7822E-02,0.01106965232841043
 4.7844E-02,0.00804234446627124
 4.7867E-02,0.005299376388182848
 4.7889E-02,0.0029611532289040374
 4.7912E-02,0.0011303173413955577
 4.7935E-02,-0.00011283431849786656
 4.7957E-02,-0.0007138616426149652
 4.7980E-02,-0.0006464969572303832
 4.8002E-02,8.627422300672746e-05
 4.8025E-02,0.001452361471683439
 4.8048E-02,0.003391931107094914
 4.8070E-02,0.005819961451017237
 4.8093E-02,0.008629941250592008
 4.8115E-02,0.011698590105087774
 4.8138E-02,0.014891384133394229
 4.8161E-02,0.018068585417943577
 4.8183E-02,0.02109143521013699
 4.8206E-02,0.02382819194263628
 4.8228E-02,0.026159759283468722
 4.8251E-02,0.02798472040621997
 4.8274E-02,0.02922363817126288
 4.8296E-02,0.029822485577060222
 4.8319E-02,0.02975505414198711
 4.8341E-02,0.029024184309846577
 4.8364E-02,0.027661700491827174
 4.8387E-02,0.025727018385034543
 4.8409E-02,0.023304500053667947
 4.8432E-02,0.020499725124284968
 4.8454E-02,0.01743489510126803
 4.8477E-02,0.014243588704567722
 4.8500E-02,0.011065062344538565
 4.8522E-02,0.008038275485703258
 4.8545E-02,0.005295838667459057
 4.8567E-02,0.002958129278443995
 4.8590E-02,0.0011278693233690322
 4.8613E-02,-0.00011452471138275779
 4.8635E-02,-0.000714548316833475
 4.8658E-02,-0.0006459872432936324
 4.8680E-02,8.801079068083289e-05
 4.8703E-02,0.0014551600631900093
 4.8726E-02,0.0033954947014762493
 4.8748E-02,0.005823982195797361
 4.8771E-02,0.008634207459129458
 4.8793E-02,0.011703016555127371
 4.8816E-02,0.014895951890194967
 4.8839E-02,0.01807323397475807
 4.8861E-02,0.021095979262622418
 4.8884E-02,0.023832319451685822
 4.8906E-02,0.02616311657979986
 4.8929E-02,0.027987035710426232
 4.8952E-02,0.0292248108246621
 4.8974E-02,0.029822589299288323
 4.8997E-02,0.02975425544731738
 4.9019E-02,0.029022628840863984
 4.9042E-02,0.02765943844312766
 4.9065E-02,0.02572401425600445
 4.9087E-02,0.02330071821465292
 4.9110E-02,0.020495234772812926
 4.9132E-02,0.017429925833928883
 4.9155E-02,0.01423849846786815
 4.9178E-02,0.011060233607895969
 4.9200E-02,0.008033999387639998
 4.9223E-02,0.0052922535955702
 4.9245E-02,0.002955246143112808
 4.9268E-02,0.0011256622586191143
 4.9291E-02,-0.00011602310452863405
 4.9313E-02,-0.0007152095226890322
 4.9336E-02,-0.0006456323487954841
 4.9358E-02,8.950989853725446e-05
 4.9381E-02,0.001457786330544632
 4.9404E-02,0.0033990572757659496
 4.9426E-02,0.005828172484706393
 4.9449E-02,0.008638707407136369
 4.9471E-02,0.011707595521727227
 4.9494E-02,0.014900496716316497
 4.9517E-02,0.018077699035132313
 4.9539E-02,0.021100293201025022
 4.9562E-02,0.023836311942964754
 4.9584E-02,0.026166515472923615
 4.9607E-02,0.027989540559108187
 4.9630E-02,0.02922620081401457
 4.9652E-02,0.029822801773225053
 4.9675E-02,0.029753389045626258
 4.9697E-02,0.029020871380452617
 4.9720E-02,0.027656965304860226
 4.9743E-02,0.025720919868757894
 4.9765E-02,0.023297021095055118
 4.9788E-02,0.020490949620452815
 4.9810E-02,0.017425153817860316
 4.9833E-02,0.01423347532948566
 4.9856E-02,0.011055301380524402
 4.9878E-02,0.00802951479805107
 4.9901E-02,0.005288485112760023
 4.9923E-02,0.0029523182401809366
 4.9946E-02,0.0011235760466816371
 4.9969E-02,-0.0001173105869362531
 4.9991E-02,-0.0007157003510066209
 5.0014E-02,-0.0006452521522766035
 5.0036E-02,9.08750444601345e-05
 5.0059E-02,0.0014602035158764455
 5.0082E-02,0.0034024653085546197
 5.0104E-02,0.00583235743718765
 5.0127E-02,0.008643352635582071
 5.0149E-02,0.011712378389213145
 5.0172E-02,0.014905176287213254
 5.0195E-02,0.01808214548272303
 5.0217E-02,0.021104446356276976
 5.0240E-02,0.02384010043189442
 5.0262E-02,0.02616979193472221
 5.0285E-02,0.027992077714900154
 5.0308E-02,0.029227754528353665
 5.0330E-02,0.029823204886051696
 5.0353E-02,0.029752620019940407
 5.0375E-02,0.029019056861046246
 5.0398E-02,0.027654315957214827
 5.0421E-02,0.025717639186318253
 5.0443E-02,0.023293242225806268
 5.0466E-02,0.020486736402444312
 5.0488E-02,0.017420561206239808
 5.0511E-02,0.014228626937287181
 5.0534E-02,0.011050431143521309
 5.0556E-02,0.008024942168507826
 5.0579E-02,0.005284534480634578
 5.0601E-02,0.002949227751287207
 5.0624E-02,0.0011214474285717669
 5.0647E-02,-0.00011849484279863949
 5.0669E-02,-0.0007160071671102663
 5.0692E-02,-0.000644721543426957
 5.0714E-02,9.226409236690438e-05
 5.0737E-02,0.0014625038297246692
 5.0760E-02,0.003405688222682889
 5.0782E-02,0.0058364028058622884
 5.0805E-02,0.008647988181823538
 5.0827E-02,0.011717284487199461
 5.0850E-02,0.014910032436199894
 5.0873E-02,0.01808670961648488
 5.0895E-02,0.02110858317338238
 5.0918E-02,0.023843746839988723
 5.0940E-02,0.02617288657140379
 5.0963E-02,0.027994503211908953
 5.0986E-02,0.029229332365046004
 5.1008E-02,0.029823749007150218
 5.1031E-02,0.02975201797653123
 5.1053E-02,0.02901732938888715
 5.1076E-02,0.027651618623719065
 5.1099E-02,0.02571420491412125
 5.1121E-02,0.023289299132412424
 5.1144E-02,0.020482449398249156
 5.1166E-02,0.017416029735486713
 5.1189E-02,0.014223935434027715
 5.1212E-02,0.011045715635335638
 5.1234E-02,0.008020426500308982
 5.1257E-02,0.005280508768200231
 5.1279E-02,0.002945977766278578
 5.1302E-02,0.0011191741877623182
 5.1325E-02,-0.00011971977815973555
 5.1347E-02,-0.0007162268888374874
 5.1370E-02,-0.0006440317178248465
 5.1392E-02,9.378432322461002e-05
 5.1415E-02,0.001464824823266235
 5.1438E-02,0.003408807310438689
 5.1460E-02,0.005840282396477686
 5.1483E-02,0.008652495834197256
 5.1505E-02,0.01172217567879121
 5.1528E-02,0.014914990803720024
 5.1551E-02,0.018091424313853074
 5.1573E-02,0.021112820433919762
 5.1596E-02,0.023847376743808935
 5.1618E-02,0.026175853853043572
 5.1641E-02,0.027996765321611498
 5.1664E-02,0.02923080756000587
 5.1686E-02,0.029824309954203404
 5.1709E-02,0.029751536931592246
 5.1731E-02,0.029015747959846502
 5.1754E-02,0.02764899903884863
 5.1777E-02,0.02571073049835884
 5.1799E-02,0.02328522244157667
 5.1822E-02,0.02047801794343075
 5.1844E-02,0.017411431957122588
 5.1867E-02,0.014219295903129033
 5.1890E-02,0.01104113715379252
 5.1912E-02,0.008016047433580852
 5.1935E-02,0.005276534717710904
 5.1957E-02,0.0029426630713728767
 5.1980E-02,0.00111676033870104
 5.2003E-02,-0.00012107461553071482
 5.2025E-02,-0.0007164871022225058
 5.2048E-02,-0.0006432708297554239
 5.2070E-02,9.543946991498865e-05
 5.2093E-02,0.0014672570367186624
 5.2116E-02,0.0034119409193716977
 5.2138E-02,0.005844066349180132
 5.2161E-02,0.008656851634409265
 5.2183E-02,0.011726946302790621
 5.2206E-02,0.014919926623099414
 5.2229E-02,0.01809621943310419
 5.2251E-02,0.021117181832078103
 5.2274E-02,0.023851088441828136
 5.2296E-02,0.026178801475845954
 5.2319E-02,0.027998910822997068
 5.2342E-02,0.029232134270287653
 5.2364E-02,0.029824775599341827
 5.2387E-02,0.0297510661202317
 5.2409E-02,0.029014269891113054
 5.2432E-02,0.0276465070436297
 5.2455E-02,0.025707325644631414
 5.2477E-02,0.0232811126272645
 5.2500E-02,0.020473470779312303
 5.2522E-02,0.01740670751753803
 5.2545E-02,0.014214596914503379
 5.2568E-02,0.01103660247575888
 5.2590E-02,0.008011787283048251
 5.2613E-02,0.005272680144398738
 5.2635E-02,0.0029393937653379655
 5.2658E-02,0.0011142889586501377
 5.2681E-02,-0.00012255573760650983
 5.2703E-02,-0.0007168670610311052
 5.2726E-02,-0.0006425537639751128
 5.2748E-02,9.714726960641197e-05
 5.2771E-02,0.001469797756085387
 5.2794E-02,0.003415162683554236
 5.2816E-02,0.005847853724679711
 5.2839E-02,0.008661113313695033
 5.2861E-02,0.0117315716131591
 5.2884E-02,0.01492474244765668
 5.2907E-02,0.018100979180944284
 5.2929E-02,0.021121598301835454
 5.2952E-02,0.02385489517149148
 5.2974E-02,0.026181809430328377
 5.2997E-02,0.028001030004877882
 5.3020E-02,0.02923335121940232
 5.3042E-02,0.029825104383986306
 5.3065E-02,0.029750505790156586
 5.3087E-02,0.029012796082824848
 5.3110E-02,0.027644103004216478
 5.3133E-02,0.025704032445178222
 5.3155E-02,0.023277065615771735
 5.3178E-02,0.020468897181382176
 5.3200E-02,0.01740188352848391
 5.3223E-02,0.014209787011542872
 5.3246E-02,0.011032013910276098
 5.3268E-02,0.008007562608910465
 5.3291E-02,0.005268926708899215
 5.3313E-02,0.002936226339316982
 5.3336E-02,0.001111854179995244
 5.3359E-02,-0.00012409225443882062
 5.3381E-02,-0.0007173660349419675
 5.3404E-02,-0.0006419541578277893
 5.3426E-02,9.880039465545601e-05
 5.3449E-02,0.001472366018353992
 5.3472E-02,0.003418460207030263
 5.3494E-02,0.005851699158617067
 5.3517E-02,0.008665358620925509
 5.3539E-02,0.011736093734857041
 5.3562E-02,0.014929407783800756
 5.3585E-02,0.01810560809034245
 5.3607E-02,0.021125956849575078
 5.3630E-02,0.0238587242634179
 5.3652E-02,0.026184878030950265
 5.3675E-02,0.028003183928406426
 5.3698E-02,0.029234531352068667
 5.3720E-02,0.029825326531938638
 5.3743E-02,0.029749817227634433
 5.3765E-02,0.029011237193264882
 5.3788E-02,0.027641698052029703
 5.3811E-02,0.02570081431434746
 5.3833E-02,0.023273117289593033
 5.3856E-02,0.020464381548358283
 5.3878E-02,0.017397039717906126
 5.3901E-02,0.014204891687652585
 5.3924E-02,0.011027327107981303
 5.3946E-02,0.008003286645871582
 5.3969E-02,0.00526519810047732
 5.3991E-02,0.002933140093328598
 5.4014E-02,0.0011095002453370883
 5.4037E-02,-0.00012560721547892379
 5.4059E-02,-0.0007179281684215023
 5.4082E-02,-0.00064147941692975
 5.4104E-02,0.00010032347927492729
 5.4127E-02,0.0014748538394731513
 5.4150E-02,0.0034217461628829023
 5.4172E-02,0.0058555742155493385
 5.4195E-02,0.00866961780004832
 5.4217E-02,0.011740563503583818
 5.4240E-02,0.014933942155842447
 5.4263E-02,0.01811006119342696
 5.4285E-02,0.021130154384092093
 5.4308E-02,0.023862456696815963
 5.4330E-02,0.02618792450895118
 5.4353E-02,0.028005356434683763
 5.4376E-02,0.02923571560638509
 5.4398E-02,0.029825497457587894
 5.4421E-02,0.029749021709123653
 5.4443E-02,0.0290095561615997
 5.4466E-02,0.027639211781389283
 5.4489E-02,0.025697591818781625
 5.4511E-02,0.023269234706295015
 5.4534E-02,0.020459955421511716
 5.4556E-02,0.01739225110010092
 5.4579E-02,0.014199982182644236
 5.4602E-02,0.011022564974197803
 5.4624E-02,0.007998919145326924
 5.4647E-02,0.005261414288335067
 5.4669E-02,0.0029300615354512696
 5.4692E-02,0.0011072001488389089
 5.4715E-02,-0.00012707271582232892
 5.4737E-02,-0.0007184991667086847
 5.4760E-02,-0.0006410967701479427
 5.4782E-02,0.00010169001302213717
 5.4805E-02,0.001477171029164008
 5.4828E-02,0.0034248981826996592
 5.4850E-02,0.0058593721594173975
 5.4873E-02,0.008673834381367786
 5.4895E-02,0.011744975112580344
 5.4918E-02,0.014938356973952458
 5.4941E-02,0.018114321354034985
 5.4963E-02,0.021134116346760164
 5.4986E-02,0.02386596720143638
 5.5008E-02,0.026190811789866136
 5.5031E-02,0.028007446468496365
 5.5054E-02,0.029236867046482713
 5.5076E-02,0.0298256364444803
 5.5099E-02,0.029748156792518646
 5.5121E-02,0.029007765005451443
 5.5144E-02,0.027636608164458027
 5.5167E-02,0.025694293022206265
 5.5189E-02,0.02326534823964224
 5.5212E-02,0.0204555909397224
 5.5234E-02,0.01738754677847808
 5.5257E-02,0.014195125255527869
 5.5280E-02,0.011017789378627374
 5.5302E-02,0.00799447695755148
 5.5325E-02,0.005257533375865202
 5.5347E-02,0.0029269101265090754
 5.5370E-02,0.0011048750244367707
 5.5393E-02,-0.00012853145419526894
 5.5415E-02,-0.0007190790322669173
 5.5438E-02,-0.0006407894356020626
 5.5460E-02,0.00010289111075534481
 5.5483E-02,0.0014792503410643132
 5.5506E-02,0.0034277880111074667
 5.5528E-02,0.0058629328125951174
 5.5551E-02,0.008677859210326575
 5.5573E-02,0.011749221024760656
 5.5596E-02,0.014942586409388219
 5.5619E-02,0.018118335244378194
 5.5641E-02,0.021137763122147758
 5.5664E-02,0.023869127312039894
 5.5686E-02,0.026193371957415286
 5.5709E-02,0.02800928389705562
 5.5732E-02,0.029237857025686667
 5.5754E-02,0.029825681132039622
 5.5777E-02,0.029747218457713425
 5.5799E-02,0.029005883279621544
 5.5822E-02,0.027633890469526568
 5.5845E-02,0.025690883917755224
 5.5867E-02,0.0232613959980144
 5.5890E-02,0.020451230311309684
 5.5912E-02,0.017382905738404526
 5.5935E-02,0.014190347888644175
 5.5958E-02,0.011013056534957488
 5.5980E-02,0.00799000707767454
 5.6003E-02,0.005253557507360078
 5.6025E-02,0.002923630864466784
 5.6048E-02,0.001102429536149
 5.6071E-02,-0.00013008553506609261
 5.6093E-02,-0.0007197487993453725
 5.6116E-02,-0.0006406136399010794
 5.6138E-02,0.0001038722076368814
 5.6161E-02,0.0014810032509481315
 5.6184E-02,0.003430267483872866
 5.6206E-02,0.00586604894877035
 5.6229E-02,0.008681452908639633
 5.6251E-02,0.01175306692450796
 5.6274E-02,0.014946426849421076
 5.6297E-02,0.01812193009593737
 5.6319E-02,0.021140930084933906
 5.6342E-02,0.023871752332018353
 5.6364E-02,0.02619538743873725
 5.6387E-02,0.02801063220820551
 5.6410E-02,0.029238465403991363
 5.6432E-02,0.0298254655713431
 5.6455E-02,0.029746114288514716
 5.6477E-02,0.02900388243972539
 5.6500E-02,0.027631061498595927
 5.6523E-02,0.02568736221095581
 5.6545E-02,0.02325735043628927
 5.6568E-02,0.020446826146417536
 5.6590E-02,0.01737828471521101
 5.6613E-02,0.014185635014112172
 5.6636E-02,0.011008385639862873
 5.6658E-02,0.00798554459634588
 5.6681E-02,0.005249503822982263
 5.6703E-02,0.00292019200763733
 5.6726E-02,0.001099771205889973
 5.6749E-02,-0.00013187688594349322
 5.6771E-02,-0.0007206754784412076
 5.6794E-02,-0.0006407414090153867
 5.6816E-02,0.00010445845421750961
 5.6839E-02,0.0014822349970290368
 5.6862E-02,0.003432096827990528
 5.6884E-02,0.005868419202872514
 5.6907E-02,0.008684255790734754
 5.6929E-02,0.011756117227593638
 5.6952E-02,0.01494947656865321
 5.6975E-02,0.01812472000916366
 5.6997E-02,0.021143252398417217
 5.7020E-02,0.023873489466898407
 5.7042E-02,0.02619650604430008
 5.7065E-02,0.028011139421523928
 5.7088E-02,0.02923835749864936
 5.7110E-02,0.02982470197797736
 5.7133E-02,0.029744631530697146
 5.7155E-02,0.029001636358278685
 5.7178E-02,0.027628069587229232
 5.7201E-02,0.025683719977047718
 5.7223E-02,0.023253212936604338
 5.7246E-02,0.02044236681341343
 5.7268E-02,0.017373656394119228
 5.7291E-02,0.014180955850083648
 5.7314E-02,0.011003756060780882
 5.7336E-02,0.007981080481713324
 5.7359E-02,0.005245358673075282
 5.7381E-02,0.002916546762907322
 5.7404E-02,0.0010967917236735824
 5.7427E-02,-0.00013409160696462182
 5.7449E-02,-0.0007221224001088644
 5.7472E-02,-0.0006415003984790991
 5.7494E-02,0.00010427285109055402
 5.7517E-02,0.0014825266655510343
 5.7540E-02,0.0034328115713052844
 5.7562E-02,0.005869522890730555
 5.7585E-02,0.00868568201897043
 5.7607E-02,0.011757721894829055
 5.7630E-02,0.014951035485263834
 5.7653E-02,0.018125979400590124
 5.7675E-02,0.021144006930856853
 5.7698E-02,0.02387364214873999
 5.7720E-02,0.026196074219863336
 5.7743E-02,0.02801020511642202
 5.7766E-02,0.029236994934648725
 5.7788E-02,0.029822926606367813
 5.7811E-02,0.02974239755554764
 5.7833E-02,0.028998877911789685
 5.7856E-02,0.027624756177175594
 5.7879E-02,0.025679892560885622
 5.7901E-02,0.02324898175104506
 5.7924E-02,0.02043787548565805
 5.7946E-02,0.017369036333599243
 5.7969E-02,0.014176300080709098
 5.7992E-02,0.010999128342916902
 5.8014E-02,0.007976550496902608
 5.8037E-02,0.005241033743188723
 5.8059E-02,0.002912570688750857
 5.8082E-02,0.0010933037526602992
 5.8105E-02,-0.0001370148194474194
 5.8127E-02,-0.0007245032660393708
 5.8150E-02,-0.0006434478172844624
 5.8172E-02,0.00010262075484686588
 5.8195E-02,0.0014810686892655707
 5.8218E-02,0.003431513950011652
 5.8240E-02,0.005868391558601884
 5.8263E-02,0.008684693745864905
 5.8285E-02,0.011756762911229868
 5.8308E-02,0.014949896519107261
 5.8331E-02,0.018124421500723503
 5.8353E-02,0.021141863916625432
 5.8376E-02,0.02387089689262031
 5.8398E-02,0.026192859734096262
 5.8421E-02,0.028006729371141514
 5.8444E-02,0.02923343617691071
 5.8466E-02,0.029819360197071446
 5.8489E-02,0.029738789389551195
 5.8511E-02,0.02899513599289273
 5.8534E-02,0.027620801292424422
 5.8557E-02,0.025675706184776645
 5.8579E-02,0.02324460908346298
 5.8602E-02,0.020433389452531765
 5.8624E-02,0.017364490727104567
 5.8647E-02,0.01417170592288477
 5.8670E-02,0.0109944714905795
 5.8692E-02,0.007971837504234303
 5.8715E-02,0.005236328020509945
 5.8737E-02,0.0029079830877165496
 5.8760E-02,0.0010889332302778888
 5.8783E-02,-0.00014115506292734325
 5.8805E-02,-0.0007285209736423073
 5.8828E-02,-0.0006475354256311388
 5.8850E-02,9.827890807692294e-05
 5.8873E-02,0.0014763881278575567
 5.8896E-02,0.003426537056826051
 5.8918E-02,0.0058632248700992455
 5.8941E-02,0.008679391896261095
 5.8963E-02,0.011751238759213327
 5.8986E-02,0.014943929190675442
 5.9009E-02,0.01811777381889466
 5.9031E-02,0.0211344443134278
 5.9054E-02,0.02386286259251238
 5.9076E-02,0.026184590052870233
 5.9099E-02,0.02799868111723139
 5.9122E-02,0.029225967608168302
 5.9144E-02,0.02981262276891373
 5.9167E-02,0.029732733739338692
 5.9189E-02,0.028989604753208862
 5.9212E-02,0.02761563827799127
 5.9235E-02,0.025670818516274486
 5.9257E-02,0.023239958920173758
 5.9280E-02,0.02042893646690059
 5.9302E-02,0.017360134254932318
 5.9325E-02,0.014167275047391337
 5.9348E-02,0.010989779151374897
 5.9370E-02,0.007966765628055407
 5.9393E-02,0.005230878129689039
 5.9415E-02,0.0029022410190899335
 5.9438E-02,0.0010829553414464746
 5.9461E-02,-0.00014746284673822023
 5.9483E-02,-0.0007354402386504651
 5.9506E-02,-0.0006554437337607269
 5.9528E-02,8.908636932800215e-05
 5.9551E-02,0.0014658535117766996
 5.9574E-02,0.0034148625664818903
 5.9596E-02,0.005850732944192449
 5.9619E-02,0.00866630270826028
 5.9641E-02,0.011737513582544441
 5.9664E-02,0.014929301966408603
 5.9687E-02,0.0181019769964144
 5.9709E-02,0.0211174989893248
 5.9732E-02,0.023845243794699603
 5.9754E-02,0.026167147743024876
 5.9777E-02,0.027982353915888093
 5.9800E-02,0.029211457577276344
 5.9822E-02,0.029800212115816762
 5.9845E-02,0.029722317612127524
 5.9867E-02,0.028980875789213704
 5.9890E-02,0.027608284975170302
 5.9913E-02,0.025664622882465918
 5.9935E-02,0.023234761834472734
 5.9958E-02,0.020424523343201773
 5.9980E-02,0.017356138640043917
 6.0003E-02,0.014163185595453084
 6.0026E-02,0.010985067346843243
 6.0048E-02,0.007961060161593154
 6.0071E-02,0.005224059112367191
 6.0093E-02,0.0028943638724491195
 6.0116E-02,0.001074029418373972
 6.0139E-02,-0.0001576987423873666
 6.0161E-02,-0.0007475745709248237
 6.0184E-02,-0.0006702048417627111
 6.0206E-02,7.117369234835367e-05
 6.0229E-02,0.001444755547466568
 6.0252E-02,0.0033910664704643444
 6.0274E-02,0.005824969826474562
 6.0297E-02,0.008639121179505571
 6.0319E-02,0.011708984342347913
 6.0342E-02,0.014899078443961608
 6.0365E-02,0.018069716559188993
 6.0387E-02,0.021083397340104535
 6.0410E-02,0.023810330242856795
 6.0432E-02,0.02613312369494084
 6.0455E-02,0.02795104943911553
 6.0478E-02,0.029184223137205135
 6.0500E-02,0.02977758228613301
 6.0523E-02,0.02970408185501103
 6.0545E-02,0.02896643174087425
 6.0568E-02,0.027597012539329436
 6.0591E-02,0.02565606318571965
 6.0613E-02,0.023228543960137876
 6.0636E-02,0.020420142704318234
 6.0658E-02,0.017352775586785288
 6.0681E-02,0.014159726467799689
 6.0704E-02,0.010980357801527039
 6.0726E-02,0.007954246847786771
 6.0749E-02,0.005214778256724788
 6.0771E-02,0.002882606811827685
 6.0794E-02,0.001059732626254821
 6.0817E-02,-0.00017507244012155733
 6.0839E-02,-0.0007691438799989336
 6.0862E-02,-0.0006973238210444871
 6.0884E-02,3.7552932532453434e-05
 6.0907E-02,0.0014046180653263947
 6.0930E-02,0.003345392665557888
 6.0952E-02,0.005775224180344088
 6.0975E-02,0.00858646038999868
 6.0997E-02,0.011653702209037465
 6.1020E-02,0.014840703582589175
 6.1043E-02,0.01800777406501501
 6.1065E-02,0.021018382476099794
 6.1088E-02,0.02374424823166589
 6.1110E-02,0.02606919452112571
 6.1133E-02,0.027892711382936003
 6.1156E-02,0.029134013713694513
 6.1178E-02,0.029736514758717247
 6.1201E-02,0.029671769258580363
 6.1223E-02,0.02894173476564075
 6.1246E-02,0.02757873256543645
 6.1269E-02,0.025643280545027198
 6.1291E-02,0.02322049047252536
 6.1314E-02,0.02041579517560847
 6.1336E-02,0.017350517655741075
 6.1359E-02,0.014157381817222698
 6.1382E-02,0.010975655298657546
 6.1404E-02,0.007945456708408604
 6.1427E-02,0.005201075299257861
 6.1449E-02,0.002863844005103695
 6.1472E-02,0.0010357048779662185
 6.1495E-02,-0.000205391364500158
 6.1517E-02,-0.0008078067040191311
 6.1540E-02,-0.0007467903992229623
 6.1562E-02,-2.4430254033862395e-05
 6.1585E-02,0.0013301290282094246
 6.1608E-02,0.003260247165844544
 6.1630E-02,0.005682189611772829
 6.1653E-02,0.008487784207915391
 6.1675E-02,0.011550093301030608
 6.1698E-02,0.014731490575609223
 6.1721E-02,0.017892267116448132
 6.1743E-02,0.020897625974120534
 6.1766E-02,0.02362199712839475
 6.1788E-02,0.025951385250382753
 6.1811E-02,0.027785662732395827
 6.1834E-02,0.029042398867609138
 6.1856E-02,0.02966222209597578
 6.1879E-02,0.02961411296042118
 6.1901E-02,0.028898618978547657
 6.1924E-02,0.027547909043459964
 6.1947E-02,0.025622975305689393
 6.1969E-02,0.0232091908344573
 6.1992E-02,0.020411525417848006
 6.2014E-02,0.017350227405033232
 6.2037E-02,0.014156998661259365
 6.2060E-02,0.010970919243149194
 6.2082E-02,0.007933072092869614
 6.2105E-02,0.005179380099301609
 6.2127E-02,0.0028324203104025296
 6.2150E-02,0.0009940674123373576
 6.2173E-02,-0.00025916355275129154
 6.2195E-02,-0.0008774423656507542
 6.2218E-02,-0.0008367172808818404
 6.2240E-02,-0.0001377028492333288
 6.2263E-02,0.0011935853234140196
 6.2286E-02,0.0031038441503430077
 6.2308E-02,0.005511021735751529
 6.2331E-02,0.008306041835997518
 6.2353E-02,0.01135922700302592
 6.2376E-02,0.014530487923461049
 6.2399E-02,0.017680089300200087
 6.2421E-02,0.020676344804837602
 6.2444E-02,0.023398537776379853
 6.2466E-02,0.025736567790600896
 6.2489E-02,0.027590965911744016
 6.2512E-02,0.02887631413040222
 6.2534E-02,0.029528201779448926
 6.2557E-02,0.029510939292567137
 6.2579E-02,0.028822485601903623
 6.2602E-02,0.027494677851564245
 6.2625E-02,0.02558931284050445
 6.2647E-02,0.02319220646902082
 6.2670E-02,0.02040749090676496
 6.2692E-02,0.01735349027074715
 6.2715E-02,0.01416007838865829
 6.2738E-02,0.01096600135635629
 6.2760E-02,0.007914071505863303
 6.2783E-02,0.005143141738306247
 6.2805E-02,0.0027780255618814176
 6.2828E-02,0.0009204929986539909
 6.2851E-02,-0.00035548329551261327
 6.2873E-02,-0.0010032647026043755
 6.2896E-02,-0.00099998912246315
 6.2918E-02,-0.00034384377954064355
 6.2941E-02,0.0009448162000537182
 6.2964E-02,0.0028186962151857823
 6.2986E-02,0.005198766299888271
 6.3009E-02,0.007974333014863437
 6.3031E-02,0.011010829335661746
 6.3054E-02,0.014163796690041032
 6.3077E-02,0.01729350527188408
 6.3099E-02,0.0202738741770322
 6.3122E-02,0.022992871485003518
 6.3144E-02,0.025347321589153135
 6.3167E-02,0.027238860809438128
 6.3190E-02,0.028576648551499516
 6.3212E-02,0.02928719171190623
 6.3235E-02,0.02932638683039498
 6.3257E-02,0.02868749835414101
 6.3280E-02,0.02740169761796463
 6.3303E-02,0.025532152915539046
 6.3325E-02,0.023165427904915308
 6.3348E-02,0.020404144635893396
 6.3370E-02,0.017363202285965024
 6.3393E-02,0.014169240074519434
 6.3416E-02,0.01096044551910546
 6.3438E-02,0.007882749280213213
 6.3461E-02,0.005080243596892758
 6.3483E-02,0.002681717132005564
 6.3506E-02,0.0007887271251788357
 6.3529E-02,-0.0005292924277144964
 6.3551E-02,-0.0012313417621711603
 6.3574E-02,-0.0012965588918351064
 6.3596E-02,-0.0007184668312085769
 6.3619E-02,0.0004928013901990018
 6.3642E-02,0.0023007099340495328
 6.3664E-02,0.004631577421823053
 6.3687E-02,0.00737176249746669
 6.3709E-02,0.010377974049430909
 6.3732E-02,0.013498059327958155
 6.3755E-02,0.016592459695376392
 6.3777E-02,0.019545219541663102
 6.3800E-02,0.022259807902612203
 6.3822E-02,0.02464528211517137
 6.3845E-02,0.026605061216243477
 6.3868E-02,0.028038455707529036
 6.3890E-02,0.028855653399649583
 6.3913E-02,0.028997464873719545
 6.3935E-02,0.028448693021009226
 6.3958E-02,0.0272392007144574
 6.3981E-02,0.02543448123263345
 6.4003E-02,0.023122363509518767
 6.4026E-02,0.02040278692194545
 6.4048E-02,0.017384622956268334
 6.4071E-02,0.014188863587261897
 6.4094E-02,0.010952818863469006
 6.4116E-02,0.007828043100257068
 6.4139E-02,0.004967940716125774
 6.4161E-02,0.0025082770100592396
 6.4184E-02,0.0005501112422364833
 6.4207E-02,-0.0008452356278349812
 6.4229E-02,-0.0016466652263981973
 6.4252E-02,-0.0018365726360748363
 6.4274E-02,-0.001399828662009604
 6.4297E-02,-0.00032815678034326594
 6.4320E-02,0.0013610230687402414
 6.4342E-02,0.003603326304518285
 6.4365E-02,0.006279665272472331
 6.4387E-02,0.009231269824493103
 6.4410E-02,0.012292644909077282
 6.4433E-02,0.01532500317955162
 6.4455E-02,0.018230681828464983
 6.4478E-02,0.02094062077258477
 6.4500E-02,0.02338520075043558
 6.4523E-02,0.025470482062004824
 6.4546E-02,0.02707787838876649
 6.4568E-02,0.028088400111938444
 6.4591E-02,0.02841597334592784
 6.4613E-02,0.02803020529948528
 6.4636E-02,0.02695833532585112
 6.4659E-02,0.02526968506805276
 6.4681E-02,0.023054211426759934
 6.4704E-02,0.020407227517615176
 6.4726E-02,0.017427241437435164
 6.4749E-02,0.014225638024972388
 6.4772E-02,0.010938514470324165
 6.4794E-02,0.007727522453045185
 6.4817E-02,0.00476240212409902
 6.4839E-02,0.002190888556024141
 6.4862E-02,0.0001127820131866103
 6.4885E-02,-0.0014250245716518949
 6.4907E-02,-0.002408514885540388
 6.4930E-02,-0.0028249725628997006
 6.4952E-02,-0.0026430490344161984
 6.4975E-02,-0.0018214751502051555
 6.4998E-02,-0.0003441765446655881
 6.5020E-02,0.0017401170717618042
 6.5043E-02,0.0043021161005077305
 6.5065E-02,0.007155956215828624
 6.5088E-02,0.010113727026055567
 6.5111E-02,0.013039395689064027
 6.5133E-02,0.01586828641703387
 6.5156E-02,0.01857931105072512
 6.5178E-02,0.021139038261645763
 6.5201E-02,0.023456621875036415
 6.5224E-02,0.02538092446608773
 6.5246E-02,0.026741231916323882
 6.5269E-02,0.027404033029144025
 6.5291E-02,0.027311746471511366
 6.5314E-02,0.026486110452597286
 6.5337E-02,0.025002333135612783
 6.5359E-02,0.022953887179303595
 6.5382E-02,0.020428545351025798
 6.5404E-02,0.017507788532031054
 6.5427E-02,0.01428747298050973
 6.5450E-02,0.01090258243382903
 6.5472E-02,0.007532726382140311
 6.5495E-02,0.004375589467620665
 6.5517E-02,0.0015985699034948143
 6.5540E-02,-0.0007018732598737844
 6.5563E-02,-0.0025041652506117415
 6.5585E-02,-0.0038226779608849094
 6.5608E-02,-0.004650554738348827
 6.5630E-02,-0.004925504679108304
 6.5653E-02,-0.0045476613239687595
 6.5676E-02,-0.003443755935367535
 6.5698E-02,-0.0016377222194955412
 6.5721E-02,0.0007217415002908226
 6.5743E-02,0.0034026128219253327
 6.5766E-02,0.00618167282757584
 6.5789E-02,0.00893189324863558
 6.5811E-02,0.01164773771727783
 6.5834E-02,0.014389494836758861
 6.5856E-02,0.017181941530073536
 6.5879E-02,0.019934823490297522
 6.5902E-02,0.022437674339458324
 6.5924E-02,0.024429475040379844
 6.5947E-02,0.02569452979054445
 6.5969E-02,0.02612694941382365
 6.5992E-02,0.025736370736619107
 6.6015E-02,0.02460570644582685
 6.6037E-02,0.02283392293638796
 6.6060E-02,0.02049782429856843
 6.6082E-02,0.01765338328260244
 6.6105E-02,0.014373980927802656
 6.6128E-02,0.01079586682940856
 6.6150E-02,0.007130106474949496
 6.6173E-02,0.003619949901039231
 6.6195E-02,0.00046232491179326856
 6.6218E-02,-0.002255550637956076
 6.6241E-02,-0.004555486383690254
 6.6263E-02,-0.006495585799986256
 6.6286E-02,-0.008070666642506639
 6.6308E-02,-0.009157786144076358
 6.6331E-02,-0.009554497902899495
 6.6354E-02,-0.009094280203002288
 6.6376E-02,-0.0077665229342946795
 6.6399E-02,-0.0057575638240487765
 6.6421E-02,-0.003374191701121251
 6.6444E-02,-0.0008882532938524453
 6.6467E-02,0.0016003693968857612
 6.6489E-02,0.004190521862785309
 6.6512E-02,0.007073450512196087
 6.6534E-02,0.010358341320691012
 6.6557E-02,0.01394203042522373
 6.6580E-02,0.0175058015617192
 6.6602E-02,0.020634076735184723
 6.6625E-02,0.022971635762875385
 6.6647E-02,0.024327155326820588
 6.6670E-02,0.024682789912813082
 6.6693E-02,0.02412913094898496
 6.6715E-02,0.02277561161811037
 6.6738E-02,0.02068837053210124
 6.6760E-02,0.017892147894517568
 6.6783E-02,0.014434489379388637
 6.6806E-02,0.01046121559934915
 6.6828E-02,0.006235647564915883
 6.6851E-02,0.002068957211327724
 6.6873E-02,-0.0018048251852573406
 6.6896E-02,-0.005322194381833774
 6.6919E-02,-0.0085741240872949
 6.6941E-02,-0.011674981615954698
 6.6964E-02,-0.014597922922444278
 6.6986E-02,-0.01709958749938602
 6.7009E-02,-0.01880524818711759
 6.7032E-02,-0.01941064263549484
 6.7054E-02,-0.018870380057331777
 6.7077E-02,-0.017441764353348217
 6.7099E-02,-0.01553851581390653
 6.7122E-02,-0.013477690927877312
 6.7145E-02,-0.011284172186632965
 6.7167E-02,-0.008684266041332565
 6.7190E-02,-0.005299781889859256
 6.7212E-02,-0.0009271536660791502
 6.7235E-02,0.00427096774293854
 6.7258E-02,0.009779463423836744
 6.7280E-02,0.01492665188059988
 6.7303E-02,0.01912766886018309
 6.7325E-02,0.022041708509110292
 6.7348E-02,0.023591518736223175
 6.7371E-02,0.023874156941668487
 6.7393E-02,0.023026437991799802
 6.7416E-02,0.021122400093881284
 6.7438E-02,0.018169336223020485
 6.7461E-02,0.014202709454671213
 6.7484E-02,0.009399040795664133
 6.7506E-02,0.004099546570329331
 6.7529E-02,-0.0013021664301133698
 6.7551E-02,-0.0065445498121702
 6.7574E-02,-0.011617879422157938
 6.7597E-02,-0.016706776436908762
 6.7619E-02,-0.02196317282877118
 6.7642E-02,-0.027259472780138065
 6.7664E-02,-0.03211837885067859
 6.7687E-02,-0.035900685766477765
 6.7710E-02,-0.038137263798138726
 6.7732E-02,-0.03878256286518012
 6.7755E-02,-0.038212103751865095
 6.7777E-02,-0.03694872112510363
 6.7800E-02,-0.03529037075751981
 6.7823E-02,-0.033087691707164045
 6.7845E-02,-0.029815612816301917
 6.7868E-02,-0.024896607113056773
 6.7890E-02,-0.018095263473419262
 6.7913E-02,-0.009757399051202523
 6.7936E-02,-0.0007502397791227713
 6.7958E-02,0.007840582026793873
 6.7981E-02,0.015061756285614486
 6.8000E-02,0.01966785026185542
