67,0.0
67,5.969648648758699e-05
67,5.969648648758699e-05
67,5.9695599575459414e-05
67,5.965820581978008e-05
67,5.955127320027865e-05
67,5.936228587675728e-05
67,5.917344335458957e-05
67,5.923920764123667e-05
67,5.9818142474672416e-05
67,6.104188361846917e-05
67,6.303284539694594e-05
67,6.598499643469509e-05
67,7.003139168057058e-05
67,7.508099266096527e-05
67,8.079318017020792e-05
67,8.670269564526612e-05
67,9.239302253411267e-05
67,9.757414030900828e-05
67,0.00010202875657576483
67,0.00010558478704725653
67,0.0001081824077887203
67,0.00010979798351206707
67,0.00011028070700010863
67,0.00010944489566111734
67,0.0001073121653695678
67,0.00010422518791592449
67,0.00010071717152794833
67,9.717297702441956e-05
67,9.365718879188554e-05
67,9.01004769695484e-05
67,8.651915108584605e-05
67,8.307222225429499e-05
67,8.00825669942574e-05
67,7.803426961985558e-05
67,7.73617026014199e-05
67,7.809524864083316e-05
67,7.979129227287692e-05
67,8.191440479349426e-05
67,8.423751252331379e-05
67,8.679313532576422e-05
67,8.958342026548296e-05
67,9.259398944296278e-05
67,9.606382740946511e-05
67,0.00010046055857665568
67,0.0001059264210123897
67,0.00011165981225768488
67,0.0001160990938885471
67,0.00011801888826162276
67,0.0001173297193338577
67,0.00011472158698357934
67,0.00011088102494463267
67,0.00010618294428776316
67,0.00010078460742684324
67,9.477817176080849e-05
67,8.828700908444822e-05
67,8.15427439675117e-05
67,7.502871222868177e-05
67,6.951329039094628e-05
67,6.570144727529159e-05
67,6.371940402863474e-05
67,6.301821109318545e-05
67,6.289564019702692e-05
67,6.310171017874203e-05
67,6.391111932196777e-05
67,6.57529160310392e-05
67,6.89325723761889e-05
67,7.35565972407739e-05
67,7.937834144021258e-05
67,8.570558266517279e-05
67,9.173560641899542e-05
67,9.705212514491152e-05
67,0.00010165397769577038
67,0.00010554316487614392
67,0.00010863451796750129
67,0.0001111950921220693
67,0.00011397263490672295
67,0.00011747825076118286
67,0.0001211051947710168
67,0.0001232372057450073
67,0.00012246606298104427
67,0.00011853990682834951
67,0.00011206078826482472
67,0.00010377027704418754
67,9.440284681138372e-05
67,8.484406200969793e-05
67,7.610960707789347e-05
67,6.91166583150732e-05
67,6.445804487312588e-05
67,6.244758013645502e-05
67,6.331224352767882e-05
67,6.714359257806328e-05
67,7.362417160757248e-05
67,8.18474065342706e-05
67,9.051399012228554e-05
67,9.857374729204706e-05
67,0.00010580559785704571
67,0.00011268660977118636
67,0.00011974944969191437
67,0.00012714904570628664
67,0.0001346649413791133
67,0.00014199121605720316
67,0.00014910209528770608
67,0.00015611268352783858
67,0.00016252490014781638
67,0.0001670788727897331
67,0.00016882858603337516
67,0.00016801649015976846
67,0.00016558895693965421
67,0.0001621379644609613
67,0.00015745008776633308
67,0.00015097344623514272
67,0.00014260552248674383
67,0.00013283747152000204
67,0.000122332339464221
67,0.00011185604164248936
67,0.00010245689222741816
67,9.51769566598767e-05
67,9.058852042011594e-05
67,8.880382190236786e-05
67,8.989189351937898e-05
67,9.421186600758277e-05
67,0.00010223626802682745
67,0.00011403928550355664
67,0.00012903485790585054
67,0.00014602869327393585
67,0.00016336430306408703
67,0.0001793199101909495
67,0.00019281696757083425
67,0.00020388456945250814
67,0.00021321109735772568
67,0.000221092782144411
67,0.000227117386588699
67,0.00023108990805652328
67,0.00023388479323692172
67,0.00023681175770795033
67,0.00024000383762694914
67,0.00024192664107624377
67,0.00024083345794265952
67,0.00023622287214818775
67,0.00022851740575995642
67,0.00021800624769626224
67,0.00020478823488495298
67,0.00018951645385226554
67,0.00017377451134190853
67,0.0001595536652353247
67,0.0001483477267645825
67,0.00014094343900960708
67,0.00013795128762288518
67,0.00013998494881751276
67,0.00014713454107832756
67,0.00015852087278079124
67,0.00017261111217032517
67,0.0001880745472651565
67,0.00020431358287615296
67,0.00022117087169453185
67,0.00023830413987837426
67,0.0002549457868375462
67,0.0002700605564574052
67,0.0002827522470111939
67,0.0002929163465406769
67,0.00030139253746439796
67,0.00030888347400906185
67,0.0003147262437122566
67,0.00031738121352500404
67,0.0003162557633986608
67,0.00031239603897626974
67,0.0003071170523135448
67,0.0003003501870140808
67,0.0002906780953794268
67,0.0002769271575711653
67,0.0002593102851450702
67,0.00023892665853921216
67,0.00021690813544402362
67,0.00019459050823639917
67,0.0001738627769984606
67,0.00015669399200537583
67,0.00014455135088260645
67,0.00013840368782306952
67,0.00013896428040768093
67,0.00014671622936660716
67,0.0001616302141339744
67,0.00018283310088176527
67,0.00020853714778953605
67,0.00023632042514725867
67,0.00026374322804807076
67,0.0002890314565649784
67,0.00031129068892966867
67,0.00033003276796787664
67,0.0003445061043082319
67,0.00035368671483139815
67,0.0003573254892905875
67,0.0003571754775233348
67,0.0003564113983666202
67,0.00035684055975862425
67,0.00035704983099669725
67,0.0003541613316770363
67,0.0003468919759171733
67,0.0003359193050557368
67,0.0003218325443342345
67,0.0003040689587888827
67,0.000282078216232393
67,0.00025684667140513047
67,0.00023072356588467612
67,0.00020596608458239043
67,0.00018419734321992656
67,0.00016721112488245383
67,0.00015728312303895322
67,0.00015617809627717708
67,0.00016416372781118368
67,0.00018016322423392754
67,0.00020268245308820458
67,0.00023040624000188355
67,0.0002619712238609024
67,0.00029564692985794926
67,0.0003295574125639506
67,0.0003619932164034858
67,0.0003914614900189282
67,0.00041682554802910295
67,0.0004375596186673726
67,0.0004535095019674786
67,0.0004640993243242498
67,0.0004682961753761797
67,0.00046615327215927696
67,0.0004601003463158824
67,0.00045357477265373173
67,0.0004478203181257076
67,0.0004406471638887994
67,0.00042885116667263165
67,0.0004111055613660558
67,0.0003879870946791376
67,0.0003603555861454285
67,0.00032904289828876616
67,0.0002958678023751468
67,0.00026398312952198653
67,0.0002368795084101141
67,0.0002171611101770613
67,0.0002064200040272241
67,0.00020597628073397973
67,0.00021701626044112485
67,0.00023971505648091873
67,0.0002724004246732908
67,0.00031177994842328
67,0.0003541220488391068
67,0.000396338539510613
67,0.0004362381634091082
67,0.0004722060353729192
67,0.0005029140955761697
67,0.0005272706416518127
67,0.000544720168757846
67,0.0005559868409081487
67,0.0005632297299078868
67,0.0005683803579655703
67,0.0005710179095911366
67,0.0005688207549874067
67,0.0005605852313354241
67,0.0005478141730699023
67,0.0005326535271294999
67,0.0005150631107948057
67,0.000492865734306723
67,0.00046438408837604794
67,0.00043023980164468825
67,0.0003925075947204718
67,0.00035336734158096625
67,0.0003154397557679422
67,0.00028254814386430364
67,0.00025889728216533825
67,0.0002473857600029277
67,0.00024899645321999016
67,0.00026351374893909845
67,0.00029032021582806955
67,0.0003283098770701355
67,0.0003753136870194617
67,0.00042801743620410375
67,0.00048246570857626197
67,0.0005347456813106051
67,0.0005816431860202235
67,0.0006210422008995374
67,0.0006518292639256448
67,0.0006733273184358845
67,0.0006849719385687062
67,0.0006871514707711986
67,0.00068265627712574
67,0.0006761985576527219
67,0.0006708282178669807
67,0.0006649734137728323
67,0.0006543428694949081
67,0.0006363858768958034
67,0.0006115392430421222
67,0.000580697245039181
67,0.0005434528838548462
67,0.000499470790582334
67,0.0004507443265646404
67,0.0004016151178664343
67,0.0003566308573017578
67,0.00031925882794345056
67,0.0002926750677186992
67,0.00028037510257225703
67,0.0002849663819254574
67,0.0003065469282024805
67,0.00034260342094439796
67,0.00038942186939087194
67,0.00044349034594286815
67,0.0005016868786818442
67,0.0005607561550700692
67,0.0006173079931129769
67,0.0006683285485057348
67,0.0007115323902877496
67,0.0007456050412785798
67,0.0007704326040282381
67,0.0007867765495040233
67,0.0007951182019099555
67,0.0007949835845980739
67,0.0007863854946833582
67,0.0007717827232570396
67,0.0007550532363146423
67,0.0007377932391286898
67,0.0007174889976600122
67,0.0006900729428571771
67,0.0006535525442710552
67,0.0006085353911286691
67,0.0005565261700947706
67,0.000499463779079039
67,0.00044090501787574424
67,0.0003864355922343836
67,0.00034221130907821694
67,0.00031302548965901384
67,0.00030169897932321333
67,0.000309757899466896
67,0.0003377861139363459
67,0.0003847286769369664
67,0.00044705572443266205
67,0.0005190354273269248
67,0.0005943226740717034
67,0.000667596075710879
67,0.0007350258279540425
67,0.0007938482732927741
67,0.0008419536632317554
67,0.000877755727230808
67,0.0009005237833683042
67,0.0009115031447407375
67,0.0009145295454765305
67,0.0009139167004627196
67,0.0009108541412942149
67,0.0009028935587354031
67,0.0008875457445246747
67,0.0008651045578084092
67,0.0008370885923091734
67,0.0008030540299001737
67,0.0007604562089451662
67,0.0007078132558700992
67,0.0006470444727637058
67,0.0005823483386109845
67,0.0005180981054023045
67,0.00045889477208387145
67,0.00041051168289631335
67,0.0003790560593371066
67,0.00036883298409960626
67,0.0003811593336921198
67,0.0004149770469681295
67,0.00046806724451321747
67,0.0005372888056341352
67,0.0006180481970748167
67,0.000704392850232289
67,0.0007900468581243853
67,0.0008695957365966888
67,0.0009391546530479941
67,0.0009963902505840682
67,0.0010401595285615723
67,0.0010699072701568584
67,0.0010851501169556511
67,0.00108624902832128
67,0.0010764235669306894
67,0.001061776171721166
67,0.0010471848700264097
67,0.0010320294762729866
67,0.0010113026663682919
67,0.0009806702199382754
67,0.0009389875688426672
67,0.0008864547947237271
67,0.0008228343657660929
67,0.0007488383413149355
67,0.0006686006044664081
67,0.0005896052664045788
67,0.0005198204628410405
67,0.00046542787377994773
67,0.0004311917239206704
67,0.0004213304475608396
67,0.0004385749667113407
67,0.0004823920222550872
67,0.0005485540020662519
67,0.0006306146584676123
67,0.0007219123252404017
67,0.0008164192325189842
67,0.0009085222628815653
67,0.0009931171783112683
67,0.0010662866290059552
67,0.001125670470027954
67,0.0011704376055649366
67,0.0012013465966267249
67,0.0012203049046510335
67,0.001228782216206966
67,0.0012266492702766156
67,0.0012135711073268326
67,0.0011915051276662379
67,0.0011642851849802604
67,0.001133828089684446
67,0.0010975939609542756
67,0.0010507594491946282
67,0.0009904651115164756
67,0.0009173201161673452
67,0.0008339848242754003
67,0.000744405044214543
67,0.0006547508405519152
67,0.0005736556884146588
67,0.0005103022856112432
67,0.0004717945663367211
67,0.0004620592176174471
67,0.00048255345694898965
67,0.0005329189307516928
67,0.0006103928252485312
67,0.0007090240465309262
67,0.0008201924581533836
67,0.0009345065133629958
67,0.0010438236615279931
67,0.0011421363085982747
67,0.001225389337699249
67,0.0012910884912006283
67,0.0013379597754018071
67,0.0013659009991536999
67,0.0013769238291647483
67,0.0013760664709034892
67,0.0013694375854413946
67,0.0013597376673721217
67,0.0013444388892044422
67,0.0013193614152084815
67,0.0012829719952435702
67,0.001235995191742613
67,0.0011779610858691425
67,0.001106340205413878
67,0.001019858856990418
67,0.000921765933087959
67,0.0008191176915767949
67,0.0007198516747859063
67,0.0006317771396673595
67,0.0005633123858006691
67,0.0005227599297256266
67,0.000515733563339976
67,0.0005433409605114449
67,0.0006027320886519119
67,0.0006889504387145143
67,0.0007959779920324951
67,0.0009165424263923814
67,0.0010421850177769216
67,0.0011644430696986293
67,0.0012762873668096218
67,0.0013727886970481102
67,0.0014509929442552355
67,0.0015095641544677107
67,0.0015483167395815374
67,0.0015676036086745104
67,0.0015685941781407844
67,0.0015549592229180751
67,0.0015332307044188323
67,0.0015090274926995216
67,0.001482219279648014
67,0.0014471651093111069
67,0.001397984876992562
67,0.001332339092837826
67,0.0012504138665556863
67,0.001152919872842767
67,0.0010420913147764948
67,0.0009242517184764286
67,0.0008099730207598965
67,0.0007109506082759898
67,0.0006368352337894034
67,0.0005947227369239685
67,0.0005898632972842798
67,0.0006249605553601608
67,0.0006983622015366002
67,0.0008034143218521015
67,0.0009300740163067023
67,0.0010676350489297395
67,0.0012065364173317042
67,0.0013386676602503735
67,0.001457386329487332
67,0.0015579745015463257
67,0.0016378537286429703
67,0.0016963495628202758
67,0.0017347113177075754
67,0.001755976716989793
67,0.0017634050800797508
67,0.001758418766935958
67,0.0017408945463433057
67,0.0017116769388733732
67,0.001673268748544781
67,0.0016268633903038622
67,0.0015695497087017164
67,0.0014959163630988643
67,0.0014026219484686749
67,0.0012909669234576202
67,0.0011659087509074723
67,0.0010346259568111118
67,0.000906725513917677
67,0.0007942861472258506
67,0.0007097226050749273
67,0.0006625498383935339
67,0.0006576658123761179
67,0.000695934239321947
67,0.0007752523159821472
67,0.0008904238635311255
67,0.0010325666224276198
67,0.0011898022677139975
67,0.0013495333127959135
67,0.0015009168963595763
67,0.0016360615282204572
67,0.001749881919353321
67,0.0018395225535290946
67,0.0019037617700797822
67,0.0019426417007501547
67,0.0019582142617864703
67,0.001955878871148347
67,0.0019431615139263855
67,0.0019248947802302653
67,0.0018996759335390893
67,0.0018623081024058568
67,0.0018090833095930612
67,0.001739189663056783
67,0.0016518176841986058
67,0.0015446926622812427
67,0.0014171485114148888
67,0.001274135408287973
67,0.001126149025785543
67,0.0009856098279550755
67,0.0008643763304689094
67,0.0007738033298171398
67,0.0007242855029039782
67,0.0007227537935047338
67,0.0007703340573983029
67,0.0008624450686309588
67,0.0009909014403653394
67,0.001145799304278954
67,0.001316049852765176
67,0.0014897290350708867
67,0.0016555002142085071
67,0.0018044494291238587
67,0.0019309256700352545
67,0.00203214394194865
67,0.002107373684568146
67,0.0021571799513903657
67,0.002182645819790933
67,0.002185326307690398
67,0.0021687105032938093
67,0.0021390618728051015
67,0.0021024034420670567
67,0.0020594453915842802
67,0.0020045850207044916
67,0.0019306248296581422
67,0.0018335962363698437
67,0.0017131842367336654
67,0.0015711789273089088
67,0.0014121351795044214
67,0.001245656329632992
67,0.0010864499632764271
67,0.0009507832280800633
67,0.0008523078409292419
67,0.0008005189414787092
67,0.0008012677841643221
67,0.0008565925109308854
67,0.0009632960577348716
67,0.001112221276523843
67,0.0012897858989857022
67,0.0014811161497309184
67,0.001672656610043202
67,0.0018531186584595629
67,0.0020136682023323194
67,0.002148318106847437
67,0.002254076447027474
67,0.0023305047716663117
67,0.0023794679869407415
67,0.0024050678930664935
67,0.002412208800515088
67,0.0024038700447713787
67,0.00238015720079802
67,0.0023405344899872006
67,0.0022857908950703527
67,0.0022164459829203693
67,0.002129880488371814
67,0.0020208823567580024
67,0.0018859686798423994
67,0.001727105458375484
67,0.0015517118407086703
67,0.001370748682540971
67,0.001197863278508499
67,0.0010490179213918337
67,0.0009402705425578399
67,0.0008840232846017406
67,0.0008864939638831218
67,0.000947892794214851
67,0.0010638516500938396
67,0.0012260142772045862
67,0.001421912147295676
67,0.0016358859275474816
67,0.0018516766341970746
67,0.002055313368443178
67,0.002236624559323946
67,0.0023891371388933087
67,0.002509324786865925
67,0.002595844024229004
67,0.002649002321837886
67,0.00267127144395764
67,0.0026686904947296544
67,0.0026501500079307632
67,0.002622504815894066
67,0.0025856094081990583
67,0.0025333588686487487
67,0.0024595614445388253
67,0.0023613553701644203
67,0.002237431273340353
67,0.00208614622405524
67,0.0019080805451395667
67,0.0017104620831599202
67,0.0015077490052615864
67,0.0013175810794579276
67,0.0011567984031509656
67,0.001040395227391841
67,0.000981069675158889
67,0.0009869565070370885
67,0.0010589908433005914
67,0.0011905425549244284
67,0.001369613442893664
67,0.0015816000019244691
67,0.0018109160735673116
67,0.0020419120489056637
67,0.002260374494688597
67,0.002455409464374458
67,0.0026203239842264147
67,0.002752007478467232
67,0.002849764910577833
67,0.002914465174607004
67,0.002947873446140375
67,0.002952367909782846
67,0.0029318228147662325
67,0.0028923760500303227
67,0.002840065734033156
67,0.0027760471766182133
67,0.0026948568414106263
67,0.0025884201171409
67,0.002451453741915429
67,0.0022832933174032058
67,0.0020871140475905376
67,0.0018703150357777267
67,0.0016462631138767776
67,0.0014341064603237731
67,0.0012549898055829092
67,0.001127123155418173
67,0.00106315188439276
67,0.0010700917108867464
67,0.0011494220132807088
67,0.00129612191335284
67,0.00149803355965071
67,0.0017373601907510127
67,0.001994195399483392
67,0.002250069974913569
67,0.0024898240676156417
67,0.0027021116231541295
67,0.0028795839934348255
67,0.0030187172188058382
67,0.0031190344974619836
67,0.003182608171578752
67,0.003214211731152618
67,0.003220354592767095
67,0.0032061907360164785
67,0.0031730880515102667
67,0.003119808597331901
67,0.003045252599461677
67,0.002948540908369172
67,0.0028267272016629023
67,0.0026746015900343573
67,0.002488629973177454
67,0.002271666101286059
67,0.0020341266431289032
67,0.0017917981701889257
67,0.0015636001130829634
67,0.0013702712496830862
67,0.0012319678420378982
67,0.001164236745251735
67,0.0011747948558775308
67,0.0012631846098533175
67,0.0014224261823326907
67,0.0016403820656743127
67,0.0019002949166825865
67,0.0021820255880929005
67,0.002464939148426106
67,0.0027312742848406594
67,0.0029681213304012825
67,0.003167449068097757
67,0.0033250883827910705
67,0.0034396008290659133
67,0.003511463424466176
67,0.003543337054065659
67,0.0035415039934147802
67,0.003515718103654974
67,0.003474641119983335
67,0.00341987188877644
67,0.0033453751840988827
67,0.003243188893811671
67,0.0031084384631419747
67,0.002939001266480333
67,0.0027336996252530204
67,0.002494467361614997
67,0.0022310566447649744
67,0.0019622635879510165
67,0.0017116546675231116
67,0.0015021336012221004
67,0.001353399816127355
67,0.0012810774282738851
67,0.0012947030305144932
67,0.001395071811818564
67,0.001573499450820124
67,0.0018139297468221798
67,0.002096365897297235
67,0.002399634340717938
67,0.002703152727187129
67,0.0029887206509823377
67,0.0032425268886590937
67,0.0034561789250928156
67,0.0036260009064013063
67,0.003751497389409051
67,0.003834224426474357
67,0.0038770788500165298
67,0.0038837354548812344
67,0.0038588214577748256
67,0.003808337222790671
67,0.003737901246638521
67,0.0036486873059596273
67,0.003535406685804966
67,0.003389487198814089
67,0.0032045416774781643
67,0.0029794456906307326
67,0.0027187397586494713
67,0.0024331167108596835
67,0.0021405484314459293
67,0.0018655656332084054
67,0.001635070933595594
67,0.001472630403709264
67,0.0013946828042846215
67,0.0014096979199207222
67,0.0015184081466393803
67,0.0017134415488098016
67,0.0019790353998882576
67,0.002292632388908366
67,0.00262875200302682
67,0.0029633508896850834
67,0.003276600771809329
67,0.0035538341794435703
67,0.003785641620474685
67,0.003967432880197522
67,0.004098378495515442
67,0.004180678215242154
67,0.004219850868489811
67,0.004224233421391984
67,0.00420167237492168
67,0.004155555078332836
67,0.004084452192133526
67,0.003985219528315242
67,0.0038549826349886618
67,0.003690044469618745
67,0.003485219652913136
67,0.003237140681188855
67,0.0029497039094859203
67,0.002636587495781699
67,0.0023191178903826356
67,0.002022608314265591
67,0.0017737155004893302
67,0.0015976316514371253
67,0.0015138313332991268
67,0.0015321576664275524
67,0.0016517525133058206
67,0.001862698863206791
67,0.002148163685090867
67,0.0024858875767115934
67,0.0028500691165349317
67,0.003214704259749247
67,0.0035574618899374493
67,0.003862122638331201
67,0.004118712027349426
67,0.00432215619827838
67,0.00447072017466399
67,0.004564968935183536
67,0.004607925721662646
67,0.004606481460726935
67,0.0045715351030727065
67,0.004513663800761163
67,0.004436375951552574
67,0.004334010592151491
67,0.004196952149870442
67,0.00401798866199316
67,0.003793686793441604
67,0.003523159203861578
67,0.0032100328681710505
67,0.002867256951453371
67,0.0025187461936714566
67,0.002194891394192989
67,0.0019257782261389213
67,0.0017369906358528113
67,0.001647947514777315
67,0.0016699746871612702
67,0.0018037551509430577
67,0.0020383390352442777
67,0.002353093382510182
67,0.002721670355279252
67,0.003115988314242907
67,0.003509185323858522
67,0.0038780057743806936
67,0.0042049769346546376
67,0.004479490102026126
67,0.004696948740931348
67,0.004856825743050959
67,0.004961250942947062
67,0.005014373860062582
67,0.005021697521247021
67,0.00498945815571077
67,0.004924213366094521
67,0.004831248148749093
67,0.004711344398769613
67,0.004558986938843731
67,0.0043649612224453795
67,0.004121682714628861
67,0.0038273816835085175
67,0.003487981159368382
67,0.0031180538488642193
67,0.0027412796557374198
67,0.0023888368950716393
67,0.002094578424523112
67,0.001888533642919075
67,0.0017919306524170379
67,0.001815362690724626
67,0.0019589018955555723
67,0.0022122987262373785
67,0.0025552418150690606
67,0.002959264231545077
67,0.003392077551492838
67,0.0038228314597150235
67,0.004225937802425494
67,0.004582634467327896
67,0.004881061770489625
67,0.005115448234221686
67,0.005284611703413703
67,0.005390875655678704
67,0.005440413321649636
67,0.005443278366830716
67,0.005410182309614578
67,0.00534718387386855
67,0.005253448643890788
67,0.00512408356853527
67,0.004953853703481486
67,0.004737726102132925
67,0.004470199390291484
67,0.004148032496235968
67,0.0037762935026023716
67,0.003372325935538476
67,0.0029639634309443644
67,0.00258442498238312
67,0.0022678716379493005
67,0.002045745275284607
67,0.0019422253489623095
67,0.0019697477755982176
67,0.0021272118439707387
67,0.0024014618169654776
67,0.0027701161668531303
67,0.0032041436768513207
67,0.0036706497738614664
67,0.004136842648173774
67,0.004574506059828947
67,0.004963028806669221
67,0.005289812735379009
67,0.005548677349812856
67,0.005737778344376412
67,0.0058581965907512235
67,0.005913884988586336
67,0.00591288376712122
67,0.005867471265018034
67,0.005789988657448832
67,0.005685649547475778
67,0.005549247969269311
67,0.005369729583133765
67,0.005137478789560188
67,0.004847343148372488
67,0.0044983650583421235
67,0.004095942654713194
67,0.003656812281304116
67,0.0032109800638457173
67,0.002796947634938446
67,0.0024535729539703535
67,0.002213996154447483
67,0.0021027154895530975
67,0.0021334050283010773
67,0.0023065064663477736
67,0.0026082147735201878
67,0.003012412130863546
67,0.003485189092045694
67,0.0039901050998517726
67,0.004492555512897217
67,0.004963006475137734
67,0.005379419478509177
67,0.005728334081171137
67,0.0060038424451379045
67,0.006205244969342161
67,0.006335329822094221
67,0.006399820172033964
67,0.006406677626051588
67,0.006364589824974857
67,0.00628127162992685
67,0.006161569080260551
67,0.006005167485933722
67,0.005805645352183232
67,0.005552920383661997
67,0.0052382797981094156
67,0.004859377912664844
67,0.004423731693343572
67,0.003950542865544548
67,0.0034705443277609585
67,0.003023140772218414
67,0.002650602626481524
67,0.0023906939092482
67,0.0022704949712488336
67,0.002303411065520725
67,0.002488926229730816
67,0.002813303738057554
67,0.003250568577560485
67,0.0037649672361041706
67,0.004315931877125006
67,0.004864347244709124
67,0.005377547339916282
67,0.005831650709472961
67,0.006211696837904815
67,0.006510403847827434
67,0.0067261426588517284
67,0.00686146410875116
67,0.006923441701551958
67,0.006924166498464184
67,0.006877676289772536
67,0.0067933965514824024
67,0.006671774669211587
67,0.006506321522057876
67,0.006288863478587577
67,0.006012149799211622
67,0.00566975883950782
67,0.005258456752005924
67,0.004784751980131365
67,0.004270307790631573
67,0.0037506934500572053
67,0.003268859802332981
67,0.002868503247641154
67,0.0025890316117938494
67,0.0024604898886482684
67,0.002498525672999025
67,0.0027018701517647604
67,0.003053547019489869
67,0.0035243295380811856
67,0.004076598651918377
67,0.004668441032508945
67,0.005258605216006393
67,0.005811732023188611
67,0.006301996093057864
67,0.006713758455465431
67,0.007039627094582498
67,0.007277700329275882
67,0.007429695283422581
67,0.007500759395736839
67,0.007500543216367388
67,0.007443147497559567
67,0.00734281121963361
67,0.00720631011529155
67,0.007028757587812498
67,0.006797604516225657
67,0.006500636634916539
67,0.006130585140358986
67,0.005686170023731424
67,0.00517489675831991
67,0.004618320531332047
67,0.004054010926496793
67,0.0035302050941514195
67,0.003096198536702797
67,0.0027942887329755316
67,0.0026553072227964328
67,0.002695895342275747
67,0.002916203758854877
67,0.0032990123531870313
67,0.00381175564005894
67,0.004411579279554668
67,0.005051906017391025
67,0.0056884616894354485
67,0.006283740878216951
67,0.006809939470657645
67,0.007250068335972873
67,0.007596654535290562
67,0.007848855952699999
67,0.008010286383030174
67,0.008088501945516687
67,0.008094405377099408
67,0.008039923582339636
67,0.0079347202082136
67,0.0077834588617931
67,0.007584278304931548
67,0.007329116196265785
67,0.007006496644588008
67,0.0066063121542097245
67,0.006125468628668427
67,0.005573162540184674
67,0.004974024682064711
67,0.004367519725131923
67,0.0038034547695116314
67,0.003334648426447514
67,0.0030083801185238125
67,0.002858902330870196
67,0.0029031442004943684
67,0.003139910279062271
67,0.003551040140640931
67,0.004103332707819677
67,0.004751905688265522
67,0.005446070271671239
67,0.006136766699591846
67,0.006782845394492641
67,0.0073542920321734125
67,0.007832494044824424
67,0.008208507263609279
67,0.008480355319311574
67,0.0086510477184448
67,0.00872882052765138
67,0.008727993303579705
67,0.008666075587082211
67,0.008556124703484023
67,0.00840024831894026
67,0.008190517507574753
67,0.007915482068486222
67,0.007565037385905873
67,0.0071313742177176905
67,0.006611249574783635
67,0.006013057314695486
67,0.005363678347371167
67,0.004707874565308714
67,0.004100355339618617
67,0.0035966124335808413
67,0.0032459755375864826
67,0.0030856649878944066
67,0.0031351790452967526
67,0.0033931230643153214
67,0.0038381233764062488
67,0.004432842303931462
67,0.0051292039914749114
67,0.005874124222038022
67,0.006615833868812967
67,0.007310101803413081
67,0.007924585466778628
67,0.008439784031147271
67,0.008846768046177782
67,0.00914366015159401
67,0.009333172386732752
67,0.009422229861677574
67,0.009422846200559474
67,0.009351598316875282
67,0.009224811571855113
67,0.009050512894806514
67,0.008823701050564165
67,0.008530084465132915
67,0.008154693510593811
67,0.007687877067026679
67,0.007127810694819085
67,0.006484382750858548
67,0.005785034434669615
67,0.005076640546609539
67,0.00441926673987566
67,0.003874841080265101
67,0.0034968988120056
67,0.0033242130139853427
67,0.003377140934216904
67,0.0036553067746825153
67,0.004137047121993826
67,0.004781813364241273
67,0.005535961639955483
67,0.006340766533468526
67,0.007140315880571541
67,0.00788747500680619
67,0.008547492460087826
67,0.009099120783682019
67,0.009532926811398737
67,0.00984776835241411
67,0.010048110238895316
67,0.010143565709672505
67,0.010148517645525813
67,0.010079022909139127
67,0.009947591571090927
67,0.009758993341472231
67,0.009509242129047999
67,0.009187645994622183
67,0.008780621271810578
67,0.008276459466520093
67,0.007671448153457747
67,0.006976928864465088
67,0.006224085100619976
67,0.005463054658022426
67,0.004756460913363131
67,0.004170003936863309
67,0.0037624111512357767
67,0.003576560166780846
67,0.0036337733255159027
67,0.0039322484412693285
67,0.004448538912574337
67,0.005140532907400013
67,0.005952039015491282
67,0.006819938648889786
67,0.007683082507733148
67,0.008490069776422145
67,0.009203517159580312
67,0.009800501711598016
67,0.010270212813700975
67,0.0106103613037612
67,0.010824555490764054
67,0.010922418392071226
67,0.010920787416437034
67,0.010840984635858756
67,0.010700137177884945
67,0.010502492809119555
67,0.010238898291418752
67,0.009894291163796561
67,0.009454957258700925
67,0.00891100878184486
67,0.008258999501058626
67,0.007509688607925085
67,0.006696356897383963
67,0.005874842484956559
67,0.00511409135759483
67,0.0044840911036045815
67,0.004046450956782148
67,0.003847147728656685
67,0.003910226470468582
67,0.0042340651001258455
67,0.004792057437907534
67,0.0055371864805987174
67,0.006408712251922557
67,0.007339852877472394
67,0.008265911079975041
67,0.00913181301971535
67,0.00989730011278869
67,0.010538195012080734
67,0.011043729993356672
67,0.011412101283602337
67,0.011647248862568517
67,0.011758278353402391
67,0.011760208010099778
67,0.011672822595244358
67,0.011514951742810323
67,0.011295740322232645
67,0.011009610136163545
67,0.010640109010771075
67,0.010169215471986204
67,0.009584593596467884
67,0.008883688040904896
67,0.008079164509480591
67,0.007205691747600632
67,0.006321623934947826
67,0.005501415431857027
67,0.004822184759111262
67,0.004351020524188249
67,0.004136430822193552
67,0.0042034186138504405
67,0.004550970659626961
67,0.00515193581654277
67,0.005956056262912322
67,0.006896714272668072
67,0.007900584728163533
67,0.008897658226764303
67,0.009829040431561348
67,0.010651497842051506
67,0.011338643719085956
67,0.011878729835247888
67,0.01227029032245997
67,0.012518773283319946
67,0.012636060801575656
67,0.012640403608877417
67,0.012552691872355368
67,0.012389140820991884
67,0.01215511407594651
67,0.01184423431647295
67,0.011442395018471867
67,0.010933188584305857
67,0.01030296786783114
67,0.009547395986273032
67,0.00868036009008283
67,0.007740787391378074
67,0.006791714810555115
67,0.005911523298636763
67,0.005181769199565318
67,0.004675099963824654
67,0.004444766892180175
67,0.004517408906417337
67,0.004890584921632132
67,0.005534501256125514
67,0.006396178031749521
67,0.00740560115652351
67,0.008484549727016531
67,0.00955726521076802
67,0.010559937037122444
67,0.011446174739749413
67,0.012187730541557144
67,0.012771506128781154
67,0.013194912868375975
67,0.013462455692832302
67,0.01358564431275205
67,0.013584418517331902
67,0.01348441326417224
67,0.01330716173609791
67,0.013059237266912833
67,0.012730235842106669
67,0.012301131441010969
67,0.01175399878573795
67,0.011076343365846703
67,0.01026443236286851
67,0.009331994069819095
67,0.008320090813943026
67,0.007297777311314685
67,0.006350999777370151
67,0.005567292530536943
67,0.0050233434967260114
67,0.004775908622094381
67,0.0048545589503713365
67,0.0052573786549379746
67,0.005951509082433465
67,0.0068783642030693605
67,0.00796194103871829
67,0.009118812584964796
67,0.010268542798145767
67,0.011342913242529725
67,0.01229208777088477
67,0.013086157873360774
67,0.013711974065829387
67,0.014167645361496733
67,0.014458459474880907
67,0.014596134615687175
67,0.014599527404007996
67,0.014492696316185702
67,0.014297743313528491
67,0.014024953069445048
67,0.01366756123920507
67,0.013206227149098262
67,0.012619354266728708
67,0.01189157391708857
67,0.011019476102272123
67,0.010019020919013933
67,0.008933697475068263
67,0.007835954559657132
67,0.006817757869835322
67,0.005974513517772013
67,0.0053896053059972054
67,0.005123378698664374
67,0.005206604200829601
67,0.005637547860288842
67,0.0063823413647190585
67,0.0073789109828171755
67,0.008544988795622663
67,0.009789695227460923
67,0.011026016708827493
67,0.012180803877603352
67,0.013200535607162863
67,0.014052624276937755
67,0.014722526188811412
67,0.015208319372043025
67,0.015516485761860481
67,0.01566137838252407
67,0.015665581211364094
67,0.015555666053203271
67,0.015352608812523278
67,0.015063067344015363
67,0.014678132205159471
67,0.014179438776624108
67,0.013546832096971367
67,0.012764188995574653
67,0.011826485120150883
67,0.010750662923762842
67,0.00958481863620722
67,0.00840746058580579
67,0.007316140545411757
67,0.0064118067056188905
67,0.005784044648540465
67,0.00549866204606002
67,0.005588819565933026
67,0.006051524299184333
67,0.006849501926820653
67,0.007916636598141503
67,0.009166030935278
67,0.010501003239553452
67,0.011827997393712786
67,0.013068113898737372
67,0.014163999414363857
67,0.015080936334985707
67,0.015803109072438745
67,0.016327665029379934
67,0.016660288113921597
67,0.0168148458760353
67,0.01681501969914397
67,0.01669142832161054
67,0.016470534803063343
67,0.016161515849920333
67,0.015752687152331184
67,0.015220666978308175
67,0.014542639475856144
67,0.013702834126557576
67,0.01269701095065968
67,0.01154250524449726
67,0.010289870345316124
67,0.009024090262289852
67,0.007851522249998223
67,0.006880886349575377
67,0.006207232631768459
67,0.005900471677351768
67,0.005996855419940803
67,0.006494091819856657
67,0.00735188247296048
67,0.008497912282649785
67,0.009837944904494819
67,0.011268460141509715
67,0.012689859885184632
67,0.014017853136482983
67,0.01519085332322563
67,0.016171849881185855
67,0.016944650709379266
67,0.01750714281349363
67,0.017866165901386687
67,0.018036553697845886
67,0.01804188820909328
67,0.017911669868547603
67,0.017672228739879954
67,0.017335200890422234
67,0.016892093405743526
67,0.016319881823809237
67,0.01559277141417919
67,0.014691945892392217
67,0.013612961876962716
67,0.012375560244992015
67,0.011033758973485148
67,0.009677101896946358
67,0.008418822137339445
67,0.007376434721664124
67,0.0066530120251138605
67,0.006323332854315931
67,0.006425355733870709
67,0.006956603744207718
67,0.007875050330062854
67,0.009104238802195347
67,0.010542959021840275
67,0.012079166802729191
67,0.013605323425787358
67,0.015030991642163344
67,0.016290122175554634
67,0.017342571630519835
67,0.0181703940766708
67,0.018771106112035463
67,0.019152418803079524
67,0.01933157416053434
67,0.01933616847402304
67,0.01919943605252497
67,0.01894820382016464
67,0.01859110882969373
67,0.018116528790201637
67,0.0175009047296861
67,0.01671925804187527
67,0.015752309969241804
67,0.014594258903991441
67,0.013265763510251584
67,0.011825845109665778
67,0.010371546280162458
67,0.009023632197952203
67,0.007906683830184818
67,0.00713089669148417
67,0.006777287304318695
67,0.006886969315551464
67,0.007456484385943958
67,0.00843975286466103
67,0.009754886929947781
67,0.011294514417921196
67,0.012939501893475109
67,0.014574672597390067
67,0.016102800679155968
67,0.017453158804995417
67,0.018583061206246938
67,0.01947330125553262
67,0.020120676315294714
67,0.020532338098170757
67,0.020725126394917585
67,0.020727387329732175
67,0.02057574831481282
67,0.02030238221854995
67,0.019919371638620075
67,0.019413562638226793
67,0.01875664930508017
67,0.01792014653814676
67,0.016884277459919435
67,0.015644019337238652
67,0.014220990813475989
67,0.01267720913894669
67,0.011116815288748395
67,0.009670657662613989
67,0.00847299529573828
67,0.0076412202015813755
67,0.007261376096540576
67,0.007377935869073203
67,0.00798820917441602
67,0.009042992019761898
67,0.010453536913522823
67,0.01210370178626383
67,0.013865663882014384
67,0.015616514723326898
67,0.01725236837738853
67,0.01869731103939335
67,0.01990563723100204
67,0.020857351204583624
67,0.021549946967848684
67,0.02199202801942204
67,0.022202111967604344
67,0.022209550249502573
67,0.022050725766168504
67,0.021757484257314334
67,0.021343246635468126
67,0.0207971958158885
67,0.020091520569039272
67,0.019195247645241546
67,0.018085482113506374
67,0.016756542576283506
67,0.015232592416085374
67,0.013580262459373243
67,0.011909824287962624
67,0.010360348151882748
67,0.009076100151086395
67,0.008183912734199782
67,0.007776076002631537
67,0.007899441571515094
67,0.008550833788758386
67,0.009678431062037073
67,0.011188354455078434
67,0.012956466829705138
67,0.014845151141658724
67,0.016722045793397543
67,0.018475735558215738
67,0.02002492657637771
67,0.02132029500721176
67,0.022339794348660118
67,0.02308028696362457
67,0.02355096158540511
67,0.023772450148662076
67,0.02377815982241755
67,0.023609106056892187
67,0.023299191683154506
67,0.02285984635205166
67,0.022276650724923505
67,0.021519913308308658
67,0.020558620131993062
67,0.019369453319664998
67,0.01794561110805667
67,0.01631219719964106
67,0.014541242247040119
67,0.012751960431580632
67,0.011093135504214422
67,0.009718074262926174
67,0.00876205109383512
67,0.008324537791385284
67,0.008456338545709364
67,0.009153631239527824
67,0.010359962323033451
67,0.011974553077187896
67,0.013865262156142468
67,0.015885659743787427
67,0.017894251250405176
67,0.019771490119428168
67,0.021430312860345288
67,0.022818251814031434
67,0.023911940270043456
67,0.024707808744018928
67,0.02521492149943383
67,0.025453900601081807
67,0.02545892470197477
67,0.025273940619143554
67,0.024937832708983598
67,0.024465914506065747
67,0.02384318628367355
67,0.023035585138651584
67,0.022007958725949284
67,0.02073563891473253
67,0.019212462367794052
67,0.017465102221396266
67,0.01556942466768364
67,0.013652698892028962
67,0.011875266598161162
67,0.010402186584737114
67,0.009377947405447448
67,0.00890828272057336
67,0.009047738256575627
67,0.00979318880416796
67,0.011084722588305201
67,0.012813871103744065
67,0.014838177105426448
67,0.01700050258222384
67,0.019149687733110064
67,0.021158031160740654
67,0.022932189422511347
67,0.024415853189041804
67,0.025584336094609677
67,0.026434578227759974
67,0.026977246510888054
67,0.02723523131533033
67,0.027244834257560857
67,0.027050932001819513
67,0.026692383291505098
67,0.026185000966339588
67,0.025515067197472794
67,0.024648719005388425
67,0.023548592834393773
67,0.02218691656510147
67,0.02055651918325216
67,0.018686731953062214
67,0.016659216015394173
67,0.014609242842891852
67,0.012707191077819282
67,0.011129705631275176
67,0.010032318958565177
67,0.009528540215595894
67,0.009676168474636267
67,0.010471422588230118
67,0.011850775003015566
67,0.01369929195489301
67,0.01586508247640738
67,0.018179591685294035
67,0.020480412277742055
67,0.022630673777008493
67,0.024530530759259723
67,0.026119490571054234
67,0.027370571629621684
67,0.028279941322638075
67,0.028858699631493703
67,0.029131647138583423
67,0.029139121898522816
67,0.02893131082294121
67,0.028550544888196024
67,0.02801182348620351
67,0.027297696873084833
67,0.02637119535269667
67,0.02519383012802582
67,0.023737170706396808
67,0.021993140494525002
67,0.01999221332723119
67,0.017822009606582374
67,0.015628308860016493
67,0.01359363778785371
67,0.011906089459729232
67,0.010731369074456574
67,0.010191304933579257
67,0.01034845015488056
67,0.011198680676025849
67,0.01267323742228362
67,0.0146487022873037
67,0.01696303849290222
67,0.019436741347240962
67,0.021896405577455126
67,0.024195436752972817
67,0.026226954954720823
67,0.027926574606094604
67,0.029265827632740715
67,0.0302406985054518
67,0.03086263342480195
67,0.031156967827331208
67,0.031165133081795953
67,0.030940075786153362
67,0.030528741895230336
67,0.029950132089268916
67,0.029186868318617422
67,0.028197982519709536
67,0.026940368468654566
67,0.02538340542426106
67,0.023519385987980205
67,0.021380971304982715
67,0.01906075330913665
67,0.01671393803522002
67,0.014536392024094996
67,0.01273024610755221
67,0.011472700314452834
67,0.010893384881712756
67,0.011059148739248416
67,0.01196642817181755
67,0.013542453956794868
67,0.01565505852879943
67,0.018130128045385094
67,0.020775154028662184
67,0.02340477440377961
67,0.025862409866100375
67,0.028033609544682994
67,0.029849268290055832
67,0.031279074955227276
67,0.03231934204923827
67,0.03298323413377375
67,0.03329884548102401
67,0.033310763562119095
67,0.03307416504237353
67,0.032636653537505146
67,0.03201722931251698
67,0.03119870210792043
67,0.030139664982258743
67,0.028794809460709715
67,0.027130413332034243
67,0.02513748301214558
67,0.022851439788047254
67,0.020371887544513214
67,0.017864208176553868
67,0.015536649333416433
67,0.013604991800690705
67,0.012259356664840047
67,0.01163882152690122
67,0.011814493201318447
67,0.012782054446032205
67,0.014464006078585086
67,0.016720049357372927
67,0.019364774501595752
67,0.022192258134544587
67,0.025003794429689953
67,0.02763171758500159
67,0.029953702401186034
67,0.03189574718534344
67,0.03342500107599925
67,0.03453698029470515
67,0.03524531351919188
67,0.035579983468486
67,0.03558964397265905
67,0.0353352880133604
67,0.03486917264597816
67,0.03421065379331507
67,0.03333891632792487
67,0.032208393032323854
67,0.030771462815018764
67,0.02899329840232763
67,0.026864185605984844
67,0.02442108062389296
67,0.021770331974177343
67,0.019089570545699503
67,0.0166018743700985
67,0.014537290552549894
67,0.013098283166966358
67,0.012433647028733789
67,0.012620088722451453
67,0.01365320107604461
67,0.015449587653541857
67,0.01785873739117191
67,0.020682643260599192
67,0.02370185570155529
67,0.026704384460460688
67,0.029510946542488033
67,0.03199071775936497
67,0.03406489657382415
67,0.03569886036823276
67,0.03688813962602108
67,0.03764720662927977
67,0.038007263153798806
67,0.03801867538999154
67,0.037745370183349815
67,0.03724396525780939
67,0.0365376843452586
67,0.035606073886449985
67,0.03439980440025565
67,0.03286624667585095
67,0.030967599527491545
67,0.028694182448452933
67,0.02608577323332594
67,0.023255116748640777
67,0.020391106665380573
67,0.017732344944132367
67,0.01552547266060686
67,0.013986980512702843
67,0.01327527712372036
67,0.013472082473279611
67,0.014573345514648887
67,0.01649084931191931
67,0.019063963378246063
67,0.022080553836747088
67,0.025305569189765627
67,0.028512422872681804
67,0.03150968824576065
67,0.034157467841509165
67,0.0363712863207957
67,0.038114149184363746
67,0.03938174034874562
67,0.040190357761461036
67,0.04057440481234721
67,0.04058838804417238
67,0.040299868255722515
67,0.03976714463078673
67,0.039013299483636944
67,0.03801700290073959
67,0.03672751739696286
67,0.03508966732180961
67,0.03306244939210545
67,0.030634695733300746
67,0.027849122653555804
67,0.02482680842521342
67,0.021769304700685974
67,0.01893046428364291
67,0.01657316435140041
67,0.014929023311111678
67,0.014167737421690231
67,0.01437641488826333
67,0.01555022885186402
67,0.017595016889857217
67,0.020340006186285564
67,0.023559407802255107
67,0.027002274624647
67,0.030426203162831476
67,0.033626481602260894
67,0.0364537636262839
67,0.038817871146580155
67,0.04067905893681245
67,0.04203230859353038
67,0.042894563880430364
67,0.04330224431264983
67,0.04331401647115727
67,0.043003644270719676
67,0.04243504101063021
67,0.04163274587771897
67,0.04057208962750136
67,0.03919731202479779
67,0.037449692450073506
67,0.03528647353738316
67,0.03269587863634679
67,0.0297227341703452
67,0.026495955928699043
67,0.023231372352481672
67,0.02020064549691535
67,0.017684121281147516
67,0.015928326902524947
67,0.015114308554219923
67,0.015335639429856732
67,0.016587566159539366
67,0.018769266342274906
67,0.021697889066470296
67,0.025132314147961434
67,0.028805050690423297
67,0.03245764354731184
67,0.03587148147531247
67,0.038886990858408195
67,0.04140811664208828
67,0.04339296973043578
67,0.04483674851881783
67,0.04575781995292796
67,0.04619466502560635
67,0.04620855745861166
67,0.04587671411412589
67,0.045267340628257664
67,0.04440855688330566
67,0.04327599523767327
67,0.04181014341820135
67,0.039946876951251015
67,0.03763971207090485
67,0.03487651321661601
67,0.031705562408779114
67,0.028263859453068224
67,0.024780828675544275
67,0.021546342813291132
67,0.01886026670116821
67,0.016985974863195804
67,0.016116207009246236
67,0.016350429321300448
67,0.017683971329584203
67,0.02001008064175601
67,0.02313401475230217
67,0.02679808752316764
67,0.030716250299191245
67,0.03461246570491357
67,0.03825351850029734
67,0.04146907557221417
67,0.044156409354401786
67,0.04627077123524458
67,0.04780740105922333
67,0.04878664278501504
67,0.049250606256773966
67,0.049265614122668194
67,0.04891390944836368
67,0.048266595455083224
67,0.04735180900062319
67,0.04614334731416245
67,0.044579106715946025
67,0.04259176827673721
67,0.04013143769456831
67,0.037184394686527476
67,0.03380219313136771
67,0.03013165617452994
67,0.026417654660289325
67,0.022968667344764025
67,0.020103874051492034
67,0.018104288159194237
67,0.017175891005591318
67,0.01742471907110995
67,0.018845341406951505
67,0.02132377409547195
67,0.024652841547704016
67,0.028558382599501688
67,0.03273546587478776
67,0.03688932482504171
67,0.040770910792422475
67,0.0441985995279616
67,0.047063000158560166
67,0.04931640091393438
67,0.05095357164853834
67,0.051995915981035444
67,0.05248796538553325
67,0.052500517022854215
67,0.05212242068043818
67,0.05143116323136627
67,0.050457260415838215
67,0.04917146967317034
67,0.047505899145545795
67,0.04538840441749549
67,0.042766496405959586
67,0.03962586271852292
67,0.036020912383231365
67,0.03210775373932169
67,0.02814793332444581
67,0.024471069748453273
67,0.021417407033967554
67,0.01928583177853931
67,0.018295561066075695
67,0.018559977630022897
67,0.020073728038509143
67,0.022715181913782367
67,0.026262956850810544
67,0.03042447330827676
67,0.03487479315492062
67,0.039299898666501853
67,0.043434259589673466
67,0.04708414775824705
67,0.05013315649965754
67,0.05253103218825523
67,0.05427296914932872
67,0.05538241159555464
67,0.05590688379350239
67,0.05592088726454943
67,0.055517560413198386
67,0.05477885865237626
67,0.053738537550184554
67,0.05236727723230155
67,0.05059314237368757
67,0.048338091923693455
67,0.04554518378717464
67,0.0421993748681837
67,0.03835924658018439
67,0.034190986636829956
67,0.02997259164310819
67,0.02605509229244418
67,0.02280150721254219
67,0.020530571207220294
67,0.019475417863357707
67,0.019756308328779455
67,0.021367665949346554
67,0.024180595565535857
67,0.027959688774328074
67,0.03239295150506628
67,0.037133516630094406
67,0.04184638754852928
67,0.04624861263822657
67,0.05013380084318184
67,0.053377841006268564
67,0.05592724190532676
67,0.05777730024313721
67,0.05895375511689347
67,0.059508276359272035
67,0.05952129403843029
67,0.05909230608610251
67,0.05830746727732215
67,0.05720094738301972
67,0.055740778457643726
67,0.05385110217890877
67,0.05144971780300193
67,0.048475870704540125
67,0.04491288097792873
67,0.040823113528855745
67,0.03638429721581146
67,0.03189300164989689
67,0.027722707607855616
67,0.024259328187186565
67,0.021842056436532593
67,0.02071929121891617
67,0.021018994493270108
67,0.02273476304376721
67,0.025729029863524773
67,0.029751345775217666
67,0.03446994932815327
67,0.03951560140482982
67,0.04453126134202282
67,0.04921532701461967
67,0.053348109599979536
67,0.05679780770703061
67,0.0595078086924122
67,0.06147334098285809
67,0.06272186481027332
67,0.06330816465293285
67,0.06331770508784479
67,0.06285705179117641
67,0.062019327773649505
67,0.060841749719319035
67,0.059289506678708484
67,0.05728021814657851
67,0.0547255495595681
67,0.05156117570784782
67,0.047769791602255855
67,0.043417580622646945
67,0.03869343636569856
67,0.03391344449671448
67,0.029475894939164866
67,0.025791631760074943
67,0.023220916709023407
67,0.022027393282925856
67,0.022347203661952378
67,0.02417384802565386
67,0.027360903539809724
67,0.03164133738155936
67,0.036661554432341883
67,0.04202841838337951
67,0.047362003108292444
67,0.052341334866430896
67,0.05673261688011782
67,0.06039590111244634
67,0.06327171868039659
67,0.06535606087449065
67,0.0666791955038716
67,0.06729997464145894
67,0.06730883310592288
67,0.06681769321754219
67,0.06592452636920744
67,0.0646694354167638
67,0.06301688528934782
67,0.06087983868236154
67,0.058163403255891144
67,0.05479805874752222
67,0.050765432545828534
67,0.0461367010716869
67,0.04111313282565616
67,0.03603062737678149
67,0.03131261304585876
67,0.027396290349675244
67,0.02466487299545557
67,0.023398140941986938
67,0.023740055402920974
67,0.025683450696584918
67,0.029073020223935358
67,0.03362517081853417
67,0.038963620728657486
67,0.04466955555718201
67,0.050338362628438375
67,0.05562860299151905
67,0.06029181317556067
67,0.06417936291541154
67,0.0672283524998516
67,0.06943519409102338
67,0.07083303782051008
67,0.0714855984610955
67,0.07149016131980897
67,0.07096624560933219
67,0.07001725761171591
67,0.06868418348153006
67,0.06692809925496242
67,0.06465657998977087
67,0.06176931471777082
67,0.05819238329447851
67,0.05390581802515251
67,0.04898538285346028
67,0.043645939953295465
67,0.03824542750713678
67,0.03323393501775611
67,0.02907545693629254
67,0.02617661548651607
67,0.024834393324960506
67,0.025201404676999262
67,0.027269436542640777
67,0.030872913408274825
67,0.03571032437281115
67,0.04138190881854587
67,0.04744252724479802
67,0.05346185374933527
67,0.059076806537723243
67,0.06402359024412359
67,0.06814493371532505
67,0.07137482898910602
67,0.07371027784907634
67,0.07518711864765047
67,0.07587319002570436
67,0.0758716313053732
67,0.07530956643052407
67,0.07429777636248726
67,0.07288066298209954
67,0.07101646038497575
67,0.0686054407254781
67,0.06553980560067542
67,0.061740976258932774
67,0.057188299069502305
67,0.05196255631420824
67,0.04629212280356544
67,0.04055777235662493
67,0.03523838330446977
67,0.030826876663394974
67,0.02775414454230686
67,0.026334317651771064
67,0.026728799467618428
67,0.028928807289157324
67,0.03275840556286749
67,0.037896858788042644
67,0.043918880939922175
67,0.0503512292116492
67,0.05673676893938741
67,0.06269000739596012
67,0.06793107542014916
67,0.07229360133735746
67,0.07570865032809558
67,0.07817459546036636
67,0.07973110884599333
67,0.08045137039078913
67,0.08044488963472247
67,0.07984533415628302
67,0.07876880744728579
67,0.07726219483390724
67,0.07528209632043047
67,0.07272316286479986
67,0.06947015162841529
67,0.06543852954289603
67,0.06060636375295552
67,0.055060466840485545
67,0.049044221580536465
67,0.04296202163708093
67,0.037321990908968566
67,0.032647112454695995
67,0.029394179318921184
67,0.02789540315090097
67,0.02832069492208565
67,0.030659937477132318
67,0.03472641769406887
67,0.04017995447913888
67,0.04656893515454923
67,0.053390393092267535
67,0.06015862946601162
67,0.06646461721824709
67,0.07201194126957843
67,0.07662483680838177
67,0.0802311155936679
67,0.08283030243016122
67,0.0844659267177387
67,0.08521702161855126
67,0.0852009188270184
67,0.08455993565892259
67,0.08341660911993092
67,0.0818190901958643
67,0.07971987100352004
67,0.07700666385258424
67,0.07355730572570894
67,0.06928210233436412
67,0.06415767907183773
67,0.058276598552217306
67,0.05189829261210836
67,0.04545297261991577
67,0.039479835696589284
67,0.03453260552516933
67,0.03109424606092238
67,0.029515701317394272
67,0.029976024797815165
67,0.032463484726342126
67,0.03677929153187695
67,0.04256228086628391
67,0.04933339356153018
67,0.0565591128634939
67,0.06372420910978657
67,0.07039507392372815
67,0.07625814432264813
67,0.08112837206127387
67,0.08493084080073306
67,0.08766673950778267
67,0.0893836838617569
67,0.09016622602608672
67,0.09013862799348323
67,0.08945136230115869
67,0.08823447080857683
67,0.08653946997663005
67,0.08431569845253524
67,0.08144267685608787
67,0.07778939007503126
67,0.07326039088082212
67,0.067831633481436
67,0.06160217660934526
67,0.05484774665950349
67,0.04802507860041216
67,0.04170624027955121
67,0.036477689499794214
67,0.03284948686130121
67,0.03119116624827305
67,0.031690689688156214
67,0.03433482730252807
67,0.03891257162913455
67,0.04504065940832992
67,0.05221065957303911
67,0.059856640816486936
67,0.06743263595780657
67,0.07447976501293001
67,0.08066680016416299
67,0.0857991240303343
67,0.0897993185523866
67,0.09267101168606681
67,0.09446707320838567
67,0.09527893753325017
67,0.09523872838153015
67,0.09450460290301974
67,0.093212293195186
67,0.09141523177875241
67,0.08905994545716901
67,0.08601905655634137
67,0.08215303845812634
67,0.0773597995164735
67,0.07161406223491852
67,0.06502226760299311
67,0.057878082646777095
67,0.05066591194244269
67,0.04399124412119968
67,0.03847404409933606
67,0.03465262556706569
67,0.03291580514643427
67,0.03346008442577648
67,0.03626976572301936
67,0.041120863495197814
67,0.0476075635429834
67,0.05519131670419689
67,0.06327238912286665
67,0.07127252046304451
67,0.07870657329506185
67,0.08522539501582883
67,0.09062484967650504
67,0.09482505187277498
67,0.0978321043110845
67,0.09970425390620291
67,0.10054019561133316
67,0.10048097728013304
67,0.09969421201100409
67,0.09832261244599193
67,0.09642092942170612
67,0.09393077847338774
67,0.09071629224679698
67,0.08662948408535387
67,0.08156237445075311
67,0.07548863831549518
67,0.06852199176274817
67,0.0609748627069017
67,0.05336125938232531
67,0.046321920564614025
67,0.04051105618118509
67,0.03649524492842284
67,0.03468269347190288
67,0.035278630356291314
67,0.038264481876292986
67,0.04340201979546237
67,0.0502612755765269
67,0.058272274516889044
67,0.06680055942310859
67,0.07523476177424028
67,0.08306275014455822
67,0.08991714131489582
67,0.09558463512817025
67,0.09998367697576123
67,0.10312370879796608
67,0.1050690252736436
67,0.10592574726550487
67,0.10584327037641558
67,0.10499790789994912
67,0.1035396089306117
67,0.1015258720095531
67,0.0988944576220723
67,0.0955003864716379
67,0.09118571521366062
67,0.08583598720716372
67,0.07942454792962653
67,0.07207330154420231
67,0.06411382210217154
67,0.05609018036333711
67,0.04867961550889967
67,0.042572132159101175
67,0.038363277469505866
67,0.03648020427056667
67,0.037136050543625086
67,0.04030886595182752
67,0.04574578859727424
67,0.05299175834924229
67,0.06144373909532642
67,0.07043082181819872
67,0.07930739623065167
67,0.0875338960419452
67,0.09472462845573719
67,0.10065724533764508
67,0.10524895992845942
67,0.10851341242105303
67,0.11052221783778479
67,0.11139052882215586
67,0.1112774850117184
67,0.1103682201723695
67,0.10881841590034003
67,0.1066865504895909
67,0.10390619708598309
67,0.10032427966849877
67,0.09577372107408277
67,0.09013345557826893
67,0.08337623619461924
67,0.0756327389283872
67,0.06725488455539232
67,0.05881767619096846
67,0.05103512648387248
67,0.0446333122838905
67,0.04023728758775855
67,0.038293270834699925
67,0.039021370857455794
67,0.04239464984478587
67,0.04814428129559809
67,0.055789404082501166
67,0.06469328532189136
67,0.07414748590353468
67,0.08347094947441748
67,0.09209609397769183
67,0.09961918197676363
67,0.10580945249824746
67,0.11058341443596752
67,0.11395931567078528
67,0.11601660386505473
67,0.11688027164256135
67,0.11672050266955389
67,0.11573294787596748
67,0.11408025310036737
67,0.11182158761210625
67,0.10888473144764926
67,0.10510725919742761
67,0.1003133618715752
67,0.09437677925915872
67,0.08727045288241934
67,0.07913351897240554
67,0.07033794283259262
67,0.061490255135823506
67,0.05334224442030179
67,0.046656515843802995
67,0.042087330677382434
67,0.04009923190784963
67,0.040918188387030215
67,0.044510689018738635
67,0.05059009179949995
67,0.05864807218007485
67,0.06801295395538529
67,0.07793784437221829
67,0.08770558488064488
67,0.09672038209455508
67,0.10456092035307649
67,0.11098903896820657
67,0.11592174985118532
67,0.1193831560508946
67,0.12146199792567342
67,0.12229470641762291
67,0.12206354629852981
67,0.12097470811667908
67,0.11919757224587445
67,0.11679256761473532
67,0.11368278410094643
67,0.10969715098792529
67,0.10465163225219745
67,0.09841589897647972
67,0.09096435331393873
67,0.08244455548207026
67,0.07324686091136523
67,0.0640074794951155
67,0.05551545676748887
67,0.04857068250184129
67,0.04385709668229318
67,0.0418562981896768
67,0.04279719999081216
67,0.046636608806343786
67,0.05306802993306526
67,0.061554583314035245
67,0.07138849359426253
67,0.0817828458592703
67,0.09198321356675623
67,0.10136565353223546
67,0.10949233006644835
67,0.11611888451043234
67,0.12116378925511427
67,0.12465818847831153
67,0.12670246343426278
67,0.12744845597257992
67,0.12709496326614836
67,0.1258611721163083
67,0.12392243927295293
67,0.12133833645821375
67,0.1180268157597558
67,0.11381057905843082
67,0.10850156194045577
67,0.10196916360240159
67,0.09419054097714534
67,0.085319796574008
67,0.07576183285001317
67,0.06617864762006843
67,0.057394091653025406
67,0.05024489345552798
67,0.04544506938706731
67,0.0434918483954529
67,0.044612285755471624
67,0.048747087584792084
67,0.055565286802281094
67,0.06449989620078365
67,0.07480667898005831
67,0.08565752312817751
67,0.09625931411136317
67,0.1059601678892699
67,0.11430783306890221
67,0.12105412648053547
67,0.12612041300861998
67,0.12954617125008094
67,0.13144660497168256
67,0.13199509192609882
67,0.1314144791641286
67,0.12994259086298954
67,0.1277626577043551
67,0.12493276691698726
67,0.12136542150696808
67,0.1168798468901604
67,0.11129103765020414
67,0.10447669828159241
67,0.09642020739597201
67,0.0872767327959782
67,0.07745476814217947
67,0.06763240937846957
67,0.05866374312285677
67,0.05142226435836465
67,0.046652671364865894
67,0.044864374145275984
67,0.04627327681047372
67,0.050792411389086266
67,0.0580582026046684
67,0.06747068488041795
67,0.07824829669968127
67,0.08951978144984249
67,0.10045149287661104
67,0.11036470481694026
67,0.11879663732316419
67,0.12549913950621985
67,0.13039888514108913
67,0.13354679515994664
67,0.13508058215530996
67,0.13520879712543693
67,0.13419342303211226
67,0.13230006234760958
67,0.12972102627201937
67,0.1265117789944526
67,0.12258188188284051
67,0.117755500032133
67,0.11186513630932089
67,0.10481246567562091
67,0.09659253636817797
67,0.08734927098949885
67,0.07747077714351372
67,0.06762932469775267
67,0.05869873586223404
67,0.051589897053932195
67,0.047080787210964835
67,0.04568595233095369
67,0.04759016076313324
67,0.05265531386361619
67,0.060470826140721926
67,0.07040049008969033
67,0.08162484114938612
67,0.09322569089551959
67,0.10432592801480423
67,0.11422363323639817
67,0.12245346704522808
67,0.1287732168111482
67,0.13311795817122798
67,0.1355567497238229
67,0.13626770371740302
67,0.13552515089789877
67,0.1336631309422712
67,0.13099321400440633
67,0.12771698185190103
67,0.12388536443855108
67,0.1194118512508771
67,0.11413959729837157
67,0.10794159273630954
67,0.10077120910148092
67,0.09264426254756469
67,0.08366541757337544
67,0.07415097791190983
67,0.06472535980442864
67,0.05626666163135811
67,0.04972658102933794
67,0.045917878630863766
67,0.045340472004281235
67,0.04810739965561374
67,0.05398752442519098
67,0.06249818158179294
67,0.07295938889074788
67,0.08451101288134073
67,0.09618451287439164
67,0.10706343678871805
67,0.1164379593673047
67,0.12385319952785628
67,0.12907556088960398
67,0.13205673268676257
67,0.13291333401171843
67,0.13191157562297431
67,0.1294449895127457
67,0.1259683856354436
67,0.12187908675426992
67,0.11741215383444474
67,0.11261486227497111
67,0.1073927064318298
67,0.10161037377795822
67,0.0952175256543933
67,0.08827218488900174
67,0.08081863457588877
67,0.07284621394560481
67,0.06449334858576909
67,0.056275566155822854
67,0.049065765143636454
67,0.04386570681759308
67,0.041521270633566414
67,0.04247190483723336
67,0.04666580590585323
67,0.05369489664008902
67,0.0629711754297714
67,0.0737677881954768
67,0.08518105862166647
67,0.09619219937290613
67,0.10587198279695895
67,0.11354981760685874
67,0.11881281745656957
67,0.12144769045552736
67,0.12145323545615769
67,0.11907370730973171
67,0.11478259950712259
67,0.10921879208299005
67,0.10305219938920897
67,0.0967947028706938
67,0.09069676035560251
67,0.08478613336186659
67,0.0789467045255539
67,0.07303984232734106
67,0.06709317708734412
67,0.06129773894204091
67,0.055694377970197634
67,0.05002816836753223
67,0.044117545415165015
67,0.0383070873567584
67,0.033494681827593714
67,0.030775552759798618
67,0.03096837268232337
67,0.03426745562247616
67,0.040265762801741434
67,0.04830189739831
67,0.057711355259438574
67,0.06774576686922726
67,0.07744211375249897
67,0.08577555071374274
67,0.09194939683610337
67,0.09545176557692892
67,0.09592590187637476
67,0.09321693110073496
67,0.08758047721622929
67,0.07969611447884442
67,0.07045565186486082
67,0.0607968692532686
67,0.051600714021977995
67,0.04351558209517507
67,0.036814173039747766
67,0.031390975037472506
67,0.02683600274438317
67,0.02270879472527989
67,0.01898645075998525
67,0.01600912865031078
67,0.013768843550544408
67,0.011651607218261795
67,0.009163147276582777
67,0.0066317185641567265
67,0.005101158920464455
67,0.0056880353514639145
67,0.008871371369125056
67,0.014191486462290575
67,0.020703882080443707
67,0.027652763881971156
67,0.034498833093419445
67,0.04049211797636148
67,0.04466139474703589
67,0.04626730477551197
67,0.04496146964594695
67,0.04050354271032045
67,0.03277055434807322
67,0.022250671000320778
67,0.010175563510573337
67,-0.0020878182552310897
67,-0.013569249059144303
67,-0.02353611962286952
67,-0.03119261844956018
67,-0.03590030327492126
67,-0.037657854330084346
67,-0.037308103077054136
67,-0.03627876626795236
67,-0.0356929265232924
67,-0.03546676553120101
67,-0.03484534963656026
67,-0.03387836249217101
67,-0.03346703752033326
67,-0.033977707268690115
67,-0.034634953202916555
67,-0.03419426031472234
67,-0.03190979684531032
67,-0.028191281064617685
67,-0.024339120150987638
67,-0.0214381799791087
67,-0.0198462652904262
67,-0.019819754394590397
67,-0.02194680711981329
67,-0.02663873402399734
67,-0.03368966472600313
67,-0.042622110117411134
67,-0.05295326816903016
67,-0.06374784917653553
67,-0.07345387939763665
67,-0.08069777157535979
67,-0.08490917966749402
67,-0.0859705202423582
67,-0.08382814601728097
67,-0.07877087796379825
67,-0.07169379970923205
67,-0.06388685364605154
67,-0.05679691466175275
67,-0.051591402555994696
67,-0.04816315488149396
67,-0.045194914332273094
67,-0.042237444095454345
67,-0.040678230291306156
67,-0.041590134597776864
67,-0.04388682807378847
67,-0.04542057028169046
67,-0.04501974107613345
67,-0.0432556875135578
67,-0.04169083906672599
67,-0.04159790800563923
67,-0.04352559775859146
67,-0.04746698183632221
67,-0.05267077025822707
67,-0.057681606291797666
67,-0.061161219742542565
67,-0.06269475159046163
67,-0.06266916041461049
67,-0.06131468561427106
67,-0.05828647544869656
67,-0.053320427477987216
67,-0.0464368036597993
67,-0.03726014270832169
67,-0.025143523268311326
67,-0.01071182009264921
67,0.0030377265994592628
67,0.01238331895267532
67,0.016427679539276534
67,0.018033561099301088
67,0.02059500405286078
67,0.025250457967026123
67,0.031019081008203872
67,0.035584511316530454
67,0.03655235150334429
67,0.033926681882503244
67,0.030945561429155496
67,0.030812189808456205
67,0.033006632640486436
67,0.034684681347024696
67,0.0346136862907112
67,0.033152515559957074
67,0.030309140215477166
67,0.02705155585964031
67,0.026187761610897982
67,0.029303023570705765
67,0.03504500201961754
67,0.040802594851750765
67,0.04406283519366115
67,0.044021097311256786
67,0.043062710531097635
67,0.04464806223556847
67,0.049776327974357826
67,0.05637562264219356
67,0.06164693592650465
67,0.06388329278782298
67,0.06207836559992926
67,0.05656169914648841
67,0.05050468378664905
67,0.04748189759319171
67,0.04806041057150995
67,0.050244180971369075
67,0.05057478268736418
67,0.04585764298501943
67,0.037639967904033025
67,0.03187942410128303
67,0.030555372222916394
67,0.029458223767888387
67,0.026200102339311703
67,0.023020541373850473
67,0.020732158275545986
67,0.017493307784464604
67,0.014931131360014019
67,0.017127952993854178
67,0.022088918208780416
67,0.022434126584307077
67,0.015049398002199222
67,0.0037050001811303294
67,-0.006738136442852148
67,-0.01390428932898704
67,-0.01668444654607885
67,-0.015889018349352493
67,-0.015763077481967033
67,-0.0191630700954849
67,-0.023711535714333418
67,-0.02706196816248698
67,-0.03086683309523309
67,-0.03546525585362171
67,-0.03693352181120988
67,-0.034326956683562226
67,-0.03411481815012013
67,-0.04336073175497491
67,-0.05953689669382078
67,-0.07098939023533579
67,-0.07247935417710133
67,-0.07144093077514917
67,-0.07356442814223
67,-0.07610639953184298
67,-0.07786692320462776
67,-0.08149758307315348
67,-0.08353310362962242
67,-0.07462748081053022
67,-0.05589759851778592
67,-0.04312939065581066
67,-0.04603005206291407
67,-0.05686419920374276
67,-0.06434934802581148
67,-0.0664598265416012
67,-0.06566338303087954
67,-0.06048677874680982
67,-0.05105627081066873
67,-0.04423982596173788
67,-0.04529274448910866
67,-0.050910827003795456
67,-0.0519041381177917
67,-0.04236604598740146
67,-0.027285588470507688
67,-0.014960465739352783
67,-0.005895552255159366
67,0.0013640858641083492
67,0.005358208899580765
67,0.008336702116896716
67,0.015236843383529035
67,0.02676226401127698
67,0.03885078523181999
67,0.04539123302387504
67,0.044978162765065215
67,0.044152191523573504
67,0.04698956016421816
67,0.05044857867588451
67,0.054360338344025344
67,0.06234760771874308
67,0.07151258813144588
67,0.07542693341879197
67,0.07370243453380214
67,0.07033546938841881
67,0.06991040613778612
67,0.07387347460196661
67,0.07631349650380832
67,0.07037944321566002
67,0.05838647863785759
67,0.05051649477264758
67,0.0517841464128596
67,0.055213453302447986
67,0.0546558794128259
67,0.054593278480356305
67,0.0590220486327512
67,0.06413601629270749
67,0.06977644457070922
67,0.08197068422551564
67,0.09766578152044772
67,0.10578742215762535
67,0.10471594127369177
67,0.10155567499137212
67,0.09940767168314626
67,0.09882019206599588
67,0.10073957921263291
67,0.10087620177803026
67,0.09311434847542169
67,0.07836388027191851
67,0.06364678180736032
67,0.05544583242347087
67,0.05401339066009179
67,0.05475325238803982
67,0.05470085845535108
67,0.05076327649922877
67,0.03849441172238684
67,0.0226933358860521
67,0.01594930147804618
67,0.020973912467649278
67,0.0280104615971708
67,0.0269418132520049
67,0.016249469324683165
67,0.003700667617368647
67,-0.003447338323967707
67,-0.004261399305339983
67,-0.00020680438095018686
67,0.004492890970718647
67,0.003026310413523909
67,-0.007985870079243859
67,-0.02530240010518406
67,-0.039959647988906555
67,-0.04428999946217099
67,-0.038754938020108695
67,-0.030679998238430366
67,-0.028374501567133028
67,-0.0342796552381444
67,-0.04628127465169737
67,-0.06209109245182656
67,-0.07496909974353036
67,-0.07655880271344949
67,-0.06966908101564932
67,-0.06585589973611254
67,-0.07192898380694658
67,-0.0840779813101863
67,-0.09190474267805107
67,-0.08790241638874334
67,-0.07164998464962422
67,-0.04729919039279905
67,-0.02503478100989127
67,-0.018150383495769005
67,-0.02745473532282871
67,-0.03892957789532481
67,-0.03882813402664924
67,-0.023961995523873503
67,-0.004480371054034427
67,0.004616375724344739
67,-0.00442563662252002
67,-0.029740133270530322
67,-0.05633739156847826
67,-0.06447102461468893
67,-0.052945933415750185
67,-0.03636073811803979
67,-0.026121000750538553
67,-0.02793017635811531
67,-0.041929969306410235
67,-0.0573636636655399
67,-0.05486452642329093
67,-0.025060049852084678
67,0.006517239192931495
67,0.00529155907801585
67,-0.020139285906533966
67,-0.04106603105950756
67,-0.04828569864160231
67,-0.0416679697418787
67,-0.021867946194662778
67,0.0007373414744362115
67,0.010158305086827468
67,0.0026189281013455946
67,-0.007667031645808042
67,-0.004386635786730449
67,0.011513843153024988
67,0.02987369755893397
67,0.047079559599597004
67,0.055712594468673424
67,0.0464151956370566
67,0.030680706420401518
67,0.027322804593925634
67,0.03420858450416023
67,0.039250449203310236
67,0.03992287331659446
67,0.037533601249673795
67,0.02728747334630545
67,0.009047161419356815
67,-0.004840379211567294
67,-0.005782904948088343
67,0.004398346946703677
67,0.02227072607972979
67,0.03866231134991888
67,0.04168878280989497
67,0.0334749056273109
67,0.026630820525812893
67,0.028835338420764214
67,0.039085879564177146
67,0.05034424944656418
67,0.05270856749699819
67,0.04163350586002232
67,0.02426415366327793
67,0.013916909661385202
67,0.018873776721473917
67,0.03218500489949022
67,0.039035325768644324
67,0.03888622270887256
67,0.03736713540805377
67,0.02725881032306493
67,0.00811717732248831
67,-0.0036489436507514475
67,-0.0010828697034452502
67,0.007673470161689908
67,0.01472376929067945
67,0.0150686713188343
67,0.006043758041418145
67,-0.007205159309223646
67,-0.013110383636689179
67,-0.00729076002458752
67,0.002170300112483158
67,0.007357063690488075
67,0.008483587109119606
67,0.008101411237080256
67,0.006013850220748115
67,0.004949513883875826
67,0.013797330879810221
67,0.03169373703033488
67,0.041279588697403884
67,0.03264045664050788
67,0.018030804747159075
67,0.011115592226523923
67,0.008756466191997945
67,0.002356603769737977
67,-0.009062142177120985
67,-0.021227973395061578
67,-0.030200039774467523
67,-0.03720545132634595
67,-0.043333743689223984
67,-0.04040685873511227
67,-0.025176957526780806
67,-0.010016200991887703
67,-0.0035037291104846454
67,-0.0010925254633105059
67,0.0015135515075315321
67,0.003930439882568896
67,0.005150791800234438
67,0.004166603444911056
67,0.0013036322164973703
67,-0.0015254891967870308
67,-0.005238876780253198
67,-0.012431722806603778
67,-0.019926928744009274
67,-0.02120720396676163
67,-0.01663815491198392
67,-0.013581899595813204
67,-0.01732134135930243
67,-0.026525878909237702
67,-0.034433699144031056
67,-0.036012738108184256
67,-0.03497582715961653
67,-0.03447123292106484
67,-0.030347274588237487
67,-0.024723527136170865
67,-0.02601583349747466
67,-0.031852226275085896
67,-0.03232147293989708
67,-0.025068879826932053
67,-0.014442579079118294
67,-0.00430889785251482
67,0.0032115534222170007
67,0.007907191932161984
67,0.009129962860687213
67,0.005919480995457738
67,0.004931680750125717
67,0.015487916676534843
67,0.032784538066928604
67,0.04140124693169203
67,0.03467509960061841
67,0.020814048606401337
67,0.011838398006912483
67,0.009843628282295288
67,0.006300365897975023
67,-0.0027050659673633626
67,-0.009810456052625802
67,-0.012171750702332625
67,-0.015949059329888823
67,-0.01846352499600786
67,-0.010492695460077306
67,0.006083118475867427
67,0.021519455979851027
67,0.029775037541768704
67,0.03211047632751963
67,0.035012436127460494
67,0.04132609603873922
67,0.04591197868318491
67,0.042531690586949604
67,0.03312814763328379
67,0.027715640717984266
67,0.02943308614539632
67,0.028673480246547024
67,0.021083783364682984
67,0.015308753643991094
67,0.01596613152886036
67,0.01776496312204025
67,0.01681233337488138
67,0.014916490247675305
67,0.013325621527308281
67,0.008761822413498349
67,-0.000177022827440209
67,-0.0066045608455288585
67,-0.004289697250696357
67,0.0007727841763874388
67,-0.0006346373679300065
67,-0.006706221322574116
67,-0.010287662679011073
67,-0.009660891110711915
67,-0.006239828146831054
67,-0.0017727403861694593
67,0.0010050433528131118
67,0.0013785378575611757
67,-0.00045850063441525224
67,-0.005520869731879024
67,-0.010694235243354524
67,-0.009374738675965177
67,-0.0033480475353417855
67,-0.00288087658278436
67,-0.011188523887617052
67,-0.020653940329523106
67,-0.02582882614880043
67,-0.030438530357266923
67,-0.03913791910531446
67,-0.049120878940874
67,-0.05531667857677278
67,-0.05998388294741087
67,-0.06777254263109903
67,-0.07557846544505584
67,-0.07574749672860923
67,-0.06589094847733819
67,-0.05260040797949505
67,-0.045381415857581514
67,-0.044730649178643965
67,-0.041517373915988004
67,-0.031432663000518626
67,-0.020062275041524615
67,-0.012516132620254153
67,-0.008746370439278395
67,-0.007985048573749055
67,-0.010329229139316238
67,-0.015628860020363837
67,-0.022223397749260437
67,-0.02796825925792574
67,-0.03435354784045589
67,-0.04222693004743604
67,-0.0452891799854579
67,-0.04015839799715564
67,-0.033684663420553485
67,-0.030741539924870796
67,-0.02883629055312952
67,-0.025353320884148295
67,-0.01976132413049488
67,-0.014337284672891462
67,-0.013135304615107484
67,-0.01588713143445479
67,-0.01848328979349957
67,-0.019052789128187496
67,-0.017738317647607648
67,-0.012861803379866636
67,-0.0031565064534443427
67,0.007260922842964869
67,0.012236774552255877
67,0.012301039134225842
67,0.014194616498760105
67,0.019758346059883133
67,0.02284714471612864
67,0.021272140806464637
67,0.021153490651122382
67,0.025161214894736755
67,0.028067447754129823
67,0.02575099927566341
67,0.019975619519933284
67,0.015091715440713506
67,0.012899353188249835
67,0.010969204771427366
67,0.008796445386816511
67,0.010741285731211785
67,0.01751310286742658
67,0.023584517851868464
67,0.02480609683867295
67,0.022860081878098352
67,0.022414466740932677
