67,0.0
67,5.969648648758699e-05
67,5.969648648758699e-05
67,5.963586150063745e-05
67,5.96432786932342e-05
67,6.162032416322436e-05
67,6.698647196680334e-05
67,7.58328890043597e-05
67,8.759078182914798e-05
67,0.000102103922768552
67,0.00011956560706761422
67,0.00013996090537627567
67,0.0001629945927504863
67,0.00018757530954668206
67,0.00021131509145387692
67,0.0002315859360692688
67,0.00024641448000855366
67,0.0002541079824901443
67,0.00025342376673038455
67,0.00024379792848712754
67,0.0002252456468192629
67,0.00019887929351787096
67,0.00016682782045764844
67,0.00013120508016585615
67,9.385331833431827e-05
67,5.709288996141141e-05
67,2.3316003484128972e-05
67,-6.389785608926243e-06
67,-3.150407299475846e-05
67,-5.0875436629685346e-05
67,-6.398458635391891e-05
67,-7.142919061831455e-05
67,-7.312450055028979e-05
67,-6.846627617218171e-05
67,-5.7970379327999515e-05
67,-4.2406575119581855e-05
67,-2.2321500950626543e-05
67,3.0308369004844227e-07
67,2.3116918522810614e-05
67,4.584650675793803e-05
67,6.902776369582098e-05
67,9.259964391740117e-05
67,0.00011720883881091877
67,0.00014359470241964698
67,0.00017112149995037113
67,0.00019899963066278946
67,0.0002260285148859431
67,0.0002494404842611571
67,0.00026675458503931047
67,0.00027681405806992854
67,0.00027915026714691763
67,0.0002741002219099427
67,0.0002624313602703302
67,0.0002448196659708285
67,0.00022217928710169878
67,0.00019574753555059058
67,0.0001665253340133929
67,0.0001349918133491024
67,0.00010141764432577667
67,6.629524645277442e-05
67,3.050966853488336e-05
67,-4.921533897830144e-06
67,-3.882426963691261e-05
67,-6.930196522755199e-05
67,-9.411944528416892e-05
67,-0.0001120125726408843
67,-0.00012288411356463122
67,-0.00012717991715286523
67,-0.00012601433991052651
67,-0.00012074428643238026
67,-0.00011143856378957497
67,-9.700060213189086e-05
67,-7.661922521894417e-05
67,-4.989912657363371e-05
67,-1.683373272065696e-05
67,2.165636701579703e-05
67,6.382676801854733e-05
67,0.00010707841459427268
67,0.00014804113830729364
67,0.00018379968126151574
67,0.0002127853989645098
67,0.00023429213370211282
67,0.0002478444011447935
67,0.00025333204468037284
67,0.0002511560189277256
67,0.0002419926242556161
67,0.0002266270074538541
67,0.00020588002813669575
67,0.0001806891567029541
67,0.00015217430432014947
67,0.00012144976995951271
67,8.961192422458992e-05
67,5.7987407356598146e-05
67,2.8235431511638473e-05
67,2.172266999336908e-06
67,-1.86338222740899e-05
67,-3.3335705249536584e-05
67,-4.2034230804470504e-05
67,-4.570288730087472e-05
67,-4.588275193109376e-05
67,-4.383630363939011e-05
67,-3.9590233932441735e-05
67,-3.2309694192255686e-05
67,-2.1544475509086603e-05
67,-7.394748214541716e-06
67,1.0075384556459709e-05
67,3.076102005774738e-05
67,5.391784962782337e-05
67,7.787899752772642e-05
67,0.0001005994903068409
67,0.00012063402389582373
67,0.0001375426599278884
67,0.00015144295785667256
67,0.00016242855939659596
67,0.00017053412049188314
67,0.0001758878043427212
67,0.00017856933900219682
67,0.00017850114894547812
67,0.0001755668808521242
67,0.00016965268670726297
67,0.00016056026770206624
67,0.00014818185507604057
67,0.00013298639686961492
67,0.00011621312931337105
67,9.942445171515705e-05
67,8.386123489469358e-05
67,7.022135263897061e-05
67,5.886987567521193e-05
67,4.993940261118316e-05
67,4.312800142714406e-05
67,3.776166430589195e-05
67,3.352217391317877e-05
67,3.1074132670139415e-05
67,3.158246082499682e-05
67,3.56523192243344e-05
67,4.30307264374318e-05
67,5.308550215683993e-05
67,6.508543208852494e-05
67,7.803681896789527e-05
67,9.066707687514032e-05
67,0.0001018415631368451
67,0.00011096925994804071
67,0.00011796682969189657
67,0.00012292112057300412
67,0.00012585251071943707
67,0.00012670294190802734
67,0.00012532961618548673
67,0.00012145294824823085
67,0.00011478466396498567
67,0.0001053063144942808
67,9.335782291013475e-05
67,7.950784861366791e-05
67,6.459463594075002e-05
67,4.9946926154914566e-05
67,3.722172165998669e-05
67,2.7726411708919715e-05
67,2.1931763187071317e-05
67,1.9701438055612624e-05
67,2.082953589050707e-05
67,2.5203475641972246e-05
67,3.259120652362833e-05
67,4.26274813729699e-05
67,5.5175439592527465e-05
67,7.042849960797409e-05
67,8.830566478441608e-05
67,0.0001077967258212114
67,0.00012711148993349426
67,0.00014440853603378653
67,0.00015827479960488748
67,0.00016772878354468374
67,0.00017215197495252502
67,0.00017138492886159816
67,0.00016580967439063724
67,0.00015623319686055418
67,0.00014362789462407871
67,0.0001288985362457885
67,0.00011276324633037372
67,9.572489254171508e-05
67,7.812746447572277e-05
67,6.0322845076982983e-05
67,4.2844659467077665e-05
67,2.6415982252583124e-05
67,1.1860366160483949e-05
67,1.3718048305088526e-07
67,-7.638253866604293e-06
67,-1.0576469643234782e-05
67,-8.640713596181381e-06
67,-2.779556685267514e-06
67,5.740264366838233e-06
67,1.6158996241478503e-05
67,2.8407619567676766e-05
67,4.266165957902957e-05
67,5.897010647063616e-05
67,7.732640460604594e-05
67,9.77111633993187e-05
67,0.00011966548304648489
67,0.00014184180905193572
67,0.00016223493369924683
67,0.0001789765622551594
67,0.0001909377246640616
67,0.00019774556005013223
67,0.000199494710579506
67,0.00019654468609697654
67,0.00018946113615400092
67,0.00017894616265999054
67,0.00016569079410215656
67,0.00015023516859978274
67,0.00013290833757233404
67,0.000113842928173757
67,9.309668165093478e-05
67,7.092230203526618e-05
67,4.804017767312046e-05
67,2.565244864384371e-05
67,5.186079837917955e-06
67,-1.1982156887922004e-05
67,-2.473104020501471e-05
67,-3.2476414963646946e-05
67,-3.544265210835902e-05
67,-3.452963242001588e-05
67,-3.0668661785597465e-05
67,-2.4162049318176276e-05
67,-1.4591704208315784e-05
67,-1.303150306762165e-06
67,1.607917374579938e-05
67,3.747508018983877e-05
67,6.229250902326373e-05
67,8.924715263105604e-05
67,0.00011633938773785312
67,0.0001413247441766968
67,0.00016240761128985678
67,0.00017858389143553895
67,0.0001894974148386255
67,0.00019515993033580327
67,0.00019581575626002518
67,0.0001918955254919141
67,0.00018391314567990264
67,0.0001723352969942737
67,0.00015754186259045333
67,0.00013986661584913595
67,0.00011963512459672498
67,9.724994262895695e-05
67,7.341288582179869e-05
67,4.933150702294774e-05
67,2.6620427287024552e-05
67,6.905162968962214e-06
67,-8.554414499610955e-06
67,-1.9054707998368707e-05
67,-2.4551159620332444e-05
67,-2.5657651473851612e-05
67,-2.3335956070338464e-05
67,-1.8300637636858117e-05
67,-1.0584072024953046e-05
67,3.2035356811974384e-07
67,1.487992941610483e-05
67,3.3065438439781736e-05
67,5.427672676991983e-05
67,7.740491119216491e-05
67,0.0001008586007821354
67,0.00012275807575108018
67,0.0001414091015339467
67,0.00015575409042046094
67,0.0001654683929889839
67,0.0001707472304341821
67,0.00017204674501698826
67,0.00016991250504108616
67,0.00016486304570350574
67,0.00015730252535032686
67,0.00014750034963567881
67,0.0001356391270355529
67,0.00012186419395529227
67,0.00010633375976296627
67,8.937739567508461e-05
67,7.175254525374256e-05
67,5.4724538029828284e-05
67,3.9742886919777516e-05
67,2.791266018071222e-05
67,1.9691810351191563e-05
67,1.4963706437010859e-05
67,1.3279101956572457e-05
67,1.4079924649078652e-05
67,1.6925170210028433e-05
67,2.1740003619925908e-05
67,2.8908657829676577e-05
67,3.9011740172466175e-05
67,5.233099497465622e-05
67,6.849837571097091e-05
67,8.648676704687643e-05
67,0.00010483302661094854
67,0.00012194793927769419
67,0.00013645225213463035
67,0.00014744411927078443
67,0.00015457664487649765
67,0.00015794331299131536
67,0.00015789096479440314
67,0.00015485908439669867
67,0.0001492588176360125
67,0.00014138246437801806
67,0.00013137276325182073
67,0.00011928685073598922
67,0.00010522328952796256
67,8.943950088287281e-05
67,7.244605413486898e-05
67,5.5105133827808354e-05
67,3.8657585728840104e-05
67,2.4514906911597452e-05
67,1.3822372244882263e-05
67,7.084071192581801e-06
67,4.141391500295288e-06
67,4.478618776408779e-06
67,7.587576165756192e-06
67,1.3193340025562516e-05
67,2.1326977054376633e-05
67,3.227132080793624e-05
67,4.63483459697344e-05
67,6.356748065552017e-05
67,8.331062578290258e-05
67,0.00010427174871439726
67,0.0001247072068685914
67,0.00014285233984471027
67,0.00015729507708739726
67,0.0001671745094023481
67,0.0001721947649928467
67,0.00017252418797730803
67,0.0001686509961497905
67,0.00016122472246264127
67,0.00015090014226863785
67,0.0001382228869998064
67,0.00012359401386036203
67,0.00010731416407986064
67,8.968202738262458e-05
67,7.11194064743977e-05
67,5.229195762915966e-05
67,3.4180849754693194e-05
67,1.8041684678423006e-05
67,5.18798893327395e-06
67,-3.3833053530330907e-06
67,-7.347386606426365e-06
67,-7.1275801593735e-06
67,-3.5849575062134796e-06
67,2.4881999391490694e-06
67,1.0733747767843512e-05
67,2.1258206444124435e-05
67,3.439930770718999e-05
67,5.0423542561382786e-05
67,6.926746202155067e-05
67,9.033011831020152e-05
67,0.00011237167755740951
67,0.0001336589506883928
67,0.00015238512718895842
67,0.0001671443843315461
67,0.0001771800472458172
67,0.00018233677713341687
67,0.00018286914038144334
67,0.0001792659137199469
67,0.00017212187318196254
67,0.00016202398864490768
67,0.00014945676876247706
67,0.0001347645731299763
67,0.00011818265224028633
67,9.992462096901216e-05
67,8.032523677281358e-05
67,6.001702911204682e-05
67,4.00408394897049e-05
67,2.176227281687226e-05
67,6.574157577896198e-06
67,-4.484617137370363e-06
67,-1.1011922621630308e-05
67,-1.3294216726136812e-05
67,-1.2082620871531413e-05
67,-8.168467798423262e-06
67,-1.9632330028540017e-06
67,6.672162905599749e-06
67,1.823773765765895e-05
67,3.31807846161159e-05
67,5.1525555254922064e-05
67,7.269038324257297e-05
67,9.546808576171978e-05
67,0.00011816561866892274
67,0.00013894686245810478
67,0.0001562799795963701
67,0.00016923802428539848
67,0.00017750544110914376
67,0.00018119093403613974
67,0.00018063594265152998
67,0.0001762911449152418
67,0.0001686202788647533
67,0.0001580117071905151
67,0.0001447420003083795
67,0.00012901759921108476
67,0.00011106313174190691
67,9.123577637583873e-05
67,7.017839574663783e-05
67,4.8957624499566045e-05
67,2.9030104602250166e-05
67,1.1943963581125702e-05
67,-1.0925497886883361e-06
67,-9.521437768527546e-06
67,-1.3480132623399438e-05
67,-1.3602915416396861e-05
67,-1.0663594684871874e-05
67,-5.175086808349326e-06
67,2.863625569397183e-06
67,1.3882163645425917e-05
67,2.8332885695609074e-05
67,4.624230011763748e-05
67,6.699087381096901e-05
67,8.934725019275731e-05
67,0.00011165314447824466
67,0.00013212267088747904
67,0.00014922438560468958
67,0.00016199378703807458
67,0.00017011066067968155
67,0.0001737479886074647
67,0.00017334614629282817
67,0.00016943509091438177
67,0.00016251820818153048
67,0.00015299516295283678
67,0.00014113477393340205
67,0.00012711607916899857
67,0.00011111829125508704
67,9.343274351214233e-05
67,7.460169604166204e-05
67,5.5558771468133285e-05
67,3.763717855115339e-05
67,2.230737940944539e-05
67,1.0722144160130415e-05
67,3.3656058785818828e-06
67,3.521611731722063e-08
67,1.1152066857342502e-07
67,2.9155633465107705e-06
67,8.01091016761446e-06
67,1.5380696374227836e-05
67,2.539270735982404e-05
67,3.850110151627676e-05
67,5.4814629074814464e-05
67,7.379539782736334e-05
67,9.424921518899798e-05
67,0.0001145622143933647
67,0.0001330521526720946
67,0.0001483201089619425
67,0.00015949665723769942
67,0.00016629864871804933
67,0.0001689048072275275
67,0.00016775339532067748
67,0.00016336541279710697
67,0.00015622512784718544
67,0.00014670469149519148
67,0.00013503489803655096
67,0.00012134385410186259
67,0.00010576258646069864
67,8.856277886118663e-05
67,7.029170291633592e-05
67,5.187134623957608e-05
67,3.458336895154598e-05
67,1.9840407698736485e-05
67,8.774315539085741e-06
67,1.8783118364711456e-06
67,-1.0416627291160091e-06
67,-5.900737663729508e-07
67,2.608377915205651e-06
67,8.2032202849543e-06
67,1.623525862555467e-05
67,2.705761590306399e-05
67,4.106318071916785e-05
67,5.8305058305375195e-05
67,7.819771406139523e-05
67,9.94720767809136e-05
67,0.00012041441508758726
67,0.00013926515986704431
67,0.00015459594724951507
67,0.00016553059375119995
67,0.00017177310863007643
67,0.0001734920709276404
67,0.00017114615189040792
67,0.00016531548445312922
67,0.0001565657586445911
67,0.00014535675905442548
67,0.0001320094893021841
67,0.00011674065384448373
67,9.975883064303451e-05
67,8.14027051270901e-05
67,6.228532296000376e-05
67,4.338526859061816e-05
67,2.6005488026074792e-05
67,1.1538247124775037e-05
67,1.0767922391983987e-06
67,-4.933504657986533e-06
67,-6.76738694089932e-06
67,-5.1461943378791245e-06
67,-7.935425438752111e-07
67,5.9155293523049455e-06
67,1.505267324881886e-05
67,2.6981248271561497e-05
67,4.2049222037782613e-05
67,6.025574045496361e-05
67,8.100093061908352e-05
67,0.00010301932973190116
67,0.00012457021174094328
67,0.0001438428667789004
67,0.00015938660402456715
67,0.0001703564984831331
67,0.00017651194944303137
67,0.00017806207745718394
67,0.00017548262190708271
67,0.0001693611761511432
67,0.00016027238915794517
67,0.0001486882028295845
67,0.00013494423174887317
67,0.00011927080326234107
67,0.00010188029653466414
67,8.31033855883716e-05
67,6.35501365808808e-05
67,4.4217088684826674e-05
67,2.6430382570092863e-05
67,1.1579079072791702e-05
67,7.279750759113812e-07
67,-5.6961901793502615e-06
67,-7.962554062510115e-06
67,-6.789984592574685e-06
67,-2.9235686058136833e-06
67,3.2426016583672963e-06
67,1.1804364980337834e-05
67,2.318801746815731e-05
67,3.779754149946999e-05
67,5.566023395948878e-05
67,7.620526057543924e-05
67,9.821925903724264e-05
67,0.00012000965763997581
67,0.00013977267253957444
67,0.0001560263997662198
67,0.00016788510658827927
67,0.00017506741050667994
67,0.00017772876670799748
67,0.00017627350115480972
67,0.00017121491321105616
67,0.00016306595015213714
67,0.0001522507983637741
67,0.00013906851350950277
67,0.00012372824563927566
67,0.00010643780591217827
67,8.752919695998174e-05
67,6.761360567880166e-05
67,4.770279373658288e-05
67,2.9167138186056636e-05
67,1.3458228436696448e-05
67,1.701629989781538e-06
67,-5.615176030556831e-06
67,-8.69190591732879e-06
67,-8.190406116421279e-06
67,-4.8481433979372665e-06
67,8.997328413031481e-07
67,9.107779540331221e-06
67,2.0199731320850145e-05
67,3.4598374530467203e-05
67,5.232996303306978e-05
67,7.280151022409654e-05
67,9.479211260115286e-05
67,0.00011662775652568844
67,0.00013651755433903467
67,0.00015296071704814956
67,0.00016503655704052647
67,0.00017244527350550545
67,0.00017535023492831926
67,0.00017417456352730382
67,0.0001694444056855977
67,0.0001616752886232314
67,0.00015128684069623739
67,0.0001385697674280249
67,0.00012372517701838537
67,0.00010695632777302953
67,8.85885898615111e-05
67,6.921388513098503e-05
67,4.981575346633574e-05
67,3.174728675092764e-05
67,1.6460526350091552e-05
67,5.0780635528796925e-06
67,-1.935831299393936e-06
67,-4.805871951884307e-06
67,-4.191854043997622e-06
67,-8.084970260426007e-07
67,4.915689326418616e-06
67,1.300972734198132e-05
67,2.3868054364751825e-05
67,3.79128414351876e-05
67,5.518980260455362e-05
67,7.511588739691835e-05
67,9.647079870955469e-05
67,0.00011760024617438716
67,0.00013676262585458839
67,0.00015251365780486975
67,0.00016397331449599783
67,0.0001708664428324246
67,0.00017337505609055034
67,0.0001719360505107946
67,0.00016707889278522384
67,0.00015931135782401438
67,0.00014903854704554728
67,0.0001365311561942222
67,0.00012196484273183444
67,0.0001055188890071199
67,8.75046682595657e-05
67,6.85053189401244e-05
67,4.948633990215283e-05
67,3.1772034202061424e-05
67,1.679086962562779e-05
67,5.656303554504515e-06
67,-1.1709038397377074e-06
67,-3.918623866948111e-06
67,-3.2369966716110534e-06
67,1.9081315424516988e-07
67,5.973385200669344e-06
67,1.4155549345888065e-05
67,2.5122122306942678e-05
67,3.928174958060399e-05
67,5.667665941266872e-05
67,7.671769051584348e-05
67,9.816188949612851e-05
67,0.00011932744164101092
67,0.0001384614913924763
67,0.00015412475678820985
67,0.0001654405094450666
67,0.0001721263438824026
67,0.00017435576797046864
67,0.00017256792831187465
67,0.00016730647100681985
67,0.00015909874242418486
67,0.00014837002649308333
67,0.0001354104193443742
67,0.0001204123934076616
67,0.00010356903362725347
67,8.520722345580858e-05
67,6.593065364700431e-05
67,4.672334292033265e-05
67,2.891657488547288e-05
67,1.3937857228023927e-05
67,2.9023175337207904e-06
67,-3.7284744838341926e-06
67,-6.197758091458444e-06
67,-5.1875480263947295e-06
67,-1.4066317343472428e-06
67,4.752397870950426e-06
67,1.3346227616925885e-05
67,2.4758215618995138e-05
67,3.937584719540259e-05
67,5.7218375730668685e-05
67,7.768289240463284e-05
67,9.951059911281569e-05
67,0.00012099115660264012
67,0.00014034145278669295
67,0.00015610906159423273
67,0.0001674249292411188
67,0.00017402420901433234
67,0.0001760982970819422
67,0.00017410301451322355
67,0.00016859852428499733
67,0.0001601281085654768
67,0.00014913226080864056
67,0.00013591625626470838
67,0.0001206858057013862
67,0.0001036410071197363
67,8.510990449839692e-05
67,6.569863574531232e-05
67,4.63982961983426e-05
67,2.8543548170528044e-05
67,1.3552487615143967e-05
67,2.5225531056285914e-06
67,-4.099028633134427e-06
67,-6.564667983734478e-06
67,-5.567420563644494e-06
67,-1.828910668832448e-06
67,4.254503840086926e-06
67,1.2751243492224229e-05
67,2.4062899227430007e-05
67,3.85886158183519e-05
67,5.6353683160230176e-05
67,7.676680846005559e-05
67,9.858765095882598e-05
67,0.00012011910285311586
67,0.00013957861568133275
67,0.00015550785589737973
67,0.0001670331425195481
67,0.00017388420922128205
67,0.00017623964250521943
67,0.00017453467728522322
67,0.00016930758845420084
67,0.00016108407725740802
67,0.0001502919264975219
67,0.0001372274195064351
67,0.00012209097781639444
67,0.00010507984694391623
67,8.651866108216712e-05
67,6.70101791517214e-05
67,4.7547546476873245e-05
67,2.947510282484958e-05
67,1.4223478520500664e-05
67,2.902783780651018e-06
67,-4.021974671944297e-06
67,-6.77839578598147e-06
67,-6.0385450786644644e-06
67,-2.5196522582564464e-06
67,3.372786835938966e-06
67,1.170105862550264e-05
67,2.287269015381346e-05
67,3.72962713949491e-05
67,5.499900557375825e-05
67,7.53871073902269e-05
67,9.722299198855365e-05
67,0.00011881597016830562
67,0.00013838215750722714
67,0.0001544496370763165
67,0.0001661269512096092
67,0.00017313146759386706
67,0.00017563664241398736
67,0.00017407627116831312
67,0.0001689879904926826
67,0.00016089678417005365
67,0.00015022927758325295
67,0.00013728047689083041
67,0.0001222510836101289
67,0.00010534088880017039
67,8.68764717038156e-05
67,6.745878738363068e-05
67,4.807795234908792e-05
67,3.007980590943153e-05
67,1.4900402035164803e-05
67,3.6514396526653204e-06
67,-3.2077815524107077e-06
67,-5.91129175363136e-06
67,-5.131449083010054e-06
67,-1.582688567019646e-06
67,4.327023044139396e-06
67,1.2650873756183189e-05
67,2.3788338725738586e-05
67,3.8146522565851414e-05
67,5.5753776499565825e-05
67,7.601483344490885e-05
67,9.7691127744839e-05
67,0.00011909823642985324
67,0.00013846581932687842
67,0.0001543367105415001
67,0.0001658315011496294
67,0.00017267764269351187
67,0.0001750576323167523
67,0.00017341171731669397
67,0.00016827968099314511
67,0.00016018488085040825
67,0.00014955018482125707
67,0.0001366654264186731
67,0.00012172537412963664
67,0.00010492517604994857
67,8.658924683679854e-05
67,6.731625124672703e-05
67,4.809016870010294e-05
67,3.0247272762405676e-05
67,1.5214137287032381e-05
67,4.094068240304568e-06
67,-2.662148851127805e-06
67,-5.294824126374754e-06
67,-4.474809437310314e-06
67,-9.065198267434652e-07
67,5.013192598103406e-06
67,1.334178521225004e-05
67,2.4476465426362968e-05
67,3.882200340794684e-05
67,5.64072425280839e-05
67,7.663677429436245e-05
67,9.826917484491031e-05
67,0.0001196184800273694
67,0.0001389182414720299
67,0.0001547182583551023
67,0.00016614324149689312
67,0.00017291949860574288
67,0.00017522572731909532
67,0.0001734993751107902
67,0.0001682797930055835
67,0.00016009151805630823
67,0.00014935909474236763
67,0.0001363738714717602
67,0.00012133179468816686
67,0.0001044296869355313
67,8.599580213287707e-05
67,6.663503078017878e-05
67,4.733744104019153e-05
67,2.944301509415193e-05
67,1.43809041185504e-05
67,3.2579558679043373e-06
67,-3.4723376596753242e-06
67,-6.05239057504193e-06
67,-5.1596203025467545e-06
67,-1.5036802144151534e-06
67,4.519000916279636e-06
67,1.2969149047505367e-05
67,2.4243679986551273e-05
67,3.874153539979302e-05
67,5.6483678712990955e-05
67,7.686713189073052e-05
67,9.864154424698364e-05
67,0.00012010980017165807
67,0.00013949543784313784
67,0.00015534346019793502
67,0.0001667794605086981
67,0.000173533945793418
67,0.00017579117315092167
67,0.0001739948187331958
67,0.000168690538347505
67,0.00016040847695755577
67,0.00014957799959261923
67,0.0001364949994637455
67,0.00012135957905819025
67,0.00010437161632047711
67,8.586172818035364e-05
67,6.643819159712707e-05
67,4.709579168219057e-05
67,2.9177920411441262e-05
67,1.4113107904065413e-05
67,3.003985574811111e-06
67,-3.701509192222715e-06
67,-6.25177745179735e-06
67,-5.330695964753959e-06
67,-1.653269650682602e-06
67,4.382567332973013e-06
67,1.284030514744048e-05
67,2.4120712894322367e-05
67,3.862436620806458e-05
67,5.637202184903736e-05
67,7.676134319088738e-05
67,9.854416198152376e-05
67,0.00012002531976696619
67,0.00013942927532055875
67,0.0001553022389356082
67,0.00016677213950542531
67,0.00017357151133890427
67,0.00017588419000822485
67,0.00017415048894971023
67,0.0001689111483730249
67,0.00016069152382205918
67,0.00014991705520265444
67,0.0001368805807516749
67,0.00012177984643176347
67,0.00010481265802912416
67,8.630740872035477e-05
67,6.687044231496069e-05
67,4.7496051477296405e-05
67,2.9528769967206664e-05
67,1.4398850045087425e-05
67,3.2111039059217105e-06
67,-3.5822518575931083e-06
67,-6.222708865577145e-06
67,-5.387460311470591e-06
67,-1.7885855285085003e-06
67,4.175427238695887e-06
67,1.2567868982932219e-05
67,2.3792053361445567e-05
67,3.825200322392548e-05
67,5.597005897457969e-05
67,7.634399891125848e-05
67,9.812648465671137e-05
67,0.00011962379518016029
67,0.0001390599109409667
67,0.00015497732433060024
67,0.00016649859200692103
67,0.00017335165758988004
67,0.00017571751873628918
67,0.0001740349501501883
67,0.00016884377123795635
67,0.00016066863099072317
67,0.0001499342256818996
67,0.00013693260735816646
67,0.0001218610604822453
67,0.00010491748315912616
67,8.64304536564973e-05
67,6.700610624454492e-05
67,4.7638799022040034e-05
67,2.967464207043689e-05
67,1.454668281975928e-05
67,3.3617466924659544e-06
67,-3.4278362161453683e-06
67,-6.064093363071003e-06
67,-5.223792857269981e-06
67,-1.6180712210996487e-06
67,4.354281462931903e-06
67,1.2754562603946178e-05
67,2.3983896589836355e-05
67,3.844505437322983e-05
67,5.615916055191253e-05
67,7.652161395511965e-05
67,9.828240338596282e-05
67,0.00011974689429704735
67,0.0001391405569664884
67,0.00015500870856906526
67,0.00016647710813699748
67,0.00017327726873602356
67,0.00017559414030239757
67,0.00017387013633484442
67,0.00016864755509404263
67,0.00016045221777405595
67,0.00014970914205784713
67,0.00013671024165364895
67,0.0001216524520767277
67,0.00010473354390830845
67,8.628241616919183e-05
67,6.690527396796584e-05
67,4.759513351458576e-05
67,2.9695012817025872e-05
67,1.4633695060620803e-05
67,3.512992988232101e-06
67,-3.220201066698816e-06
67,-5.812317651191763e-06
67,-4.9412566286113065e-06
67,-1.315478641662773e-06
67,4.670283629534455e-06
67,1.307954469002922e-05
67,2.4312974064883443e-05
67,3.877200927370776e-05
67,5.647716881121e-05
67,7.682365512956416e-05
67,9.856101304570873e-05
67,0.00011999475342825521
67,0.0001393523626501027
67,0.0001551826454611535
67,0.00016661437041943012
67,0.0001733801228199904
67,0.00017566420421439685
67,0.00017390787441845916
67,0.00016865272462524266
67,0.00016042448817530885
67,0.00014964843427457656
67,0.00013661679179865883
67,0.0001215268001351953
67,0.00010457675979117866
67,8.609678477506204e-05
67,6.669504764320004e-05
67,4.736648017454578e-05
67,2.9454998736677615e-05
67,1.4389324398417956e-05
67,3.271079230225533e-06
67,-3.452997081751621e-06
67,-6.030170762875008e-06
67,-5.139913144533735e-06
67,-1.491558115822453e-06
67,4.521294193836776e-06
67,1.296442395761518e-05
67,2.423944930446318e-05
67,3.874622723776808e-05
67,5.650232698996765e-05
67,7.690008130250387e-05
67,9.868612070461932e-05
67,0.0001201623953751818
67,0.00013955285955217985
67,0.00015540423438517334
67,0.00016684508654653507
67,0.00017360885941303115
67,0.00017588092452613556
67,0.00017410370404284296
67,0.0001688201959558161
67,0.00016055765392436456
67,0.00014974277575165168
67,0.00013666921713972906
67,0.00012153581527130257
67,0.00010454260293989201
67,8.602162343035281e-05
67,6.658358674806067e-05
67,4.72266265053146e-05
67,2.929745423939499e-05
67,1.4225710381630992e-05
67,3.1117325662934317e-06
67,-3.600298551984755e-06
67,-6.160600097874487e-06
67,-5.251637587723789e-06
67,-1.5851470868803042e-06
67,4.4445396109486895e-06
67,1.2904342723059607e-05
67,2.419736761043929e-05
67,3.872343031954006e-05
67,5.649841850074174e-05
67,7.691290055249488e-05
67,9.871276118606774e-05
67,0.00012019990139311678
67,0.00013959843863211736
67,0.00015545582781925415
67,0.00016690231455176983
67,0.00017367332647389317
67,0.00017595533794495118
67,0.00017419045858922636
67,0.00016892040325243129
67,0.00016067090395863708
67,0.00014986729693847991
67,0.00013680217466760598
67,0.00012167373612786072
67,0.00010468179313843738
67,8.61583641156083e-05
67,6.671427389116993e-05
67,4.734815276616372e-05
67,2.94074890324858e-05
67,1.4322241511497715e-05
67,3.192252601920017e-06
67,-3.538726862179066e-06
67,-6.120210356546302e-06
67,-5.233140971708591e-06
67,-1.5881843033880188e-06
67,4.420581953455218e-06
67,1.286049607917737e-05
67,2.4135908450768372e-05
67,3.864787173463348e-05
67,5.641238380464314e-05
67,7.68193603406235e-05
67,9.861462241332314e-05
67,0.00012010097862987044
67,0.00013950342541847204
67,0.00015536937492613854
67,0.00016682829940293858
67,0.00017361475142831253
67,0.00017591441774673225
67,0.00017416853514146377
67,0.00016891780347152015
67,0.00016068689711467085
67,0.00014990008231372567
67,0.00013684888070055297
67,0.00012173062808937859
67,0.00010474475364792256
67,8.622334794544405e-05
67,6.677754031681347e-05
67,4.740658636166868e-05
67,2.9459224755386994e-05
67,1.4367021537845365e-05
67,3.2308901749017115e-06
67,-3.5052702784737067e-06
67,-6.0910473569830114e-06
67,-5.206906123944385e-06
67,-1.5627021449417054e-06
67,4.447856607407054e-06
67,1.28918470672587e-05
67,2.4173210038206138e-05
67,3.869258176517044e-05
67,5.6464894452005416e-05
67,7.687794832492625e-05
67,9.867520768346396e-05
67,0.00012015816632356432
67,0.00013955190987431895
67,0.00015540473212716628
67,0.00016684725166316
67,0.00017361544673932501
67,0.00017589674733833218
67,0.0001741340944319093
67,0.00016886937976957545
67,0.00016062781769526048
67,0.0001498337609118292
67,0.0001367786018314043
67,0.00012165953519339395
67,0.00010467612227147671
67,8.616104061483097e-05
67,6.672618736991076e-05
67,4.737119263100162e-05
67,2.9444447429919955e-05
67,1.437642587906935e-05
67,3.2661305665380456e-06
67,-3.4451825840982897e-06
67,-6.009602052965332e-06
67,-5.108612899541396e-06
67,-1.4511482915007624e-06
67,4.570880821661311e-06
67,1.3025643481407163e-05
67,2.431687500133561e-05
67,3.8844281505708104e-05
67,5.6621724638494675e-05
67,7.703574449943729e-05
67,9.882842218558822e-05
67,0.00012030055362724729
67,0.00013967799711163973
67,0.00015551102820901316
67,0.00016693238940033937
67,0.00017367950941716277
67,0.00017594052165844666
67,0.00017415864727492932
67,0.000168875902499277
67,0.00016061757623444172
67,0.0001498080812654818
67,0.00013673885725750139
67,0.00012160713168961774
67,0.00010461261231097283
67,8.608849306677359e-05
67,6.664758502409006e-05
67,4.7290355322916424e-05
67,2.9365359880884575e-05
67,1.4302478636789714e-05
67,3.1997464831473153e-06
67,-3.502628204743387e-06
67,-6.057771366073121e-06
67,-5.147871553686857e-06
67,-1.481630870302594e-06
67,4.550368609551843e-06
67,1.301789719633734e-05
67,2.4325336540794644e-05
67,3.887166493130396e-05
67,5.666926975146858e-05
67,7.710312689895553e-05
67,9.891370133345672e-05
67,0.00012040011083355938
67,0.00013978695529686888
67,0.0001556241706309575
67,0.00016704494145598902
67,0.00017378733323618163
67,0.00017603994123353608
67,0.00017424634830403497
67,0.00016894900993051843
67,0.00016067371701480152
67,0.00014984535263553412
67,0.00013675582529845738
67,0.00012160292825291683
67,0.00010458709149307148
67,8.604251161694403e-05
67,6.658347703802381e-05
67,4.721228943816724e-05
67,2.9279012520452616e-05
67,1.4213947860479751e-05
67,3.1143630560555264e-06
67,-3.580965000532401e-06
67,-6.12673292059167e-06
67,-5.206514276330906e-06
67,-1.5297765250343413e-06
67,4.5131948264292415e-06
67,1.2993293066380345e-05
67,2.4315748474678134e-05
67,3.887911396620013e-05
67,5.6694207707903106e-05
67,7.714423747332392e-05
67,9.896832362945657e-05
67,0.00012046465382343981
67,0.00013985732457209984
67,0.00015569650568511806
67,0.00016711642778082902
67,0.0001738564946213761
67,0.00017610624700121328
67,0.00017430956743494033
67,0.00016900877746867348
67,0.0001607293916893949
67,0.00014989602503299364
67,0.00013680043374088042
67,0.00012164050898378067
67,0.00010461707204898118
67,8.606493010094767e-05
67,6.659917124566662e-05
67,4.7223056673728e-05
67,2.928740970695316e-05
67,1.4222458054521574e-05
67,3.124374702862443e-06
67,-3.569504734045052e-06
67,-6.114785773580227e-06
67,-5.195194436322341e-06
67,-1.5199131842053826e-06
67,4.521317208027864e-06
67,1.3000226338908205e-05
67,2.4322871135624304e-05
67,3.88879500909958e-05
67,5.6705486701730926e-05
67,7.715756786564991e-05
67,9.89827005244894e-05
67,0.00012047916064042571
67,0.00013987147028530212
67,0.00015571028257051366
67,0.0001671303422168752
67,0.00017387150072783154
67,0.0001761234331548036
67,0.00017432973723859694
67,0.00016903219522722087
67,0.00016075573615906844
67,0.00014992440539877847
67,0.00013682943339900764
67,0.00012166837951370887
67,0.00010464209501711334
67,8.60857729547374e-05
67,6.661513220592753e-05
67,4.723426687232275e-05
67,2.9294918914918486e-05
67,1.4227897415380998e-05
67,3.1291995993349443e-06
67,-3.5645873128377108e-06
67,-6.109679568377074e-06
67,-5.189803253194317e-06
67,-1.5136696984298197e-06
67,4.529569744826153e-06
67,1.3012180028959337e-05
67,2.434055767069402e-05
67,3.891319410195434e-05
67,5.673905565542673e-05
67,7.719856088021775e-05
67,9.902868043894759e-05
67,0.00012052689241376755
67,0.00013991770035435156
67,0.0001557522313898715
67,0.00016716597461211924
67,0.00017389966606036944
67,0.00017614382549008465
67,0.00017434266000872735
67,0.00016903824356193407
67,0.00016075552225241994
67,0.00014991837624937638
67,0.00013681780819280103
67,0.00012165127586053765
67,0.00010461987677390507
67,8.605948347349942e-05
67,6.658677215352008e-05
67,4.720678172232852e-05
67,2.927187941068843e-05
67,1.4212836252229524e-05
67,3.124687621502033e-06
67,-3.557658200892863e-06
67,-6.092025593442349e-06
67,-5.1628521124938355e-06
67,-1.4784694206995356e-06
67,4.572932589627907e-06
67,1.3064432477042075e-05
67,2.4402616482173654e-05
67,3.8985420123002475e-05
67,5.682059542433194e-05
67,7.728694965108325e-05
67,9.911996598215676e-05
67,0.00012061638031642878
67,0.00014000099965383493
67,0.00015582606996073224
67,0.00016722848718652087
67,0.00017395022247226487
67,0.00017618263597361051
67,0.0001743703686658126
67,0.00016905562475341687
67,0.00016076330089053514
67,0.00014991714376950876
67,0.00013680801366983735
67,0.00012163331866030099
67,0.0001045943531852311
67,8.602755719394327e-05
67,6.655047684387514e-05
67,4.716901053236903e-05
67,2.92359707053558e-05
67,1.4181887498896145e-05
67,3.100863383551599e-06
67,-3.5735242255146664e-06
67,-6.100308831859114e-06
67,-5.1644899296641844e-06
67,-1.4740641187363906e-06
67,4.583803729971217e-06
67,1.3083287517216578e-05
67,2.4431447666005537e-05
67,3.902576532046911e-05
67,5.68728155524265e-05
67,7.734993424071338e-05
67,9.919122310161607e-05
67,0.00012069246012858176
67,0.00014007818055552693
67,0.00015590106239936729
67,0.00016729883714098937
67,0.00017401429592557184
67,0.0001762393490982141
67,0.00017441891938746993
67,0.00016909534119542854
67,0.00016079355953865467
67,0.00014993730634105696
67,0.00013681741708076737
67,0.00012163137359537607
67,0.00010458077232519447
67,8.600270589259043e-05
67,6.651576277843531e-05
67,4.71270804572752e-05
67,2.919044476368412e-05
67,1.4136613311316673e-05
67,3.059044376656291e-06
67,-3.609867947645593e-06
67,-6.130344123274658e-06
67,-5.188126297169785e-06
67,-1.4912472267244967e-06
67,4.573804778421299e-06
67,1.3082191111070318e-05
67,2.4441538738597484e-05
67,3.904891957360906e-05
67,5.690959920351388e-05
67,7.73992570537364e-05
67,9.92505226927947e-05
67,0.0001207581806630005
67,0.00014014641960885226
67,0.00015596828610454883
67,0.0001673624239545864
67,0.00017407267027486732
67,0.00017629172429779253
67,0.00017446490857462508
67,0.00016913466535721126
67,0.0001608258922882639
67,0.0001499622078604252
67,0.00013683436297006612
67,0.00012163991271990061
67,0.00010458079010467788
67,8.599472776137597e-05
67,6.650123247857202e-05
67,4.710847718825489e-05
67,2.9171001393562917e-05
67,1.4119545397284802e-05
67,3.0466368729603402e-06
67,-3.6167299670424952e-06
67,-6.1319452832560874e-06
67,-5.185257475976067e-06
67,-1.4845049200238668e-06
67,4.5845433257426245e-06
67,1.3097957069710601e-05
67,2.4463928333372616e-05
67,3.907926989926045e-05
67,5.6948158157360076e-05
67,7.744486994219814e-05
67,9.930092312984383e-05
67,0.00012081058238938698
67,0.00014019811727350288
67,0.00015601714826531297
67,0.00016740718850446207
67,0.00017411292575092964
67,0.00017632759646345878
67,0.00017449666747437807
67,0.00016916246334264552
67,0.00016084965691548172
67,0.0001499816066850269
67,0.00013684882771849448
67,0.0001216487860155251
67,0.00010458360188663112
67,8.599151391820102e-05
67,6.649280070135301e-05
67,4.7096531725937834e-05
67,2.915796798308857e-05
67,1.410797748706374e-05
67,3.038420692712915e-06
67,-3.620845026597557e-06
67,-6.132164895726603e-06
67,-5.182109679625871e-06
67,-1.4781847176062918e-06
67,4.594596330954329e-06
67,1.3113140131629968e-05
67,2.4486113574772114e-05
67,3.911004210708748e-05
67,5.698800441519447e-05
67,7.749277840970072e-05
67,9.935456911320498e-05
67,0.0001208669066683806
67,0.0001402539853693928
67,0.00015606989443219145
67,0.00016745494709099847
67,0.0001741546823211846
67,0.00017636298210811806
67,0.00017452565162252365
67,0.00016918510504106634
67,0.0001608659512226326
67,0.0001499913927100829
67,0.0001368517761681311
67,0.00012164453519355546
67,0.00010457205707710144
67,8.597321693695206e-05
67,6.646922647201068e-05
67,4.707017541264857e-05
67,2.9132081348127922e-05
67,1.4085885450118008e-05
67,3.0226368357089627e-06
67,-3.6291954312391208e-06
67,-6.133231405674527e-06
67,-5.176620596578285e-06
67,-1.4666164556577301e-06
67,4.612576618309666e-06
67,1.3138736811334163e-05
67,2.4520926392351877e-05
67,3.9155238375704016e-05
67,5.704353113504948e-05
67,7.755699323424603e-05
67,9.942443324511576e-05
67,0.00012093861171586965
67,0.0001403237416659264
67,0.00015613460745238832
67,0.00016751258457446493
67,0.000174204259094663
67,0.00017640425752196657
67,0.0001745587537460379
67,0.00016921025316352374
67,0.00016088330277276957
67,0.00015000096907094652
67,0.0001368534676199562
67,0.00012163823443736603
67,0.00010455793691123304
67,8.595208011223897e-05
67,6.644278828066175e-05
67,4.704111485131364e-05
67,2.910371634760103e-05
67,1.4061461834348433e-05
67,3.0044984636117753e-06
67,-3.640091481536868e-06
67,-6.137159180560039e-06
67,-5.1744091193158346e-06
67,-1.4588318191388908e-06
67,4.626224706945531e-06
67,1.3159497219584726e-05
67,2.455051825487159e-05
67,3.919498640662478e-05
67,5.709358648576211e-05
67,7.761601207102732e-05
67,9.948977252579356e-05
67,0.00012100687944285136
67,0.00014039148953799523
67,0.000156198956124705
67,0.00016757158070257228
67,0.00017425685952069008
67,0.00017645003275756275
67,0.0001745975413297623
67,0.00016924192746023956
67,0.0001609076598440328
67,0.00015001766554797205
67,0.00013686202359281294
67,0.00012163816070104406
67,0.0001045490031690266
67,8.593466669198436e-05
67,6.641821059090103e-05
67,4.701175439330054e-05
67,2.9072764496545525e-05
67,1.4032226857818886e-05
67,2.979558295081462e-06
67,-3.6594023831918715e-06
67,-6.150649031851707e-06
67,-5.182447704813417e-06
67,-1.4616197091496965e-06
67,4.629241830460348e-06
67,1.3169802402571701e-05
67,2.4570100972844652e-05
67,3.922546672989813e-05
67,5.713537285315503e-05
67,7.766793796688708e-05
67,9.954928913809485e-05
67,0.00012107060299856927
67,0.0001404558799125676
67,0.00015626095362328627
67,0.00016762902063566942
67,0.00017430852732673414
67,0.00017649540482186186
67,0.00017463642860749242
67,0.0001692742108214248
67,0.00016093314490097708
67,0.00015003601002265698
67,0.00013687274720827015
67,0.00012164079037944559
67,0.00010454335440531332
67,8.592118761690356e-05
67,6.639828184260292e-05
67,4.6987799650832505e-05
67,2.9047982309819778e-05
67,1.4009875278283738e-05
67,2.962076173798082e-06
67,-3.6709092507161615e-06
67,-6.156254264800231e-06
67,-5.182758872299436e-06
67,-1.457034294777475e-06
67,4.639081270342275e-06
67,1.3186147059937021e-05
67,2.459468788350221e-05
67,3.925968293123275e-05
67,5.717943662187101e-05
67,7.772054957541386e-05
67,9.960786006003234e-05
67,0.00012113185030671432
67,0.00014051651426976364
67,0.00015631827084155748
67,0.000167681249456974
67,0.00017435483320247426
67,0.00017653560221851918
67,0.00017467061028551655
67,0.00016930248009390492
67,0.00016095547840449612
67,0.00015005219526249237
67,0.00013688239397776188
67,0.0001216434698983784
67,0.0001045388744569683
67,8.590992766306188e-05
67,6.638147580007298e-05
67,4.696763558577352e-05
67,2.902735626992477e-05
67,1.3991731017514324e-05
67,2.948580825191401e-06
67,-3.678850972458179e-06
67,-6.158836687859006e-06
67,-5.180625704264142e-06
67,-1.450545630529349e-06
67,4.65035664109249e-06
67,1.320352736390886e-05
67,2.4619958668320057e-05
67,3.929428654265643e-05
67,5.722367654444962e-05
67,7.777322798041851e-05
67,9.966647217553162e-05
67,0.00012119315737077994
67,0.0001405772289946692
67,0.00015637564713866624
67,0.00016773342600942719
67,0.00017440084706294294
67,0.00017657513155399618
67,0.00017470363862237702
67,0.0001693290470649295
67,0.0001609755395302977
67,0.00015006554578745823
67,0.00013688866737586604
67,0.00012164227073876492
67,0.00010453005890771226
67,8.589395658442571e-05
67,6.635971544461664e-05
67,4.694245807476198e-05
67,2.900187686919235e-05
67,1.396912685291813e-05
67,2.9312426551761035e-06
67,-3.6898389589424536e-06
67,-6.163565691412988e-06
67,-5.179711010347747e-06
67,-1.4443518356724141e-06
67,4.662266006848239e-06
67,1.3222486592269168e-05
67,2.4647744750450996e-05
67,3.933227869149621e-05
67,5.727205720418258e-05
67,7.783062494675322e-05
67,9.973015058853953e-05
67,0.00012125960176717721
67,0.00014064286812257604
67,0.000156437495798935
67,0.00016778945852811275
67,0.00017445000712510396
67,0.0001766170544919441
67,0.0001747382977595397
67,0.00016935649489017014
67,0.00016099576465252076
67,0.00015007839981411643
67,0.00013689386992413462
67,0.00012163954572853496
67,0.00010451941122291228
67,8.58760171438904e-05
67,6.633603129509839e-05
67,4.691557235256245e-05
67,2.897503332983694e-05
67,1.3945561906449827e-05
67,2.913338341532177e-06
67,-3.7010514094617408e-06
67,-6.168254020865541e-06
67,-5.178582648840557e-06
67,-1.4378690208189471e-06
67,4.674456956918765e-06
67,1.3241665827681998e-05
67,2.4675654842581585e-05
67,3.9370267843171915e-05
67,5.73202866581757e-05
67,7.788773934729096e-05
67,9.979348588906241e-05
67,0.00012132575128911985
67,0.00014070837778289806
67,0.00015649948710409246
67,0.00016784599311223618
67,0.0001745000846375824
67,0.0001766603213087913
67,0.000174774690981138
67,0.00016938599590540204
67,0.0001610182720862123
67,0.0001500936652279942
67,0.00013690150443001751
67,0.00012163915457838302
67,0.00010451086654430662
67,8.585980101860257e-05
67,6.631353625582455e-05
67,4.688920658580305e-05
67,2.8947950412694196e-05
67,1.3920963945625964e-05
67,2.8936306435179615e-06
67,-3.7147563704684646e-06
67,-6.1759950421895095e-06
67,-5.1809221097646085e-06
67,-1.4351443041268616e-06
67,4.682695096997266e-06
67,1.3256787899404106e-05
67,2.469951465265954e-05
67,3.940434375414204e-05
67,5.736486664955259e-05
67,7.794157656879812e-05
67,9.985400486291499e-05
67,0.00012138960780607999
67,0.00014077213896357996
67,0.00015656024832072065
67,0.00016790175787658633
67,0.00017454978805268897
67,0.00017670355558154378
67,0.00017481135124931216
67,0.00016941602708110134
67,0.0001610415343384784
67,0.00015010986537534289
67,0.00013691020374694958
67,0.00012163991086133695
67,0.00010450351584092468
67,8.584480405469445e-05
67,6.629227682202873e-05
67,4.686409636734243e-05
67,2.8922160045638924e-05
67,1.3897718588876353e-05
67,2.8753467502107035e-06
67,-3.7269781253168397e-06
67,-6.182219685726236e-06
67,-5.181737129357885e-06
67,-1.4309098926454167e-06
67,4.692394078988697e-06
67,1.3273268308819273e-05
67,2.4724565159954835e-05
67,3.9439377463212365e-05
67,5.741010663848691e-05
67,7.799571012354172e-05
67,9.991440361303166e-05
67,0.00012145291158547279
67,0.00014083494772675753
67,0.00015661973037689157
67,0.00016795601287267808
67,0.00017459785792996204
67,0.00017674514210667266
67,0.00017484645382856185
67,0.00016944468249657525
67,0.00016106367980812066
67,0.00015012527155142528
67,0.0001369184838284774
67,0.0001216406621581808
67,0.00010449660028978062
67,8.583069034984638e-05
67,6.627232862503146e-05
67,4.684066750006455e-05
67,2.8898328275168842e-05
67,1.387659739792858e-05
67,2.859239770322838e-06
67,-3.737072855998654e-06
67,-6.1864500370266145e-06
67,-5.180743383091165e-06
67,-1.4250736660134391e-06
67,4.7034829247741714e-06
67,1.3290917827677274e-05
67,2.475054613581202e-05
67,3.947508952591561e-05
67,5.7455777653734794e-05
67,7.805004918739683e-05
67,9.99748115907725e-05
67,0.00012151606071570448
67,0.00014089747357654882
67,0.0001566788346145842
67,0.00016800981577162912
67,0.000174645404553423
67,0.0001767861260959889
67,0.00017488086631822653
67,0.00016947255885546458
67,0.00016108496290524098
67,0.00015013974088540463
67,0.0001369257595888675
67,0.00012164034273185484
67,0.000104488543139446
67,8.581536071261102e-05
67,6.625109577998084e-05
67,4.681590299718123e-05
67,2.8873138732388753e-05
67,1.3854136525962712e-05
67,2.8418622872488523e-06
67,-3.7483151767291566e-06
67,-6.191661431601602e-06
67,-5.180534560513287e-06
67,-1.4198011395696643e-06
67,4.714260483635366e-06
67,1.3308543246762677e-05
67,2.4776815905687533e-05
67,3.9511411141684833e-05
67,5.75023680779028e-05
67,7.810558544728139e-05
67,0.00010003663424682791
67,0.00012158075270973811
67,0.0001409615658281237
67,0.0001567394286348435
67,0.00016806494876118243
67,0.00017469405811213157
67,0.00017682794868678644
67,0.0001749158212666682
67,0.00016950066974475434
67,0.0001611061746133843
67,0.00015015384780936932
67,0.00013693241101978002
67,0.000121639181569616
67,0.00010447948603727091
67,8.57989451876927e-05
67,6.622877380370658e-05
67,4.679013120225856e-05
67,2.884709660685509e-05
67,1.383102534365919e-05
67,2.824056348883259e-06
67,-3.759767024419852e-06
67,-6.196883651882087e-06
67,-5.180171327674461e-06
67,-1.414247487530686e-06
67,4.725413157190427e-06
67,1.3326614386318924e-05
67,2.4803580176179325e-05
67,3.954824744408193e-05
67,5.754946177049682e-05
67,7.816159158085497e-05
67,0.00010009888803329713
67,0.00012164584455878026
67,0.00014102604100203975
67,0.00015680040825726175
67,0.00016812049354783683
67,0.00017474317097793324
67,0.00017687028930412154
67,0.00017495135091579825
67,0.00016952939997284458
67,0.00016112803372251278
67,0.00015016861270310017
67,0.0001369397138382351
67,0.00012163864757518246
67,0.00010447101055814276
67,8.578303731871461e-05
67,6.620685088854835e-05
67,4.676461470221417e-05
67,2.882113558865954e-05
67,1.3807797751531755e-05
67,2.8059235426398256e-06
67,-3.7717529651063903e-06
67,-6.2028265485850426e-06
67,-5.180686006247808e-06
67,-1.409702415050137e-06
67,4.73544797177601e-06
67,1.334348222361145e-05
67,2.4829088631126387e-05
67,3.9583815673941574e-05
67,5.7595317845217167e-05
67,7.821643496823264e-05
67,0.00010016010030952663
67,0.00012171005840826465
67,0.0001410898296946337
67,0.0001568609017664648
67,0.00016817574605277965
67,0.00017479217035557695
67,0.00017691267607260338
67,0.00017498706460153428
67,0.0001695584283111601
67,0.0001611502791280304
67,0.0001501838235341181
67,0.00013694749138824864
67,0.0001216385865268543
67,0.00010446297926586281
67,8.576752325324079e-05
67,6.618525616594579e-05
67,4.6739354574459394e-05
67,2.8795364064173012e-05
67,1.378470589557864e-05
67,2.7878869711457755e-06
67,-3.783670842836471e-06
67,-6.208719455837233e-06
67,-5.181157975965461e-06
67,-1.4051130970169685e-06
67,4.745531089114147e-06
67,1.336039839631276e-05
67,2.485463835903259e-05
67,3.961940913401925e-05
67,5.764116932756523e-05
67,7.827122450177463e-05
67,0.00010022119014975124
67,0.00012177407003710631
67,0.00014115333650817756
67,0.00015692104329693426
67,0.0001682305929403994
67,0.00017484073248743182
67,0.0001769546197365535
67,0.00017502235576966237
67,0.00016958707889879382
67,0.00016117221225006782
67,0.00015019880517032247
67,0.00013695513845921078
67,0.00012163850865202803
67,0.00010445505982575076
67,8.575226315055023e-05
67,6.616406443117754e-05
67,4.6714641944277365e-05
67,2.8770267599075295e-05
67,1.3762389760377672e-05
67,2.770692951025771e-06
67,-3.7947167006119155e-06
67,-6.2137460015935065e-06
67,-5.180795758801702e-06
67,-1.3997381597440824e-06
67,4.756339507861416e-06
67,1.3377965226007747e-05
67,2.4880745478357497e-05
67,3.965544837660511e-05
67,5.76873421051131e-05
67,7.832620528950033e-05
67,0.0001002823433706464
67,0.0001218380282199428
67,0.0001412166928631038
67,0.00015698096208567684
67,0.00016828516860540257
67,0.00017488899382660646
67,0.000176996246722852
67,0.00017505732476601058
67,0.00016961541072695412
67,0.00016119383797628983
67,0.0001502134970619067
67,0.00013696251657917594
67,0.00012163818139892805
67,0.00010444690530516144
67,8.573677489886412e-05
67,6.614264409358635e-05
67,4.668969381661371e-05
67,2.8744924153868196e-05
67,1.373981434776694e-05
67,2.75323176511515e-06
67,-3.8060291185691024e-06
67,-6.219028668005388e-06
67,-5.1806689821326264e-06
67,-1.3945657035899216e-06
67,4.766993682806123e-06
67,1.3395441968430881e-05
67,2.490683942356641e-05
67,3.969155921022591e-05
67,5.773367413970259e-05
67,7.838142950486967e-05
67,0.00010034381147235882
67,0.00012190235041804045
67,0.00014128043437696108
67,0.00015704125882610748
67,0.00016834008944858908
67,0.00017493754566997284
67,0.00017703809190390598
67,0.00017509242718972902
67,0.0001696437841043664
67,0.00016121541071549957
67,0.00015022804239514195
67,0.00013696965927000488
67,0.00012163753898211958
67,0.00010443837022145292
67,8.572086094354376e-05
67,6.612077904784198e-05
67,4.666431153821535e-05
67,2.871918510280262e-05
67,1.371690356581872e-05
67,2.735509087996058e-06
67,-3.817522991574404e-06
67,-6.224413183023756e-06
67,-5.180569969471007e-06
67,-1.3893541926595622e-06
67,4.777748239514781e-06
67,1.3413076703567663e-05
67,2.493314314124855e-05
67,3.972792034897865e-05
67,5.778028157673888e-05
67,7.843693866393134e-05
67,0.00010040556101975481
67,0.00012196694041960603
67,0.00014134442327518927
67,0.00015710178036309767
67,0.00016839521489406766
67,0.0001749862864958342
67,0.00017708011423162522
67,0.0001751276965654194
67,0.00016967231427762015
67,0.00016123712971666065
67,0.00015024272359739655
67,0.00013697692865398406
67,0.00012163701624910998
67,0.00010442994971983516
67,8.570505650621258e-05
67,6.609901595414625e-05
67,4.663901887220912e-05
67,2.8693516308715638e-05
67,1.3694034438262514e-05
67,2.7177897600774626e-06
67,-3.829058547445904e-06
67,-6.2298861630716905e-06
67,-5.18060433209332e-06
67,-1.3843180634423024e-06
67,4.788288626701745e-06
67,1.3430463066618367e-05
67,2.4959170683543284e-05
67,3.976398505536695e-05
67,5.782658115193415e-05
67,7.84921402044989e-05
67,0.00010046701823718258
67,0.00012203126934107176
67,0.00014140819557251428
67,0.00015716213833808025
67,0.00016845023386178695
67,0.00017503497819751118
67,0.0001771221417659372
67,0.00017516301981334524
67,0.0001697009396201315
67,0.00016125897667531447
67,0.00015025755584430276
67,0.00013698436129456167
67,0.0001216366575540425
67,0.00010442168287026692
67,8.568938503162977e-05
67,6.607735648346158e-05
67,4.661379483192772e-05
67,2.8667879291254935e-05
67,1.3671161335859182e-05
67,2.7000332837239583e-06
67,-3.840660555273907e-06
67,-6.235448929646108e-06
67,-5.180743948611269e-06
67,-1.3793945873768448e-06
67,4.798715653650665e-06
67,1.3447740413460244e-05
67,2.498509726772565e-05
67,3.979995872408556e-05
67,5.787279857040512e-05
67,7.854726466709518e-05
67,0.00010052839865441683
67,0.00012209551776863484
67,0.00014147188119466303
67,0.00015722240238400596
67,0.00016850515201061574
67,0.0001750835640205015
67,0.00017716406137253485
67,0.00017519823675743318
67,0.0001697294641104209
67,0.0001612807319273895
67,0.00015027230912090258
67,0.00013699173163381524
67,0.00012163625837729994
67,0.00010441340437785312
67,8.567373902410307e-05
67,6.60557672114823e-05
67,4.658869057993944e-05
67,2.864241233497244e-05
67,1.3648504452242848e-05
67,2.682530439965256e-06
67,-3.851983366380311e-06
67,-6.240719070078546e-06
67,-5.180587160721082e-06
67,-1.374177223442553e-06
67,4.8094294457396055e-06
67,1.3465291775910283e-05
67,2.5011276899568773e-05
67,3.983615429114716e-05
67,5.7919196681361565e-05
67,7.860252079781724e-05
67,0.00010058985769905633
67,0.00012215979251383068
67,0.0001415355462453432
67,0.00015728260782294236
67,0.00016855998371341401
67,0.00017513204503885182
67,0.00017720586549650397
67,0.00017523333350819752
67,0.0001697578686140357
67,0.0001613023717121713
67,0.00015028695514973997
67,0.00013699900583186183
67,0.0001216357760782875
67,0.00010440505675084075
67,8.565803806138129e-05
67,6.603413657809748e-05
67,4.6563556935895135e-05
67,2.861692510163385e-05
67,1.3625832622807163e-05
67,2.6650141432079034e-06
67,-3.863321046591102e-06
67,-6.246006793193799e-06
67,-5.180449971270247e-06
67,-1.3689785750273442e-06
67,4.820130170457168e-06
67,1.3482840891773517e-05
67,2.5037468836117333e-05
67,3.987237823330046e-05
67,5.796563909729625e-05
67,7.865783602373497e-05
67,0.00010065138831347588
67,0.0001222241474265199
67,0.0001415992950770182
67,0.00015734289554004713
67,0.00016861489138821312
67,0.00017518059100776916
67,0.00017724771876657575
67,0.00017526845917526754
67,0.00016978627830022954
67,0.00016132399045830497
67,0.00015030155220871445
67,0.00013700620223311126
67,0.00012163518761325082
67,0.00010439657708502783
67,8.56421842424247e-05
67,6.601234000063247e-05
67,4.653825392989856e-05
67,2.8591274920068418e-05
67,1.360301226848547e-05
67,2.6473690456839458e-06
67,-3.8747647801217486e-06
67,-6.251376267377145e-06
67,-5.180369502961946e-06
67,-1.3638108963187801e-06
67,4.830827123792144e-06
67,1.3500415103619326e-05
67,2.5063714702554633e-05
67,3.990868152638316e-05
67,5.80121797779062e-05
67,7.871326065248705e-05
67,0.00010071303201517583
67,0.00012228861266073098
67,0.00014166314648804645
67,0.00015740327521128155
67,0.0001686698797368998
67,0.00017522920703148682
67,0.0001772896321657702
67,0.00017530363522682267
67,0.0001698147285514276
67,0.0001613456399814402
67,0.00015031617060921526
67,0.00013701341156353804
67,0.0001216346057515437
67,0.000104388100790416
67,8.562633409956883e-05
67,6.599055071053243e-05
67,4.6512964239212934e-05
67,2.8565644761464774e-05
67,1.3580216828092316e-05
67,2.62974975130693e-06
67,-3.8861863111106786e-06
67,-6.2567303611465995e-06
67,-5.180281956661187e-06
67,-1.358644693867068e-06
67,4.841514504752028e-06
67,1.3517972342485384e-05
67,2.5089936319848955e-05
67,3.994495230781939e-05
67,5.805867827808087e-05
67,7.876863324959077e-05
67,0.00010077461600960305
67,0.00012235301468333402
67,0.00014172693619434774
67,0.00015746359972541938
67,0.0001687248240211917
67,0.00017527779346156736
67,0.00017733153213184434
67,0.00017533881407295033
67,0.0001698431967353621
67,0.00016136732067668165
67,0.0001503308307912691
67,0.00013702066998334304
67,0.00012163407662358948
67,0.00010437967726233544
67,8.561053336501115e-05
67,6.59688044090524e-05
67,4.6487708649516486e-05
67,2.8540037931133072e-05
67,1.3557432190478497e-05
67,2.612126983297234e-06
67,-3.897626540759434e-06
67,-6.262117467478079e-06
67,-5.1802387952760686e-06
67,-1.3535300577325293e-06
67,4.8521475807911e-06
67,1.3535476417082022e-05
67,2.5116108602322422e-05
67,3.9981178604659175e-05
67,5.810513646612587e-05
67,7.882396802990264e-05
67,0.00010083616296369959
67,0.0001224173792637877
67,0.0001417906875328924
67,0.00015752388498429333
67,0.00016877972860882725
67,0.00017532634031970355
67,0.0001773733930856901
67,0.00017537395476621318
67,0.00016987162791103796
67,0.00016138896581498178
67,0.00015034545713229558
67,0.00013702789669457004
67,0.00012163351905148115
67,0.00010437123087834016
67,8.55947188319338e-05
67,6.594705731275541e-05
67,4.646246870594159e-05
67,2.8514465119675703e-05
67,1.3534699556225826e-05
67,2.594571402814112e-06
67,-3.908988616334725e-06
67,-6.2674194835015045e-06
67,-5.1801061575802734e-06
67,-1.34832232428254e-06
67,4.8628775762192575e-06
67,1.3553080850652805e-05
67,2.5142382305985966e-05
67,4.00175027116183e-05
67,5.8151682880698026e-05
67,7.887937571874422e-05
67,0.0001008977632581885
67,0.00012248177551113794
67,0.00014185444910733033
67,0.00015758416139795165
67,0.0001688346089180606
67,0.000175374851294064
67,0.00017741520975262965
67,0.00017540904528159644
67,0.00016990000523542465
67,0.00016141055558136543
67,0.00015036002865423972
67,0.00013703507116533603
67,0.00012163291397071388
67,0.00010436274413995974
67,8.55788736538348e-05
67,6.592529156205633e-05
67,4.643722351246879e-05
67,2.8488900311565854e-05
67,1.3511986048264761e-05
67,2.5770423779509825e-06
67,-3.9203207150883695e-06
67,-6.272691129312353e-06
67,-5.179944076242537e-06
67,-1.3430855330272828e-06
67,4.87363816913516e-06
67,1.3570719481223125e-05
67,2.516869447118337e-05
67,4.005386821592573e-05
67,5.819827111157267e-05
67,7.893482317704107e-05
67,0.00010095939947581225
67,0.00012254620262648735
67,0.00014191823580687817
67,0.0001576444571943324
67,0.00016888950334747977
67,0.00017542337138160244
67,0.00017745703003443534
67,0.00017544413285121147
67,0.00016992837196126275
67,0.00016143212618548321
67,0.0001503745716958587
67,0.00013704220733667987
67,0.00012163226084243344
67,0.00010435420066538165
67,8.556296528768814e-05
67,6.590345949081482e-05
67,4.6411912797104104e-05
67,2.846327431814486e-05
67,1.3489217768442382e-05
67,2.5594654020222747e-06
67,-3.93169433257077e-06
67,-6.277997972923715e-06
67,-5.179810207614734e-06
67,-1.337868382791134e-06
67,4.884390120354762e-06
67,1.3588362937149575e-05
67,2.519502595793184e-05
67,4.009026605244073e-05
67,5.8244901065320455e-05
67,7.899031744618182e-05
67,0.00010102108371208049
67,0.0001226106757970215
67,0.00014198206425743276
67,0.0001577047891927528
67,0.00016894442824509499
67,0.0001754719164332949
67,0.0001774988696982359
67,0.0001754792336970218
67,0.00016995674522234984
67,0.00016145369614356195
67,0.0001503891067171952
67,0.0001370493283557556
67,0.00012163158658649109
67,0.00010434563237211152
67,8.554703158685227e-05
67,6.588160517203789e-05
67,4.638658630452583e-05
67,2.8437641233240347e-05
67,1.3466451207341385e-05
67,2.5418969873245063e-06
67,-3.943055405435449e-06
67,-6.2832905884149985e-06
67,-5.179661451842e-06
67,-1.3326355133706965e-06
67,4.895159545659615e-06
67,1.3606026506226745e-05
67,2.5221379894370466e-05
67,4.0126686503939214e-05
67,5.8291550407493266e-05
67,7.904582482007018e-05
67,0.00010108277323157868
67,0.00012267514655215435
67,0.00014204588396622423
67,0.0001577651084111452
67,0.00016899933912865097
67,0.00017552044880966855
67,0.0001775406996475217
67,0.00017551432837092975
67,0.00016998511580189243
67,0.00016147526650040167
67,0.00015040364450458603
67,0.00013705645364248033
67,0.00012163091741291949
67,0.00010433706976609595
67,8.553110444448558e-05
67,6.585975878393848e-05
67,4.636126956943028e-05
67,2.8412019662435076e-05
67,1.3443696690407396e-05
67,2.5243387656422047e-06
67,-3.954410599576942e-06
67,-6.288582867096261e-06
67,-5.179517400296802e-06
67,-1.3274105137929462e-06
67,4.905920505119057e-06
67,1.3623683364566751e-05
67,2.5247729995887663e-05
67,4.016310532388391e-05
67,5.833819824986796e-05
67,7.910132849782034e-05
67,0.00010114445525436489
67,0.00012273960543482583
67,0.00014210968775934372
67,0.00015782540872186712
67,0.0001690542296028984
67,0.00017556896063422806
67,0.00017758250962819863
67,0.00017554940377151549
67,0.00017001346761962054
67,0.00016149681831607418
67,0.00015041816355324645
67,0.00013706355958793243
67,0.00012163022837574682
67,0.00010432848775013959
67,8.551516022444336e-05
67,6.583790007432968e-05
67,4.6335947643514776e-05
67,2.83864015462386e-05
67,1.342095415444197e-05
67,2.5067992244899637e-06
67,-3.965742987242701e-06
67,-6.293850181106663e-06
67,-5.179346772405926e-06
67,-1.3221564580193963e-06
67,4.916714653711802e-06
67,1.364137884920605e-05
67,2.5274123841757482e-05
67,4.0199570519606946e-05
67,5.8384891078319844e-05
67,7.915687154441537e-05
67,0.00010120616772873076
67,0.00012280408394707456
67,0.00014217349993549724
67,0.00015788570714194306
67,0.0001691091098284785
67,0.0001756174559095002
67,0.00017762429831218122
67,0.00017558445413356477
67,0.00017004179144616854
67,0.00016151833995270225
67,0.00015043265096508456
67,0.00013707063324899305
67,0.00012162950762748711
67,0.00010431987648077689
67,8.549919168047862e-05
67,6.581602462076428e-05
67,4.6310618761871576e-05
67,2.8360787240481672e-05
67,1.3398225296922817e-05
67,2.489280598772812e-06
67,-3.977050473701104e-06
67,-6.299091126951908e-06
67,-5.179149338112432e-06
67,-1.3168746251803763e-06
67,4.927539137917955e-06
67,1.3659108698196807e-05
67,2.5300556083670707e-05
67,4.023607613753135e-05
67,5.8431623056473924e-05
67,7.921244919511982e-05
67,0.00010126790792576325
67,0.0001228685821058795
67,0.00014223732353787555
67,0.0001579460096765885
67,0.00016916398847532712
67,0.00017566594541533546
67,0.00017766607784342562
67,0.00017561949210374815
67,0.00017007009954219692
67,0.00016153984240376343
67,0.00015044711558315912
67,0.0001370776804367517
67,0.00012162875705450769
67,0.00010431123310032379
67,8.548319056924672e-05
67,6.57941185045822e-05
67,4.6285263550577976e-05
67,2.8335152612028818e-05
67,1.3375482250339447e-05
67,2.4717525080555873e-06
67,-3.988364631800591e-06
67,-6.304337198505323e-06
67,-5.1789554397202776e-06
67,-1.3115933837438098e-06
67,4.938368202235199e-06
67,1.367685043024299e-05
67,2.5327008243445995e-05
67,4.027260828482309e-05
67,5.847838509827505e-05
67,7.926805703616618e-05
67,0.00010132967570157991
67,0.0001229331033596034
67,0.00014230116479307464
67,0.00015800632445549183
67,0.00016921887472204074
67,0.0001757144387333812
67,0.00017770785773092888
67,0.00017565452676498346
67,0.00017009840027873774
67,0.0001615613331259331
67,0.0001504615638907939
67,0.0001370847067387471
67,0.0001216279816617656
67,0.0001043025625492537
67,8.546716237839468e-05
67,6.577218834287322e-05
67,4.6259890182186216e-05
67,2.8309507608510536e-05
67,1.3352736698556754e-05
67,2.4542280621754346e-06
67,-3.999671421328274e-06
67,-6.309573978694194e-06
67,-5.1787508463346204e-06
67,-1.306299308906073e-06
67,4.949213812748611e-06
67,1.3694613887354922e-05
67,2.5353487359185092e-05
67,4.030917058049512e-05
67,5.852517701350966e-05
67,7.932369102791611e-05
67,0.00010139146350397811
67,0.00012299763741741303
67,0.00014236501169627693
67,0.00015806663881434447
67,0.0001692737563080218
67,0.00017576292495925035
67,0.00017774962919707698
67,0.00017568955204385188
67,0.00017012669069371738
67,0.0001615828125030993
67,0.00015047599965734896
67,0.00013709171919710518
67,0.00012162719143087219
67,0.00010429387715923232
67,8.545112098863374e-05
67,6.575024856632614e-05
67,4.6234512544785746e-05
67,2.828386458790051e-05
67,1.3329998688493378e-05
67,2.4367144532474316e-06
67,-4.010966760260672e-06
67,-6.314800468723762e-06
67,-5.17853739167467e-06
67,-1.3009966945364183e-06
67,4.960069556476214e-06
67,1.3712390851685412e-05
67,2.5379983830989582e-05
67,4.0345752607681966e-05
67,5.857198815992947e-05
67,7.93793407863876e-05
67,0.00010145326160603789
67,0.0001230621754858004
67,0.00014242885650518397
67,0.00015812694605750948
67,0.0001693286274260778
67,0.00017581139893551773
67,0.00017779138751215917
67,0.0001757245634622722
67,0.00017015496641345905
67,0.0001616042761258277
67,0.00015049041830338754
67,0.00013709871291486087
67,0.0001216263810409465
67,0.00010428517119147581
67,8.543506036493574e-05
67,6.572829310958048e-05
67,4.620912494511403e-05
67,2.82582186566332e-05
67,1.3307264556049434e-05
67,2.4192096494113076e-06
67,-4.022250815006694e-06
67,-6.320014910998037e-06
67,-5.178311402296885e-06
67,-1.2956799409580008e-06
67,4.970942962651324e-06
67,1.3730190655896936e-05
67,2.540650851167553e-05
67,4.03823663313445e-05
67,5.861883111635639e-05
67,7.94350189247968e-05
67,0.00010151508196639219
67,0.00012312672818907803
67,0.00014249270799344634
67,0.00015818725280390718
67,0.00016938349243360466
67,0.000175859862777096
67,0.00017783313267409105
67,0.0001757595591177621
67,0.00017018322393364126
67,0.00016162571927120356
67,0.00015050481431106282
67,0.00013710568203347196
67,0.00012162554478027847
67,0.00010427643958205378
67,8.541897656066084e-05
67,6.570631952226525e-05
67,4.6183726625566196e-05
67,2.8232570741632388e-05
67,1.3284536766656927e-05
67,2.401717390911869e-06
67,-4.0335188814330505e-06
67,-6.325211972055912e-06
67,-5.178067283970308e-06
67,-1.2903435386367633e-06
67,4.9818392128664315e-06
67,1.3748018022629512e-05
67,2.543306554487628e-05
67,4.0419015199883555e-05
67,5.8665708605824905e-05
67,7.949072753886239e-05
67,0.00010157692624426417
67,0.0001231912969450942
67,0.00014255656754740285
67,0.00015824756061058354
67,0.0001694383531751683
67,0.00017590831865569684
67,0.00017787486714761642
67,0.00017579454168333575
67,0.00017021146601114309
67,0.00016164714460531642
67,0.00015051919007391578
67,0.0001371126285026083
67,0.00012162468391905996
67,0.00010426768259227145
67,8.540286850131941e-05
67,6.568432511798932e-05
67,4.6158313146678185e-05
67,2.820691468339213e-05
67,1.3261807537941068e-05
67,2.3842284991528277e-06
67,-4.0447811861859525e-06
67,-6.330402543619618e-06
67,-5.1778161944381616e-06
67,-1.284998571701829e-06
67,4.992747593916445e-06
67,1.3765862912919972e-05
67,2.5459645899413396e-05
67,4.045569153991102e-05
67,5.8712614575930785e-05
67,7.954646235447991e-05
67,0.00010163879200488575
67,0.0001232558810810505
67,0.00014262043601060155
67,0.0001583078714849153
67,0.00016949321246738876
67,0.000175956769889857
67,0.0001779165944846758
67,0.00017582951469424977
67,0.00017023969594555166
67,0.00016166855502284969
67,0.00015053354795885782
67,0.00013711955407341042
67,0.00012162379960752013
67,0.00010425890088352814
67,8.538673650061303e-05
67,6.56623100725796e-05
67,4.613288476993203e-05
67,2.818125100314537e-05
67,1.3239077823420073e-05
67,2.366744444091169e-06
67,-4.056035748942841e-06
67,-6.33558416699686e-06
67,-5.177555292588761e-06
67,-1.279641946681426e-06
67,5.003671291181447e-06
67,1.3783728424580426e-05
67,2.5486252399254173e-05
67,4.049239768132466e-05
67,5.875955067367045e-05
67,7.960222418999243e-05
67,0.00010170067916228696
67,0.0001233204796786268
67,0.00014268431179197857
67,0.00015836818334993518
67,0.00016954806799610034
67,0.00017600521418937142
67,0.00017795831264319674
67,0.00017586447655857472
67,0.00017026791277514856
67,0.0001616899503367869
67,0.00015054788865574416
67,0.0001371264603826141
67,0.0001216228944356521
67,0.00010425009796575886
67,8.537058490853029e-05
67,6.564027936295486e-05
67,4.6107446807689586e-05
67,2.8155585057114162e-05
67,1.3216352718917474e-05
67,2.349269779077103e-06
67,-4.067278765823395e-06
67,-6.3407539143230235e-06
67,-5.1772825857375686e-06
67,-1.2742726103315043e-06
67,5.014610441752756e-06
67,1.3801613786313952e-05
67,2.551288339762882e-05
67,4.0529131209407865e-05
67,5.8806513855910736e-05
67,7.965800957454281e-05
67,0.00010176258406160516
67,0.0001233850890851701
67,0.00014274819141324606
67,0.00015842849308124094
67,0.00016960291706681098
67,0.00017605364927504276
67,0.0001780000197488831
67,0.00017589942578919457
67,0.00017029611534650398
67,0.00016171132965709157
67,0.00015056221145454148
67,0.00013713334679957837
67,0.00012162196775316483
67,0.00010424127305799267
67,8.535441270790199e-05
67,6.561823170500401e-05
67,4.608199772831631e-05
67,2.8129915104144663e-05
67,1.319363036393535e-05
67,2.331802660226821e-06
67,-4.078511943220362e-06
67,-6.345913252089155e-06
67,-5.176999184078532e-06
67,-1.2688912224170675e-06
67,5.02556490458094e-06
67,1.3819519453595377e-05
67,2.553953996533453e-05
67,4.056589376628234e-05
67,5.88535063049987e-05
67,7.971382110335538e-05
67,0.00010182450948161748
67,0.00012344971205643446
67,0.00014281207741414522
67,0.00015848880280781884
67,0.00016965776124664794
67,0.00017610207608517974
67,0.000178041716074954
67,0.00017593436198090216
67,0.00017032430262214085
67,0.00016173269139715715
67,0.00015057651433314674
67,0.0001371402110073037
67,0.00012162101710378568
67,0.00010423242375353022
67,8.533821777045922e-05
67,6.559616545148339e-05
67,4.605653651972138e-05
67,2.8104240867676574e-05
67,1.3170911241006779e-05
67,2.3143443009374632e-06
67,-4.089733402984439e-06
67,-6.351059772278569e-06
67,-5.176702321829903e-06
67,-1.2634947897860139e-06
67,5.0365377907862076e-06
67,1.383744852050514e-05
67,2.5566225067362593e-05
67,4.060268808612771e-05
67,5.890053038960283e-05
67,7.976966072302813e-05
67,0.00010188645698473497
67,0.00012351434981096727
67,0.00014287597070869
67,0.00015854911322028624
67,0.00016971260111764094
67,0.00017615049517004136
67,0.00017808340218685266
67,0.00017596928574322053
67,0.00017035247526444732
67,0.0001617540362764076
67,0.000150590798054162
67,0.0001371470537750754
67,0.00012162004321353975
67,0.00010422355066619483
67,8.532200049044905e-05
67,6.557408067188217e-05
67,4.6031062839198804e-05
67,2.8078561530368964e-05
67,1.314819403382432e-05
67,2.2968928814469656e-06
67,-4.100945431000393e-06
67,-6.356196121953824e-06
67,-5.1763948758903615e-06
67,-1.2580863547576228e-06
67,5.0475259481459015e-06
67,1.3855397846824028e-05
67,2.5592935688535118e-05
67,4.063951138629658e-05
67,5.894758370419165e-05
67,7.982552650658033e-05
67,0.00010194842515595385
67,0.0001235790014669777
67,0.0001429398709417822
67,0.00015860942442387526
67,0.00016976743715581158
67,0.00017619890728473898
67,0.0001781250790097988
67,0.00017600419808441747
67,0.00017038063430089748
67,0.00016177536525735695
67,0.0001506050634174538
67,0.00013715387567154666
67,0.00012161904639740384
67,0.00010421465385009802
67,8.530576065494575e-05
67,6.555197690692831e-05
67,4.600557604898833e-05
67,2.805287635939353e-05
67,1.3125477982857224e-05
67,2.279447679032242e-06
67,-4.112148655427654e-06
67,-6.361322796552477e-06
67,-5.176077216374634e-06
67,-1.2526661317426302e-06
67,5.058529338676262e-06
67,1.3873367508573765e-05
67,2.5619671990193227e-05
67,4.0676363905690576e-05
67,5.899466648955369e-05
67,7.98814186330239e-05
67,0.00010201041408508417
67,0.00012364366698778477
67,0.00014300377796279634
67,0.0001586697361911497
67,0.00016982226906255699
67,0.0001762473120732218
67,0.00017816674619599025
67,0.00017603909873521376
67,0.00017040877955822953
67,0.00016179667829154676
67,0.00015061931056776153
67,0.00013716067709746313
67,0.00012161802733645305
67,0.00010420573426840341
67,8.528949952650812e-05
67,6.552985571120287e-05
67,4.5980077925019244e-05
67,2.8027187261968906e-05
67,1.3102765054065807e-05
67,2.262010642260271e-06
67,-4.1233412303326e-06
67,-6.3664381296336775e-06
67,-5.175747883142259e-06
67,-1.2472329058287556e-06
67,5.069548899005029e-06
67,1.3891358158393307e-05
67,2.5646434294206542e-05
67,4.07132455965398e-05
67,5.904177836606918e-05
67,7.99373364481491e-05
67,0.00010207242290552891
67,0.0001237083453774275
67,0.00014306769068683995
67,0.00015873004740469816
67,0.00016987709577606094
67,0.00017629570859076127
67,0.00017820840293866799
67,0.00017607398702813688
67,0.00017043691053897226
67,0.00016181797506308748
67,0.00015063353935480708
67,0.00013716745803222496
67,0.00012161698608885382
67,0.0001041967920239354
67,8.527321720087272e-05
67,6.550771711577079e-05
67,4.595456841804477e-05
67,2.8001494094489327e-05
67,1.3080054977357527e-05
67,2.2445813786363077e-06
67,-4.134523631085187e-06
67,-6.371542640731764e-06
67,-5.175407420414472e-06
67,-1.241787200501462e-06
67,5.0805841715340775e-06
67,1.390936944462516e-05
67,2.5673222398954894e-05
67,4.0750156421942146e-05
67,5.9088919464002746e-05
67,7.999328024659442e-05
67,0.00010213445203658984
67,0.00012377303713446454
67,0.00014313160966027477
67,0.0001587903585960229
67,0.00016993191775281676
67,0.0001763440971758063
67,0.00017825004942204447
67,0.00017610886296513028
67,0.00017046502704753775
67,0.00016183925518324882
67,0.0001506477492042526
67,0.00013717421774757076
67,0.00012161592182749347
67,0.0001041878262448003
67,8.525691282517493e-05
67,6.54855603622129e-05
67,4.592904691908006e-05
67,2.7975796438861214e-05
67,1.305734757138062e-05
67,2.2271599611486284e-06
67,-4.145695550774307e-06
67,-6.37663580349653e-06
67,-5.17505509367684e-06
67,-1.2363281207941119e-06
67,5.091636172951924e-06
67,1.3927402469671184e-05
67,2.570003744471066e-05
67,4.078709752763038e-05
67,5.913609088709594e-05
67,8.004925103025267e-05
67,0.00010219650235674387
67,0.00012383774300118923
67,0.00014319553547951486
67,0.00015885067023427123
67,0.000169986735344148
67,0.00017639247807311738
67,0.0001782916858085535
67,0.00017614372664965757
67,0.00017049312913272426
67,0.00016186051865780805
67,0.00015066194010592978
67,0.00013718095623205988
67,0.00012161483454779333
67,0.00010417883693494751
67,8.524058641434466e-05
67,6.54633854608827e-05
67,4.590351340659538e-05
67,2.7950094225134905e-05
67,1.3034642692969012e-05
67,2.20974614446084e-06
67,-4.156857340041085e-06
67,-6.381718064251831e-06
67,-5.174691434622628e-06
67,-1.2308562580510565e-06
67,5.102704260183781e-06
67,1.3945456535840324e-05
67,2.5726878703038125e-05
67,4.0824068184764876e-05
67,5.9183291932482154e-05
67,8.010524817780011e-05
67,0.00010225857337363772
67,0.00012390246261812142
67,0.00014325946793299033
67,0.00015891098225637274
67,0.00017004154861691726
67,0.00017644085146318868
67,0.00017833331235677402
67,0.00017617857839265447
67,0.0001705212171478045
67,0.00016188176586928005
67,0.0001506761124304689
67,0.00013718767379301773
67,0.00012161372446949873
67,0.00010416982420214151
67,8.522423793845298e-05
67,6.544119224491317e-05
67,4.5877967589606224e-05
67,2.7924387048081033e-05
67,1.3011939851346344e-05
67,2.192339402078201e-06
67,-4.168009524008387e-06
67,-6.386789943523993e-06
67,-5.174316954863625e-06
67,-1.2253721014680167e-06
67,5.11378798253772e-06
67,1.3963531260865828e-05
67,2.5753745871274847e-05
67,4.086106815410333e-05
67,5.923052242492182e-05
67,8.016127156048668e-05
67,0.00010232066497828097
67,0.0001239671959081082
67,0.00014332340696246503
67,0.00015897129462339214
67,0.0001700963575697952
67,0.00017648921737879478
67,0.00017837492913949654
67,0.00017621341829611366
67,0.00017054929121270508
67,0.00016190299693590775
67,0.0001506902662976564
67,0.0001371943705786436
67,0.00012161259177366809
67,0.00010416078828291802
67,8.520786772079196e-05
67,6.541898113459279e-05
67,4.585240997752268e-05
67,2.7898675496779548e-05
67,1.2989239685279539e-05
67,2.1749403810860755e-06
67,-4.179151463785576e-06
67,-6.391850806056085e-06
67,-5.173931020551824e-06
67,-1.219875037566682e-06
67,5.124887912401461e-06
67,1.3981627150680858e-05
67,2.578063935562307e-05
67,4.0898097720939177e-05
67,5.9277782505846844e-05
67,8.021732117769194e-05
67,0.00010238277706142013
67,0.00012403194267500262
67,0.00014338735231132787
67,0.0001590316070319214
67,0.00017015116186548353
67,0.00017653757546976632
67,0.00017841653580459525
67,0.00017624824604159953
67,0.00017057735107216604
67,0.00016192421168635413
67,0.00015070440163692138
67,0.00013720104662331381
67,0.00012161143659315411
67,0.00010415172938431465
67,8.519147600096764e-05
67,6.539675235951213e-05
67,4.582684077242134e-05
67,2.7872959732110377e-05
67,1.2966542308680683e-05
67,2.157549148214364e-06
67,-4.190283146562475e-06
67,-6.3969006959860745e-06
67,-5.173533736881377e-06
67,-1.214365210781019e-06
67,5.136003885291045e-06
67,1.3999744015951232e-05
67,2.580755895452255e-05
67,4.0935156713095416e-05
67,5.9325072063695017e-05
67,8.027339697317579e-05
67,0.00010244490960447916
67,0.00012409670293102128
67,0.0001434513040124535
67,0.00015909191953005072
67,0.00017020596156530052
67,0.00017658592580601103
67,0.0001784581324317806
67,0.00017628306170159287
67,0.0001706053967689167
67,0.00016194541011358665
67,0.00015071851836448685
67,0.00013720770175109127
67,0.00012161025867247569
67,0.00010414264719330897
67,8.51750624322736e-05
67,6.537450557195422e-05
67,4.5801259649698685e-05
67,2.784723946740922e-05
67,1.2943847480641402e-05
67,2.1401655066182336e-06
67,-4.2014047296232865e-06
67,-6.401939717730426e-06
67,-5.173125138271508e-06
67,-1.208842590004291e-06
67,5.147136003839527e-06
67,1.4017882042475627e-05
67,2.583450491283713e-05
67,4.097224536553182e-05
67,5.937239129564408e-05
67,8.032949913909992e-05
67,0.00010250706278423393
67,0.00012416147680484487
67,0.00014351526215739365
67,0.00015915223218119693
67,0.00017026075669616895
67,0.00017663426837402567
67,0.00017849971895698342
67,0.0001763178651529411
67,0.0001706334281377641
67,0.00016196659204816276
67,0.00015073261633257156
67,0.000137214335853743
67,0.00012160905795501232
67,0.0001041335417005838
67,8.515862705651058e-05
67,6.535224086124782e-05
67,4.577566672512974e-05
67,2.782151482883058e-05
67,1.2921155326475095e-05
67,2.1227895791446993e-06
67,-4.2125160886133355e-06
67,-6.406967762503817e-06
67,-5.172705145149092e-06
67,-1.2033071249766747e-06
67,5.158284273897444e-06
67,1.4036041183102995e-05
67,2.5861477144917837e-05
67,4.100936358297574e-05
67,5.941974009380671e-05
67,8.038562753668653e-05
67,0.00010256923646369568
67,0.00012422626418448355
67,0.00014357922664970022
67,0.00015921254490288762
67,0.00017031554719805378
67,0.00017668260314763175
67,0.0001785412953858412
67,0.00017635265643946017
67,0.00017066144525862122
67,0.00016198775758581425
67,0.00015074669563409874
67,0.00013722094900306818
67,0.00012160783449363277
67,0.00010412441293861263
67,8.514216986379342e-05
67,6.532995817047818e-05
67,4.575006191190134e-05
67,2.7795785712306876e-05
67,1.2898465727436347e-05
67,2.105421229460459e-06
67,-4.2236173857858394e-06
67,-6.4119850007017935e-06
67,-5.172273898849279e-06
67,-1.1977589233465694e-06
67,5.169448622272616e-06
67,1.4054221417075031e-05
67,2.588847568345351e-05
67,4.10465114450299e-05
67,5.946711860933555e-05
67,8.044178238635327e-05
67,0.00010263143089037663
67,0.00012429106534481762
67,0.00014364319779481904
67,0.00015927285802771007
67,0.00017037033341779566
67,0.00017673093044799924
67,0.00017858286200468347
67,0.00017638743580931842
67,0.0001706894483298295
67,0.00016200890685902678
67,0.00015076075634386216
67,0.00013722754124193955
67,0.00012160658829255199
67,0.00010411526089699477
67,8.512569086107233e-05
67,6.530765752947866e-05
67,4.5724445263596947e-05
67,2.7770052180795556e-05
67,1.2875778745257505e-05
67,2.0880605263840123e-06
67,-4.23470851915907e-06
67,-6.4169913038033794e-06
67,-5.1718312903390385e-06
67,-1.1921978854952e-06
67,5.1806291578509875e-06
67,1.4072422825744026e-05
67,2.5915500554134368e-05
67,4.108368891965813e-05
67,5.951452672385159e-05
67,8.049796348036282e-05
67,0.00010269364581353182
67,0.0001243558800117722
67,0.00014370717529974344
67,0.00015933317124100795
67,0.00017042511502771566
67,0.00017677924997006758
67,0.00017862441855729145
67,0.00017642220306004886
67,0.00017071743719971252
67,0.00016203003978589007
67,0.00015077479846767778
67,0.0001372341126461585
67,0.00012160531947075127
67,0.00010410608571095688
67,8.510919018882961e-05
67,6.528533907524954e-05
67,4.5698816895017324e-05
67,2.77443143220757e-05
67,1.2853094432476997e-05
67,2.0707074680065297e-06
67,-4.245789556803739e-06
67,-6.421986788937985e-06
67,-5.17137746251363e-06
67,-1.1866241925318396e-06
67,5.191825661908491e-06
67,1.4090645179661202e-05
67,2.594255153054729e-05
67,4.112089578896752e-05
67,5.956196423854927e-05
67,8.055417064200877e-05
67,0.00010275588107166459
67,0.00012442070803282774
67,0.00014377115901898342
67,0.00015939348441953017
67,0.00017047989194005848
67,0.00017682756165250614
67,0.00017866596498459364
67,0.0001764569581261903
67,0.00017074541179772226
67,0.0001683732497476327
