67,0.0
67,5.969648648758699e-05
67,5.969648648758699e-05
67,5.9689251652767686e-05
67,5.9598574962749985e-05
67,5.938472698908274e-05
67,5.939014479848476e-05
67,6.0135209508688765e-05
67,6.19794302493388e-05
67,6.523096949938894e-05
67,7.014066769140443e-05
67,7.659032962522467e-05
67,8.410651578104827e-05
67,9.219339017271437e-05
67,0.00010052031668128335
67,0.00010884116240511764
67,0.00011683547477546928
67,0.00012400028613067534
67,0.00012974092236678878
67,0.00013381114168055356
67,0.00013649529826120503
67,0.0001380481400457376
67,0.00013831614179203998
67,0.00013706662929695906
67,0.00013435457291406948
67,0.0001305715374041656
67,0.0001260639506935606
67,0.00012072899485797743
67,0.00011438471846867898
67,0.00010742975557795024
67,0.00010083164339748692
67,9.545794474024054e-05
67,9.140615019464386e-05
67,8.804134168680379e-05
67,8.471767183424725e-05
67,8.132727307724119e-05
67,7.821018374534417e-05
67,7.580654428797096e-05
67,7.438544557513224e-05
67,7.377813580569981e-05
67,7.326204320224147e-05
67,7.214253280304325e-05
67,7.077687922705892e-05
67,7.047859172006464e-05
67,7.202626573849897e-05
67,7.500128906364385e-05
67,7.888711315619605e-05
67,8.390576404710842e-05
67,9.033114909114937e-05
67,9.756550220170911e-05
67,0.00010430984813444342
67,0.00010948506065615805
67,0.00011283769223581106
67,0.00011461841925358264
67,0.00011480893381806556
67,0.0001129767552872511
67,0.00010883630860375191
67,0.00010259449264393944
67,9.465227216414753e-05
67,8.525576149749093e-05
67,7.462437868105874e-05
67,6.321596162745193e-05
67,5.165720757892315e-05
67,4.034639053037234e-05
67,2.9244487228386678e-05
67,1.8396518780130465e-05
67,8.506510507161604e-06
67,4.854987637738609e-07
67,-5.409377246510091e-06
67,-9.612278543964609e-06
67,-1.2634530983837284e-05
67,-1.4756580735354335e-05
67,-1.6235247472313766e-05
67,-1.7454840229604906e-05
67,-1.8782584483924737e-05
67,-2.0364632918022036e-05
67,-2.1875297349970855e-05
67,-2.227059142402656e-05
67,-2.0092056817292343e-05
67,-1.4578742689342602e-05
67,-6.685532899794236e-06
67,1.4338819811186267e-06
67,8.276976402830492e-06
67,1.3975978456609966e-05
67,1.9502778756214233e-05
67,2.5580534850441343e-05
67,3.2348847099119964e-05
67,3.954469755777009e-05
67,4.688999718154887e-05
67,5.423352581350387e-05
67,6.119526891679798e-05
67,6.710565020247797e-05
67,7.176089840952588e-05
67,7.590621590094208e-05
67,8.05803940094134e-05
67,8.625528417526328e-05
67,9.271326795322793e-05
67,9.93798437423585e-05
67,0.00010576569085187224
67,0.00011201845581246246
67,0.00011919808576210908
67,0.00012868015346142092
67,0.00014095518306723792
67,0.00015494330202748936
67,0.00016856588151035085
67,0.00018016448621005002
67,0.000189416456979824
67,0.00019691531631195523
67,0.00020321632890743554
67,0.00020840438772136487
67,0.0002120793921523943
67,0.00021343757322803993
67,0.00021162671505209482
67,0.00020622839134158067
67,0.00019744865168048862
67,0.00018606302897435756
67,0.00017326608614684364
67,0.00016031869192581816
67,0.00014807844952831122
67,0.00013668684402341115
67,0.00012555586539537744
67,0.00011379353981999651
67,0.00010107293870618014
67,8.83276634162669e-05
67,7.734568523831665e-05
67,6.937879851536071e-05
67,6.416922275283018e-05
67,6.026975302161296e-05
67,5.6095395520299506e-05
67,5.0837733137398685e-05
67,4.471010648304532e-05
67,3.831539308838234e-05
67,3.190638019859103e-05
67,2.565738030829787e-05
67,2.0480192001072004e-05
67,1.79469195428099e-05
67,1.9248567837791855e-05
67,2.4298478853308886e-05
67,3.168661929871319e-05
67,3.958433738519403e-05
67,4.690504288065972e-05
67,5.343611442215657e-05
67,5.904264240831958e-05
67,6.334364531774468e-05
67,6.605474765377189e-05
67,6.71702268935331e-05
67,6.681941580033459e-05
67,6.501166232109397e-05
67,6.14473686904719e-05
67,5.5728805001695605e-05
67,4.783629253859527e-05
67,3.816759500402796e-05
67,2.713768588546197e-05
67,1.5076187245660072e-05
67,2.446401556865545e-06
67,-1.016419877031772e-05
67,-2.216618406668515e-05
67,-3.276387864625873e-05
67,-4.071674525847785e-05
67,-4.481051649595932e-05
67,-4.496447560986223e-05
67,-4.286371495024077e-05
67,-4.1266059183843916e-05
67,-4.2346034419199354e-05
67,-4.6309068808410955e-05
67,-5.128038092022785e-05
67,-5.448540190396236e-05
67,-5.398263559457617e-05
67,-4.97934070958562e-05
67,-4.3428719884740664e-05
67,-3.633624912112389e-05
67,-2.9062273139632793e-05
67,-2.1670122016214482e-05
67,-1.4169673154461832e-05
67,-6.275288065066299e-06
67,2.8142339591696193e-06
67,1.4020020879231769e-05
67,2.7592935030053522e-05
67,4.2579836140523586e-05
67,5.726578909017242e-05
67,7.057779718241113e-05
67,8.309963171924106e-05
67,9.645835064135871e-05
67,0.00011174383652499809
67,0.00012862059046094126
67,0.00014571801985090895
67,0.00016164150315085152
67,0.0001758760944365529
67,0.0001891717453154824
67,0.00020309391472871676
67,0.0002189493705566338
67,0.00023700135727285903
67,0.00025656276622102527
67,0.00027662362593327937
67,0.0002963134196189046
67,0.00031481850586313726
67,0.0003310981795229027
67,0.0003440700263674579
67,0.0003531108816850711
67,0.000358092419900294
67,0.00035895958074362214
67,0.0003554396126126465
67,0.00034699278107647353
67,0.0003330539607212623
67,0.0003137054448820467
67,0.000290157954051307
67,0.00026428559367631867
67,0.0002376253716152189
67,0.0002107604693151055
67,0.00018342925028708634
67,0.0001552555932598975
67,0.000126542820478001
67,9.828582253982813e-05
67,7.144310453655419e-05
67,4.6479695666604875e-05
67,2.3627831775546395e-05
67,3.2335684505585644e-06
67,-1.4430928746116911e-05
67,-2.978414117976196e-05
67,-4.441640914359364e-05
67,-6.072995174138812e-05
67,-8.044912143026455e-05
67,-0.0001030380303396814
67,-0.00012564641289185727
67,-0.0001446360983878031
67,-0.00015727342987089066
67,-0.0001626303510140992
67,-0.00016148644695938201
67,-0.00015542489688999362
67,-0.00014595635749902508
67,-0.00013427944186544143
67,-0.0001212816575529358
67,-0.00010744214461003512
67,-9.295349021346128e-05
67,-7.808516928819915e-05
67,-6.335936105285344e-05
67,-4.949547502727176e-05
67,-3.732088041202593e-05
67,-2.7569953484135583e-05
67,-2.0594325578039002e-05
67,-1.6266368236789602e-05
67,-1.4184769714869125e-05
67,-1.4071610857314333e-05
67,-1.6132440380007543e-05
67,-2.0940524454394612e-05
67,-2.8560926151621043e-05
67,-3.7514562044055564e-05
67,-4.478963503409037e-05
67,-4.724509723869563e-05
67,-4.333216739593147e-05
67,-3.389566407396718e-05
67,-2.173100919381256e-05
67,-1.0239839567126436e-05
67,-1.8898828230731019e-06
67,2.5479176684062462e-06
67,3.653283770561261e-06
67,2.687189440204289e-06
67,1.2966616403239666e-06
67,1.3183079030999168e-06
67,4.118695036830129e-06
67,9.644968662300878e-06
67,1.6267381957248367e-05
67,2.2099995578946147e-05
67,2.6733830696493343e-05
67,3.1662171085387085e-05
67,3.9129746048117426e-05
67,5.056182163049275e-05
67,6.579380867586335e-05
67,8.358834987430811e-05
67,0.00010283179502732076
67,0.00012318975715098725
67,0.00014485876306846582
67,0.00016818337500050713
67,0.0001935630155690725
67,0.00022122795315753183
67,0.00025076939441062956
67,0.00028096276022971045
67,0.00031015979337192123
67,0.0003369709347237758
67,0.000360959884731515
67,0.00038312108260503576
67,0.00040565371528266433
67,0.0004307948321579984
67,0.0004593963751715436
67,0.0004902930653344942
67,0.0005208090388521164
67,0.0005478601155404112
67,0.0005688723274034182
67,0.0005822655167341938
67,0.0005876073072784252
67,0.0005852121288736752
67,0.0005751903270993479
67,0.0005568895125603777
67,0.0005294374869153166
67,0.0004927631933913949
67,0.0004480825824821796
67,0.00039756328246753187
67,0.0003435013983681045
67,0.00028760127369426166
67,0.000230801630780428
67,0.00017344992640878155
67,0.00011540689138897535
67,5.6283993176828474e-05
67,-3.807430459279386e-06
67,-6.34723938104173e-05
67,-0.00012018689966525093
67,-0.00017157525050830842
67,-0.00021693154158533147
67,-0.00025792529664937883
67,-0.00029802009064297394
67,-0.00034091306514745246
67,-0.000388812163672808
67,-0.000441273515431814
67,-0.0004949510963161517
67,-0.0005444524179000243
67,-0.0005841303995572104
67,-0.0006099433341623538
67,-0.0006204970126156353
67,-0.0006170514534538349
67,-0.0006025511558490385
67,-0.0005800071566278584
67,-0.0005512576846048679
67,-0.000516882110648719
67,-0.00047684506040828606
67,-0.00043121779144621197
67,-0.00038084733231054385
67,-0.0003276997051236776
67,-0.0002744628319309918
67,-0.00022360951769293384
67,-0.00017656054756255967
67,-0.00013345032534792668
67,-9.373319907151291e-05
67,-5.729091725070062e-05
67,-2.499692696832287e-05
67,1.9624893427251703e-06
67,2.3425437020355153e-05
67,4.1142767099161976e-05
67,5.875799430443239e-05
67,8.093371294286842e-05
67,0.00011171322114795334
67,0.00015262340585933557
67,0.0002015473922863271
67,0.00025302836355340714
67,0.00029993767336855613
67,0.00033605761858834804
67,0.00035852210934482715
67,0.00036863890669249806
67,0.000370556112238748
67,0.0003687144119923819
67,0.0003656455563750443
67,0.000361335897804685
67,0.0003542314059718148
67,0.000342839082622286
67,0.00032699596453281257
67,0.0003085098135897394
67,0.00029085706877555074
67,0.0002777929749577123
67,0.00027162319785059655
67,0.00027229771424701853
67,0.00027792402647142507
67,0.0002864477466174375
67,0.00029741453308189793
67,0.0003124294178503905
67,0.0003339419014285325
67,0.00036338320668596955
67,0.00039984587365791925
67,0.00043977493584130466
67,0.00047781245893515386
67,0.000508794445318064
67,0.0005301300055170608
67,0.0005431501250623297
67,0.0005526459654430406
67,0.000564943510067144
67,0.0005852970733514408
67,0.0006155486105587853
67,0.0006531815598271326
67,0.0006923685873780425
67,0.00072644496556036
67,0.0007503487372411313
67,0.0007616316690667864
67,0.00075986144306354
67,0.000745464463022233
67,0.0007188453981289725
67,0.0006798746116932635
67,0.0006279367888678535
67,0.0005627265847521387
67,0.0004851982040212629
67,0.00039780205487820696
67,0.00030377019862161023
67,0.0002058250153177772
67,0.00010508155646162258
67,9.96530129593627e-07
67,-0.00010753144719267671
67,-0.00022072717995270672
67,-0.0003369693157250031
67,-0.00045258281745272973
67,-0.0005626116684187174
67,-0.0006627198761614535
67,-0.0007516170477943281
67,-0.0008325544933222225
67,-0.0009125488865742628
67,-0.0009991715008565727
67,-0.0010963118483303656
67,-0.0012012957013649774
67,-0.0013051294323172813
67,-0.0013957494862284587
67,-0.0014625230727785103
67,-0.001499701081957911
67,-0.0015071434361938968
67,-0.0014884555505848536
67,-0.0014482809031495852
67,-0.0013901879531618092
67,-0.0013155654107747557
67,-0.00122388149742438
67,-0.0011144202898023267
67,-0.0009884222843419312
67,-0.0008500906581759139
67,-0.0007057937308481389
67,-0.000561877575859712
67,-0.00042235949584859474
67,-0.0002880651450818726
67,-0.0001577588004987813
67,-3.0281471286706116e-05
67,9.375492514013516e-05
67,0.00021167189794575212
67,0.00032019506751662056
67,0.0004181953385763273
67,0.00050904020843247
67,0.0006006654604011097
67,0.0007028003211828818
67,0.0008224706546627992
67,0.0009598838276472217
67,0.001106965651781737
67,0.0012496839230487402
67,0.0013729654397155171
67,0.0014656132736995085
67,0.00152323707701
67,0.0015483455731456668
67,0.0015477375472104753
67,0.0015285252423303856
67,0.0014947572999643927
67,0.0014462636871315807
67,0.0013804628148212238
67,0.001296160322370075
67,0.00119658516347777
67,0.0010893348196639133
67,0.0009834385105215314
67,0.0008857444427993217
67,0.0007989370564236959
67,0.0007221487038165948
67,0.0006533056888233967
67,0.0005914932279758668
67,0.0005382627281600329
67,0.0004974884952904181
67,0.0004734035711667904
67,0.0004671394894058865
67,0.0004737183930566366
67,0.0004819474823044522
67,0.0004779707338983301
67,0.0004510104950882176
67,0.00039870810101215226
67,0.0003293167551783662
67,0.0002590334512078958
67,0.00020548811398422888
67,0.00018086122749166376
67,0.00018782449582788755
67,0.00021948287408854542
67,0.0002628666656613393
67,0.00030439341814704886
67,0.0003348653819573431
67,0.0003515943453140999
67,0.00035663157338543694
67,0.0003525358740053856
67,0.00033887574302857143
67,0.00031179825602550474
67,0.00026635711699872906
67,0.00019951222751464015
67,0.0001117777615223324
67,6.713407995341913e-06
67,-0.00011110456982349373
67,-0.00023837434437873773
67,-0.00037470796578675304
67,-0.0005228522028128282
67,-0.0006866259649167116
67,-0.0008668662176578909
67,-0.0010578336587132844
67,-0.0012471263487392327
67,-0.001420026846782231
67,-0.0015662602644560789
67,-0.0016856045595189254
67,-0.0017890937772366182
67,-0.0018943995477081756
67,-0.002017143911405846
67,-0.002162746183180116
67,-0.00232327849021708
67,-0.0024805015275162416
67,-0.0026127716546877956
67,-0.0027023326746517993
67,-0.0027402034639231643
67,-0.0027269825064984714
67,-0.002669378261231782
67,-0.0025745113644567563
67,-0.0024454965866446583
67,-0.0022807740100610034
67,-0.002077114887790942
67,-0.0018341852429312085
67,-0.0015576765919761125
67,-0.001258763586824027
67,-0.0009501405758965893
67,-0.0006412318767821066
67,-0.000335395662543601
67,-3.05445104712032e-05
67,0.0002771459844753914
67,0.0005885247528089009
67,0.0008987895643738639
67,0.0011988408435683652
67,0.0014801303018111434
67,0.0017403835133678847
67,0.001986990736632272
67,0.002235692009202082
67,0.0025042159562422895
67,0.002803205713526877
67,0.0031287401888243018
67,0.0034606825922492467
67,0.003768420856647126
67,0.004021358580061316
67,0.004198781815431882
67,0.004294606288307352
67,0.004315515341543935
67,0.004273973376547152
67,0.004180134934153491
67,0.00403739962451283
67,0.003843750807046136
67,0.0035971720622189475
67,0.003301458873516507
67,0.0029688602570329807
67,0.002617724846653232
67,0.0022664968338127
67,0.0019278428860302643
67,0.0016062126073474602
67,0.0012997686606282877
67,0.0010053884117280708
67,0.0007238681166029619
67,0.00046203171306616575
67,0.00022993752970580726
67,3.4188389891170095e-05
67,-0.00012918775854366303
67,-0.0002779332377452979
67,-0.0004397814878377152
67,-0.0006420933783867864
67,-0.0008992090791737287
67,-0.0012035940452932356
67,-0.0015255318390511217
67,-0.001822512334172952
67,-0.0020546473579657943
67,-0.0021987746036908635
67,-0.0022545821731253545
67,-0.002240699140236004
67,-0.002183640652279915
67,-0.0021056097478228423
67,-0.0020173333902389463
67,-0.0019186523139356599
67,-0.001804995307296639
67,-0.001675423858998567
67,-0.0015376961110146108
67,-0.001407326626596135
67,-0.001301304620730465
67,-0.0012308029960378603
67,-0.001197566418240847
67,-0.0011959087518848726
67,-0.0012188717040610359
67,-0.001264694891900091
67,-0.0013393793825086972
67,-0.0014532553647956788
67,-0.0016128248204286082
67,-0.001811955122095881
67,-0.002027747585829775
67,-0.0022251547611872617
67,-0.002370089945324456
67,-0.0024452283668051963
67,-0.002459970318171135
67,-0.0024484453224574874
67,-0.00245549313293603
67,-0.0025170094939652283
67,-0.002644448709756888
67,-0.0028209379677631777
67,-0.003009718897702281
67,-0.003169569303090581
67,-0.0032695647861586967
67,-0.003296833479704168
67,-0.0032549833184789398
67,-0.0031554770892509455
67,-0.0030069438687517747
67,-0.002808164171126896
67,-0.0025490265956073475
67,-0.002218953255344607
67,-0.0018167068561020863
67,-0.0013543857585704678
67,-0.0008528308668566374
67,-0.00033166380760605175
67,0.000199487719470184
67,0.0007432403480463526
67,0.0013093074949684716
67,0.001905144287305681
67,0.0025271355107436676
67,0.0031569418775376527
67,0.0037661856536990064
67,0.004328893757641667
67,0.004835955792233384
67,0.005303113637692136
67,0.005766369334704523
67,0.006265090771377084
67,0.006820326426621463
67,0.0074199030737767055
67,0.008018930748783192
67,0.008555295269982277
67,0.008971450430298922
67,0.009231726704751886
67,0.009327955449973122
67,0.009272675041542652
67,0.009085339195716151
67,0.008779523354565135
67,0.008357582568205426
67,0.007815108603671642
67,0.007152004310143717
67,0.006382541277218077
67,0.005537213881048982
67,0.00465480207565039
67,0.003769497424034929
67,0.002900806663754546
67,0.002051794650543891
67,0.0012159834146547666
67,0.0003885751978350032
67,-0.0004242634607496868
67,-0.0012037503611577753
67,-0.0019270376576333349
67,-0.0025827507602097567
67,-0.003184760046397101
67,-0.0037747157248636666
67,-0.0044091281510137284
67,-0.00513471513197514
67,-0.005962588649760167
67,-0.006854637215617385
67,-0.007731043766300334
67,-0.008496759433490183
67,-0.009074200925405236
67,-0.009426810524555108
67,-0.00956365404654542
67,-0.009524801505589512
67,-0.009356489873216325
67,-0.009089512107197354
67,-0.008731415846181938
67,-0.00827485800983734
67,-0.007715402054478858
67,-0.007066988452883386
67,-0.006365428120517244
67,-0.005658290789670527
67,-0.004988013729897005
67,-0.004378550970340317
67,-0.003832825181579647
67,-0.0033414279184773546
67,-0.002896991820329078
67,-0.0025058760610468184
67,-0.0021893677368023524
67,-0.0019710685774884376
67,-0.0018554807359969611
67,-0.0018105842151079383
67,-0.0017676065289953411
67,-0.001642412025090457
67,-0.0013705671716464154
67,-0.0009395719367665954
67,-0.000401198416381306
67,0.00014456245422895348
67,0.0005876844810029417
67,0.0008500115828617401
67,0.0009115739691963909
67,0.0008114623247796817
67,0.0006254101928590352
67,0.00043157589840147465
67,0.0002807799062043071
67,0.00018511699412667812
67,0.00012889413735694716
67,9.33355249761032e-05
67,7.906608292682459e-05
67,0.00011258149854455905
67,0.00023360712536161328
67,0.00047290051340160926
67,0.000835926308162444
67,0.0013026482945267775
67,0.0018421547365228283
67,0.0024321592305143703
67,0.003072145819286939
67,0.003782877688929277
67,0.004591092701861892
67,0.0055055626184928
67,0.006497271474141118
67,0.007497432605106883
67,0.008419176180774672
67,0.009195196261237853
67,0.009812635837659543
67,0.010325038953983004
67,0.010831204617982503
67,0.011428561330145465
67,0.012164608870674278
67,0.013012009316698983
67,0.013878277901911831
67,0.014641715843572795
67,0.015194631418577437
67,0.015474768457175332
67,0.015472564436250802
67,0.015213922435153448
67,0.014730948779775927
67,0.014038319365912958
67,0.013127988104099271
67,0.0119838663203432
67,0.010605982828123408
67,0.00902699125094664
67,0.007308882720705273
67,0.005521690316846474
67,0.0037176230782252507
67,0.001915664596808077
67,0.0001047292049374325
67,-0.001736541242825378
67,-0.0036139333750410257
67,-0.005500436347703955
67,-0.007339338533862416
67,-0.009069389367656529
67,-0.010660872673505102
67,-0.012142720478230382
67,-0.013602216264213313
67,-0.015150935250445684
67,-0.016868382796656776
67,-0.018750191226042854
67,-0.020690447550724037
67,-0.022511041933994374
67,-0.024023454926594894
67,-0.02509103509773201
67,-0.025663186100817813
67,-0.025769518451399943
67,-0.025481785856470065
67,-0.024866931920922444
67,-0.023956974759890656
67,-0.022749023216784115
67,-0.021231245789595884
67,-0.019417444746995867
67,-0.017368272457238657
67,-0.015184762097593433
67,-0.012977573867321495
67,-0.010830797256155369
67,-0.008781309155065076
67,-0.0068243049837759355
67,-0.004940521034978088
67,-0.0031284807303062663
67,-0.0014213860133901926
67,0.00012455193439571822
67,0.0014677687224330382
67,0.002625307752350585
67,0.0036951959344812815
67,0.0048372672751759134
67,0.006213871040496308
67,0.00791459280962781
67,0.00990070230714837
67,0.011999854419587702
67,0.013959526293896652
67,0.015536779081373343
67,0.016581604964222715
67,0.01707638588358485
67,0.01711806697692084
67,0.016856284451871525
67,0.016420336534441256
67,0.015872142868898306
67,0.01520601284547902
67,0.01438904311299782
67,0.013414719104922146
67,0.012336227319679144
67,0.011258883533290095
67,0.010298125027145092
67,0.009532088070425365
67,0.008978597479044836
67,0.008607758681254742
67,0.008379365840917719
67,0.00828190183222797
67,0.008350278358592455
67,0.008649614389481653
67,0.009228402028780114
67,0.01006274132238681
67,0.011025619615453522
67,0.011909164371900057
67,0.012500317823354624
67,0.012676935502154494
67,0.012474609594018917
67,0.012085223271165029
67,0.011781258899700374
67,0.011800071590878022
67,0.012245773999138555
67,0.013054394715363682
67,0.014031006978644695
67,0.014934157268199291
67,0.015566587647088593
67,0.015831712153665935
67,0.015733979279853552
67,0.015330971197252345
67,0.014668579712614295
67,0.013737537034999813
67,0.01247702711285327
67,0.010820982322323978
67,0.008752751299338052
67,0.006328954943090475
67,0.0036571963870190276
67,0.0008438399688091994
67,-0.0020550698118391004
67,-0.005051607664520105
67,-0.008203118039953466
67,-0.011559355624341676
67,-0.015104927996567583
67,-0.018729318520300395
67,-0.0222497152923051
67,-0.02548618241972691
67,-0.028355157861815864
67,-0.030928691853191293
67,-0.03341793442292729
67,-0.03607643217524641
67,-0.0390653372623811
67,-0.04235213160433011
67,-0.04569999258039813
67,-0.04875080455985577
67,-0.05115332860073428
67,-0.052672952210051104
67,-0.05323740105725351
67,-0.05290748435139886
67,-0.05179883360016296
67,-0.05000139664687126
67,-0.04753859390932587
67,-0.04438443220091326
67,-0.04052487262142698
67,-0.03602221192193375
67,-0.031037413836019656
67,-0.025792736771923258
67,-0.020496798242067838
67,-0.015277518304431251
67,-0.010161362622665242
67,-0.005108161301215325
67,-7.93439069510047e-05
67,0.004900372525462136
67,0.009726188616712348
67,0.014258477216765503
67,0.018412347018130014
67,0.02224248326300666
67,0.025968009276298963
67,0.02990812574376671
67,0.034344119355327066
67,0.039365607656575714
67,0.04477900062265645
67,0.05013608731326272
67,0.054879206296672256
67,0.05853319226801699
67,0.060851536835514246
67,0.06185402752045367
67,0.06174940479850863
67,0.06079388701586744
67,0.05916516125538248
67,0.05690946535505606
67,0.053980692998572784
67,0.05035104064806275
67,0.04611001025261518
67,0.04147592390776858
67,0.03673788482119344
67,0.03216598038987243
67,0.027921468493531464
67,0.02403164344126325
67,0.020446114734464487
67,0.01712361890329321
67,0.014099684282175028
67,0.011498331992998132
67,0.009466491402284513
67,0.008049535179496383
67,0.007080695375028071
67,0.006170152865494562
67,0.00482218046846721
67,0.0026360912250660757
67,-0.0004968221110508669
67,-0.004300691448265212
67,-0.00819104821143663
67,-0.011492640038949462
67,-0.013690203193648097
67,-0.01459896350142199
67,-0.014395269123766112
67,-0.013501574006966728
67,-0.01238067022347874
67,-0.011349811571658834
67,-0.010506557443931414
67,-0.00978116889856855
67,-0.009071056643218419
67,-0.008378303357036022
67,-0.007861388193187697
67,-0.007768493970429924
67,-0.00830914361016875
67,-0.009553670117270067
67,-0.011418177527397889
67,-0.013739462710116574
67,-0.016391876366999795
67,-0.019372674513594017
67,-0.0228039885178636
67,-0.026846449223837988
67,-0.03156120194056663
67,-0.03678692083607604
67,-0.042111969638287144
67,-0.046992108691447015
67,-0.05097994147179143
67,-0.053949737512255055
67,-0.05619020815726423
67,-0.05829848977906468
67,-0.06090770743046243
67,-0.06438252735882331
67,-0.06864502749375534
67,-0.07320640546513606
67,-0.07736373959302466
67,-0.08045992428912427
67,-0.08208875151856379
67,-0.08215598796745566
67,-0.08079192148927865
67,-0.078187526954203
67,-0.07444558699340723
67,-0.06952428694003937
67,-0.06330688668301969
67,-0.05574810572493172
67,-0.04698879211402734
67,-0.03735693907015937
67,-0.027253956187303523
67,-0.016995785487030683
67,-0.006704432141693261
67,0.003686194103749891
67,0.014316289640701118
67,0.025243584646951214
67,0.03632966182207785
67,0.04723871556246471
67,0.05757105911298088
67,0.06708032352773002
67,0.07585816931479561
67,0.08436516054967408
67,0.0932552474717582
67,0.1030486877199116
67,0.1138065982501782
67,0.12499088439947378
67,0.13560352769114808
67,0.14453424680921953
67,0.15093472065300734
67,0.15444294800612465
67,0.15517016273866666
67,0.15349163299792512
67,0.14978365653510053
67,0.14424500034511756
67,0.13687148604294833
67,0.12759292986002763
67,0.11648597454596687
67,0.10389740499707628
67,0.09040515160102286
67,0.07666557042468808
67,0.06320537059064422
67,0.05026629442776362
67,0.03782527692575507
67,0.025762136862103695
67,0.014049853053147026
67,0.002866522116863765
67,-0.007450913412238636
67,-0.01662126595391813
67,-0.02468765344438261
67,-0.03216581213743136
67,-0.03995192887056031
67,-0.04899537125790955
67,-0.059861610646268805
67,-0.07238464524666104
67,-0.08560102994939295
67,-0.09803367580095325
67,-0.10820635513214484
67,-0.11514546179565689
67,-0.11865049864451496
67,-0.11922972026926476
67,-0.1177401372013146
67,-0.1149384362809274
67,-0.1111951801515442
67,-0.10649380613274682
67,-0.1006699675276667
67,-0.09370954480712047
67,-0.08592664888247294
67,-0.0779502872728258
67,-0.07050711541007586
67,-0.06412326584645221
67,-0.05896185420236682
67,-0.05488175013082099
67,-0.05165435093760955
67,-0.04920516229387116
67,-0.04773780803662166
67,-0.04764368658575285
67,-0.049216329056089116
67,-0.05232565476757691
67,-0.056235359473482696
67,-0.05971101882436053
67,-0.061459156554924295
67,-0.06071835228261363
67,-0.05767171334093976
67,-0.05344195050629981
67,-0.04966508657784488
67,-0.04783411827248023
67,-0.04871243232525575
67,-0.052071003832828894
67,-0.05683707758699333
67,-0.061584069860793816
67,-0.06512079233726906
67,-0.06685114052298506
67,-0.06676776116066042
67,-0.06518718516282766
67,-0.06238118317329824
67,-0.058289652583236595
67,-0.052515563653071064
67,-0.044602558660884445
67,-0.03436443445808517
67,-0.022042024479224334
67,-0.008206739862295313
67,0.006537750943910722
67,0.021873295122872515
67,0.03788477870078574
67,0.05491433868096725
67,0.07326369959101248
67,0.09287901403084649
67,0.113143106952406
67,0.13294004637265852
67,0.1510800858302448
67,0.16690643374002267
67,0.18071677475805148
67,0.19372676557106108
67,0.20751535340639765
67,0.2231776133578357
67,0.2406951509247259
67,0.2588487657128698
67,0.27560679489981166
67,0.2888535307848329
67,0.29713931208331723
67,0.2999855534061367
67,0.29767103548182666
67,0.29079686786921527
67,0.2798860357464507
67,0.2651431164770305
67,0.24648053578245321
67,0.22382364237184355
67,0.1974784047618554
67,0.16827744959587732
67,0.137427965625548
67,0.10615962649112079
67,0.07529007424563704
67,0.04497673973782415
67,0.014911221919313971
67,-0.015211958473364689
67,-0.04530694971149969
67,-0.07477094762680209
67,-0.10270803255951001
67,-0.12847033129075855
67,-0.15222067479793563
67,-0.17511844198040524
67,-0.1989485569726799
67,-0.2253280325575517
67,-0.25481828542046603
67,-0.2863505816770966
67,-0.3173149228078874
67,-0.34438274621282083
67,-0.3647148451695008
67,-0.3769131344987314
67,-0.38121485443126746
67,-0.3789126154898954
67,-0.3714190696197369
67,-0.35959304962121463
67,-0.3436753607033894
67,-0.32361056472489425
67,-0.29944007398743416
67,-0.27169573878006414
67,-0.24162750616683762
67,-0.211011704527184
67,-0.1815585399028827
67,-0.15427022810493862
67,-0.1292076534220008
67,-0.10584566512523763
67,-0.08376276863080029
67,-0.06318347767729207
67,-0.044958515088434375
67,-0.029971569800592318
67,-0.018382321742239124
67,-0.009131993064137159
67,3.52744264339698e-05
67,0.011877638389082429
67,0.02843218501153501
67,0.049943564737088025
67,0.07459885506942163
67,0.09906208682868027
67,0.11951835205634831
67,0.13299378297991551
67,0.138477393879319
67,0.13724059056981988
67,0.13203658016660383
67,0.125527524748256
67,0.1191282612170157
67,0.1130543444702749
67,0.10694857761899551
67,0.10043233747332338
67,0.09364905161514747
67,0.08760110026249388
67,0.08386044005862726
67,0.08375481432559549
67,0.08767957458454619
67,0.09505059404368496
67,0.10483351356948546
67,0.11636575150488546
67,0.1299127615056246
67,0.14635695421208705
67,0.16642083039417388
67,0.19015425354984464
67,0.2165460229706946
67,0.2431921901877076
67,0.2667620155767927
67,0.2845768820634171
67,0.2962311005791826
67,0.30392114015175814
67,0.3113645619976322
67,0.3221142567388645
67,0.33811256798088707
67,0.35896446858203024
67,0.381910184458286
67,0.4026530031420419
67,0.41723560174095325
67,0.4236406528744353
67,0.4216106338517339
67,0.4116973158482831
67,0.39489131332153304
67,0.3720826055426476
67,0.3432243644452071
67,0.3075816837413413
67,0.26483881561853045
67,0.21564620703003287
67,0.16161029038026722
67,0.10502929638839434
67,0.04787865912839248
67,-0.00930685881586759
67,-0.06722586411744239
67,-0.12671509744195675
67,-0.18808186253980197
67,-0.25075532446167953
67,-0.31291782811675484
67,-0.3718793152298911
67,-0.4255682412063564
67,-0.4740706518281391
67,-0.5199956950921764
67,-0.5673131835536486
67,-0.6190112047950214
67,-0.6748648350926367
67,-0.7309220604351482
67,-0.7808826995754367
67,-0.818448565033064
67,-0.8397350633109135
67,-0.8442304214186919
67,-0.8333636813822103
67,-0.8086852698139851
67,-0.7717993082892233
67,-0.7246722092700206
67,-0.6687975359472115
67,-0.6046918768792467
67,-0.5328085479518558
67,-0.45471403400203475
67,-0.37352433978087374
67,-0.29327601104521284
67,-0.21709695445167482
67,-0.1454728086792635
67,-0.07659790383427999
67,-0.00858038107232674
67,0.05874804601431541
67,0.1237236177150803
67,0.1840103650596489
67,0.23820613686182524
67,0.28713059693351045
67,0.33396797931705113
67,0.38296502202854377
67,0.4373934897139145
67,0.49785696857236683
67,0.561405798655476
67,0.6216979890011235
67,0.6708770607467095
67,0.7028930712434025
67,0.7161119542833053
67,0.7131771858878787
67,0.6983538781288482
67,0.6748194868768688
67,0.6442672908706808
67,0.6080580293371102
67,0.5673425163231498
67,0.5224189483501943
67,0.4736468348141343
67,0.42337365757923384
67,0.3760125987097625
67,0.33573440177460356
67,0.30400365582143907
67,0.2789695850800485
67,0.25735224823336494
67,0.2376524874526968
67,0.22152021713510797
67,0.21173792982386885
67,0.20956794723786318
67,0.21408490713264577
67,0.22234572793730678
67,0.22937064586119
67,0.22972800484600236
67,0.22085429239282045
67,0.20459978497676337
67,0.18555876579965735
67,0.16896296502764185
67,0.15990536276665146
67,0.1626261684506875
67,0.17853408576004365
67,0.20377885411826877
67,0.229883432833962
67,0.24915758697879287
67,0.2588421319704455
67,0.2588410661834846
67,0.24920499294464546
67,0.23158923232975911
67,0.2082874384546823
67,0.17848516701126418
67,0.13919365774308312
67,0.08913179613136282
67,0.02926819054145805
67,-0.03812690986853568
67,-0.1099249352996001
67,-0.18432220266462332
67,-0.26208227481865326
67,-0.3437721281485244
67,-0.4282299680824304
67,-0.5152910646798873
67,-0.6062529526150064
67,-0.6992573239617804
67,-0.7872277976282874
67,-0.8626738362150537
67,-0.9236132721542
67,-0.9751575337840798
67,-1.0260048537587432
67,-1.082132912861696
67,-1.1433631079726978
67,-1.204843429204907
67,-1.2586423872573327
67,-1.2949264884573553
67,-1.3064462542161108
67,-1.2912237513622817
67,-1.2487234612681182
67,-1.1789933015399507
67,-1.0875455339290814
67,-0.9832175452400693
67,-0.870261777802361
67,-0.7479109029400274
67,-0.6147542137729838
67,-0.4706208556374874
67,-0.3186217142687243
67,-0.1659313822074878
67,-0.0187475562415457
67,0.1229621494378759
67,0.2633624102747897
67,0.4050861311899364
67,0.547513243955037
67,0.6881954247666788
67,0.8237885591147067
67,0.9509217748473905
67,1.0671744971917643
67,1.1715970623188305
67,1.2658957659960197
67,1.3543031770017595
67,1.438960424922609
67,1.515847224350765
67,1.577160382081365
67,1.6151549108351158
67,1.6231126728339884
67,1.5971805072388436
67,1.5379019993243639
67,1.448489191547112
67,1.334977046448619
67,1.207170092528216
67,1.073719182321137
67,0.9379268154877202
67,0.800108721364355
67,0.6596841974945792
67,0.5159001520740081
67,0.37083324658414374
67,0.23076649926520637
67,0.10253091215510218
67,-0.011777596176636276
67,-0.11622017849772688
67,-0.21653331708678153
67,-0.3143580428192945
67,-0.40660282449265783
67,-0.4896401448488339
67,-0.562785562677958
67,-0.6279020189378406
67,-0.6862716320980782
67,-0.736456498637712
67,-0.7765480318950708
67,-0.8081794876472168
67,-0.8351884649570106
67,-0.8574118476924274
67,-0.8688834100511524
67,-0.8633354484430168
67,-0.8396460848382686
67,-0.8020195337791324
67,-0.7565102255531271
67,-0.7076081810319038
67,-0.6576713569499081
67,-0.6085850955399518
67,-0.5623936502010755
67,-0.5202355682028805
67,-0.4821010416690372
67,-0.44826347746279094
67,-0.4206588492761166
67,-0.40312828837856274
67,-0.3993207601963791
67,-0.4079184757471447
67,-0.4212434909249209
67,-0.43220421338316284
67,-0.441345306347643
67,-0.4542357165243811
67,-0.4744361633693706
67,-0.5019180694886323
67,-0.5357749961973651
67,-0.5754463428457746
67,-0.6199249893683941
67,-0.6657851509098842
67,-0.7057258079656873
67,-0.7331465835548147
67,-0.7504516514342521
67,-0.7687844348509695
67,-0.7980889438984875
67,-0.8391548549668286
67,-0.8824364336685924
67,-0.9125432444929508
67,-0.9180269086594645
67,-0.8979398018434631
67,-0.8561991773824427
67,-0.793256185615071
67,-0.7087515664904094
67,-0.6081215465018642
67,-0.49992389857271924
67,-0.3882010876162431
67,-0.2706535316405423
67,-0.14297777108775314
67,-0.0042077960493975
67,0.14095892769514812
67,0.2859600660037799
67,0.429239823846092
67,0.5751049452546326
67,0.7277040309780932
67,0.8872554654601147
67,1.0511621506984454
67,1.2137603509513977
67,1.3646617024256966
67,1.4931743404102664
67,1.5970768296004434
67,1.6834808267719654
67,1.7599448908911672
67,1.8281422985863285
67,1.8848920243677638
67,1.9240333257608446
67,1.937169070103601
67,1.9152913971974053
67,1.8502820016126187
67,1.7378160512476875
67,1.5849783326527092
67,1.4129852159984357
67,1.2422280132616832
67,1.0765273929364363
67,0.9088523165737025
67,0.7317954085980894
67,0.538304503752356
67,0.3262949760359144
67,0.10315828376007344
67,-0.12083290695828719
67,-0.33754138581808407
67,-0.5399858275869885
67,-0.7261718020624921
67,-0.9027249810745237
67,-1.0775812238071152
67,-1.2503641909898675
67,-1.4136229803992304
67,-1.5592603500513618
67,-1.6807358663313625
67,-1.7746507263222413
67,-1.8404770368341814
67,-1.8769675753008026
67,-1.8859844537265373
67,-1.8761659542905462
67,-1.8508101654888378
67,-1.8007166674243966
67,-1.719726021979448
67,-1.6145063652168297
67,-1.490798027888544
67,-1.345747714167317
67,-1.1815796247420007
67,-1.0115992978244646
67,-0.8493867929284641
67,-0.702184668798996
67,-0.566829456434791
67,-0.42824492687706694
67,-0.276330694068836
67,-0.1205919590985601
67,0.022434412238556106
67,0.14618611305170512
67,0.25487718130371223
67,0.3573038883767151
67,0.46028243441389766
67,0.5627228780322686
67,0.6566215791266548
67,0.7349923377380632
67,0.7952469143687297
67,0.834034474652407
67,0.8452711800762116
67,0.8276406566789106
67,0.7926141103251906
67,0.7611293942093543
67,0.7487981947294324
67,0.7539978902636383
67,0.7585226903343687
67,0.7424047811808069
67,0.7028743815324259
67,0.6509018808436698
67,0.592872425106871
67,0.531639289291835
67,0.47447966691065013
67,0.4274724699889278
67,0.3950507758272657
67,0.3823806656308962
67,0.38292201617928673
67,0.3774086844623536
67,0.35873985455253343
67,0.34180944529834967
67,0.3421323925766325
67,0.35910528665060576
67,0.3811254523771275
67,0.3970980725195394
67,0.4055748887120976
67,0.4179070446816444
67,0.44733363941362514
67,0.4934233031451086
67,0.5441899874592614
67,0.5929128424042139
67,0.6431470543302306
67,0.6960907442800782
67,0.7427673515785609
67,0.7726093702313913
67,0.7852726753824077
67,0.7921100312864635
67,0.8067477310608596
67,0.8317935359756152
67,0.8548499860911551
67,0.86042708547074
67,0.8424423048224352
67,0.8045120705167362
67,0.7538101851096546
67,0.6932525950233625
67,0.6192476524033957
67,0.5319762047373703
67,0.4402657266986685
67,0.34836745515356776
67,0.2483176106076248
67,0.13100515241519034
67,-0.004600010867192583
67,-0.15250645976971036
67,-0.30177400153408585
67,-0.44267622047077115
67,-0.5756588501214198
67,-0.7078947298588685
67,-0.8417548666229757
67,-0.9736252622100379
67,-1.099752904184883
67,-1.2164469504864739
67,-1.318624629414193
67,-1.4031639868256631
67,-1.4704695365807243
67,-1.520545042990759
67,-1.5521359434910391
67,-1.5661503881515528
67,-1.5645883689760574
67,-1.546820591061299
67,-1.509594381886505
67,-1.4484244851947958
67,-1.3610185053168906
67,-1.2533713020907036
67,-1.1375889847651317
67,-1.0198030526867583
67,-0.8960327854010911
67,-0.7609528723584436
67,-0.6135512752065092
67,-0.45607869222010294
67,-0.29386752142529404
67,-0.1320443068840595
67,0.029577016356274466
67,0.19161009682793242
67,0.34775012477853906
67,0.4914206536327841
67,0.6253872014580125
67,0.7563014822024762
67,0.8841232087195028
67,1.0010156656323912
67,1.095905458877719
67,1.1611082913748123
67,1.1993850007683533
67,1.2213277336574424
67,1.2335882820398631
67,1.2359537361656725
67,1.2292276303843575
67,1.2156301721261014
67,1.1936568181801335
67,1.1607931270856555
67,1.1143875231864424
67,1.0476292835684284
67,0.9577682549128734
67,0.8568440326016914
67,0.7622269693240971
67,0.6816000564004723
67,0.6119432330905222
67,0.5432607640982345
67,0.46446699888264287
67,0.3754499749464115
67,0.28765645794437816
67,0.20854291695237395
67,0.1357791098817451
67,0.06713076159074478
67,0.004387044207384269
67,-0.05129927482451499
67,-0.0989545397558865
67,-0.13588950016772253
67,-0.1616697951245131
67,-0.17853931443993923
67,-0.18477680248525588
67,-0.1750067833775701
67,-0.15034035584497202
67,-0.12145865701902464
67,-0.1002513089860545
67,-0.0927269497973468
67,-0.09549073793709024
67,-0.09608962779816953
67,-0.08461306421044021
67,-0.0639466582929922
67,-0.04127581194698275
67,-0.01703412237497583
67,0.009940758921379422
67,0.03579878867092625
67,0.05514497025630112
67,0.062223887924139576
67,0.05224264613205586
67,0.030092436599436983
67,0.006801007829258056
67,-0.01718136356422058
67,-0.05141432497127482
67,-0.09985553920455495
67,-0.1573606792873425
67,-0.21654635075476902
67,-0.2721124542830689
67,-0.3249247375667322
67,-0.3829392516508314
67,-0.45171613651819953
67,-0.5272541881186723
67,-0.6040694777966197
67,-0.6836338997309602
67,-0.7684144662705887
67,-0.8532577201146702
67,-0.9271362861477074
67,-0.9811052795628542
67,-1.0151864246607056
67,-1.039492544487175
67,-1.066046455021994
67,-1.0972037864090116
67,-1.1247934897235878
67,-1.1407821323374012
67,-1.1427386784038673
67,-1.1295326862883628
67,-1.0980369622219137
67,-1.0429734322274888
67,-0.9606711579732691
67,-0.8574980383219981
67,-0.7481330602832665
67,-0.6402451485258116
67,-0.5289005949922302
67,-0.4066589237753534
67,-0.270231875260327
67,-0.12071296316110838
67,0.03502168741954356
67,0.18765770654551767
67,0.3336362039551845
67,0.4753101468363675
67,0.6138632132612769
67,0.7475016116569888
67,0.8743171864669417
67,0.9923666629073351
67,1.099177286710717
67,1.193317185761327
67,1.2735633829342887
67,1.3366327800406352
67,1.3802410963124943
67,1.4080522653100307
67,1.426843475461626
67,1.438285113632916
67,1.4360605817366734
67,1.4111103369876776
67,1.359826734584323
67,1.2877589468398314
67,1.2034260551828002
67,1.1093200359663051
67,1.0033096257188923
67,0.8867941650355906
67,0.7654602622427329
67,0.642935680566318
67,0.5175651303586076
67,0.3853819991839024
67,0.24597813627176796
67,0.10658278861401299
67,-0.021120038487808274
67,-0.13117592926704918
67,-0.2294690920725822
67,-0.32660821594756095
67,-0.42551541010689764
67,-0.5187238787396704
67,-0.5965075049635982
67,-0.6547870599441734
67,-0.6961891909440486
67,-0.7253019454429425
67,-0.7429070917676968
67,-0.7470735540816835
67,-0.7414426865565452
67,-0.7370706368395171
67,-0.7415358841319619
67,-0.749964683283291
67,-0.7497834203762467
67,-0.7312652431570141
67,-0.693601592692794
67,-0.6445956400840878
67,-0.5939216521477751
67,-0.5459558887899885
67,-0.5014985683732289
67,-0.46315226385985353
67,-0.43307355832644767
67,-0.408348649875622
67,-0.38374776702919033
67,-0.3569835156833393
67,-0.3298251806784316
67,-0.30708396766943763
67,-0.2935622571827188
67,-0.2890183196780378
67,-0.2884585595261234
67,-0.28908560814354833
67,-0.29362246521362556
67,-0.30626364507790366
67,-0.32915468945966625
67,-0.3627075972353061
67,-0.40538163664371124
67,-0.4526838636702789
67,-0.4983438032035836
67,-0.5362135576441526
67,-0.5620291576231982
67,-0.57696511518004
67,-0.5890180671833122
67,-0.6071339039214267
67,-0.6344619786053362
67,-0.6683019496882279
67,-0.7017790442825693
67,-0.724390691871589
67,-0.7277185361530025
67,-0.7110992215914048
67,-0.6771884013577302
67,-0.6269358594666068
67,-0.5629558253890894
67,-0.4903796454110626
67,-0.411624796905363
67,-0.32553747136160627
67,-0.2303248497187762
67,-0.12429460546717995
67,-0.007740331525341038
67,0.11433140077323317
67,0.23544466006804482
67,0.35383332601145256
67,0.4726231670559008
67,0.5955109081581692
67,0.7244138391982913
67,0.8584036904186981
67,0.9919959351729892
67,1.1161523336068222
67,1.2232936434084225
67,1.3115110957421927
67,1.384063502551703
67,1.4454735968714416
67,1.4978955115203616
67,1.540409068551998
67,1.5704801958724834
67,1.5839907637260806
67,1.574129492208179
67,1.5338360646706102
67,1.4604647540994884
67,1.3574607773763252
67,1.2337491207327176
67,1.1005596204735006
67,0.9644793552411378
67,0.8245478389108407
67,0.6768080341447704
67,0.5184250939759043
67,0.34926400856901496
67,0.17296950400922897
67,-0.00444578842501514
67,-0.17717527148441625
67,-0.34101665828502414
67,-0.4950313043518571
67,-0.6419599403069642
67,-0.7847466118818845
67,-0.922678619912791
67,-1.0513321404130895
67,-1.1648535905698405
67,-1.258194288921418
67,-1.3291797256824827
67,-1.379226154342763
67,-1.4117790052146286
67,-1.4307558981578734
67,-1.4393147206479295
67,-1.4369666028562225
67,-1.4186713215126914
67,-1.3794978608086954
67,-1.3187237371769633
67,-1.23828287671049
67,-1.1411299163680124
67,-1.033062317804846
67,-0.9222059985049983
67,-0.8145679312115284
67,-0.7112167351405057
67,-0.6084397793164054
67,-0.5006058309529987
67,-0.38638821011403957
67,-0.2719653591109644
67,-0.1662380383780649
67,-0.07431193879898136
67,0.005182419009808828
67,0.07874813276727141
67,0.15194421746854697
67,0.22313084375682618
67,0.28536712954676513
67,0.33348266006732263
67,0.36623776144879316
67,0.38333104892162057
67,0.38416120672255427
67,0.3702922047969806
67,0.3483329093529085
67,0.32924876583654006
67,0.3219964543219403
67,0.3257559016606607
67,0.3301983037013522
67,0.32513355604953753
67,0.30771327895902734
67,0.28028355526922805
67,0.24704621557074818
67,0.2141950071451682
67,0.1880977933422124
67,0.17260111388520388
67,0.16958639762649122
67,0.17816878747922218
67,0.19275779011281655
67,0.20771508039216974
67,0.22379256646195184
67,0.24610540400243172
67,0.27779018236279274
67,0.3174268612200828
67,0.36034906289468016
67,0.40259443587390586
67,0.44519970641134216
67,0.4932321672836624
67,0.5500232774960581
67,0.6148906737297758
67,0.6864847103559736
67,0.7643358824565899
67,0.8452586877362888
67,0.9205770048605019
67,0.9798147255033945
67,1.0190161042186452
67,1.0453354252473614
67,1.0711041480565615
67,1.102297981753712
67,1.1338690448158617
67,1.1556769800228914
67,1.1600611949183839
67,1.1436693139255678
67,1.1055664794972142
67,1.0450797520698705
67,0.9619467266510533
67,0.86051089787995
67,0.750789956837256
67,0.6402469021635694
67,0.5270546219639146
67,0.40443034204795775
67,0.2679541185397319
67,0.11806938767291553
67,-0.040563866419270456
67,-0.2016736217087705
67,-0.36134192269979243
67,-0.5196143027823867
67,-0.6777426765830796
67,-0.8349609552957211
67,-0.9887413271984743
67,-1.1362742515762254
67,-1.2742127114637727
67,-1.3983914433108613
67,-1.5049747022064097
67,-1.5914447525022664
67,-1.6568412531294565
67,-1.7021424257313351
67,-1.729698842285436
67,-1.740375622386851
67,-1.7313018221913565
67,-1.6976763934268506
67,-1.6363756833680418
67,-1.5475741065399764
67,-1.434951517285168
67,-1.3056882729290216
67,-1.1682167769992282
67,-1.027833569232484
67,-0.8848056324628859
67,-0.735708598551981
67,-0.575706926744668
67,-0.4031349081281161
67,-0.22311513543846928
67,-0.0440773244168326
67,0.12732537451124756
67,0.28674007304129245
67,0.4335892524007408
67,0.5733081325582322
67,0.7118097938154482
67,0.847623067405004
67,0.9733787308838526
67,1.081573417254655
67,1.166368069151206
67,1.2247733749655807
67,1.2580573490393925
67,1.2704764865768472
67,1.2689690782208587
67,1.2629703120247637
67,1.2572791752915082
67,1.245776699764364
67,1.2189835425812974
67,1.1743228901032368
67,1.1131786784918207
67,1.0354561663224167
67,0.9439509021184005
67,0.8475205093757853
67,0.755945706017537
67,0.6751738120760753
67,0.6044528476896416
67,0.5348469589268234
67,0.45706315048020063
67,0.37231880445409227
67,0.2898796052071183
67,0.21674273424173068
67,0.15403958756029032
67,0.09842904943979772
67,0.04476536208518102
67,-0.007624936924850431
67,-0.05164267628543005
67,-0.079698042199298
67,-0.0918208635575578
67,-0.09251898657449957
67,-0.08320515484901514
67,-0.06274319514820469
67,-0.033834488856058345
67,-0.005489086469474772
67,0.011011582451686878
67,0.010769530314275985
67,0.0022780337000978135
67,0.0012068516480731436
67,0.015045295811070582
67,0.03961176015947078
67,0.06807214175789754
67,0.09424493308601738
67,0.11180861280532006
67,0.118205916772404
67,0.1135200993197297
67,0.09526496282268336
67,0.06408493641629757
67,0.02864081520962393
67,-0.005391502840711132
67,-0.042805562752073936
67,-0.09073959553071484
67,-0.15174087792669
67,-0.22376153061962606
67,-0.3001453043331609
67,-0.37369422256383406
67,-0.44446546508094265
67,-0.51857846852932
67,-0.5995895987194972
67,-0.6870505843927958
67,-0.780696297233299
67,-0.8787212441034786
67,-0.9734360817263321
67,-1.0539659179528627
67,-1.1136394279659425
67,-1.1541175744725725
67,-1.1836079568867552
67,-1.2106573350432117
67,-1.2373863961102678
67,-1.258420385415025
67,-1.266538241938486
67,-1.2568515145226533
67,-1.2263238408281576
67,-1.1737937473552953
67,-1.0999308566432853
67,-1.0062443196105193
67,-0.8972407762526621
67,-0.7806562682661002
67,-0.6606925416776394
67,-0.5345805141983042
67,-0.3978146139367985
67,-0.24861768478587037
67,-0.08825627130779168
67,0.07837510389093502
67,0.24379204209893135
67,0.40313834749690675
67,0.5571152788509302
67,0.7079961851656105
67,0.8552084555142272
67,0.9955945267736858
67,1.1249226599395088
67,1.2388628157587278
67,1.3349238240624743
67,1.4129529056302368
67,1.4724263217589575
67,1.5117574362362387
67,1.532184279539375
67,1.538848401944003
67,1.5351701767237005
67,1.5182781670900274
67,1.481238687167503
67,1.4187972528859434
67,1.3320091106834038
67,1.2282303551622882
67,1.1157736589660954
67,0.9990894379648746
67,0.8792110782719207
67,0.755704961386129
67,0.6265619801242128
67,0.48947359020695924
67,0.34532278408851713
67,0.19857313166241958
67,0.0549107388564353
67,-0.07939906412614312
67,-0.19968904663302484
67,-0.3079105737171745
67,-0.41117798241658376
67,-0.5128901501245327
67,-0.6090272517247024
67,-0.6924745265433101
67,-0.7569048110178928
67,-0.7988681639534355
67,-0.8199398159165663
67,-0.8254802920823167
67,-0.8214503511274533
67,-0.8148249989188392
67,-0.812838738755364
67,-0.8161528452942044
67,-0.816629016104186
67,-0.8057364971668318
67,-0.7804315666626458
67,-0.7408107080494584
67,-0.6895817080215018
67,-0.633263428691557
67,-0.5786377473288623
67,-0.5300739738561068
67,-0.49025460990441333
67,-0.4577230104718804
67,-0.4259548027928719
67,-0.3907784648985745
67,-0.3553437139840533
67,-0.32510114796302836
67,-0.30275423193333556
67,-0.28791716974203485
67,-0.27724638818668057
67,-0.26734576755446327
67,-0.2603589154815693
67,-0.2627864614069018
67,-0.27762186822971585
67,-0.3022969901790124
67,-0.3344455198339757
67,-0.3742740580138586
67,-0.4202288041676258
67,-0.4659389426505311
67,-0.5023729287390643
67,-0.5234051382514817
67,-0.5319644074677976
67,-0.539507978267214
67,-0.5558461893373371
67,-0.5813695525445829
67,-0.6107433971721495
67,-0.6380527745221103
67,-0.6561590690278634
67,-0.6586664493185668
67,-0.6438568529396868
67,-0.6118331783087998
67,-0.5628227160038302
67,-0.5016749179901628
67,-0.435137898370212
67,-0.36351819993064916
67,-0.28230061330288914
67,-0.18889335025396298
67,-0.08339586832524108
67,0.03168895441229273
67,0.15059143587717566
67,0.2683083296470699
67,0.3851411617607872
67,0.5039587854032443
67,0.6259511571099659
67,0.7513712732330861
67,0.8797182651080613
67,1.0061978073925566
67,1.121652987254585
67,1.2186710449418179
67,1.2963264787137323
67,1.3588555851849569
67,1.4114537476263254
67,1.456624899440138
67,1.492706232526927
67,1.5156221288044132
67,1.5209830206859514
67,1.5038682917747457
67,1.459833296896946
67,1.3879787993231356
67,1.291457170339986
67,1.1760624213241169
67,1.0490886983231427
67,0.9161524892406405
67,0.7781199819362784
67,0.6323900187696759
67,0.47617318006990095
67,0.30898141086650965
67,0.1342735895685348
67,-0.040969826264132175
67,-0.20944548382737277
67,-0.36768305658964007
67,-0.5174101061987667
67,-0.6619550136251859
67,-0.8014415800597385
67,-0.9321469052037981
67,-1.0494436870620847
67,-1.1501241764558918
67,-1.232620544666006
67,-1.2960607563372428
67,-1.3396903130477222
67,-1.3647031683523347
67,-1.3765664885310915
67,-1.3816814031193014
67,-1.3800220645465566
67,-1.364305740230848
67,-1.327294572360335
67,-1.2673042042810996
67,-1.1875038240232028
67,-1.093319195311139
67,-0.9908276255132054
67,-0.8856986616638334
67,-0.7822519440305458
67,-0.6818458783453039
67,-0.5813299029803757
67,-0.47570649181836644
67,-0.3643758364809363
67,-0.25315068217987075
67,-0.15005700752294487
67,-0.060421732091506725
67,0.016321614841927512
67,0.08638123161229085
67,0.15519806248937476
67,0.2210114555408404
67,0.2771462886593139
67,0.3185915963025421
67,0.3438031576201187
67,0.35300772505831884
67,0.3478642370298668
67,0.33218456828971094
67,0.3125229422228099
67,0.2977298008821163
67,0.29438133043270465
67,0.3000232755333213
67,0.3039976159027185
67,0.2971414489245814
67,0.27755888860829636
67,0.24786744185502016
67,0.21300286956968567
67,0.17973831697884238
67,0.1535463388877866
67,0.13768303386374972
67,0.13494487987928727
67,0.14451105834937916
67,0.15959061696141957
67,0.17470507176691033
67,0.19185367300222408
67,0.21610041705961858
67,0.24970075033411201
67,0.2911720412557286
67,0.3363423350594708
67,0.38169974526490663
67,0.4285745834450096
67,0.48140794065860026
67,0.5419542067175706
67,0.6088092028931786
67,0.6815321691900091
67,0.7604030088056072
67,0.8416893446058505
67,0.9162075037541096
67,0.9740959796838309
67,1.012288160071352
67,1.0381283193210982
67,1.0635945771930833
67,1.0944055696455863
67,1.126100902564015
67,1.149985407287913
67,1.158847583252561
67,1.1476149623119591
67,1.1135031958803934
67,1.055686592529652
67,0.974536273908883
67,0.8748423019483548
67,0.7666043667725696
67,0.6563657732116931
67,0.5415059043227205
67,0.416175359865369
67,0.27755124602853276
67,0.12635188734996888
67,-0.033238290211378724
67,-0.19469897982515613
67,-0.3533953244161766
67,-0.5090386425918914
67,-0.6631805764037645
67,-0.8161700981825217
67,-0.9669370034352627
67,-1.1129438805228906
67,-1.2494130217113053
67,-1.3707641359818834
67,-1.4734604402532496
67,-1.5564984710341325
67,-1.620063019402626
67,-1.665219773658433
67,-1.6938592889917041
67,-1.7068361349939296
67,-1.7018433709567609
67,-1.673882626574422
67,-1.6183938270605673
67,-1.5345436182002667
67,-1.4261272859301537
67,-1.3000491548597892
67,-1.1638425941482282
67,-1.0229400356435103
67,-0.8790785410890707
67,-0.7304844241409362
67,-0.5732537038997151
67,-0.4051471598161206
67,-0.2294977936333165
67,-0.05388122640234039
67,0.11394735732362954
67,0.26854184416564053
67,0.4098031885696386
67,0.5438997501454192
67,0.6763957669836669
67,0.8052787099195433
67,0.9235605672667864
67,1.024981211741365
67,1.105203609817439
67,1.161903001125974
67,1.195447689152888
67,1.2087498413179423
67,1.20849511443683
67,1.2046435478296698
67,1.2022348144477317
67,1.194960089850328
67,1.1725833676582036
67,1.1313378477741323
67,1.0727449359967989
67,0.9987089176582171
67,0.9130753951486977
67,0.8233039230999637
67,0.7374375614716693
67,0.6608479490698316
67,0.593155456587536
67,0.5267595498395935
67,0.4537493185984795
67,0.3752292131437503
67,0.2996491697376975
67,0.23418600127584915
67,0.1804665498335543
67,0.13451730932777028
67,0.09001789246171178
67,0.045707092234095324
67,0.008331853435548965
67,-0.014845570840794547
67,-0.023265457014141705
67,-0.020229142870097878
67,-0.007061286921766429
67,0.01625763501065093
67,0.0465422757574091
67,0.07557862858348607
67,0.09328360224496528
67,0.09565214686376623
67,0.09090568388973161
67,0.09317165811586987
67,0.10914442414395573
67,0.135452769913089
67,0.1656257019692827
67,0.19264240243462757
67,0.2095771728697263
67,0.21362588617667505
67,0.2047649589485065
67,0.18151564936746528
67,0.14551834735395963
67,0.10432774503084849
67,0.062236484157807984
67,0.015383432120531046
67,-0.04150031293647856
67,-0.11024135148218601
67,-0.18914317916387657
67,-0.2726135171126188
67,-0.35453757007248843
67,-0.4344995099442527
67,-0.5169832837290987
67,-0.6052249381346081
67,-0.6999555035435613
67,-0.8011796166025628
67,-0.9057864932366013
67,-1.0050438067646361
67,-1.0885983397953491
67,-1.15147034286396
67,-1.196894377682268
67,-1.2331733744049702
67,-1.267333754589925
67,-1.3000047332054705
67,-1.3255913700457358
67,-1.3368272036099318
67,-1.327872707204815
67,-1.294796047626738
67,-1.236325264891709
67,-1.1539079483097825
67,-1.051420078458828
67,-0.9358814020820532
67,-0.814662568796895
67,-0.6897594878363242
67,-0.5576750120110106
67,-0.41450619266539745
67,-0.25904569807917144
67,-0.09336942998042652
67,0.07710637948634597
67,0.2455388163918785
67,0.4076946241456511
67,0.5638564980407093
67,0.7160519809058272
67,0.8644227370953981
67,1.0063580637579776
67,1.1373939178849026
67,1.2528602763279415
67,1.34999672533975
67,1.428341797383257
67,1.4876936517391999
67,1.5274321048363166
67,1.549053299442091
67,1.5567146631527842
67,1.5525806120331866
67,1.5332060424104366
67,1.4923293140628302
67,1.4262457985224253
67,1.3364610836095985
67,1.228993251773109
67,1.1115565370138285
67,0.9901898514295977
67,0.8676390828426992
67,0.7436197535032174
67,0.6151901194155022
67,0.4789500451027132
67,0.3355932787138076
67,0.19084741313668604
67,0.051703863722267485
67,-0.07622125613644559
67,-0.1906155903602148
67,-0.29511985030409577
67,-0.39633538964369897
67,-0.4959322176153039
67,-0.5889164168953253
67,-0.6686970098396788
67,-0.7300863229256515
67,-0.7698693099520748
67,-0.7884456385594504
67,-0.7901790526588024
67,-0.7820452640925161
67,-0.7730803908808624
67,-0.7710372611841959
67,-0.7751601996384762
67,-0.7757012819264274
67,-0.7637347607665815
67,-0.7373512295358894
67,-0.698156738612517
67,-0.6489132969344157
67,-0.5949158816077361
67,-0.5423173856586829
67,-0.4959975525585501
67,-0.45949075100406017
67,-0.43196231662663226
67,-0.4066759270887933
67,-0.3782766383461089
67,-0.34917217543804113
67,-0.32553634701776585
67,-0.31084191626732516
67,-0.30392697315971656
67,-0.30003082358434235
67,-0.2953955198165883
67,-0.2928994756565865
67,-0.29996226634313783
67,-0.32002821897199585
67,-0.3500814521187267
67,-0.38665767431617715
67,-0.42947475309046174
67,-0.4777460567027853
67,-0.52599994188188
67,-0.565216741631939
67,-0.5889830792124414
67,-0.6002792872601824
67,-0.6106430586855973
67,-0.6297469858969243
67,-0.65740212740483
67,-0.6868353001916666
67,-0.7107753328898576
67,-0.7226665321978811
67,-0.7181957770054586
67,-0.696868724162936
67,-0.6585242139426449
67,-0.6027791460331985
67,-0.5343193452086716
67,-0.4604931132021275
67,-0.3824959715964122
67,-0.29572195817283703
67,-0.19654163373972897
67,-0.08454908908679881
67,0.03724412130359879
67,0.1624081853261638
67,0.2857026923423411
67,0.40759215807321875
67,0.5313518566331831
67,0.6582983932463136
67,0.7880124067698687
67,0.9190305951105489
67,1.0464427160949452
67,1.1621161668602358
67,1.2599283457487596
67,1.3393617624549332
67,1.4037105345202876
67,1.456665100459416
67,1.5000891860287269
67,1.5328209842572131
67,1.551156339312622
67,1.550266830161212
67,1.5250068647167292
67,1.4717584218930948
67,1.3911282491390706
67,1.287884651720451
67,1.168568276609458
67,1.0393973591195236
67,0.9043022382087953
67,0.763686980004915
67,0.6153045288425553
67,0.4567023646401355
67,0.2879081004089963
67,0.11267667013892096
67,-0.06237791201107262
67,-0.2302417024827443
67,-0.38735169346923704
67,-0.535786455934687
67,-0.6796593906561776
67,-0.819151232086562
67,-0.9495594438498676
67,-1.0651327411819091
67,-1.1621859681101119
67,-1.2396653731730316
67,-1.2979492751468027
67,-1.3371432248824502
67,-1.358257631594526
67,-1.3663583410788007
67,-1.367844760763318
67,-1.3625921689305507
67,-1.3432046647467513
67,-1.3028942809637882
67,-1.240270528195179
67,-1.1580813197683184
67,-1.0619268117215463
67,-0.9591258762764442
67,-0.8560602045703035
67,-0.7565810754205863
67,-0.6610827023461638
67,-0.5652617192660813
67,-0.46352449739495066
67,-0.3560333769554723
67,-0.2495193284423416
67,-0.1514907627892361
67,-0.06601134029824382
67,0.007881836901789521
67,0.07570587033975675
67,0.1419494933285493
67,0.20433949454382191
67,0.25640129419784013
67,0.293784550603012
67,0.31532942274896836
67,0.320974149226621
67,0.31210215701705096
67,0.2930774949223504
67,0.27135256668692276
67,0.2560018009685665
67,0.2530203178742938
67,0.2589698674199377
67,0.26243647720364793
67,0.25456698168533726
67,0.23445413101069487
67,0.20501906665571196
67,0.17091737942095928
67,0.13900129019373397
67,0.11485378078316232
67,0.10159912817692542
67,0.10221930457541524
67,0.11584791493207702
67,0.1348122496711175
67,0.15323650550164392
67,0.17388079017554778
67,0.20226001101417543
67,0.24010176464299077
67,0.28539513262556926
67,0.333886956742676
67,0.3821540705575644
67,0.43182533075792234
67,0.48768484483355
67,0.5513414341174794
67,0.6210149958596114
67,0.6963923031265441
67,0.7780866880553963
67,0.8620241874467185
67,0.9381546917874848
67,0.9962771568902069
67,1.0339883037882451
67,1.0596015842472901
67,1.0853683307121598
67,1.1162749190864976
67,1.146746508544943
67,1.1677323621084796
67,1.1728400766372062
67,1.1580077789435257
67,1.1206313120627767
67,1.0594690284155552
67,0.9748260944200773
67,0.8721875304476507
67,0.762258919003185
67,0.6512767732623911
67,0.5355597742548075
67,0.4086354310168203
67,0.26790059801366195
67,0.11456784778103093
67,-0.046827861246138136
67,-0.2095461096808757
67,-0.36891983348669305
67,-0.5247810142313539
67,-0.6785837750966967
67,-0.8303400137996876
67,-0.9788614306202328
67,-1.121830027985013
67,-1.2547856921142566
67,-1.3724998263281416
67,-1.4717263970089303
67,-1.551361004280607
67,-1.6111599833354309
67,-1.6520706310378483
67,-1.676361745680439
67,-1.6851719235127043
67,-1.676141316049851
67,-1.6443111441601834
67,-1.5854966680311409
67,-1.4995345710441232
67,-1.391015593355832
67,-1.2670044661600348
67,-1.1339699028981272
67,-0.9959936014732325
67,-0.8543660116825837
67,-0.7075351622084705
67,-0.5520854205420609
67,-0.3865880214293439
67,-0.21482713119581195
67,-0.04400239994605684
67,0.11852617211634234
67,0.2674746226411855
67,0.4033978718554737
67,0.5331444133396515
67,0.661826603627898
67,0.7863570965258398
67,0.8992463954330723
67,0.9943171424018256
67,1.0677036591506486
67,1.1180214744116532
67,1.1464206372443322
67,1.1559566758377353
67,1.1534265893492155
67,1.1489782612440025
67,1.1471349312426704
67,1.1407690032540272
67,1.119603317734417
67,1.0800317895080565
67,1.0232187121446863
67,0.9513070459224419
67,0.8692683674244992
67,0.7849283276719495
67,0.7056126615553595
67,0.6359393760439952
67,0.5747597917711599
67,0.5139564638296482
67,0.44631929330522696
67,0.37396551419666235
67,0.3050351733147234
67,0.24572737104150338
67,0.1973990685744615
67,0.15638784944059808
67,0.11685087940221375
67,0.0781444969156474
67,0.0471553491481798
67,0.03032391383012906
67,0.027346946852983497
67,0.03506241950782289
67,0.052650930015705685
67,0.0797801232429641
67,0.11233962984386284
67,0.14177924218680196
67,0.15878453800190265
67,0.1610458011355638
67,0.15819061813528715
67,0.1638297685754149
67,0.18280649570794286
67,0.21076287823395612
67,0.2413023946996301
67,0.26735058086002655
67,0.28206153143743323
67,0.2831342278267222
67,0.2705998530552021
67,0.24309091416367884
67,0.20325092123541316
67,0.15886365881105555
67,0.1128671241171572
67,0.060603432747221776
67,-0.002564162778191194
67,-0.07771141418849922
67,-0.162663360113947
67,-0.2514518505730917
67,-0.33825800256117833
67,-0.4234053598905488
67,-0.5114436997885052
67,-0.605180360468351
67,-0.7053595767324243
67,-0.8120296006611851
67,-0.9213678147223423
67,-1.0238447225061607
67,-1.1093399731866207
67,-1.173974737120375
67,-1.2218368424779333
67,-1.2611289306651368
67,-1.298013719939522
67,-1.3322359961572392
67,-1.3580625870846441
67,-1.3687199540880346
67,-1.3586199293107792
67,-1.3236857050976456
67,-1.2625796280386883
67,-1.1769183590388566
67,-1.071120909731411
67,-0.9528697026207413
67,-0.8294254442682338
67,-0.7020712492815724
67,-0.5671233459875731
67,-0.42104497722851464
67,-0.26291836497369636
67,-0.09510459022944592
67,0.07661534359473651
67,0.24537233039879053
67,0.4072827391126994
67,0.5628650407831514
67,0.7141537172718844
67,0.8612643789314479
67,1.0014463359476615
67,1.1300692113743849
67,1.242681816425677
67,1.336992480514891
67,1.4126325591986277
67,1.4691470216078923
67,1.5060594008908925
67,1.5255806803198473
67,1.532309845174092
67,1.527919853971375
67,1.508037701056287
67,1.4660848844329581
67,1.399040254945198
67,1.309368288626689
67,1.2032939186657363
67,1.087925220432358
67,0.9687695631483528
67,0.848650135235526
67,0.7275786450114785
67,0.6026762774985052
67,0.47045265586749246
67,0.3315175344854764
67,0.19165690529623375
67,0.058262879463885864
67,-0.06280247667221862
67,-0.16999952491254217
67,-0.26818162228043885
67,-0.36406443030954105
67,-0.4583036515488468
67,-0.5450884501867708
67,-0.6178708478687319
67,-0.6721750687159747
67,-0.7057310055205672
67,-0.7194219424944697
67,-0.7174133346086118
67,-0.706593399407429
67,-0.6963641236240192
67,-0.6944276613391969
67,-0.6992846444853954
67,-0.7006749958587047
67,-0.6897090672027834
67,-0.6645866635236037
67,-0.6272497027884696
67,-0.5811644859465325
67,-0.5318540631546714
67,-0.4848997824870801
67,-0.44466324622488196
67,-0.41454784898506386
67,-0.3936394137710875
67,-0.37534117773099607
67,-0.35467347528296495
67,-0.3340342382256434
67,-0.31917671755532623
67,-0.31323957990656354
67,-0.31479712424746314
67,-0.31891951367796034
67,-0.3221354243256693
67,-0.3277131874077329
67,-0.3428177995960062
67,-0.37031644705895717
67,-0.40719153220618376
67,-0.4503947710527258
67,-0.4995868265826735
67,-0.5533041951656124
67,-0.6053975031517066
67,-0.646813451917219
67,-0.6721195989119492
67,-0.6856673716259016
67,-0.6992569281594331
67,-0.7213838173784145
67,-0.7505984930067316
67,-0.7795999694875299
67,-0.8009196602070695
67,-0.8081684693937462
67,-0.797723619228548
67,-0.7694335708401739
67,-0.723051847114923
67,-0.6588953217212523
67,-0.582719739581273
67,-0.5017876686818166
67,-0.416536333251229
67,-0.32219662896983486
67,-0.21534961458690688
67,-0.09574753173170684
67,0.033342671151866246
67,0.1654534103912514
67,0.29572975878072455
67,0.42477528027105227
67,0.5554506999350767
67,0.6886706364559111
67,0.8238266894529482
67,0.9591428143188914
67,1.0894808741553457
67,1.207135022464382
67,1.3067847852704164
67,1.388160179409845
67,1.4539911043052336
67,1.5071747101898387
67,1.54911994678067
67,1.5787532742338488
67,1.5927640841684259
67,1.5865061009140926
67,1.5548444600803504
67,1.494548005905115
67,1.4070164943725678
67,1.2978307852574598
67,1.1740470759347177
67,1.041720438324349
67,0.9040173033935841
67,0.760655806563506
67,0.6091062748589966
67,0.44706813839266024
67,0.275236362016139
67,0.09814023148386977
67,-0.07730557013626693
67,-0.24429486106667128
67,-0.3998314736544935
67,-0.5467760036946766
67,-0.689698081344273
67,-0.8285014119938414
67,-0.9579228430430748
67,-1.0718956721856898
67,-1.1665511120509147
67,-1.240658864579121
67,-1.2946125247769042
67,-1.328933507151283
67,-1.3455892570007857
67,-1.350646479291737
67,-1.3503890494245647
67,-1.3434885750570096
67,-1.321959872673294
67,-1.2797512138177138
67,-1.2162138053110785
67,-1.1339392914262751
67,-1.0381618488012023
67,-0.9363088166337177
67,-0.8351858845634614
67,-0.7389492670970512
67,-0.647714073927534
67,-0.5563234676838867
67,-0.4586690562919078
67,-0.3553099524393968
67,-0.2535652946327932
67,-0.1608878784062651
67,-0.0806594277706333
67,-0.011131228462397627
67,0.05337662648637133
67,0.11650870355779347
67,0.174870535236097
67,0.22175962302846167
67,0.25364546963798223
67,0.2703424378587031
67,0.2721248400503061
67,0.2601355255908935
67,0.23858936049074475
67,0.21526457029481916
67,0.19959281061520812
67,0.19717669375036553
67,0.20344876392521702
67,0.20624805371363786
67,0.19711248054506023
67,0.17601141711653157
67,0.14647636417091747
67,0.11357482140194236
67,0.08430628019651952
67,0.06390021125218082
67,0.05501950363464766
67,0.06035259474201877
67,0.0785884687686945
67,0.10172709273740231
67,0.12424530003516751
67,0.14942444830749754
67,0.1828144022264359
67,0.2259954861869398
67,0.27691691193504836
67,0.33118227650873244
67,0.3851093809963182
67,0.44011376285879833
67,0.50079240519375
67,0.5687461055970784
67,0.6426169905858626
67,0.7225051874637545
67,0.8086338773526759
67,0.8958590958938932
67,0.9734419970343072
67,1.0316821087968802
67,1.0695117200590052
67,1.0960730637481548
67,1.1230452802481292
67,1.1541161153812975
67,1.1830321187125197
67,1.2010107174406777
67,1.2021719528143304
67,1.1827714233806175
67,1.140363384909724
67,1.0738728765918455
67,0.9842439615348223
67,0.8778893197095013
67,0.7654429328099279
67,0.6519609146943449
67,0.5330453344417535
67,0.4024775089600673
67,0.2580819240321375
67,0.10143201405407501
67,-0.06260349886136812
67,-0.22724893220196504
67,-0.38807640268450483
67,-0.5450824630713007
67,-0.6996822048594021
67,-0.8517253629276597
67,-0.9997333445204617
67,-1.1410551613131186
67,-1.2712154912490798
67,-1.385420000874488
67,-1.4808697294125173
67,-1.5564999099197077
67,-1.611893627724684
67,-1.6481080183383696
67,-1.667823251004088
67,-1.6723786479983684
67,-1.659216350778776
67,-1.6232507989899538
67,-1.5606204530831351
67,-1.4717365592242804
67,-1.3616372952220053
67,-1.2375025311351098
67,-1.1055170988452956
67,-0.9692504860846963
67,-0.8295108465959892
67,-0.6843438732117166
67,-0.530300986760538
67,-0.3666255618234493
67,-0.19786672452540702
67,-0.03131770375903212
67,0.12603058698022046
67,0.2694992271073384
67,0.4005080447452084
67,0.5262350427035796
67,0.6510256932298714
67,0.7709745462891279
67,0.8785743425862542
67,0.9678504904030119
67,1.0350089409310876
67,1.078988456792679
67,1.1015891755586442
67,1.106737079550064
67,1.1020750890399809
67,1.0976396841042477
67,1.0965771983230963
67,1.090657610250397
67,1.069921414135339
67,1.0314612297746832
67,0.9765257226448455
67,0.9073096016317816
67,0.8290955078091569
67,0.7496579600868591
67,0.675905077003981
67,0.612009393659031
67,0.5562696769643717
67,0.5003766712618706
67,0.43783636941576876
67,0.3715009087849737
67,0.3092893393974412
67,0.2566921145222739
67,0.21447132421162818
67,0.17862105483470636
67,0.14367585566814023
67,0.11004300810469914
67,0.08509131456339009
67,0.07453158151907784
67,0.07712694458521963
67,0.08954816244027679
67,0.11119218780939225
67,0.1415903911691865
67,0.17616666354984925
67,0.20609417130570262
67,0.22261903628129942
67,0.22495161564065722
67,0.22382743111607087
67,0.2321989697546355
67,0.25342272243792713
67,0.28240294641394714
67,0.31255467742627685
67,0.33667069365118707
67,0.34831565790911756
67,0.34586025287019884
67,0.329448352137615
67,0.2978733721388352
67,0.2543475595756229
67,0.20646638877587828
67,0.15627515198791003
67,0.09887605950943607
67,0.03000661830139277
67,-0.051135060109173375
67,-0.142024053358216
67,-0.23630970197026668
67,-0.32833316536918344
67,-0.41884911384455764
67,-0.512398557292708
67,-0.6115335746733457
67,-0.7168660659724376
67,-0.828062392370218
67,-0.9405523386969102
67,-1.0445067853408725
67,-1.1305913872355415
67,-1.1962216421277043
67,-1.2460627798123405
67,-1.2877075017608652
67,-1.3262140002467482
67,-1.3607073825811458
67,-1.3856223208215477
67,-1.394565982144492
67,-1.3820397381032776
67,-1.344050815589726
67,-1.279640106558247
67,-1.1909651701456725
67,-1.0828975941705328
67,-0.9630057889238781
67,-0.8378119636241671
67,-0.7081569136411054
67,-0.5706371849444101
67,-0.42208871069148035
67,-0.2618160904698168
67,-0.09250139319295919
67,0.07979240171777266
67,0.24822560300580565
67,0.40919901669745007
67,0.5635558462997758
67,0.7135072820696403
67,0.8590166340946824
67,0.9969125133447998
67,1.122344295136708
67,1.2311538733155043
67,1.3215377293084591
67,1.3933465183723586
67,1.446121444974299
67,1.47961940961598
67,1.4966479562025596
67,1.5021471033787845
67,1.497338117885593
67,1.4770861510031106
67,1.434617480615723
67,1.367349176751449
67,1.2781999822726415
67,1.1735115132824574
67,1.060277919577767
67,0.943860447514748
67,0.8270285645042161
67,0.7097517486280555
67,0.5890127471315416
67,0.46129036477713875
67,0.3273856291802385
67,0.19327190481080983
67,0.0663743481758158
67,-0.04773622598225925
67,-0.1482552269066451
67,-0.24056853939497555
67,-0.33097619361542346
67,-0.41928170285296473
67,-0.4993734766345741
67,-0.5650200566540269
67,-0.6122815257657362
67,-0.6394727373256566
67,-0.6479601793595673
67,-0.642231631771089
67,-0.629426062136813
67,-0.6188684724813638
67,-0.6175455764331923
67,-0.623100003175181
67,-0.6250593763424992
67,-0.6148757759809397
67,-0.5910251518489883
67,-0.5556304592146306
67,-0.5124957786934923
67,-0.46732022157223874
67,-0.42540512859067603
67,-0.39075858749502845
67,-0.366650625800248
67,-0.3520883893671044
67,-0.340493200588228
67,-0.32712115973978584
67,-0.31450262055042066
67,-0.3081449761954049
67,-0.3107234447198909
67,-0.32043567505946596
67,-0.33236056092936744
67,-0.3434353316077543
67,-0.35716591138971665
67,-0.3802985274036698
67,-0.4150658829118811
67,-0.45837498184964365
67,-0.507595122588328
67,-0.5625421208173967
67,-0.6212960637135795
67,-0.6770606926824747
67,-0.7206870880381006
67,-0.7475768890638138
67,-0.7631624122006393
67,-0.7793559983616927
67,-0.8036672160346636
67,-0.8336089450595343
67,-0.8614477550478724
67,-0.8797453960100085
67,-0.8825134955443211
67,-0.8666374969481646
67,-0.8319502708131862
67,-0.7780701050539852
67,-0.7061081433640205
67,-0.6228729107079338
67,-0.5355201690015593
67,-0.44368605453725407
67,-0.34232021483481057
67,-0.22821580216851722
67,-0.21288858881375686
