67,0.0
67,5.35883123787149e-05
67,5.35883123787149e-05
67,5.358800453190139e-05
67,5.3565413394067695e-05
67,5.348951542713047e-05
67,5.335362318679568e-05
67,5.316425625403907e-05
67,5.30367360340816e-05
67,5.3180320017020135e-05
67,5.375165971451443e-05
67,5.481794078889324e-05
67,5.646173846836082e-05
67,5.881853180877657e-05
67,6.198851129354838e-05
67,6.593211197034794e-05
67,7.04273533548533e-05
67,7.511466293871148e-05
67,7.960870953289725e-05
67,8.361480742537756e-05
67,8.694386110261117e-05
67,8.944547749779975e-05
67,9.103782018979777e-05
67,9.176725312448818e-05
67,9.173235867086555e-05
67,9.098030787465195e-05
67,8.947019178209613e-05
67,8.713500131386354e-05
67,8.407583133567955e-05
67,8.065773145500267e-05
67,7.731903706116926e-05
67,7.431211064744953e-05
67,7.162820481948655e-05
67,6.912250156568877e-05
67,6.669704624874984e-05
67,6.438696757536322e-05
67,6.236734608553642e-05
67,6.096391979187865e-05
67,6.0615596344124745e-05
67,6.170342290917815e-05
67,6.431197177059214e-05
67,6.81670977994051e-05
67,7.28605466079216e-05
67,7.80416241971925e-05
67,8.330733181612744e-05
67,8.811198849428549e-05
67,9.201928057561061e-05
67,9.500881168412823e-05
67,9.744344741467053e-05
67,9.970042090486918e-05
67,0.00010174501802647336
67,0.00010301137303487707
67,0.00010277315184473553
67,0.00010066220329775802
67,9.679495616367118e-05
67,9.155828565378794e-05
67,8.544338859557275e-05
67,7.894339236098752e-05
67,7.240998063002509e-05
67,6.594655118180347e-05
67,5.94280438102693e-05
67,5.2691433926932615e-05
67,4.584120286183493e-05
67,3.940661750768241e-05
67,3.415392140403833e-05
67,3.075529470165803e-05
67,2.9583810621238894e-05
67,3.064040214197571e-05
67,3.357109853881028e-05
67,3.7782025865071165e-05
67,4.261954180206359e-05
67,4.753972382872985e-05
67,5.218306862486601e-05
67,5.634979470292077e-05
67,5.9945322339097704e-05
67,6.296316524137016e-05
67,6.551781901256032e-05
67,6.781656951327928e-05
67,6.997376688835608e-05
67,7.17997367603108e-05
67,7.283214226593706e-05
67,7.263715603265e-05
67,7.105840976203441e-05
67,6.821759354766841e-05
67,6.437194360554178e-05
67,5.9731399102727444e-05
67,5.4320971832176157e-05
67,4.801431371560526e-05
67,4.07410331062336e-05
67,3.266504179998184e-05
67,2.4159017930253206e-05
67,1.565170894073953e-05
67,7.531426021019761e-06
67,1.7334319636314853e-07
67,-6.01043057921708e-06
67,-1.0628713133382435e-05
67,-1.3455398903886325e-05
67,-1.4522652625459536e-05
67,-1.4065060788334873e-05
67,-1.2346479083960298e-05
67,-9.530037471248311e-06
67,-5.718391932022939e-06
67,-1.082798819706855e-06
67,4.095270450438827e-06
67,9.526140870211722e-06
67,1.5061549794076375e-05
67,2.070012471200077e-05
67,2.6340994280689325e-05
67,3.1520897156419274e-05
67,3.552637516889645e-05
67,3.783821208658288e-05
67,3.841688127626813e-05
67,3.7570795128416764e-05
67,3.564886631212763e-05
67,3.286437820364567e-05
67,2.9314100711427846e-05
67,2.508104093653293e-05
67,2.0261787445197394e-05
67,1.4891015868550862e-05
67,8.927352458517228e-06
67,2.3832384941383336e-06
67,-4.555672259445125e-06
67,-1.1562027254590863e-05
67,-1.829596302115463e-05
67,-2.4505243158138017e-05
67,-3.0021161582780894e-05
67,-3.466378857134771e-05
67,-3.816301397172114e-05
67,-4.019382948006145e-05
67,-4.047807606278857e-05
67,-3.8833900504931655e-05
67,-3.519148621962787e-05
67,-2.9672550098262453e-05
67,-2.2663552363084996e-05
67,-1.4717313491596963e-05
67,-6.356376787906781e-06
67,1.9641439003009533e-06
67,9.740759080840456e-06
67,1.643283402865113e-05
67,2.1659186048218044e-05
67,2.5340784009820902e-05
67,2.7660516408716393e-05
67,2.8926741052252525e-05
67,2.9444105554575668e-05
67,2.944221661009276e-05
67,2.9051390170188537e-05
67,2.8269579584233552e-05
67,2.6939527527464952e-05
67,2.4813650125030773e-05
67,2.167912778442915e-05
67,1.744638855948226e-05
67,1.2183763693433011e-05
67,6.126388946586918e-06
67,-3.5526493097927624e-07
67,-6.841922056130502e-06
67,-1.2962153447541022e-05
67,-1.8432413499227526e-05
67,-2.3008507134694502e-05
67,-2.6376332542012437e-05
67,-2.8089865874017395e-05
67,-2.7684683089668303e-05
67,-2.4950907395284965e-05
67,-2.0125997281903673e-05
67,-1.3768322518951103e-05
67,-6.430358821585264e-06
67,1.4858863458432937e-06
67,9.598041783982514e-06
67,1.7451096450456074e-05
67,2.466023515166766e-05
67,3.111658292625436e-05
67,3.700365708419146e-05
67,4.2555042283607674e-05
67,4.7743165854740274e-05
67,5.221825693996551e-05
67,5.5556965937861884e-05
67,5.7515994416737086e-05
67,5.806360390316707e-05
67,5.728019901474349e-05
67,5.5271813378267916e-05
67,5.213483758890494e-05
67,4.798290086611117e-05
67,4.299984432317183e-05
67,3.74330329553561e-05
67,3.153106136762763e-05
67,2.5530164494496015e-05
67,1.9715443271917832e-05
67,1.4458187842366576e-05
67,1.0157786876460049e-05
67,7.126047793163649e-06
67,5.4950786319170845e-06
67,5.200313638696766e-06
67,6.052925734656819e-06
67,7.884865547303302e-06
67,1.0683369829549064e-05
67,1.4580863841263372e-05
67,1.9668238274546346e-05
67,2.5798397749531248e-05
67,3.2585869821162126e-05
67,3.9602677294318196e-05
67,4.65476945974847e-05
67,5.320620816579534e-05
67,5.930334273498125e-05
67,6.449648154542392e-05
67,6.852090729014133e-05
67,7.127796971301327e-05
67,7.27683872647198e-05
67,7.29721102246598e-05
67,7.18020730213253e-05
67,6.918369237093099e-05
67,6.520227982568124e-05
67,6.0169032223073344e-05
67,5.451909178882343e-05
67,4.863742755636978e-05
67,4.2771457241447735e-05
67,3.706623549157824e-05
67,3.16389526126784e-05
67,2.661219389114043e-05
67,2.2094247401673457e-05
67,1.816088892404669e-05
67,1.4888042816423435e-05
67,1.2396000686371239e-05
67,1.0843138818584379e-05
67,1.0396035446329347e-05
67,1.1208557492192476e-05
67,1.3355447205919598e-05
67,1.6716508326006302e-05
67,2.0954211050756732e-05
67,2.5670625229093298e-05
67,3.0588199307356825e-05
67,3.5554756928400464e-05
67,4.0419753807258727e-05
67,4.497548033920541e-05
67,4.900302282941066e-05
67,5.231614474922846e-05
67,5.475765230739658e-05
67,5.618774598715182e-05
67,5.6497408639373646e-05
67,5.564778118748977e-05
67,5.371024434128189e-05
67,5.086961717875883e-05
67,4.737270924954946e-05
67,4.3444104994618054e-05
67,3.921696824577235e-05
67,3.4726937921981725e-05
67,2.9985510694151622e-05
67,2.5080401487819062e-05
67,2.0211875645843642e-05
67,1.5643440731161245e-05
67,1.1642866402109326e-05
67,8.470227645216261e-06
67,6.382964211313485e-06
67,5.611421273093882e-06
67,6.2857189518888514e-06
67,8.326361421445345e-06
67,1.1395205855586345e-05
67,1.5035395928199288e-05
67,1.893848452533817e-05
67,2.306800741982712e-05
67,2.7510667643496375e-05
67,3.225128068997851e-05
67,3.7096166226558816e-05
67,4.1742785321261784e-05
67,4.5888399550643715e-05
67,4.93165550973038e-05
67,5.193716620265437e-05
67,5.37775179622314e-05
67,5.493654474093262e-05
67,5.5513642077423336e-05
67,5.5544418587983843e-05
67,5.49855110230509e-05
67,5.3740670871392974e-05
67,5.169504499956689e-05
67,4.876775233058963e-05
67,4.500180175612674e-05
67,4.06441745849989e-05
67,3.612868716236986e-05
67,3.19437088266377e-05
67,2.8479506652011604e-05
67,2.596441436748563e-05
67,2.4501904848441703e-05
67,2.41374427951583e-05
67,2.4887195719217198e-05
67,2.6716765158364426e-05
67,2.9516464885788373e-05
67,3.3124148577784993e-05
67,3.7374823145558346e-05
67,4.210622253704381e-05
67,4.710991419005159e-05
67,5.209789773774761e-05
67,5.673911171535447e-05
67,6.075143857881285e-05
67,6.399129211538566e-05
67,6.64745904648332e-05
67,6.830474644365599e-05
67,6.956312473574866e-05
67,7.024885471391954e-05
67,7.030479589472078e-05
67,6.969660574871886e-05
67,6.847236445821142e-05
67,6.674517677792182e-05
67,6.461571824129344e-05
67,6.212028939763869e-05
67,5.9267567303163545e-05
67,5.612699377061204e-05
67,5.287120531556674e-05
67,4.973469663864414e-05
67,4.6946039213184506e-05
67,4.4694363190828136e-05
67,4.3131795604185226e-05
67,4.2387809101003237e-05
67,4.257501045508267e-05
67,4.3763582919226046e-05
67,4.592449259605088e-05
67,4.8899324743051115e-05
67,5.245500569850488e-05
67,5.63853143453785e-05
67,6.0556724761777524e-05
67,6.485899102026404e-05
67,6.912456523988698e-05
67,7.310590282160838e-05
67,7.65329951808698e-05
67,7.919073613312502e-05
67,8.094919169225934e-05
67,8.175222073088534e-05
67,8.160983208771789e-05
67,8.059786601842772e-05
67,7.883675071313262e-05
67,7.644820495176703e-05
67,7.351801607791528e-05
67,7.009350724841887e-05
67,6.622488042827844e-05
67,6.202451428371486e-05
67,5.769929984910126e-05
67,5.353709025001196e-05
67,4.986105447043643e-05
67,4.696754187966439e-05
67,4.5063339635571056e-05
67,4.4231294276802366e-05
67,4.44437241428341e-05
67,4.560577941854312e-05
67,4.758428768656138e-05
67,5.0196744743954886e-05
67,5.3197561361645007e-05
67,5.63328458504123e-05
67,5.946583049406059e-05
67,6.266135726516023e-05
67,6.610974418117746e-05
67,6.990990561670879e-05
67,7.38854774904564e-05
67,7.760011064625061e-05
67,8.055455214622657e-05
67,8.239066066449992e-05
67,8.296512973126866e-05
67,8.230135259252612e-05
67,8.050536480800291e-05
67,7.770834478043471e-05
67,7.404062239644779e-05
67,6.961085178034048e-05
67,6.448779019887375e-05
67,5.872382986821663e-05
67,5.2440729234148604e-05
67,4.5921827966537606e-05
67,3.9620003748181924e-05
67,3.4047787154310166e-05
67,2.9609056064171406e-05
67,2.6479965631772922e-05
67,2.4609556719099316e-05
67,2.3814694677522638e-05
67,2.388392637175518e-05
67,2.4637219729939398e-05
67,2.595005299922386e-05
67,2.7765205092980585e-05
67,3.009903422253253e-05
67,3.303153125397198e-05
67,3.664793814913406e-05
67,4.090948676184835e-05
67,4.5517256222490644e-05
67,4.991388184923515e-05
67,5.348968835609571e-05
67,5.5859207715541675e-05
67,5.698933287300403e-05
67,5.70976148823569e-05
67,5.643371272877763e-05
67,5.5120328576268164e-05
67,5.3140562292987124e-05
67,5.0420690151006705e-05
67,4.690251059627557e-05
67,4.256689870752628e-05
67,3.7449912308956584e-05
67,3.1676798994374656e-05
67,2.5477793116876255e-05
67,1.914733749215141e-05
67,1.2963211632416665e-05
67,7.125242116361967e-06
67,1.7663511082297584e-06
67,-2.9700600769070115e-06
67,-6.859743362423702e-06
67,-9.603342672552444e-06
67,-1.0897532990027717e-05
67,-1.0512182611119672e-05
67,-8.348010926234213e-06
67,-4.484829631260377e-06
67,7.92142452605442e-07
67,7.02387958246148e-06
67,1.3665378985611315e-05
67,2.0179513983062374e-05
67,2.6108355801192225e-05
67,3.1141658685545396e-05
67,3.5177220124498984e-05
67,3.831020227580561e-05
67,4.071898832362147e-05
67,4.2518077165194815e-05
67,4.36932771352272e-05
67,4.415903008750748e-05
67,4.385687058116352e-05
67,4.278490450568474e-05
67,4.0949478543472776e-05
67,3.832641356621049e-05
67,3.4887231516812076e-05
67,3.065641842569388e-05
67,2.5743306178775097e-05
67,2.0331333989725164e-05
67,1.4644961941418157e-05
67,8.928820292649775e-06
67,3.4567451826181647e-06
67,-1.45065335264294e-06
67,-5.434586251190215e-06
67,-8.139758016219537e-06
67,-9.273320453485353e-06
67,-8.670762296188849e-06
67,-6.357913498754656e-06
67,-2.570163575242489e-06
67,2.318523777398399e-06
67,7.934556130936804e-06
67,1.4002310755266438e-05
67,2.0324663601327105e-05
67,2.6703892877472863e-05
67,3.2910197944700976e-05
67,3.8716567324285565e-05
67,4.393271404134915e-05
67,4.839214536059152e-05
67,5.19271581151059e-05
67,5.4392837759647045e-05
67,5.5729547817953816e-05
67,5.5983574004544826e-05
67,5.524968361947247e-05
67,5.359515509141966e-05
67,5.103764106344127e-05
67,4.7585526137813594e-05
67,4.3299023668437185e-05
67,3.832192655773944e-05
67,3.286112533073514e-05
67,2.7141168174163272e-05
67,2.1384181980104756e-05
67,1.582785410348713e-05
67,1.074329101129199e-05
67,6.413097877429859e-06
67,3.0754712428345266e-06
67,8.82082388323025e-07
67,-9.087708600956273e-08
67,2.0596510517619134e-07
67,1.8268652939870958e-06
67,4.8096503591879514e-06
67,9.11010429466408e-06
67,1.4533717872599667e-05
67,2.0723841192182813e-05
67,2.7245497038908818e-05
67,3.372360177990367e-05
67,3.992150734696274e-05
67,4.56932716517261e-05
67,5.0880479654274416e-05
67,5.527400928526942e-05
67,5.865964103508733e-05
67,6.087094912225211e-05
67,6.180303656114233e-05
67,6.141192708866304e-05
67,5.973007798098941e-05
67,5.688716678177046e-05
67,5.310197176693226e-05
67,4.863207105602676e-05
67,4.3710719725600014e-05
67,3.851569185954041e-05
67,3.31860499432839e-05
67,2.7864665548279587e-05
67,2.272913429359242e-05
67,1.7984583375561054e-05
67,1.3824702351505204e-05
67,1.0401331290795452e-05
67,7.833789516706177e-06
67,6.236415776405086e-06
67,5.719680914229426e-06
67,6.359400012147973e-06
67,8.162116062165928e-06
67,1.1045785392649925e-05
67,1.4850547700551455e-05
67,1.9392964817492677e-05
67,2.452696285039756e-05
67,3.0131162044110592e-05
67,3.60137482333117e-05
67,4.184537040785418e-05
67,4.721540057020902e-05
67,5.1765389379184125e-05
67,5.527932676752803e-05
67,5.767717864673023e-05
67,5.895419113502486e-05
67,5.913324183837799e-05
67,5.8255308878230316e-05
67,5.638539460597891e-05
67,5.360835027619801e-05
67,5.0016489102909856e-05
67,4.5702091608228e-05
67,4.076101314068283e-05
67,3.531004539317563e-05
67,2.9513301451895496e-05
67,2.3597822942420946e-05
67,1.784075379819531e-05
67,1.2537040050130711e-05
67,7.972638234114487e-06
67,4.410065915804016e-06
67,2.0701721507007877e-06
67,1.0993330703037785e-06
67,1.532897553857058e-06
67,3.2800850285989603e-06
67,6.154918836062012e-06
67,9.947448496147423e-06
67,1.4476333659535692e-05
67,1.9562789322523995e-05
67,2.4957834632441836e-05
67,3.03278345031406e-05
67,3.5339707735367356e-05
67,3.976725265142187e-05
67,4.352136473135371e-05
67,4.659385392663005e-05
67,4.898253708634186e-05
67,5.066059368355343e-05
67,5.158843683113206e-05
67,5.172542734798687e-05
67,5.102574700768471e-05
67,4.943956593647111e-05
67,4.693115333621845e-05
67,4.350449294739118e-05
67,3.923034499007495e-05
67,3.427153860780963e-05
67,2.8890842363206386e-05
67,2.3424049867650697e-05
67,1.8223977246221e-05
67,1.360599662138367e-05
67,9.82306470573776e-06
67,7.070299339103867e-06
67,5.4966859288443275e-06
67,5.201725818932493e-06
67,6.210460623689763e-06
67,8.444092384988632e-06
67,1.1719919077415645e-05
67,1.5793790162441357e-05
67,2.0413377295193507e-05
67,2.5343769665716412e-05
67,3.0368999544291477e-05
67,3.529727440071291e-05
67,3.99739784753518e-05
67,4.4282545690342265e-05
67,4.8125244321326175e-05
67,5.1403761428472346e-05
67,5.4025520707512426e-05
67,5.593344758981225e-05
67,5.712552939607777e-05
67,5.763688958518291e-05
67,5.749426268946264e-05
67,5.6678948028283394e-05
67,5.5129941627578706e-05
67,5.2791973160599125e-05
67,4.967942156478591e-05
67,4.591220133391177e-05
67,4.1703002464834194e-05
67,3.7315759510643225e-05
67,3.302913868798033e-05
67,2.911791945753831e-05
67,2.5842280922903782e-05
67,2.3432737194840015e-05
67,2.20677828740904e-05
67,2.1848729468596776e-05
67,2.2782985181497945e-05
67,2.4792979828962828e-05
67,2.7756334045735883e-05
67,3.155013434735083e-05
67,3.605640998189142e-05
67,4.112032881812053e-05
67,4.650570249870331e-05
67,5.190089821507647e-05
67,5.6979920043625525e-05
67,6.147366376185192e-05
67,6.520842453245073e-05
67,6.810643859988444e-05
67,7.016315533879188e-05
67,7.141049415701889e-05
67,7.187610489323144e-05
67,7.1558116113335e-05
67,7.043072503306454e-05
67,6.84775297605099e-05
67,6.573372812056863e-05
67,6.23148398266926e-05
67,5.841787118777636e-05
67,5.429469985791971e-05
67,5.020938214252874e-05
67,4.63974368082182e-05
67,4.3043252369056453e-05
67,4.0278551759747825e-05
67,3.818986202533891e-05
67,3.682415453508179e-05
67,3.619543331508179e-05
67,3.629907341443732e-05
67,3.7133359894247066e-05
67,3.872096932825508e-05
67,4.111302651287536e-05
67,4.4350871643173e-05
67,4.8387221061208275e-05
67,5.3020995987837984e-05
67,5.790977782433243e-05
67,6.26604684195142e-05
67,6.693212164919282e-05
67,7.048924905216495e-05
67,7.319758577870854e-05
67,7.499103209160993e-05
67,7.583922956239713e-05
67,7.57300722047846e-05
67,7.466617715151724e-05
67,7.266785715769777e-05
67,6.97805020190049e-05
67,6.609091245934379e-05
67,6.175101345721413e-05
67,5.699053670099991e-05
67,5.2094474730538605e-05
67,4.734393094096328e-05
67,4.295390872911752e-05
67,3.904955883682222e-05
67,3.56904649621857e-05
67,3.291430097162775e-05
67,3.0767359799416564e-05
67,2.9315592842647057e-05
67,2.864564020225051e-05
67,2.8855930848501965e-05
67,3.00286077515518e-05
67,3.218243896567144e-05
67,3.522598427994131e-05
67,3.89424211821782e-05
67,4.302762528436818e-05
67,4.716773690380877e-05
67,5.111009489877014e-05
67,5.468880573604753e-05
67,5.780408844743277e-05
67,6.0381361505573466e-05
67,6.23378738020494e-05
67,6.357464168808515e-05
67,6.399451006049216e-05
67,6.352817486969347e-05
67,6.214655164861494e-05
67,5.985603953352076e-05
67,5.669307213472482e-05
67,5.273222992027381e-05
67,4.810024087673978e-05
67,4.297537496995733e-05
67,3.756688308010429e-05
67,3.209281511695142e-05
67,2.6775893623823065e-05
67,2.185464567961404e-05
67,1.7587548098368076e-05
67,1.4234168185408017e-05
67,1.202060280123473e-05
67,1.1106801954217072e-05
67,1.1561107366883322e-05
67,1.3337742871432467e-05
67,1.6265112174797403e-05
67,2.006687252851936e-05
67,2.442287610304049e-05
67,2.904022858422272e-05
67,3.369067119205811e-05
67,3.820236037911048e-05
67,4.2434858184766666e-05
67,4.6267116529184586e-05
67,4.959747705935265e-05
67,5.233937979718699e-05
67,5.441172751665825e-05
67,5.573750454762766e-05
67,5.625409997911337e-05
67,5.59218173273616e-05
67,5.4722117582772046e-05
67,5.2655897857732265e-05
67,4.975229855479776e-05
67,4.6079774633570136e-05
67,4.17451570918198e-05
67,3.688214752375754e-05
67,3.164417368137085e-05
67,2.621166834774605e-05
67,2.0808254675258812e-05
67,1.5709126660539284e-05
67,1.1227247665382298e-05
67,7.676119483816339e-06
67,5.320510879779378e-06
67,4.331458680548324e-06
67,4.760062028847034e-06
67,6.538707003792451e-06
67,9.508834379179063e-06
67,1.3461576207958506e-05
67,1.8168554959412557e-05
67,2.3388626943527594e-05
67,2.8862231333727408e-05
67,3.4320144692760686e-05
67,3.9513770396780115e-05
67,4.424168844151125e-05
67,4.83476529361133e-05
67,5.1700812718402684e-05
67,5.419008500821881e-05
67,5.574135933600317e-05
67,5.6333286236015614e-05
67,5.5990715213590444e-05
67,5.476372854470343e-05
67,5.271218917438441e-05
67,4.9902546714030375e-05
67,4.641068559805404e-05
67,4.2325334011163344e-05
67,3.775251135732755e-05
67,3.282323758359705e-05
67,2.7703444578785382e-05
67,2.2600181678933163e-05
67,1.775583805454729e-05
67,1.3426400827200756e-05
67,9.851446223201267e-06
67,7.232661184721327e-06
67,5.729683951892921e-06
67,5.4611877018952915e-06
67,6.492059277029849e-06
67,8.80690347634203e-06
67,1.229191860137138e-05
67,1.6745269909011197e-05
67,2.1916424868838067e-05
67,2.755543177198189e-05
67,3.34415299407958e-05
67,3.936878792794872e-05
67,4.510357820659928e-05
67,5.036350885078881e-05
67,5.4851804749287554e-05
67,5.8325199396594425e-05
67,6.0643016018629615e-05
67,6.177082195090435e-05
67,6.17537425243318e-05
67,6.0686148859166585e-05
67,5.868790188126911e-05
67,5.588347323237725e-05
67,5.2384793195288706e-05
67,4.828798707553181e-05
67,4.368951052591916e-05
67,3.871204642874888e-05
67,3.352241963610616e-05
67,2.8329473836477422e-05
67,2.3363256934495557e-05
67,1.8849292044224038e-05
67,1.4993777442111733e-05
67,1.1982818839685674e-05
67,9.982465172457249e-06
67,9.125540940659072e-06
67,9.487985391721605e-06
67,1.1071626040024667e-05
67,1.3807026724657023e-05
67,1.7574800360412095e-05
67,2.2227865720628234e-05
67,2.759069571107959e-05
67,3.342954855215385e-05
67,3.9426362816711094e-05
67,4.5203472531331135e-05
67,5.04025209156418e-05
67,5.476222415284145e-05
67,5.8139042827952454e-05
67,6.047215897793946e-05
67,6.173975029981224e-05
67,6.194245874281458e-05
67,6.110738744604725e-05
67,5.9285894122509524e-05
67,5.653876715212967e-05
67,5.292799461198527e-05
67,4.8529337924022466e-05
67,4.3456017787880474e-05
67,3.787401837013737e-05
67,3.199993376992313e-05
67,2.608592760980025e-05
67,2.040096641617007e-05
67,1.5212981662457893e-05
67,1.0770642817233132e-05
67,7.283956046462018e-06
67,4.908515623975164e-06
67,3.7392398223367773e-06
67,3.812041377940884e-06
67,5.105491632447806e-06
67,7.5392175992666135e-06
67,1.0974821750303177e-05
67,1.5222964893014064e-05
67,2.00513866601581e-05
67,2.5193307374333764e-05
67,3.0368475289934578e-05
67,3.532143419035414e-05
67,3.9856000135985054e-05
67,4.383950214309511e-05
67,4.71777791003409e-05
67,4.978894958098207e-05
67,5.15986137653335e-05
67,5.2550353942895585e-05
67,5.260954749668664e-05
67,5.175352825566118e-05
67,4.996361003947187e-05
67,4.723418768883404e-05
67,4.3595762826814464e-05
67,3.913712721175029e-05
67,3.401506167642855e-05
67,2.8448808945949807e-05
67,2.2703805059882957e-05
67,1.707192963522699e-05
67,1.1852965400377872e-05
67,7.337104183143117e-06
67,3.7864359999883114e-06
67,1.414980542949398e-06
67,3.6747345204354567e-07
67,6.969197253620309e-07
67,2.347414826274156e-06
67,5.1592043665054005e-06
67,8.906626750923602e-06
67,1.3350983190477701e-05
67,1.827293106530596e-05
67,2.347041125884893e-05
67,2.874300932439382e-05
67,3.38892017258546e-05
67,3.871972195708806e-05
67,4.307286087432697e-05
67,4.6822759787285245e-05
67,4.988322987834561e-05
67,5.2207861649782113e-05
67,5.3778862023452625e-05
67,5.45822362057708e-05
67,5.4583688653696306e-05
67,5.372536696528285e-05
67,5.195010048910939e-05
67,4.924145174641334e-05
67,4.565875628785785e-05
67,4.134977986162112e-05
67,3.6537002063454014e-05
67,3.14882305905747e-05
67,2.6487087103040267e-05
67,2.18115403120437e-05
67,1.771846579491012e-05
67,1.4429468191896609e-05
67,1.2118132584775624e-05
67,1.090248560098598e-05
67,1.0843750187771613e-05
67,1.1949662554575792e-05
67,1.4181192341844312e-05
67,1.7458215325186542e-05
67,2.1654355047946287e-05
67,2.658034376614136e-05
67,3.19763496391401e-05
67,3.753580154746667e-05
67,4.2954957144782725e-05
67,4.7977583063056026e-05
67,5.2413179507678485e-05
67,5.61332507226017e-05
67,5.905971631812077e-05
67,6.11513974738051e-05
67,6.238936197493795e-05
67,6.276534101919651e-05
67,6.227896453717154e-05
67,6.094483573991346e-05
67,5.880496917282963e-05
67,5.5939782601878654e-05
67,5.2470742355693794e-05
67,4.855052229495317e-05
67,4.434446783811146e-05
67,4.0015414670389235e-05
67,3.5721688896649326e-05
67,3.162489464752168e-05
67,2.789517467366894e-05
67,2.4708427476556666e-05
67,2.2241632256394645e-05
67,2.0670343533969945e-05
67,2.015983640163857e-05
67,2.0839214845327474e-05
67,2.2761620558114502e-05
67,2.5868534533877512e-05
67,2.998000600140592e-05
67,3.482225300186513e-05
67,4.0081092342192566e-05
67,4.545115395119075e-05
67,5.065969658284204e-05
67,5.547136739701655e-05
67,5.9691226420205855e-05
67,6.316949734597769e-05
67,6.580058191772795e-05
67,6.751580098087686e-05
67,6.827802472995612e-05
67,6.808249594780212e-05
67,6.695919613714095e-05
67,6.497156977320369e-05
67,6.221335120708399e-05
67,5.880682634522604e-05
67,5.4899445165873454e-05
67,5.0654226890191856e-05
67,4.6237862817775395e-05
67,4.1815717201705006e-05
67,3.75559505504008e-05
67,3.363481531873131e-05
67,3.0234450895507504e-05
67,2.7532428991290977e-05
67,2.5687592251733248e-05
67,2.482389648117492e-05
67,2.50105370621358e-05
67,2.6241545646412962e-05
67,2.8427947993875786e-05
67,3.1416419959439205e-05
67,3.503048394298786e-05
67,3.9105920265354534e-05
67,4.349190816004895e-05
67,4.8023164993370384e-05
67,5.249910125203567e-05
67,5.669506706607068e-05
67,6.039437489832393e-05
67,6.341399806519569e-05
67,6.561283183314977e-05
67,6.689114401374908e-05
67,6.719120584118686e-05
67,6.649846989940632e-05
67,6.483829082401348e-05
67,6.226939993156638e-05
67,5.888000061826146e-05
67,5.4788367911269366e-05
67,5.0144572884841006e-05
67,4.512985613595565e-05
67,3.995252103953421e-05
67,3.484069519968308e-05
67,3.003276243303044e-05
67,2.576559622542821e-05
67,2.225949628105621e-05
67,1.9699051755908802e-05
67,1.8212169488688134e-05
67,1.785339676879342e-05
67,1.8598589363013667e-05
67,2.0354192102499156e-05
67,2.2978518284160204e-05
67,2.6306893563942252e-05
67,3.0168789976171934e-05
67,3.438912451307489e-05
67,3.878044675543261e-05
67,4.314297878793856e-05
67,4.727930874469826e-05
67,5.101181862647612e-05
67,5.418934403722414e-05
67,5.6685337463091613e-05
67,5.839923939051942e-05
67,5.926453428154402e-05
67,5.925477614565474e-05
67,5.837887123084546e-05
67,5.666743493375206e-05
67,5.4160033143285123e-05
67,5.0902198830298256e-05
67,4.6955070743062355e-05
67,4.241387803575324e-05
67,3.742638992654249e-05
67,3.220147885055039e-05
67,2.700222131911513e-05
67,2.2124089245768745e-05
67,1.786292525170676e-05
67,1.4479738030788936e-05
67,1.2171162731507402e-05
67,1.1053536381179085e-05
67,1.1162021602054761e-05
67,1.2457812198943586e-05
67,1.483572493401956e-05
67,1.813308878330842e-05
67,2.2146392543331656e-05
67,2.6655489783943256e-05
67,3.144532231251417e-05
67,3.631538779987234e-05
67,4.1076660710483935e-05
67,4.55447178127607e-05
67,4.9540091777562075e-05
67,5.290074337047398e-05
67,5.550079334750367e-05
67,5.7263703531337134e-05
67,5.8162422913651896e-05
67,5.820805248802841e-05
67,5.743370813239407e-05
67,5.5879997757646874e-05
67,5.35868901127493e-05
67,5.0595630386705014e-05
67,4.696144316996863e-05
67,4.27717914295632e-05
67,3.81602595992735e-05
67,3.330824296328416e-05
67,2.843430721488887e-05
67,2.3777343637584404e-05
67,1.9580008066231506e-05
67,1.6074814480322293e-05
67,1.3471045185585088e-05
67,1.1939775043564072e-05
67,1.1596781450038119e-05
67,1.2486776866752904e-05
67,1.4575555044787973e-05
67,1.7756537951524395e-05
67,2.187095137478425e-05
67,2.6729072268086085e-05
67,3.211635326606425e-05
67,3.7782292106903876e-05
67,4.343165816271074e-05
67,4.874282274658094e-05
67,5.341586807011809e-05
67,5.722444732564879e-05
67,6.004063965792732e-05
67,6.182514120744419e-05
67,6.259961959510482e-05
67,6.242071332313198e-05
67,6.136105255180266e-05
67,5.949340586061232e-05
67,5.687925386212902e-05
67,5.3570738025119286e-05
67,4.9629850176780425e-05
67,4.515403627402493e-05
67,4.029041003700362e-05
67,3.523019797454468e-05
67,3.0190830380983654e-05
67,2.5399367759108504e-05
67,2.1083143163994112e-05
67,1.7462041043222504e-05
67,1.4735156505790619e-05
67,1.306321588911733e-05
67,1.2554467363002918e-05
67,1.3257884343995774e-05
67,1.5160730525318457e-05
67,1.8187371184850506e-05
67,2.2199962462123673e-05
67,2.7001661874176334e-05
67,3.234169049438648e-05
67,3.7925952582708115e-05
67,4.344139162933652e-05
67,4.859410974946202e-05
67,5.314501309703984e-05
67,5.692366183500912e-05
67,5.981841537015836e-05
67,6.17594053727714e-05
67,6.270971399487726e-05
67,6.26637711064052e-05
67,6.164243932562084e-05
67,5.9682528115376174e-05
67,5.683124272046666e-05
67,5.315468739906695e-05
67,4.875530580272773e-05
67,4.378367520893011e-05
67,3.843520657626987e-05
67,3.293469219980358e-05
67,2.7518698306061707e-05
67,2.242270346484006e-05
67,1.7872122626474483e-05
67,1.4073038958577852e-05
67,1.1202120825598247e-05
67,9.398719052946085e-06
67,8.758763942269588e-06
67,9.324707833477152e-06
67,1.1069842460401708e-05
67,1.3888092392737929e-05
67,1.760400073550111e-05
67,2.200169606755613e-05
67,2.685383261150393e-05
67,3.193529279102364e-05
67,3.7025644257294695e-05
67,4.1912790437510395e-05
67,4.6401018502917485e-05
67,5.0317533687206095e-05
67,5.351477166469648e-05
67,5.58729035070976e-05
67,5.7305499082515815e-05
67,5.776343641567145e-05
67,5.723066800319455e-05
67,5.5714263191829125e-05
67,5.32387750859812e-05
67,4.9851545503622275e-05
67,4.5635856118292645e-05
67,4.07231820123296e-05
67,3.52974945234766e-05
67,2.9590175563996856e-05
67,2.386856082636884e-05
67,1.8420964493612377e-05
67,1.3537777995610442e-05
67,9.487490097898238e-06
67,6.490551344045726e-06
67,4.697886720776143e-06
67,4.178939333106716e-06
67,4.919254886114716e-06
67,6.827422326014279e-06
67,9.753956775783405e-06
67,1.3519578432006437e-05
67,1.793838280174561e-05
67,2.2821276194336096e-05
67,2.7964183652405212e-05
67,3.314231611650362e-05
67,3.812440498526422e-05
67,4.2699153813745194e-05
67,4.669634121753347e-05
67,4.9993689217215486e-05
67,5.2512196921997136e-05
67,5.420521967985662e-05
67,5.5044486964260145e-05
67,5.5007207489868505e-05
67,5.407090270081587e-05
67,5.2220849157321734e-05
67,4.946853484509529e-05
67,4.587282102494418e-05
67,4.155286010918946e-05
67,3.6685635856734804e-05
67,3.149007973745804e-05
67,2.6207376097256706e-05
67,2.108605758813074e-05
67,1.637221657253371e-05
67,1.2299495964566801e-05
67,9.076735139323398e-06
67,6.877189398525717e-06
67,5.831919150162872e-06
67,6.022830277595598e-06
67,7.470191472554908e-06
67,1.0118340242662651e-05
67,1.3829683515949192e-05
67,1.839318214354362e-05
67,2.354590150772117e-05
67,2.9001880493636456e-05
67,3.4480785176378846e-05
67,3.972963647774941e-05
67,4.4535673866584576e-05
67,4.873252436372621e-05
67,5.220084319416076e-05
67,5.4862987856163675e-05
67,5.667398524078298e-05
67,5.761373667599439e-05
67,5.768277061210583e-05
67,5.689947352047599e-05
67,5.529710039912788e-05
67,5.292278009719671e-05
67,4.98410765645944e-05
67,4.613985826676727e-05
67,4.193352586326094e-05
67,3.736272757082351e-05
67,3.259442336408707e-05
67,2.782406098361353e-05
67,2.327558635596107e-05
67,1.919375837986924e-05
67,1.58284955405238e-05
67,1.3415103908090053e-05
67,1.2151652622617519e-05
67,1.2171371753624684e-05
67,1.3513237552259375e-05
67,1.6105032323391064e-05
67,1.9774806783416442e-05
67,2.4289862948484715e-05
67,2.939985189849078e-05
67,3.485752325960353e-05
67,4.041467520507183e-05
67,4.58164514684284e-05
67,5.081427556342818e-05
67,5.5192180683534516e-05
67,5.8786495195945545e-05
67,6.148950910896143e-05
67,6.32444535078103e-05
67,6.404030335591275e-05
67,6.390458888085009e-05
67,6.288926901392474e-05
67,6.105409462526775e-05
67,5.84593834081812e-05
67,5.5173764013733e-05
67,5.128965571964991e-05
67,4.693469781152216e-05
67,4.227346866051548e-05
67,3.750167761546878e-05
67,3.2837191401904265e-05
67,2.8509147459459215e-05
67,2.474351435281974e-05
67,2.1745004083004706e-05
67,1.9679191826091096e-05
67,1.865944855391782e-05
67,1.8739864868160342e-05
67,1.991335574800486e-05
67,2.211649572269516e-05
67,2.524236423278011e-05
67,2.9154073521153567e-05
67,3.368602204455944e-05
67,3.863249011565169e-05
67,4.374303694299131e-05
67,4.874269579305672e-05
67,5.3369907970848135e-05
67,5.7407477915911714e-05
67,6.0691777284768775e-05
67,6.310717697809727e-05
67,6.458031274857742e-05
67,6.507852048315105e-05
67,6.460609437767501e-05
67,6.319466628991677e-05
67,6.089387834591121e-05
67,5.777100706626421e-05
67,5.392033268947771e-05
67,4.9474328571472236e-05
67,4.4607418056102555e-05
67,3.952907353610293e-05
67,3.44703304161183e-05
67,2.9669560130144256e-05
67,2.5358829086489285e-05
67,2.174831354430762e-05
67,1.900910842833012e-05
67,1.7260547726374778e-05
67,1.6567255499470057e-05
67,1.6942531374435462e-05
67,1.835021901321747e-05
67,2.0704551266446114e-05
67,2.3875345662367257e-05
67,2.770084229170412e-05
67,3.200032126849395e-05
67,3.657994747809375e-05
67,4.1235353283100874e-05
67,4.575781703910323e-05
67,4.9945149053256923e-05
67,5.361381927141937e-05
67,5.6609820649675134e-05
67,5.881753930610871e-05
67,6.0164830375540344e-05
67,6.062082219446498e-05
67,6.018510664895341e-05
67,5.8873185528771996e-05
67,5.6707786903785274e-05
67,5.372352662913915e-05
67,4.9983984559918706e-05
67,4.560143724978281e-05
67,4.07468696870672e-05
67,3.564392275565777e-05
67,3.055012844897319e-05
67,2.5733737827451313e-05
67,2.1451997762061142e-05
67,1.79322524187829e-05
67,1.5356303978074866e-05
67,1.3849794362872912e-05
67,1.347707028467523e-05
67,1.4238876253088128e-05
67,1.607191619485718e-05
67,1.8855394801941507e-05
67,2.2428883364229173e-05
67,2.661430081444634e-05
67,3.122698063800537e-05
67,3.60704260465572e-05
67,4.0927522301023134e-05
67,4.556636189376382e-05
67,4.976500983055883e-05
67,5.334171999564509e-05
67,5.617300503782598e-05
67,5.819279183606787e-05
67,5.937845777702484e-05
67,5.97331043414117e-05
67,5.926986806046739e-05
67,5.8001403216359454e-05
67,5.593844392130424e-05
67,5.310078456212218e-05
67,4.95380173203492e-05
67,4.5349477870091184e-05
67,4.0691447372221314e-05
67,3.576791133116119e-05
67,3.0811987056478016e-05
67,2.6068295200309725e-05
67,2.178010601796619e-05
67,1.8177449035763693e-05
67,1.5462413771423583e-05
67,1.3793998537494276e-05
67,1.3277392760184646e-05
67,1.3958105061419246e-05
67,1.5817835231110973e-05
67,1.8772025439504865e-05
67,2.2672250862297727e-05
67,2.7313694006826922e-05
67,3.244474139434369e-05
67,3.777976907251664e-05
67,4.302149212962638e-05
67,4.789429942246619e-05
67,5.217720782673569e-05
67,5.572008973405424e-05
67,5.8437448431161246e-05
67,6.0289559089666285e-05
67,6.126551659564033e-05
67,6.137415742450381e-05
67,6.063891921100948e-05
67,5.9092501983442135e-05
67,5.677409495964579e-05
67,5.373459319926566e-05
67,5.004891558419246e-05
67,4.5826863853532196e-05
67,4.121460546013555e-05
67,3.63874459867243e-05
67,3.154137069511387e-05
67,2.6888381818920943e-05
67,2.2652466156211145e-05
67,1.9059572900672447e-05
67,1.6320633249430194e-05
67,1.4613504102572469e-05
67,1.4068114760110458e-05
67,1.4752210441986029e-05
67,1.6655368752464398e-05
67,1.9678696098892937e-05
67,2.3642481016218832e-05
67,2.831313134629958e-05
67,3.3434852534810805e-05
67,3.875040490334006e-05
67,4.400970422587024e-05
67,4.897617603602902e-05
67,5.343701677555795e-05
67,5.7213993224655586e-05
67,6.016957547401872e-05
67,6.22086476947948e-05
67,6.327880403100387e-05
67,6.336865586124425e-05
67,6.2500758173212e-05
67,6.07200205284949e-05
67,5.8085085984597016e-05
67,5.466972334679421e-05
67,5.057303392451418e-05
67,4.5929937965596265e-05
67,4.091394923032652e-05
67,3.5730881701544984e-05
67,3.06078155757619e-05
67,2.578155215288992e-05
67,2.1486661439661872e-05
67,1.794100067077011e-05
67,1.5329074647214447e-05
67,1.3786866409577475e-05
67,1.339084044366162e-05
67,1.41508456243702e-05
67,1.6008094285456792e-05
67,1.8843822669892734e-05
67,2.250084352631781e-05
67,2.6806940710976327e-05
67,3.158279840761579e-05
67,3.66315619253991e-05
67,4.172799450993813e-05
67,4.662647074005311e-05
67,5.108722527082468e-05
67,5.490373115151459e-05
67,5.791737211635068e-05
67,6.0019418788835596e-05
67,6.114713882395619e-05
67,6.127743025685284e-05
67,6.0417768936542126e-05
67,5.859679481661842e-05
67,5.586047731617141e-05
67,5.227768800097027e-05
67,4.795217287872378e-05
67,4.303266033961959e-05
67,3.771360183127091e-05
67,3.222513737749211e-05
67,2.6817128913553393e-05
67,2.174301632457938e-05
67,1.7245004868213873e-05
67,1.3538884632190728e-05
67,1.0798982888620718e-05
67,9.147521577678412e-06
67,8.651010783217791e-06
67,9.320375745579828e-06
67,1.111044987925495e-05
67,1.3920592151420975e-05
67,1.760121199697929e-05
67,2.1965076741036205e-05
67,2.6797492890263246e-05
67,3.186454022336704e-05
67,3.692497490359966e-05
67,4.1748050281859155e-05
67,4.613114660174082e-05
67,4.990957207152749e-05
67,5.295722850465151e-05
67,5.518271387567754e-05
67,5.6525512990093335e-05
67,5.695311873090276e-05
67,5.645730929068791e-05
67,5.504927297308444e-05
67,5.275683189814537e-05
67,4.962793204149089e-05
67,4.5740511108512005e-05
67,4.121301673773323e-05
67,3.6208386961075084e-05
67,3.0929298345090794e-05
67,2.560840525856781e-05
67,2.0497492942709845e-05
67,1.585507640784652e-05
67,1.1930169082461244e-05
67,8.943557410024991e-06
67,7.071116544959297e-06
67,6.430682349807113e-06
67,7.069318605786609e-06
67,8.951009156655017e-06
67,1.1953854013783335e-05
67,1.5886431677258697e-05
67,2.05192760621766e-05
67,2.5613662585589988e-05
67,3.093330624548218e-05
67,3.62426780519031e-05
67,4.1308447344384177e-05
67,4.591422264793658e-05
67,4.988180419379579e-05
67,5.308448914303511e-05
67,5.544636511811615e-05
67,5.693313978396092e-05
67,5.754149097397478e-05
67,5.7288094470337075e-05
67,5.619797101851608e-05
67,5.429681665494068e-05
67,5.161425491153773e-05
67,4.819831105354998e-05
67,4.413224628769851e-05
67,3.9543632350959834e-05
67,3.460307589546504e-05
67,2.9517409981537152e-05
67,2.4522172694415348e-05
67,1.987270433791735e-05
67,1.5829871041642047e-05
67,1.2639454260261407e-05
67,1.0509373428530107e-05
67,9.589337491441737e-06
67,9.954215381865114e-06
67,1.1592844950796054e-05
67,1.4408568772043327e-05
67,1.8235991390566175e-05
67,2.2865984959441088e-05
67,2.8062526400840716e-05
67,3.356593392658824e-05
67,3.909672099145908e-05
67,4.4376057475690064e-05
67,4.9158664957419584e-05
67,5.3257721014056655e-05
67,5.654868055156294e-05
67,5.8958358897965194e-05
67,6.045339237624804e-05
67,6.103300852119233e-05
67,6.072072687935795e-05
67,5.9551934572895404e-05
67,5.756404445564681e-05
67,5.479845027513474e-05
67,5.1314724676667467e-05
67,4.720747592671429e-05
67,4.261512630379948e-05
67,3.771737476930324e-05
67,3.272596614695716e-05
67,2.7874192988442855e-05
67,2.3405229363269988e-05
67,1.955612644547452e-05
67,1.6538211864817072e-05
67,1.4520252113572174e-05
67,1.361898231975803e-05
67,1.3893848486680226e-05
67,1.534082730056026e-05
67,1.7888099198727773e-05
67,2.140151031394334e-05
67,2.56999085056057e-05
67,3.057039798069939e-05
67,3.5777071141935e-05
67,4.106845702901536e-05
67,4.619126261157705e-05
67,5.090910882174446e-05
67,5.501868565679647e-05
67,5.835912760387855e-05
67,6.081645679617576e-05
67,6.232530912085681e-05
67,6.286594986020673e-05
67,6.245368292191938e-05
67,6.112373134570054e-05
67,5.8921096231397126e-05
67,5.5903262327088346e-05
67,5.2154121471745574e-05
67,4.7798652539632143e-05
67,4.3007485386139996e-05
67,3.7988414172372454e-05
67,3.2970531883712324e-05
67,2.8188212069308673e-05
67,2.386723979768458e-05
67,2.021166461825664e-05
67,1.7391876158338054e-05
67,1.5537213405272353e-05
67,1.4733437644248955e-05
67,1.5019801892090364e-05
67,1.6382481943033472e-05
67,1.875066489432514e-05
67,2.2004009443524628e-05
67,2.5988466383077732e-05
67,3.052676314966264e-05
67,3.541684287665562e-05
67,4.042848809497786e-05
67,4.531331060589689e-05
67,4.9830168950434835e-05
67,5.3772909353475244e-05
67,5.698619048360733e-05
67,5.9366168536476266e-05
67,6.0852266745886047e-05
67,6.141654631148529e-05
67,6.105337438966775e-05
67,5.9771533292252115e-05
67,5.759298084397518e-05
67,5.456134996559132e-05
67,5.075717683307771e-05
67,4.631073774265023e-05
67,4.1403610172130944e-05
67,3.6257376851413026e-05
67,3.111579279856207e-05
67,2.6227969981017936e-05
67,2.1834700259798194e-05
67,1.815521025507455e-05
67,1.537306695143417e-05
67,1.3624355808129752e-05
67,1.2991092940911326e-05
67,1.349813461578292e-05
67,1.5110930715368198e-05
67,1.773662249179188e-05
67,2.123268401243087e-05
67,2.5420235098477504e-05
67,3.0093737107270544e-05
67,3.502534205191134e-05
67,3.9972585210695735e-05
67,4.469689993021004e-05
67,4.898806857638006e-05
67,5.268168501543589e-05
67,5.5661982770735784e-05
67,5.785369473771972e-05
67,5.921175998076077e-05
67,5.971369366301494e-05
67,5.935367696733993e-05
67,5.813741869599875e-05
67,5.608119835768941e-05
67,5.321950365827465e-05
67,4.961971996670159e-05
67,4.539501492602591e-05
67,4.070638848550318e-05
67,3.5752990259249396e-05
67,3.0757974760287146e-05
67,2.5956913049281493e-05
67,2.158855470814837e-05
67,1.7883129492670016e-05
67,1.5046877700354968e-05
67,1.324713864442415e-05
67,1.2601110838001927e-05
67,1.3165328015349752e-05
67,1.4923144769149757e-05
67,1.7776443050634612e-05
67,2.1552372771672586e-05
67,2.602651552194229e-05
67,3.095041899800679e-05
67,3.6070914695319255e-05
67,4.1140939797337136e-05
67,4.593026429484846e-05
67,5.023978564975786e-05
67,5.391349890937997e-05
67,5.6841176829504605e-05
67,5.8952663172146796e-05
67,6.0210457677154904e-05
67,6.060423786517164e-05
67,6.014510407046623e-05
67,5.8857801935234624e-05
67,5.6775019797767956e-05
67,5.3939876983653584e-05
67,5.0416849913886516e-05
67,4.630408661433797e-05
67,4.1739455269356124e-05
67,3.68986649429438e-05
67,3.19891748851117e-05
67,2.7242937588945086e-05
67,2.2906517270631484e-05
67,1.922545736153364e-05
67,1.642355694686506e-05
67,1.4681927030188762e-05
67,1.412156476404818e-05
67,1.4789359562291715e-05
67,1.664882711412844e-05
67,1.9582719028323654e-05
67,2.3413044667564407e-05
67,2.7930360579065814e-05
67,3.2913957643239645e-05
67,3.813430811404127e-05
67,4.334954601066883e-05
67,4.831344337134404e-05
67,5.279707087115753e-05
67,5.661068509414471e-05
67,5.961409407716906e-05
67,6.171635859061493e-05
67,6.287194896129014e-05
67,6.307578729920176e-05
67,6.235438843325855e-05
67,6.075324912042377e-05
67,5.832730538465617e-05
67,5.514180983415899e-05
67,5.1283514844818454e-05
67,4.687396476258763e-05
67,4.207541047520204e-05
67,3.7085856840886784e-05
67,3.212703518679407e-05
67,2.743097965909834e-05
67,2.322690448874446e-05
67,1.972655167279058e-05
67,1.7108176380367996e-05
67,1.5503565669920858e-05
67,1.4991703071008287e-05
67,1.559712657527981e-05
67,1.72893182307405e-05
67,1.998450181910237e-05
67,2.3553374259439178e-05
67,2.783154918784918e-05
67,3.262461887242871e-05
67,3.770755933095609e-05
67,4.282927529596366e-05
67,4.773079723576855e-05
67,5.217198517091596e-05
67,5.5953548330014746e-05
67,5.892660366263635e-05
67,6.099215849213841e-05
67,6.209660261672671e-05
67,6.222562784413933e-05
67,6.13956124348021e-05
67,5.964369071071515e-05
67,5.702198212355514e-05
67,5.360093422108479e-05
67,4.948026580606234e-05
67,4.479938955623882e-05
67,3.9738976920874814e-05
67,3.451200839906473e-05
67,2.9349676746121906e-05
67,2.448803821697225e-05
67,2.0156230986037062e-05
67,1.656380105560722e-05
67,1.38872461673511e-05
67,1.2259380795810814e-05
67,1.1762891490238932e-05
67,1.2424407896872876e-05
67,1.4207129956513103e-05
67,1.7008373401607984e-05
67,2.0670136230343457e-05
67,2.4999823834727114e-05
67,2.9787958024297877e-05
67,3.481458419022354e-05
67,3.9850341358723385e-05
67,4.4663873690040056e-05
67,4.9038670517895446e-05
67,5.279128116680093e-05
67,5.578167310046017e-05
67,5.7914225449492443e-05
67,5.913387007881345e-05
67,5.942048034050453e-05
67,5.8780939469133546e-05
67,5.723951747009174e-05
67,5.483188104565232e-05
67,5.160875164477736e-05
67,4.764882581502972e-05
67,4.307276492560534e-05
67,3.804880119251832e-05
67,3.2786954650768966e-05
67,2.7526217144251253e-05
67,2.25203695907613e-05
67,1.8023811298661657e-05
67,1.4275478159125235e-05
67,1.1480819450119213e-05
67,9.795340848934355e-06
67,9.312504899883084e-06
67,1.0055309476665585e-05
67,1.1971812526176988e-05
67,1.4939833517702562e-05
67,1.8784594513886205e-05
67,2.3301897895772686e-05
67,2.8272520299892783e-05
67,3.34635002666913e-05
67,3.862876797212201e-05
67,4.3523414742028586e-05
67,4.79297685756797e-05
67,5.1679306430156515e-05
67,5.465825548718801e-05
67,5.67994417503416e-05
67,5.807072056383425e-05
67,5.8465469298032906e-05
67,5.7993524677782834e-05
67,5.667192143764476e-05
67,5.4520799410926906e-05
67,5.1570454451838434e-05
67,4.7877795856000794e-05
67,4.354248516657762e-05
67,3.871332181573315e-05
67,3.358337506111286e-05
67,2.8379526010801133e-05
67,2.3351634749816718e-05
67,1.876056533440721e-05
67,1.4861267792322335e-05
67,1.1881343792697453e-05
67,1.0001069161180351e-05
67,9.339445935903363e-06
67,9.944657059271102e-06
67,1.178668370346767e-05
67,1.4756511142183264e-05
67,1.867825334599597e-05
67,2.3331008656152906e-05
67,2.846867524298548e-05
67,3.383182195976021e-05
67,3.915824764100047e-05
67,4.4200038375577656e-05
67,4.874380923415534e-05
67,5.262363305449461e-05
67,5.572195003911288e-05
67,5.7963697654548634e-05
67,5.931059435859381e-05
67,5.9755951804783704e-05
67,5.931615072080292e-05
67,5.801926871893153e-05
67,5.5898163362923015e-05
67,5.299486277771323e-05
67,4.9374762161263306e-05
67,4.514133877324239e-05
67,4.044230315015681e-05
67,3.546533798585747e-05
67,3.042821636524838e-05
67,2.5567971705411783e-05
67,2.1128884635034377e-05
67,1.734686980353828e-05
67,1.4431534550488991e-05
67,1.2550877349571528e-05
67,1.1820732800884926e-05
67,1.2295495356600313e-05
67,1.3958494530819172e-05
67,1.671899900991762e-05
67,2.0423986410662543e-05
67,2.48803904174923e-05
67,2.9872762796000997e-05
67,3.5168161815419584e-05
67,4.051673873740229e-05
67,4.566178805459369e-05
67,5.0361651583070276e-05
67,5.4413000466854e-05
67,5.766448765231821e-05
67,6.001873847708504e-05
67,6.14271419437492e-05
67,6.188080726612234e-05
67,6.139833200645165e-05
67,6.0013055050872426e-05
67,5.776648490484566e-05
67,5.471331380545501e-05
67,5.0935651750931205e-05
67,4.6556682702334836e-05
67,4.174411606364959e-05
67,3.670155748537387e-05
67,3.165380486391856e-05
67,2.6832909676197772e-05
67,2.2466508143531665e-05
67,1.876594560345501e-05
67,1.5913655798279937e-05
67,1.4052833742234769e-05
67,1.3280968612514603e-05
67,1.3644237304335841e-05
67,1.5130793571372905e-05
67,1.766790912299831e-05
67,2.1129039750496162e-05
67,2.534723209532527e-05
67,3.0124104499261662e-05
67,3.523143094892542e-05
67,4.0415744084080455e-05
67,4.541641707055139e-05
67,4.9993447158972766e-05
67,5.395039095813911e-05
67,5.714243431316412e-05
67,5.947209453395933e-05
67,6.088126560023888e-05
67,6.13444123128856e-05
67,6.086203873942243e-05
67,5.945398480403049e-05
67,5.715644998948401e-05
67,5.4027114628746975e-05
67,5.015676548990586e-05
67,4.5679250924195255e-05
67,4.077169264568159e-05
67,3.564413761888652e-05
67,3.052500283345494e-05
67,2.5648614566571213e-05
67,2.1245113259731052e-05
67,1.7529114000191646e-05
67,1.4686411211341668e-05
67,1.2862505060535098e-05
67,1.215513157398539e-05
67,1.2607489482708638e-05
67,1.4199526568615201e-05
67,1.684275976516613e-05
67,2.0387226393537543e-05
67,2.4639869916730643e-05
67,2.938329781599734e-05
67,3.4386779558668885e-05
67,3.9413337157546995e-05
67,4.423146459457508e-05
67,4.863229896080571e-05
67,5.2444254790973674e-05
67,5.5538100170714675e-05
67,5.782367905106539e-05
67,5.9244449485357955e-05
67,5.977299241565349e-05
67,5.940571850518896e-05
67,5.8155874145714616e-05
67,5.604920037490295e-05
67,5.3127959243777544e-05
67,4.9462994745260774e-05
67,4.516609492991676e-05
67,4.0394291132942996e-05
67,3.534439404172002e-05
67,3.0242581154593347e-05
67,2.5333635463422408e-05
67,2.086929913891345e-05
67,1.7092665662758515e-05
67,1.4219026648017554e-05
67,1.2417817669056077e-05
67,1.1798758003911603e-05
67,1.2400751519431258e-05
67,1.4183514611757936e-05
67,1.7028860649807498e-05
67,2.0758427700470292e-05
67,2.516177968858742e-05
67,3.0017920406785002e-05
67,3.51008093221245e-05
67,4.017809819177704e-05
67,4.501878990939653e-05
67,4.9412600738255406e-05
67,5.3189015305160854e-05
67,5.622465404155237e-05
67,5.843958920381385e-05
67,5.979041464414313e-05
67,6.026389213571243e-05
67,5.986900577862635e-05
67,5.862692832125575e-05
67,5.656473809205562e-05
67,5.371963579335517e-05
67,5.0153057540773686e-05
67,4.596597758908271e-05
67,4.13059783351757e-05
67,3.6363379909748785e-05
67,3.136074693514735e-05
67,2.6540894472730286e-05
67,2.2153916174143854e-05
67,1.8440709530956656e-05
67,1.5613334723697196e-05
67,1.3837090443225727e-05
67,1.3218339167637117e-05
67,1.3797014807613325e-05
67,1.5542061944328788e-05
67,1.8353395868187242e-05
67,2.2074728786140285e-05
67,2.6512336529841615e-05
67,3.144806018014579e-05
67,3.664311896978035e-05
67,4.184309597066192e-05
67,4.679448356456446e-05
67,5.126926089609822e-05
67,5.5084419528636294e-05
67,5.810856228119896e-05
67,6.025881198574698e-05
67,6.149498651316821e-05
67,6.181300047237894e-05
67,6.123519180961125e-05
67,5.979830262327294e-05
67,5.7545705793218566e-05
67,5.453046426176061e-05
67,5.082834720687454e-05
67,4.65519995305088e-05
67,4.185665533424799e-05
67,3.693465355901209e-05
67,3.200358985599215e-05
67,2.7293952285514412e-05
67,2.3037139341538074e-05
67,1.9451440413762412e-05
67,1.672639933858354e-05
67,1.5010028983299629e-05
67,1.4401229364490173e-05
67,1.4943870456957743e-05
67,1.661950011078078e-05
67,1.934364609803459e-05
67,2.2973378795324055e-05
67,2.7324156834405903e-05
67,3.218453478012699e-05
67,3.732231978928268e-05
67,4.248889906345875e-05
67,4.743202976564839e-05
67,5.1917502968833755e-05
67,5.574993734657879e-05
67,5.878375193248809e-05
67,6.0923859503002536e-05
67,6.212102464265819e-05
67,6.236486371049433e-05
67,6.167411648789715e-05
67,6.0085560558934216e-05
67,5.764740754411776e-05
67,5.442279154443037e-05
67,5.0501994284926294e-05
67,4.601461590451427e-05
67,4.1132508512710407e-05
67,3.606144203296582e-05
67,3.102701440390256e-05
67,2.626118568970015e-05
67,2.1990772543429708e-05
67,1.842544820683385e-05
67,1.5744627440060967e-05
67,1.408608630515124e-05
67,1.3538018106205039e-05
67,1.4132335557080631e-05
67,1.583837951459953e-05
67,1.8562563849087662e-05
67,2.2159551981913013e-05
67,2.6449987304065902e-05
67,3.123211566995065e-05
67,3.628282529605735e-05
67,4.1358775960084123e-05
67,4.621037602835247e-05
67,5.0607304750022796e-05
67,5.436155991848253e-05
67,5.733670159217084e-05
67,5.9444380083952723e-05
67,6.06363531155689e-05
67,6.089683084863204e-05
67,6.0234401355053474e-05
67,5.867351400409616e-05
67,5.6250285110951705e-05
67,5.301778244282689e-05
67,4.90593017005073e-05
67,4.4500953717363016e-05
67,3.951478564665216e-05
67,3.431085840126405e-05
67,2.9123867821517696e-05
67,2.4200141164114715e-05
67,1.9785326122765228e-05
67,1.610955523534101e-05
67,1.3369892024645654e-05
67,1.1714643037597298e-05
67,1.123313904298225e-05
67,1.1949397969282229e-05
67,1.3817776805335719e-05
67,1.672461367088928e-05
67,2.050102241047217e-05
67,2.4942920192804705e-05
67,2.9826971545088183e-05
67,3.491771629206792e-05
67,3.9973780133255825e-05
67,4.476221031822359e-05
67,4.9078365845710334e-05
67,5.276027545781197e-05
67,5.569101269153577e-05
67,5.779299357713097e-05
67,5.902151312283898e-05
67,5.935952180284231e-05
67,5.881089518153352e-05
67,5.739219015832016e-05
67,5.512871495762238e-05
67,5.2060666076452965e-05
67,4.8257635742314765e-05
67,4.3832524098318424e-05
67,3.8946195586356426e-05
67,3.380141968444977e-05
67,2.8631183319595483e-05
67,2.3686214807654045e-05
67,1.9221532178040792e-05
67,1.5479517613639107e-05
67,1.2670635218210318e-05
67,1.0956796677937616e-05
67,1.044001562923929e-05
67,1.1153755646012305e-05
67,1.305574080735898e-05
67,1.60284776883247e-05
67,1.9894336951699774e-05
67,2.4440339883178744e-05
67,2.9438074640491384e-05
67,3.4651048492088726e-05
67,3.9837364706473116e-05
67,4.475991275527588e-05
67,4.9205140440982785e-05
67,5.300031536765584e-05
67,5.602060263082777e-05
67,5.8186701465322157e-05
67,5.9458759394256854e-05
67,5.9829098672558086e-05
67,5.931255514944411e-05
67,5.793564932820674e-05
67,5.573081303175687e-05
67,5.274137418410008e-05
67,4.90356406778202e-05
67,4.4721241128306606e-05
67,3.995090344927998e-05
67,3.491770532924502e-05
67,2.984445944145632e-05
67,2.49721352825539e-05
67,2.0547504785190086e-05
67,1.680758627022558e-05
67,1.3961499874416488e-05
67,1.2174178567575627e-05
67,1.1554682166253633e-05
67,1.2147235545157415e-05
67,1.3924160276045305e-05
67,1.678622075717513e-05
67,2.0575701046334704e-05
67,2.5096541480111646e-05
67,3.0128359530838566e-05
67,3.5429995162655125e-05
67,4.0743250453526095e-05
67,4.580867895383363e-05
67,5.039117415806657e-05
67,5.43017572888777e-05
67,5.740571821643024e-05
67,5.961903135772955e-05
67,6.0900610541276095e-05
67,6.124407868789719e-05
67,6.0668005906001995e-05
67,5.920538248426441e-05
67,5.689802066384388e-05
67,5.3801296476567745e-05
67,4.999741283663035e-05
67,4.560807918244222e-05
67,4.079761430441148e-05
67,3.576497192094408e-05
67,3.0730584619060226e-05
67,2.5924211298602633e-05
67,2.1574398115902482e-05
67,1.7896532077326246e-05
67,1.507914053229678e-05
67,1.3272109648677976e-05
67,1.2578759172128484e-05
67,1.3048608776765973e-05
67,1.4668684237540317e-05
67,1.735884327171638e-05
67,2.0978558189974048e-05
67,2.5342915279481216e-05
67,3.0236889698655162e-05
67,3.542242193166819e-05
67,4.06452529121952e-05
67,4.56505613201178e-05
67,5.0205787573035737e-05
67,5.4119867105544344e-05
67,5.725089458532923e-05
67,5.9503898745758645e-05
67,6.0825286404305526e-05
67,6.119708546592438e-05
67,6.0629568695916996e-05
67,5.9152284717637994e-05
67,5.6808474640572745e-05
67,5.365830582034177e-05
67,4.978988083326845e-05
67,4.5329924234839526e-05
67,4.0445955739018244e-05
67,3.533876559825188e-05
67,3.023069182640204e-05
67,2.5354924120742543e-05
67,2.094555114389352e-05
67,1.722502835688089e-05
67,1.4388899336800616e-05
67,1.2591686938927011e-05
67,1.1936215488720049e-05
67,1.24640869472787e-05
67,1.414670348484121e-05
67,1.6883654653290207e-05
67,2.051571696847156e-05
67,2.4847776120291263e-05
67,2.9666929126777513e-05
67,3.4747888743496214e-05
67,3.9854063303331234e-05
67,4.474752213145473e-05
67,4.920916308495933e-05
67,5.305778473639501e-05
67,5.61580112074713e-05
67,5.841791616968107e-05
67,5.978343316528817e-05
67,6.023293324525142e-05
67,5.977002551210616e-05
67,5.841434996098219e-05
67,5.619602092231356e-05
67,5.31600657069665e-05
67,4.9379994393594244e-05
67,4.4971753507158816e-05
67,4.009884208209888e-05
67,3.4966342002805074e-05
67,2.98086354062454e-05
67,2.4876076603264493e-05
67,2.0421127665579256e-05
67,1.668163714024323e-05
67,1.3861930854846791e-05
67,1.2116476493293875e-05
67,1.1539382082921613e-05
67,1.2157985395157541e-05
67,1.3929026222961304e-05
67,1.674182520295081e-05
67,2.0433134559096798e-05
67,2.480804831999869e-05
67,2.9654057422533245e-05
67,3.474395736194939e-05
67,3.983819970711206e-05
67,4.4698416044438434e-05
67,4.910988024339542e-05
67,5.2899884267330375e-05
67,5.594332564709472e-05
67,5.8158369096446984e-05
67,5.949969190879599e-05
67,5.9952016070813576e-05
67,5.952184078119991e-05
67,5.822781586985321e-05
67,5.609583829862387e-05
67,5.3164772275945546e-05
67,4.950114777062465e-05
67,4.521368067180399e-05
67,4.045846976319018e-05
67,3.543300442154009e-05
67,3.0364229328836556e-05
67,2.5496124769218846e-05
67,2.1076989970580958e-05
67,1.7343638592129232e-05
67,1.4503112081385409e-05
67,1.2716899187770996e-05
67,1.209067020119009e-05
67,1.266677611703855e-05
67,1.4417211597744649e-05
67,1.7242162663053764e-05
67,2.0981031258569092e-05
67,2.5432673339991582e-05
67,3.0372584486157248e-05
67,3.5560768600510255e-05
67,4.07475236783067e-05
67,4.5687128055208417e-05
67,5.015869760174549e-05
67,5.398397451376883e-05
67,5.7034252711214486e-05
67,5.922785349379406e-05
67,6.052398514026917e-05
67,6.091542234978569e-05
67,6.041869745838667e-05
67,5.906292370685744e-05
67,5.6883527265745493e-05
67,5.392687876325279e-05
67,5.0264364049000295e-05
67,4.60067543578221e-05
67,4.130945428716474e-05
67,3.6366455483271634e-05
67,3.1398195891394794e-05
67,2.66391015159214e-05
67,2.232557705188473e-05
67,1.8682044723954248e-05
67,1.590525860412559e-05
67,1.4150728221086614e-05
67,1.352320346193696e-05
67,1.4068497673342344e-05
67,1.5765383791796658e-05
67,1.8523549464829544e-05
67,2.2194247286737875e-05
67,2.6589298403082486e-05
67,3.149543399829285e-05
67,3.667833871175867e-05
67,4.188573212031856e-05
67,4.686159814889142e-05
67,5.137088573085653e-05
67,5.522204602954876e-05
67,5.8276864687693696e-05
67,6.0448160871687826e-05
67,6.169240313112972e-05
67,6.200141731934844e-05
67,6.13927147164949e-05
67,5.9899210368306525e-05
67,5.7563713307537966e-05
67,5.444346452265081e-05
67,5.062300519811996e-05
67,4.6226405129802936e-05
67,4.141994735306055e-05
67,3.640384791580071e-05
67,3.1398990405855994e-05
67,2.663491900440363e-05
67,2.2339620034257434e-05
67,1.872773663725609e-05
67,1.5986438503987342e-05
67,1.4262567933464858e-05
67,1.3653658508129467e-05
67,1.4200681177453244e-05
67,1.58808545227608e-05
67,1.8605407391469554e-05
67,2.2228452265136597e-05
67,2.656366959625628e-05
67,3.1397714110949665e-05
67,3.649579847706357e-05
67,4.1607785142064546e-05
67,4.6484326572176146e-05
67,5.090040004874528e-05
67,5.467403121313256e-05
67,5.767210732242829e-05
67,5.980621591019116e-05
67,6.102621449753019e-05
67,6.131468217620034e-05
67,6.068018140313476e-05
67,5.91489658302094e-05
67,5.6760192826366994e-05
67,5.357017226032882e-05
67,4.966446169714218e-05
67,4.51694765454034e-05
67,4.025523783857566e-05
67,3.512786677980839e-05
67,3.001712115905346e-05
67,2.5164168080531818e-05
67,2.0809544873839316e-05
67,1.7178455124688788e-05
67,1.4463872348785647e-05
67,1.2812040921388442e-05
67,1.231304554720108e-05
67,1.2993940275006198e-05
67,1.4812827268598195e-05
67,1.7659365679633745e-05
67,2.1368143497963504e-05
67,2.57406159600339e-05
67,3.0562283250118926e-05
67,3.560838401031892e-05
67,4.0646027507202e-05
67,4.544428554541917e-05
67,4.9792694218263543e-05
67,5.351801774643954e-05
67,5.649102462712346e-05
67,5.862448316340838e-05
67,5.98682728232689e-05
67,6.0203969709737916e-05
67,5.963724501757379e-05
67,5.8188742509171775e-05
67,5.588930077957244e-05
67,5.2785187208688164e-05
67,4.8951810181543774e-05
67,4.450716632276211e-05
67,3.9616278976692436e-05
67,3.4484797629611405e-05
67,2.934662742020531e-05
67,2.4450723211355648e-05
67,2.0047453666929808e-05
67,1.637227193621427e-05
67,1.3627383303604607e-05
67,1.1965872176378125e-05
67,1.1481051597752962e-05
67,1.2199163968737245e-05
67,1.4074497976237551e-05
67,1.699216583702362e-05
67,2.0783503588272568e-05
67,2.524807754088738e-05
67,3.016870854298104e-05
67,3.531469264808013e-05
67,4.044371665809035e-05
67,4.531475973683401e-05
67,4.971060209376255e-05
67,5.345714302854594e-05
67,5.6430087255058186e-05
67,5.855093356712798e-05
67,5.977957087134325e-05
67,6.010675989497628e-05
67,5.9545117713846625e-05
67,5.8119275735122144e-05
67,5.5861007477430085e-05
67,5.28148420975067e-05
67,4.9052401484188794e-05
67,4.468646066539101e-05
67,3.9875799606085466e-05
67,3.48190534045126e-05
67,2.974272115429237e-05
67,2.488874151153252e-05
67,2.050197626081117e-05
67,1.6814996692193207e-05
67,1.4030632487732525e-05
67,1.230677791293557e-05
67,1.1746144605246269e-05
67,1.238854061191067e-05
67,1.4204015520956002e-05
67,1.7092017704308402e-05
67,2.0892585183734673e-05
67,2.5405514756459288e-05
67,3.0405674850998252e-05
67,3.5649693591873284e-05
67,4.088238651575201e-05
67,4.5852498430215904e-05
67,5.033544985626957e-05
67,5.415160936220369e-05
67,5.71724045737292e-05
67,5.931670491567869e-05
67,6.054416309491434e-05
67,6.0848141035362924e-05
67,6.0246643249313656e-05
67,5.877195267026212e-05
67,5.646479479940294e-05
67,5.3378651477133676e-05
67,4.95926630908619e-05
67,4.5224309020400725e-05
67,4.04331442286915e-05
67,3.5414136846513833e-05
67,3.038609754823091e-05
67,2.558064408478881e-05
67,2.12317329035574e-05
67,1.7562703681443324e-05
67,1.477082799504535e-05
67,1.3013304584711039e-05
67,1.239683509795531e-05
67,1.2968247780941542e-05
67,1.4705243990202797e-05
67,1.7513742717322224e-05
67,2.123886527006476e-05
67,2.5685309123974687e-05
67,3.063374670592019e-05
67,3.584680383633351e-05
67,4.1072962673722905e-05
67,4.605997158571282e-05
67,5.057749624714915e-05
67,5.443746616630084e-05
67,5.750260785857888e-05
67,5.968418305837679e-05
67,6.093572753661518e-05
67,6.124619161044159e-05
67,6.0631180621267525e-05
67,5.912272373258184e-05
67,5.676322860829633e-05
67,5.360940344500406e-05
67,4.9744783412965315e-05
67,4.529209903070017e-05
67,4.041673860896437e-05
67,3.5319784630751205e-05
67,3.0225993043663274e-05
67,2.537208459274883e-05
67,2.0995444104200827e-05
67,1.73202916916778e-05
67,1.454141926088562e-05
67,1.2809674690189745e-05
67,1.2221858730874653e-05
67,1.281304303031272e-05
67,1.4550282104044827e-05
67,1.7333116136573294e-05
67,2.1006338704149893e-05
67,2.537976119316374e-05
67,3.0242043849614037e-05
67,3.536398507786109e-05
67,4.050139279422019e-05
67,4.5409069103484814e-05
67,4.9863880311492735e-05
67,5.3684061060233526e-05
67,5.673587514707412e-05
67,5.893021476063031e-05
67,6.02165822183381e-05
67,6.057725727878654e-05
67,6.0019590099151335e-05
67,5.856671662309108e-05
67,5.6252573780758694e-05
67,5.312699759901404e-05
67,4.926928567488953e-05
67,4.480124516373965e-05
67,3.9890885216201426e-05
67,3.474516837546901e-05
67,2.959715019537536e-05
67,2.4692909888512784e-05
67,2.0278501851128218e-05
67,1.658432281939048e-05
67,1.3807575635626718e-05
67,1.2097598515054594e-05
67,1.1546792791925721e-05
67,1.2184471426867487e-05
67,1.3971635089318297e-05
67,1.6801663881682992e-05
67,2.051291929286264e-05
67,2.490898402261939e-05
67,2.9774139714353852e-05
67,3.487877323676553e-05
67,3.9983172909449034e-05
67,4.485017218792154e-05
67,4.926545064492096e-05
67,5.305465285123511e-05
67,5.608955384795785e-05
67,5.828519460089417e-05
67,5.9594153878186335e-05
67,6.0000276944788406e-05
67,5.951027276753449e-05
67,5.814412098114654e-05
67,5.593038290152966e-05
67,5.291203303761911e-05
67,4.916093979676966e-05
67,4.4791813157357975e-05
67,3.9966641698302395e-05
67,3.488797676348968e-05
67,2.9786373522115824e-05
67,2.49073820966724e-05
67,2.0498410894615336e-05
67,1.6793065727603746e-05
67,1.3993713368519358e-05
67,1.2256708645661234e-05
67,1.1682501216147987e-05
67,1.230786293474481e-05
67,1.4098930459827812e-05
67,1.6951026126992677e-05
67,2.07016295321341e-05
67,2.5151637215468335e-05
67,3.008147810584254e-05
67,3.5256305939618036e-05
67,4.0429419125790906e-05
67,4.5355605648492826e-05
67,4.981357035420384e-05
67,5.362543933484635e-05
67,5.6663982841022594e-05
67,5.884897633807769e-05
67,6.0139672964309036e-05
67,6.0526855546605304e-05
67,6.0023460656537686e-05
67,5.865460480636784e-05
67,5.6452727421349536e-05
67,5.3463216808869265e-05
67,4.975860103861121e-05
67,4.545216663812293e-05
67,4.070211047140161e-05
67,3.570474731296739e-05
67,3.06823568278396e-05
67,2.5871313448883958e-05
67,2.1510744661845562e-05
67,1.7828746457953676e-05
67,1.502613588222e-05
67,1.3261817912493333e-05
67,1.2642275990222699e-05
67,1.3212935918677128e-05
67,1.495018581110886e-05
67,1.7759645001191665e-05
67,2.1486892159122316e-05
67,2.5936436065939224e-05
67,3.088673056355386e-05
67,3.609630920681172e-05
67,4.130978889096836e-05
67,4.627391432550324e-05
67,5.076135438080023e-05
67,5.4590019031229586e-05
67,5.76294541904033e-05
67,5.979677246718311e-05
67,6.104948714951751e-05
67,6.137844621411288e-05
67,6.0799267291609634e-05
67,5.934256515980972e-05
67,5.7048491455954606e-05
67,5.397115575121204e-05
67,5.019139728477536e-05
67,4.582909862298327e-05
67,4.10463637652e-05
67,3.604025733813937e-05
67,3.103078741661974e-05
67,2.6249665705386346e-05
67,2.19297894046331e-05
67,1.8292231062384074e-05
67,1.5530725437941006e-05
67,1.3797846920042636e-05
67,1.3195291431219773e-05
67,1.3765655830807387e-05
67,1.5484249516475582e-05
67,1.825680139875553e-05
67,2.1929977280938273e-05
67,2.6310951073138238e-05
67,3.118336812590227e-05
67,3.631357122197574e-05
67,4.1455029805572536e-05
67,4.636169958617773e-05
67,5.080956222876983e-05
67,5.461528179751469e-05
67,5.764352207992337e-05
67,5.9804584643790146e-05
67,6.104895494809798e-05
67,6.136153868733999e-05
67,6.0753862898145874e-05
67,5.9254567660642246e-05
67,5.690382647906452e-05
67,5.375741374651178e-05
67,4.989907366041538e-05
67,4.54526095081128e-05
67,4.058513814376531e-05
67,3.549999843814215e-05
67,3.042451234615066e-05
67,2.5597802336433995e-05
67,2.1258792118024224e-05
67,1.7631713887249338e-05
67,1.4909521441704903e-05
67,1.323950588058014e-05
67,1.2713642226263162e-05
67,1.336145594861405e-05
67,1.51442938858332e-05
67,1.7956487229758162e-05
67,2.16389876204082e-05
67,2.6000101980256784e-05
67,3.0829984987534555e-05
67,3.590374655856051e-05
67,4.0983089508915556e-05
67,4.5828513838082607e-05
67,5.022106421129657e-05
67,5.3981451087742114e-05
67,5.6977435030664954e-05
67,5.912122560495211e-05
67,6.036373442312255e-05
67,6.0688525144522213e-05
67,6.0103804710142106e-05
67,5.8633026428660095e-05
67,5.630996331505419e-05
67,5.3183927006606814e-05
67,4.9333507923857443e-05
67,4.487989204795777e-05
67,3.999083243263351e-05
67,3.4873492786171796e-05
67,2.9761352465505443e-05
67,2.4900665363414442e-05
67,2.053699339295779e-05
67,1.689944690518373e-05
67,1.4183272203892386e-05
67,1.2535329295797935e-05
67,1.204511525929916e-05
67,1.2738870941260322e-05
67,1.4574988394908253e-05
67,1.744547877365376e-05
67,2.118883490038482e-05
67,2.5609522852141548e-05
67,3.0492006252321766e-05
67,3.560503325597574e-05
67,4.0705596644699925e-05
67,4.555302702071252e-05
67,4.993105189786922e-05
67,5.366587574067035e-05
67,5.663214193382986e-05
67,5.874913676267657e-05
67,5.997407128876126e-05
67,6.029518311014279e-05
67,5.9723157742755324e-05
67,5.828166327321472e-05
67,5.600282056599776e-05
67,5.2932971386357284e-05
67,4.914678256939977e-05
67,4.47606215033978e-05
67,3.993647239454673e-05
67,3.487500580491174e-05
67,2.9803276716333386e-05
67,2.496244840116402e-05
67,2.05956605566674e-05
67,1.693328572902234e-05
67,1.4175990148052464e-05
67,1.2479919151484676e-05
67,1.1946348363226788e-05
67,1.2613272460347301e-05
67,1.4447785270693637e-05
67,1.734524341678922e-05
67,2.114163509650194e-05
67,2.563457844996344e-05
67,3.0599945736463734e-05
67,3.579837847543864e-05
67,4.0980147628450565e-05
67,4.589908869871644e-05
67,5.0334453177731557e-05
67,5.41093058462302e-05
67,5.7097038681259075e-05
67,5.921783939685497e-05
67,6.043182785771935e-05
67,6.0731781846093034e-05
67,6.013403325697315e-05
67,5.8668251263736374e-05
67,5.63719563458903e-05
67,5.3295370599147755e-05
67,4.951492742587455e-05
67,4.514649937830986e-05
67,4.0349570402445284e-05
67,3.532084650625304e-05
67,3.028265057765855e-05
67,2.5471399438557172e-05
67,2.112620845386096e-05
67,1.7474747744920245e-05
67,1.4716575113959324e-05
67,1.3008151534496683e-05
67,1.2452046977148991e-05
67,1.3088227434818665e-05
67,1.4886586016400768e-05
67,1.774653346608729e-05
67,2.1509444645567812e-05
67,2.5978798251526126e-05
67,3.0935042662952795e-05
67,3.614032692977024e-05
67,4.134271972285716e-05
67,4.629107628332883e-05
67,5.075863814172818e-05
67,5.456281685586318e-05
67,5.7572231962652445e-05
67,5.970320217134511e-05
67,6.091293732399655e-05
67,6.119250014496804e-05
67,6.055795706685373e-05
67,5.904030503898555e-05
67,5.66800172861425e-05
67,5.353178549554319e-05
67,4.967766017679483e-05
67,4.5239576925069436e-05
67,4.038260590884003e-05
67,3.530767098646475e-05
67,3.023932933002631e-05
67,2.5414004020866557e-05
67,2.1068627998508253e-05
67,1.7426703811130614e-05
67,1.4682048137420044e-05
67,1.29846142274701e-05
67,1.2430940213094054e-05
67,1.3056756209135999e-05
67,1.4830301773280019e-05
67,1.765178677446179e-05
67,2.136499924409528e-05
67,2.577657982512624e-05
67,3.067063131752492e-05
67,3.5813816683683534e-05
67,4.0959834743972416e-05
67,4.5863599812017496e-05
67,5.0303204628390597e-05
67,5.409807471522227e-05
67,5.711540291004577e-05
67,5.926725527372549e-05
67,6.050500956667364e-05
67,6.081352186509236e-05
67,6.020315677921339e-05
67,5.8700302578820456e-05
67,5.634228350614643e-05
67,5.318226286069227e-05
67,4.93024030902036e-05
67,4.4826402368367765e-05
67,3.9922800582314324e-05
67,3.479765703334854e-05
67,2.9681907218021443e-05
67,2.481861155935012e-05
67,2.0450229532263207e-05
67,1.680343836900613e-05
67,1.4072258109481344e-05
67,1.2403962440248445e-05
67,1.1890024969503503e-05
67,1.2559370136676604e-05
67,1.43725662037031e-05
67,1.7222634543731333e-05
67,2.094838060856504e-05
67,2.5355117553053372e-05
67,3.022960927501506e-05
67,3.534402098736193e-05
67,4.045832027389262e-05
67,4.533266282110443e-05
67,4.974878714202634e-05
67,5.352875053066956e-05
67,5.6542184918286035e-05
67,5.8703605655492125e-05
67,5.996626771723131e-05
67,6.0315414913584645e-05
67,5.975965424504114e-05
67,5.8321438900373916e-05
67,5.6032593551418086e-05
67,5.294024034970948e-05
67,4.912103676518544e-05
67,4.4694507326994274e-05
67,3.982667348085511e-05
67,3.4722617528737934e-05
67,2.9613512296675427e-05
67,2.4743615168418945e-05
67,2.0357522923149154e-05
67,1.6685116602340803e-05
67,1.3924682510306756e-05
67,1.222847738393859e-05
67,1.1693039283598037e-05
67,1.2351761444285304e-05
67,1.4168542385289734e-05
67,1.7038119040452532e-05
67,2.0798820340514634e-05
67,2.5252693713100813e-05
67,3.0180341803221258e-05
67,3.534587945646213e-05
67,4.050150739787229e-05
67,4.540235553877316e-05
67,4.982931568647834e-05
67,5.360749310674567e-05
67,5.6611865629395526e-05
67,5.876274296918208e-05
67,6.001838298548405e-05
67,6.036782895857903e-05
67,5.9822398838064555e-05
67,5.840636477345085e-05
67,5.615246722290979e-05
67,5.310758230514318e-05
67,4.9346592592254135e-05
67,4.4985451422369575e-05
67,4.018485972825565e-05
67,3.514336847613533e-05
67,3.0085475169939106e-05
67,2.5249989041395463e-05
67,2.0878511766404386e-05
67,1.720104777621712e-05
67,1.4419113101280364e-05
67,1.2690766761041464e-05
67,1.2120019461931569e-05
67,1.2748131346917333e-05
67,1.45456445763657e-05
67,1.741113834431496e-05
67,2.1183155447747316e-05
67,2.566081845170975e-05
67,3.062030838550861e-05
67,3.582162425642239e-05
67,4.101398754264602e-05
67,4.595023969911123e-05
67,5.0408722748476555e-05
67,5.421132558107803e-05
67,5.722967209484853e-05
67,5.938163513693336e-05
67,6.0624892822687155e-05
67,6.095018890007356e-05
67,6.0372615522221595e-05
67,5.8921543345236954e-05
67,5.6635096126716e-05
67,5.356483220115363e-05
67,4.97889474279026e-05
67,4.542505920783025e-05
67,4.06339058194006e-05
67,3.56126429335078e-05
67,3.058319713971791e-05
67,2.5780903341501184e-05
67,2.1443302565444092e-05
67,1.7796162154187535e-05
67,1.5037047017366385e-05
67,1.3320731372116486e-05
67,1.2748823754828702e-05
67,1.3361221992748512e-05
67,1.5128456597373293e-05
67,1.7950971778449498e-05
67,2.1671504191772882e-05
67,2.6095507897194615e-05
67,3.1006366092090054e-05
67,3.6170067794422624e-05
67,4.133875426659781e-05
67,4.626454926651944e-05
67,5.0722307217327315e-05
67,5.452913763073309e-05
67,5.755177189882866e-05
67,5.9703681742206444e-05
67,6.0938910035674894e-05
67,6.124553511376921e-05
67,6.0637143738292924e-05
67,5.914290239819558e-05
67,5.680210562576892e-05
67,5.3668851918827104e-05
67,4.982514480600103e-05
67,4.5393470715140434e-05
67,4.054015419175961e-05
67,3.546808688535885e-05
67,3.0404249738982697e-05
67,2.5587381868466045e-05
67,2.125592704061588e-05
67,1.763354341864128e-05
67,1.4912636332145543e-05
67,1.3240320212530259e-05
67,1.2709290987770429e-05
67,1.3351121227830063e-05
67,1.5130517713370975e-05
67,1.7945795155921215e-05
67,2.1641146693024744e-05
67,2.6025788709834685e-05
67,3.088759660028472e-05
67,3.599689720308372e-05
67,4.111004243443734e-05
67,4.598347000562882e-05
67,5.039612468809037e-05
67,5.416815976114934e-05
67,5.71676618088292e-05
67,5.930772159391876e-05
67,6.0540608076558344e-05
67,6.085159316812718e-05
67,6.02507319409153e-05
67,5.8763355702154986e-05
67,5.642522617507272e-05
67,5.328786139031799e-05
67,4.943213334294006e-05
67,4.498106472087292e-05
67,4.010308336691132e-05
67,3.50043587482914e-05
67,2.991572811187877e-05
67,2.5079680742143463e-05
67,2.0737659338507194e-05
67,1.711512712261465e-05
67,1.4405009422713395e-05
67,1.2753897133861018e-05
67,1.2253233838572181e-05
67,1.2932685724620852e-05
67,1.475418028857868e-05
67,1.7612166863017683e-05
67,2.1346097332568944e-05
67,2.5760407827364765e-05
67,3.063939055471997e-05
67,3.5752001300635536e-05
67,4.085564400356795e-05
67,4.570964415159453e-05
67,5.009686778527158e-05
67,5.384190101483673e-05
67,5.681746740428746e-05
67,5.8941059611714386e-05
67,6.016844879037413e-05
67,6.048687822016948e-05
67,5.990654907740117e-05
67,5.84512369346448e-05
67,5.615384853002569e-05
67,5.3062223191345594e-05
67,4.925313183069812e-05
67,4.484537628637495e-05
67,4.000334930070626e-05
67,3.4929807972179536e-05
67,2.9853377036826294e-05
67,2.5016110102519925e-05
67,2.0661183402193773e-05
67,1.701801876409786e-05
67,1.4285312448668099e-05
67,1.2616271871129978e-05
67,1.2108399112789045e-05
67,1.279546139660607e-05
67,1.4640721226824413e-05
67,1.7537283213132462e-05
67,2.1321316519920908e-05
67,2.5792857932724544e-05
67,3.073117953553289e-05
67,3.589987664623931e-05
67,4.1051160488584835e-05
67,4.5940252201009524e-05
67,5.034792668089338e-05
67,5.409901509698265e-05
67,5.706839851501629e-05
67,5.917688124813194e-05
67,6.038407668082707e-05
67,6.068122795383097e-05
67,6.0082405722515654e-05
67,5.861477463568258e-05
67,5.631375517718508e-05
67,5.3228489894880954e-05
67,4.943564396420705e-05
67,4.505247200784915e-05
67,4.024052984971664e-05
67,3.519880905509476e-05
67,3.01518188122599e-05
67,2.5337872017538112e-05
67,2.0997458014438736e-05
67,1.7358769851655087e-05
67,1.4620776991366343e-05
67,1.2938278097344363e-05
67,1.2411470034926515e-05
67,1.307770419726081e-05
67,1.49043312471691e-05
67,1.7788338141776037e-05
67,2.1568653028401147e-05
67,2.6046230082822756e-05
67,3.099932979485717e-05
67,3.618922399405204e-05
67,4.136536706844264e-05
67,4.628030784626816e-05
67,5.0712177465222894e-05
67,5.448293331971167e-05
67,5.746439808146227e-05
67,5.957461809161217e-05
67,6.077141012818709e-05
67,6.104567342218023e-05
67,6.041273337922522e-05
67,5.890242712564149e-05
67,5.655386626144967e-05
67,5.3420392547239147e-05
67,4.9582837372975526e-05
67,4.5162089591154454e-05
67,4.032242071232929e-05
67,3.5264384145093115e-05
67,3.0212783079432148e-05
67,2.5404889308741945e-05
67,2.1078785813200247e-05
67,1.7459025285847882e-05
67,1.4740143107356096e-05
67,1.3072428274665914e-05
67,1.2552237647954071e-05
67,1.3214265540065894e-05
67,1.5024641287501421e-05
67,1.7880737817293086e-05
67,2.162368137288702e-05
67,2.605850596428711e-05
67,3.096900272282023e-05
67,3.612229119108152e-05
67,4.1272443530652656e-05
67,4.6174144173235716e-05
67,5.0604833570168096e-05
67,5.438355777374256e-05
67,5.737807735930425e-05
67,5.95021994395745e-05
67,6.070992542976928e-05
67,6.098902684298867e-05
67,6.0352495062222134e-05
67,5.8828726756619694e-05
67,5.645641976970808e-05
67,5.328964652389772e-05
67,4.941115749635441e-05
67,4.494488748998443e-05
67,4.005907390712084e-05
67,3.495873333081528e-05
67,2.9872960023445947e-05
67,2.5042345224105066e-05
67,2.070664349388432e-05
67,1.7090099711866528e-05
67,1.4385016580760442e-05
67,1.2737872342813906e-05
67,1.2240212427023376e-05
67,1.2921750901960515e-05
67,1.4744503557424667e-05
67,1.7603533692990653e-05
67,2.1339832263550093e-05
67,2.5760010781216998e-05
67,3.065013269113278e-05
67,3.5779419840749315e-05
67,4.090372698090836e-05
67,4.5779667679663385e-05
67,5.018720929042107e-05
67,5.3948430724958785e-05
67,5.6933999600430246e-05
67,5.905971481260876e-05
67,6.0280073869073495e-05
67,6.0581640862092006e-05
67,5.997467337771142e-05
67,5.8483808536218984e-05
67,5.614365702121066e-05
67,5.300458752027931e-05
67,4.914656645638518e-05
67,4.469191323154712e-05
67,3.9808396023249346e-05
67,3.4701546063492084e-05
67,2.9601805798826024e-05
67,2.4751860642098916e-05
67,2.039420288329665e-05
67,1.6756246297396398e-05
67,1.403357903938601e-05
67,1.237574765646501e-05
67,1.1876820151557445e-05
67,1.2568088166875536e-05
67,1.441169153367925e-05
67,1.7300898606126064e-05
67,2.1072890058671454e-05
67,2.5529032730825932e-05
67,3.0449994618110284e-05
67,3.560100467726817e-05
67,4.073641762107049e-05
67,4.561394974185922e-05
67,5.001651277560132e-05
67,5.376991970868585e-05
67,5.674854314304325e-05
67,5.887142578961771e-05
67,6.0095679780721927e-05
67,6.040978094314141e-05
67,5.982511516956696e-05
67,5.836654838889175e-05
67,5.606788976920214e-05
67,5.29775784668702e-05
67,4.917251432717205e-05
67,4.47709570090019e-05
67,3.9935997277117166e-05
67,3.486852258640833e-05
67,2.9795210467048017e-05
67,2.49566754412842e-05
67,2.059556722494769e-05
67,1.694179527155583e-05
67,1.4195447121046522e-05
67,1.2511822764506205e-05
67,1.199090192933463e-05
67,1.2668814210301521e-05
67,1.4510492207721174e-05
67,1.7409648137720044e-05
67,2.1202031305339155e-05
67,2.5686611685388347e-05
67,3.064144605005697e-05
67,3.582914583216144e-05
67,4.100126358822238e-05
67,4.5912472211521394e-05
67,5.034276906759399e-05
67,5.411579539445117e-05
67,5.710495884575998e-05
67,5.922967467683836e-05
67,6.0448641837022754e-05
67,6.0752868713675014e-05
67,6.015681419510304e-05
67,5.86884238276204e-05
67,5.6384051385191594e-05
67,5.329377507804288e-05
67,4.949512498220345e-05
67,4.510610222524535e-05
67,4.028886390286701e-05
67,3.524287400948723e-05
67,3.0193010945188932e-05
67,2.5377796528839886e-05
67,2.1037600160167794e-05
67,1.740000305857531e-05
67,1.4662877539338755e-05
67,1.2979645325512964e-05
67,1.2449120969887706e-05
67,1.3107510970508374e-05
67,1.4921538725689133e-05
67,1.7788482282878943e-05
67,2.1548829557319922e-05
67,2.6006281109368657e-05
67,3.094232725838657e-05
67,3.612093026628107e-05
67,4.129293575622695e-05
67,4.621084580101531e-05
67,5.06516750209997e-05
67,5.4435708059406425e-05
67,5.743294644011578e-05
67,5.9559726426088475e-05
67,6.077240114762989e-05
67,6.106066657795073e-05
67,6.0438841450432504e-05
67,5.8935931764886185e-05
67,5.659051201334648e-05
67,5.345590129464174e-05
67,4.961359682755792e-05
67,4.518583020113568e-05
67,4.033865525176037e-05
67,3.5274450990089743e-05
67,3.021945793415759e-05
67,2.5411648114104595e-05
67,2.1088877828949273e-05
67,1.7474555369615316e-05
67,1.476138371651858e-05
67,1.3097566113788526e-05
67,1.257766475854191e-05
67,1.3235359298693714e-05
67,1.5036812103186485e-05
67,1.7880408768265616e-05
67,2.1608833269898235e-05
67,2.6028566113624212e-05
67,3.092422543742552e-05
67,3.6063144456273796e-05
67,4.119949455445418e-05
67,4.608848717908919e-05
67,5.050866436257327e-05
67,5.4280463622096784e-05
67,5.727289058970384e-05
67,5.940051433912723e-05
67,6.0617439848851825e-05
67,6.0910836551335587e-05
67,6.0292462214302834e-05
67,5.923097673332189e-05
