67,0.0
67,4.267241595482826e-05
67,4.267241595482826e-05
67,4.26708550042147e-05
67,4.263173570125109e-05
67,4.2529655371052904e-05
67,4.2383217487926666e-05
67,4.23777799510751e-05
67,4.277153724580376e-05
67,4.371855496617557e-05
67,4.532564981827026e-05
67,4.7731929041228965e-05
67,5.098802252265994e-05
67,5.494425118616786e-05
67,5.930120484788981e-05
67,6.373126819626168e-05
67,6.79671922356447e-05
67,7.182521712215764e-05
67,7.519185077838072e-05
67,7.799305134224301e-05
67,8.009051132472399e-05
67,8.121983906876042e-05
67,8.120248200173193e-05
67,8.017999166777365e-05
67,7.850038194600658e-05
67,7.643906948158758e-05
67,7.405760147133443e-05
67,7.129690209496684e-05
67,6.820635828188809e-05
67,6.505469984908949e-05
67,6.224815488889392e-05
67,6.013325071322695e-05
67,5.874129447760346e-05
67,5.772774547961747e-05
67,5.6712464227012214e-05
67,5.567742966314432e-05
67,5.4971744915184095e-05
67,5.500612901676043e-05
67,5.600327129178639e-05
67,5.795899031648205e-05
67,6.06792148590111e-05
67,6.372993300762038e-05
67,6.645823463148752e-05
67,6.833739318390097e-05
67,6.932985332331037e-05
67,6.975936930465918e-05
67,6.985120775558141e-05
67,6.948513159451383e-05
67,6.836929850582022e-05
67,6.642422190395829e-05
67,6.39597700704372e-05
67,6.148861236647788e-05
67,5.944873206921242e-05
67,5.796518972904259e-05
67,5.674715416718381e-05
67,5.540748770553199e-05
67,5.3962293512320124e-05
67,5.288245403860889e-05
67,5.2671304693828786e-05
67,5.3488257047676655e-05
67,5.510969560131113e-05
67,5.712535489704422e-05
67,5.919975433671641e-05
67,6.12762330104587e-05
67,6.357794780163933e-05
67,6.634783309646372e-05
67,6.955457084163646e-05
67,7.289443863909785e-05
67,7.611346078203749e-05
67,7.920597779454346e-05
67,8.212900321814504e-05
67,8.448633615747905e-05
67,8.580396148140519e-05
67,8.604774457459837e-05
67,8.561293277224164e-05
67,8.482512873433224e-05
67,8.365678039343488e-05
67,8.200503876594259e-05
67,8.005863703256808e-05
67,7.816896393561106e-05
67,7.654202733716881e-05
67,7.529179193883776e-05
67,7.451831569660935e-05
67,7.417625014006883e-05
67,7.413501657838883e-05
67,7.439700705499865e-05
67,7.509037548175733e-05
67,7.627246675193858e-05
67,7.784221255232923e-05
67,7.96613592439457e-05
67,8.169736833717406e-05
67,8.398120089764157e-05
67,8.645666920177113e-05
67,8.895787175173813e-05
67,9.129305742130764e-05
67,9.323901522744933e-05
67,9.454459458386269e-05
67,9.513386829839815e-05
67,9.519990110668083e-05
67,9.488528269912597e-05
67,9.405021632283945e-05
67,9.26238685060314e-05
67,9.101032372441458e-05
67,8.981781877395948e-05
67,8.91962923890603e-05
67,8.869190211659942e-05
67,8.783084937807084e-05
67,8.658164947006722e-05
67,8.512698332097801e-05
67,8.357816527986116e-05
67,8.210384716893244e-05
67,8.099646453125101e-05
67,8.048202130116975e-05
67,8.061107367210558e-05
67,8.130162041381547e-05
67,8.237925180340884e-05
67,8.355521576671765e-05
67,8.447821000225308e-05
67,8.498247426448997e-05
67,8.525237691856717e-05
67,8.560197049769342e-05
67,8.61264183664292e-05
67,8.664266690786011e-05
67,8.686563736295045e-05
67,8.652401307416184e-05
67,8.543568181411864e-05
67,8.36471644445887e-05
67,8.14011673536487e-05
67,7.884903236292352e-05
67,7.59568385514694e-05
67,7.284544601384468e-05
67,7.005414704999126e-05
67,6.820888620443653e-05
67,6.742133702563712e-05
67,6.717513680162498e-05
67,6.679793453828323e-05
67,6.58801183713311e-05
67,6.432658754632613e-05
67,6.234334203799439e-05
67,6.042039552957263e-05
67,5.9080919682017835e-05
67,5.853440361494177e-05
67,5.8582075131714824e-05
67,5.8840274098822225e-05
67,5.902241184591487e-05
67,5.899936827549015e-05
67,5.870304548608184e-05
67,5.809614207209209e-05
67,5.71830421204626e-05
67,5.598188847609489e-05
67,5.4538696369398335e-05
67,5.298373254918061e-05
67,5.147833921695223e-05
67,5.005324808796605e-05
67,4.8564922694571794e-05
67,4.683620731263715e-05
67,4.477410238556814e-05
67,4.239209510972647e-05
67,3.987600200411553e-05
67,3.765337400703728e-05
67,3.6232649861248644e-05
67,3.582887109298281e-05
67,3.61653666692006e-05
67,3.6723075619708805e-05
67,3.716582961828408e-05
67,3.7491679404640624e-05
67,3.790336265407299e-05
67,3.8648806656540684e-05
67,3.986931962336866e-05
67,4.147061965145284e-05
67,4.317835087925709e-05
67,4.47545284425726e-05
67,4.6125951228280425e-05
67,4.7312860918253486e-05
67,4.8300163153395716e-05
67,4.901286847428703e-05
67,4.9376563628771005e-05
67,4.9367078883006853e-05
67,4.904449944515483e-05
67,4.857394962303003e-05
67,4.8154621298762736e-05
67,4.786235829055882e-05
67,4.758401408027172e-05
67,4.7145166946714784e-05
67,4.6481708410233785e-05
67,4.569058575851719e-05
67,4.500156673575043e-05
67,4.475278532771026e-05
67,4.529404872047897e-05
67,4.6749715854844554e-05
67,4.883867760411182e-05
67,5.1032081172372143e-05
67,5.2957752417570734e-05
67,5.462654168846119e-05
67,5.631013050261657e-05
67,5.831192596429729e-05
67,6.0782953461157915e-05
67,6.355020927242673e-05
67,6.610907060585188e-05
67,6.793274388849724e-05
67,6.883506735437395e-05
67,6.900032738053429e-05
67,6.872379297483942e-05
67,6.820761015277167e-05
67,6.753747297466634e-05
67,6.671957847183025e-05
67,6.573883548126897e-05
67,6.466806300580492e-05
67,6.371725031989484e-05
67,6.308444408826882e-05
67,6.272300094709745e-05
67,6.231719875278884e-05
67,6.154957406024856e-05
67,6.041650091531646e-05
67,5.9311670918601676e-05
67,5.883237686483547e-05
67,5.946544523906121e-05
67,6.130755109286972e-05
67,6.394058622472356e-05
67,6.661933815490782e-05
67,6.874206022961203e-05
67,7.020305767611405e-05
67,7.129755667388665e-05
67,7.238676076189239e-05
67,7.368867978153646e-05
67,7.518714864484543e-05
67,7.656177486419986e-05
67,7.730558490785925e-05
67,7.708485815221033e-05
67,7.598865296406733e-05
67,7.438588262739416e-05
67,7.262031698815554e-05
67,7.08965316466463e-05
67,6.933431959975112e-05
67,6.80153143000811e-05
67,6.701415136268262e-05
67,6.64307694537782e-05
67,6.634771604756435e-05
67,6.67010057219447e-05
67,6.72092120046855e-05
67,6.751225085250149e-05
67,6.745798722765496e-05
67,6.727337167195555e-05
67,6.743915388444031e-05
67,6.83771695428078e-05
67,7.019693944038442e-05
67,7.261239410955645e-05
67,7.503517387499245e-05
67,7.685923737412958e-05
67,7.779334885855288e-05
67,7.79498868834442e-05
67,7.765905683679585e-05
67,7.728557178977548e-05
67,7.71409003904361e-05
67,7.73212625538574e-05
67,7.753350260883524e-05
67,7.723208267370704e-05
67,7.605896031434399e-05
67,7.412225784434056e-05
67,7.184851530745016e-05
67,6.967856759417607e-05
67,6.791111427278058e-05
67,6.668135728645145e-05
67,6.599900947830195e-05
67,6.583370705034998e-05
67,6.617619884351685e-05
67,6.69964511456165e-05
67,6.814154130276267e-05
67,6.932229180587089e-05
67,7.028100017917201e-05
67,7.101366034526575e-05
67,7.180472325934649e-05
67,7.301189121537703e-05
67,7.479131372357724e-05
67,7.696680936788435e-05
67,7.908121961837475e-05
67,8.059021433900152e-05
67,8.113112765865206e-05
67,8.069789415819329e-05
67,7.959006356514147e-05
67,7.824509209046548e-05
67,7.712541983787983e-05
67,7.660692464930552e-05
67,7.676632174260125e-05
67,7.725138788780537e-05
67,7.749420913527644e-05
67,7.712403327758514e-05
67,7.616309501701538e-05
67,7.489894398735108e-05
67,7.368183498570458e-05
67,7.280132519091686e-05
67,7.241399675679608e-05
67,7.251835739168665e-05
67,7.299687238796939e-05
67,7.36949123628446e-05
67,7.447779644124775e-05
67,7.523194519209317e-05
67,7.58515857005477e-05
67,7.627075363046629e-05
67,7.65114179980612e-05
67,7.667562391779855e-05
67,7.687586587492764e-05
67,7.715495437985593e-05
67,7.743170565988052e-05
67,7.749183784874337e-05
67,7.705976151133864e-05
67,7.594581161312105e-05
67,7.41737646287595e-05
67,7.200580768527485e-05
67,6.987446280090763e-05
67,6.824356306607853e-05
67,6.739368613101145e-05
67,6.72232175557465e-05
67,6.727163066016735e-05
67,6.702555477989519e-05
67,6.6255167589888e-05
67,6.509722006957959e-05
67,6.389279736000797e-05
67,6.296244795075553e-05
67,6.244157040897756e-05
67,6.224204119179099e-05
67,6.215676883400969e-05
67,6.20180997713469e-05
67,6.17879625326732e-05
67,6.153387990632217e-05
67,6.132910765322596e-05
67,6.116115152159141e-05
67,6.092514948899158e-05
67,6.050974762714997e-05
67,5.989657619329495e-05
67,5.9169668317234374e-05
67,5.841647865718567e-05
67,5.761918694256156e-05
67,5.6648599440123966e-05
67,5.537269676286412e-05
67,5.3788694101227626e-05
67,5.2079271023021056e-05
67,5.0565871654126354e-05
67,4.958685782583211e-05
67,4.933703572131148e-05
67,4.973430117222474e-05
67,5.042489984463609e-05
67,5.098209578266887e-05
67,5.1175707883883384e-05
67,5.109860101030627e-05
67,5.107215912679887e-05
67,5.1429965950303114e-05
67,5.230935417147804e-05
67,5.3558100936877533e-05
67,5.483325625438409e-05
67,5.582991559244098e-05
67,5.644588479495164e-05
67,5.6770679198953285e-05
67,5.6968961756984884e-05
67,5.7168587982043316e-05
67,5.739691168888167e-05
67,5.758621857080065e-05
67,5.765316264064196e-05
67,5.7581356112569835e-05
67,5.740975624586243e-05
67,5.713805564547103e-05
67,5.6671297476827934e-05
67,5.5884875177579335e-05
67,5.4757519450224036e-05
67,5.345753579538885e-05
67,5.231785519144473e-05
67,5.171114484164871e-05
67,5.1873194783982844e-05
67,5.2751634795649236e-05
67,5.3994482913925826e-05
67,5.514554384819949e-05
67,5.593714951340429e-05
67,5.6447202409794475e-05
67,5.700476817144636e-05
67,5.794857399850588e-05
67,5.940159558696723e-05
67,6.116144278226266e-05
67,6.277937304926677e-05
67,6.382132850481376e-05
67,6.4123957501962e-05
67,6.382964589225749e-05
67,6.32159346171711e-05
67,6.252111361714908e-05
67,6.188369947375088e-05
67,6.135903522717547e-05
67,6.0961601476239726e-05
67,6.0708744927799854e-05
67,6.0619247729078784e-05
67,6.064780582710048e-05
67,6.063529069448082e-05
67,6.037571862905007e-05
67,5.9781050703078017e-05
67,5.900519911018179e-05
67,5.8411494574853314e-05
67,5.839758536357308e-05
67,5.9188056938866765e-05
67,6.0701068710997606e-05
67,6.255435685852763e-05
67,6.42446360207312e-05
67,6.544050511159656e-05
67,6.618753593594972e-05
67,6.68484227905127e-05
67,6.784156032450941e-05
67,6.939440863115338e-05
67,7.142304725960547e-05
67,7.353626111996628e-05
67,7.51869321800934e-05
67,7.59466963906185e-05
67,7.572434798065672e-05
67,7.475644670527582e-05
67,7.342120092051617e-05
67,7.206443089609725e-05
67,7.092765429992882e-05
67,7.013960655139432e-05
67,6.973344921240685e-05
67,6.967760525674025e-05
67,6.988686185434049e-05
67,7.019973094028914e-05
67,7.03829185462077e-05
67,7.02340082311819e-05
67,6.974599953382634e-05
67,6.91901495836556e-05
67,6.900900518803489e-05
67,6.956757751957193e-05
67,7.092346422666422e-05
67,7.2750213115881e-05
67,7.445820870295376e-05
67,7.54788666515013e-05
67,7.557444375885551e-05
67,7.496024033809525e-05
67,7.414411960425338e-05
67,7.363029459644114e-05
67,7.369624109053243e-05
67,7.429888162378213e-05
67,7.508567431921759e-05
67,7.553908082232194e-05
67,7.524005984870716e-05
67,7.408649860724956e-05
67,7.230012097253467e-05
67,7.025315799604708e-05
67,6.828932684836479e-05
67,6.664803922488762e-05
67,6.546972840094528e-05
67,6.482056487743731e-05
67,6.470184334556873e-05
67,6.503592486676141e-05
67,6.564480684592019e-05
67,6.626942194082349e-05
67,6.667649091030582e-05
67,6.68159927846491e-05
67,6.689533716992282e-05
67,6.727014931207427e-05
67,6.821100239124191e-05
67,6.971232160317744e-05
67,7.146059634015855e-05
67,7.29671583707918e-05
67,7.379868507680675e-05
67,7.379167848760074e-05
67,7.312504571221928e-05
67,7.221162369397833e-05
67,7.149651645858606e-05
67,7.127549618420669e-05
67,7.158425508580697e-05
67,7.218838342356767e-05
67,7.271052681497668e-05
67,7.285166645551451e-05
67,7.255332894648845e-05
67,7.197918887733979e-05
67,7.135865083826611e-05
67,7.08416781620739e-05
67,7.04675129848358e-05
67,7.02302207185567e-05
67,7.015081948443529e-05
67,7.0289705797283e-05
67,7.070126262996724e-05
67,7.136623648838365e-05
67,7.214696100386262e-05
67,7.282012986461693e-05
67,7.319771764177592e-05
67,7.324981245173878e-05
67,7.311449905985166e-05
67,7.297805700441146e-05
67,7.292573116998156e-05
67,7.28756281040959e-05
67,7.263165141206818e-05
67,7.20144511730843e-05
67,7.098915933425425e-05
67,6.970926934319616e-05
67,6.844522742300458e-05
67,6.744016436513084e-05
67,6.678074143030839e-05
67,6.636057596766546e-05
67,6.596041601015882e-05
67,6.539851257562839e-05
67,6.465061939520986e-05
67,6.385274334416481e-05
67,6.31874845550452e-05
67,6.274052673048418e-05
67,6.243134453588729e-05
67,6.207081053116235e-05
67,6.150345388010078e-05
67,6.0721133748699924e-05
67,5.986884325818865e-05
67,5.916113314397312e-05
67,5.877070246204898e-05
67,5.873576759137746e-05
67,5.893100114363916e-05
67,5.913563039094591e-05
67,5.9161280168695676e-05
67,5.893799127129871e-05
67,5.849740013849793e-05
67,5.789731499849139e-05
67,5.7173946688602926e-05
67,5.6355828098034255e-05
67,5.550882471421182e-05
67,5.4763396213656154e-05
67,5.429191508902084e-05
67,5.423209402183225e-05
67,5.459092549261918e-05
67,5.5201808892917094e-05
67,5.579772429557159e-05
67,5.617698958245894e-05
67,5.63444680191955e-05
67,5.6517377383790024e-05
67,5.699142195944894e-05
67,5.7957074148674025e-05
67,5.936908126537512e-05
67,6.094169724432152e-05
67,6.228859147301244e-05
67,6.313150215278893e-05
67,6.343352814958184e-05
67,6.337520584458244e-05
67,6.322756627348588e-05
67,6.322487189703232e-05
67,6.34842641617824e-05
67,6.397874394527198e-05
67,6.456976382849321e-05
67,6.507976194647903e-05
67,6.535030880756932e-05
67,6.525935270612018e-05
67,6.473208881370744e-05
67,6.378096500103755e-05
67,6.254932419442486e-05
67,6.12999320875623e-05
67,6.032883023918162e-05
67,5.984531790026926e-05
67,5.9877915327855424e-05
67,6.0249308808309455e-05
67,6.0647176073905514e-05
67,6.0786914472344004e-05
67,6.0588435575239265e-05
67,6.023973063061208e-05
67,6.008908665772694e-05
67,6.044122006228111e-05
67,6.138306756375788e-05
67,6.271631827780422e-05
67,6.402349947877108e-05
67,6.48531760593541e-05
67,6.493320048114915e-05
67,6.427565574845695e-05
67,6.311769579856003e-05
67,6.177870180817428e-05
67,6.054702095432144e-05
67,5.962851960070098e-05
67,5.912641612028272e-05
67,5.903217425162995e-05
67,5.922888298328491e-05
67,5.951126045991518e-05
67,5.963433404683579e-05
67,5.940551585865822e-05
67,5.879800130363906e-05
67,5.801108699375478e-05
67,5.7408089230532295e-05
67,5.734523486737345e-05
67,5.7990183116363766e-05
67,5.923424527639498e-05
67,6.073820204867118e-05
67,6.208895576589355e-05
67,6.300424095350397e-05
67,6.348405748285056e-05
67,6.380806283189219e-05
67,6.437109718444022e-05
67,6.546575282221243e-05
67,6.71370139740865e-05
67,6.915973572465623e-05
67,7.11300603979571e-05
67,7.263422588161372e-05
67,7.341951970648493e-05
67,7.347310965371562e-05
67,7.297318495006787e-05
67,7.217422022586247e-05
67,7.131960969345742e-05
67,7.061294881930465e-05
67,7.020993760665631e-05
67,7.019192424429844e-05
67,7.052615917484236e-05
67,7.104763055020829e-05
67,7.149642035237351e-05
67,7.162254532169194e-05
67,7.132603987237023e-05
67,7.074814028576133e-05
67,7.022779206798762e-05
67,7.012246573711278e-05
67,7.060069265647723e-05
67,7.153987919343298e-05
67,7.258656170053996e-05
67,7.333598445464512e-05
67,7.353137960593312e-05
67,7.317815042646646e-05
67,7.25132736206088e-05
67,7.185834477273509e-05
67,7.145528566569916e-05
67,7.13726712766998e-05
67,7.15036681256517e-05
67,7.163009342600218e-05
67,7.151914418588467e-05
67,7.101597101851911e-05
67,7.009024863292497e-05
67,6.881556342018995e-05
67,6.730958190181635e-05
67,6.56938617538181e-05
67,6.410123617399142e-05
67,6.26963919164157e-05
67,6.165815032862692e-05
67,6.111668911074252e-05
67,6.108529990430698e-05
67,6.14331817332e-05
67,6.192913345178975e-05
67,6.235437584758594e-05
67,6.262808078199825e-05
67,6.285254252103088e-05
67,6.322982677745554e-05
67,6.390610872178206e-05
67,6.486026403756372e-05
67,6.591221641776183e-05
67,6.683338407286234e-05
67,6.747756901384698e-05
67,6.784961730692148e-05
67,6.807766323179318e-05
67,6.831841129046243e-05
67,6.866369699646619e-05
67,6.910634652691128e-05
67,6.957570635514129e-05
67,7.000638921070751e-05
67,7.038898773501564e-05
67,7.077050840698004e-05
67,7.120682885246009e-05
67,7.170066343199292e-05
67,7.217257823087746e-05
67,7.249759024293906e-05
67,7.259294332879653e-05
67,7.249371501316639e-05
67,7.235492703043989e-05
67,7.237756011064649e-05
67,7.270783064138806e-05
67,7.33615619807783e-05
67,7.420622262363749e-05
67,7.501511894172813e-05
67,7.557267848150127e-05
67,7.576662188514316e-05
67,7.560615786426545e-05
67,7.516734250471729e-05
67,7.452460407982304e-05
67,7.372379518904506e-05
67,7.280263135511477e-05
67,7.182340650784321e-05
67,7.087898276392185e-05
67,7.005779398137186e-05
67,6.93869462823806e-05
67,6.879679826917324e-05
67,6.814694868638507e-05
67,6.731238609028109e-05
67,6.627530469967081e-05
67,6.515337696751752e-05
67,6.413755477244654e-05
67,6.337534956952291e-05
67,6.28713845551388e-05
67,6.246847071435592e-05
67,6.192746835108817e-05
67,6.106230552565396e-05
67,5.9845850613368276e-05
67,5.8423364210038125e-05
67,5.703987903575113e-05
67,5.593696349392694e-05
67,5.526672582699728e-05
67,5.504472667635324e-05
67,5.5153521450017164e-05
67,5.539673212093143e-05
67,5.557672008768327e-05
67,5.555604215281652e-05
67,5.528357710480987e-05
67,5.4794398639088676e-05
67,5.419698620963052e-05
67,5.364886117265642e-05
67,5.3317094289087495e-05
67,5.3328467511949816e-05
67,5.372274902670749e-05
67,5.442655035551218e-05
67,5.5268710060239285e-05
67,5.605152247125022e-05
67,5.665775196878735e-05
67,5.712984269135643e-05
67,5.765881240211299e-05
67,5.848034912244924e-05
67,5.973899296402768e-05
67,6.13957411777196e-05
67,6.322695646171725e-05
67,6.491881292375624e-05
67,6.621050009347013e-05
67,6.700406577087868e-05
67,6.737966565787637e-05
67,6.752637119798968e-05
67,6.76509792160831e-05
67,6.791298086540273e-05
67,6.839010137344881e-05
67,6.906300577860343e-05
67,6.981846455916199e-05
67,7.04759423982672e-05
67,7.083776529894429e-05
67,7.075636419933509e-05
67,7.020040707471668e-05
67,6.928647002715694e-05
67,6.824554111075196e-05
67,6.732819016563968e-05
67,6.66957926604655e-05
67,6.635703377353672e-05
67,6.617902306254644e-05
67,6.596217837241686e-05
67,6.554560209147074e-05
67,6.489905320054891e-05
67,6.415302766220387e-05
67,6.354117541019105e-05
67,6.328236476491095e-05
67,6.346739452664114e-05
67,6.40038298173079e-05
67,6.46374102388856e-05
67,6.504226901629122e-05
67,6.494765894038881e-05
67,6.424239077559057e-05
67,6.300188637361741e-05
67,6.143358097914489e-05
67,5.9790751960058086e-05
67,5.830664683537225e-05
67,5.715861317208007e-05
67,5.6443318583284924e-05
67,5.615393131131508e-05
67,5.617241515158793e-05
67,5.629783856587937e-05
67,5.6319807100366806e-05
67,5.6118308664666174e-05
67,5.573947451104898e-05
67,5.5390234050824244e-05
67,5.533679310747232e-05
67,5.576021145935807e-05
67,5.665807038152288e-05
67,5.7850294631305454e-05
67,5.90787179092151e-05
67,6.013950479211909e-05
67,6.0979297232452376e-05
67,6.170980830227312e-05
67,6.253812355307752e-05
67,6.365528307074974e-05
67,6.514453460683052e-05
67,6.694791397934874e-05
67,6.889090602401882e-05
67,7.074372427370665e-05
67,7.229514447234859e-05
67,7.341395284868564e-05
67,7.407484775831348e-05
67,7.434322622109892e-05
67,7.433965231848217e-05
67,7.421092757430129e-05
67,7.411122937370319e-05
67,7.417538414213576e-05
67,7.447628880977155e-05
67,7.498518131661838e-05
67,7.556487340843387e-05
67,7.601441967704742e-05
67,7.615824588047399e-05
67,7.594090777008548e-05
67,7.546828781893353e-05
67,7.495645539537758e-05
67,7.461082656754609e-05
67,7.451191767602098e-05
67,7.457982791686693e-05
67,7.463234332458427e-05
67,7.449147347471522e-05
67,7.407182736365087e-05
67,7.340549361768533e-05
67,7.260127363592312e-05
67,7.177448871760848e-05
67,7.099415213465185e-05
67,7.02712710871871e-05
67,6.957687763329747e-05
67,6.886267016118748e-05
67,6.806953509476386e-05
67,6.712916882086597e-05
67,6.597051105115492e-05
67,6.453700449741337e-05
67,6.28144431889226e-05
67,6.0862439118863885e-05
67,5.8831161715248126e-05
67,5.694119165911249e-05
67,5.5422647130468684e-05
67,5.4437556738816894e-05
67,5.402120739478358e-05
67,5.4070496879818156e-05
67,5.43907461438553e-05
67,5.478646791997888e-05
67,5.515032563388416e-05
67,5.54962446680988e-05
67,5.5918070178046475e-05
67,5.6509050499102544e-05
67,5.730091385889281e-05
67,5.82568034167533e-05
67,5.9307547156677164e-05
67,6.039383799838661e-05
67,6.148296231800434e-05
67,6.255638343204644e-05
67,6.359065250665474e-05
67,6.455875562497917e-05
67,6.545730689438227e-05
67,6.633503642060729e-05
67,6.728925352534536e-05
67,6.842000796399098e-05
67,6.976568881065646e-05
67,7.126058019811421e-05
67,7.274490323874765e-05
67,7.402922743858948e-05
67,7.498266566847936e-05
67,7.559658666480094e-05
67,7.598825643134197e-05
67,7.634614247443416e-05
67,7.68499906437049e-05
67,7.760083162138528e-05
67,7.858074982549424e-05
67,7.965281657428596e-05
67,8.060540819014436e-05
67,8.122763099584108e-05
67,8.138240274173192e-05
67,8.104397066174959e-05
67,8.028962893345203e-05
67,7.925961991982719e-05
67,7.810766073795409e-05
67,7.695938404208898e-05
67,7.588672479196138e-05
67,7.489848357197616e-05
67,7.394453548254926e-05
67,7.293515105937583e-05
67,7.17799278938344e-05
67,7.04398328572948e-05
67,6.896491619283369e-05
67,6.748570619115896e-05
67,6.615262866279675e-05
67,6.505348666560957e-05
67,6.415415208695608e-05
67,6.329697856758585e-05
67,6.226479551935991e-05
67,6.088334779198981e-05
67,5.9107951746956394e-05
67,5.704676324467661e-05
67,5.491571838861699e-05
67,5.2961324197712394e-05
67,5.1390577710900325e-05
67,5.0322951403216785e-05
67,4.976448764198452e-05
67,4.960814671820094e-05
67,4.966716852759622e-05
67,4.973760942488227e-05
67,4.967133152034978e-05
67,4.943223125759009e-05
67,4.911007805352622e-05
67,4.888054385637688e-05
67,4.8925847954600535e-05
67,4.9354109947163125e-05
67,5.015717270130295e-05
67,5.122296558850301e-05
67,5.2389870172536826e-05
67,5.3517604554705114e-05
67,5.454922531361734e-05
67,5.5539812325970864e-05
67,5.6634134652866914e-05
67,5.799865367402738e-05
67,5.973972959790704e-05
67,6.184598675373595e-05
67,6.417812448198895e-05
67,6.651069528969118e-05
67,6.861175758795775e-05
67,7.032603766675088e-05
67,7.162019950020048e-05
67,7.257174204373908e-05
67,7.332069460599047e-05
67,7.401801741464191e-05
67,7.478607511519714e-05
67,7.568595052541489e-05
67,7.669000128581007e-05
67,7.76738962717866e-05
67,7.844527907033054e-05
67,7.8810483252805e-05
67,7.86571978532536e-05
67,7.801322830373734e-05
67,7.704348111946721e-05
67,7.597716073440351e-05
67,7.500134486197042e-05
67,7.418167970189409e-05
67,7.345291637188232e-05
67,7.267624038663979e-05
67,7.172459355617004e-05
67,7.055210852013885e-05
67,6.921965272040807e-05
67,6.786958146079542e-05
67,6.666415465691176e-05
67,6.571744364424978e-05
67,6.504864992054977e-05
67,6.456858822184556e-05
67,6.409898536256668e-05
67,6.342189008454954e-05
67,6.23497578054571e-05
67,6.079118253803531e-05
67,5.878232749821357e-05
67,5.647394871984922e-05
67,5.408993445707604e-05
67,5.1877711969411756e-05
67,5.005725646175032e-05
67,4.877002562792977e-05
67,4.803941304042836e-05
67,4.776307235179577e-05
67,4.775133270972831e-05
67,4.780660635873994e-05
67,4.7813985348015466e-05
67,4.779647546203458e-05
67,4.78983024123671e-05
67,4.830084607245036e-05
67,4.912102129296076e-05
67,5.035298995909107e-05
67,5.1881301447198394e-05
67,5.354632167431309e-05
67,5.52179051694881e-05
67,5.684081457150294e-05
67,5.843934173966552e-05
67,6.009017834173631e-05
67,6.188296486049365e-05
67,6.388529931853837e-05
67,6.611821483848345e-05
67,6.854118427776647e-05
67,7.104938513096204e-05
67,7.34910411829834e-05
67,7.570602662500801e-05
67,7.757206570156822e-05
67,7.903880146009489e-05
67,8.013912934502883e-05
67,8.097850899614552e-05
67,8.170518239366586e-05
67,8.246391314877023e-05
67,8.334250915044377e-05
67,8.432968204536115e-05
67,8.530530667494624e-05
67,8.607644578607385e-05
67,8.645372711590458e-05
67,8.633666621516303e-05
67,8.576125994103569e-05
67,8.48791806717634e-05
67,8.388037714636811e-05
67,8.290667749208959e-05
67,8.200413890902625e-05
67,8.113015598937115e-05
67,8.01966219987148e-05
67,7.911723412980189e-05
67,7.783736580362857e-05
67,7.634385835415994e-05
67,7.466361727864548e-05
67,7.285795259795124e-05
67,7.101025564626995e-05
67,6.920049955538758e-05
67,6.746848110525554e-05
67,6.578219220656039e-05
67,6.403374917493563e-05
67,6.207458869461252e-05
67,5.9779731402371785e-05
67,5.711294453422276e-05
67,5.4162861475171615e-05
67,5.113434682766869e-05
67,4.8299215467060365e-05
67,4.5924581594513315e-05
67,4.420110738969325e-05
67,4.319134122243909e-05
67,4.281570114530213e-05
67,4.2887232455071005e-05
67,4.3188402786010085e-05
67,4.3558737053987517e-05
67,4.395084660825718e-05
67,4.4428310994436355e-05
67,4.5112414427667935e-05
67,4.611137284441848e-05
67,4.746859405153392e-05
67,4.91483388796423e-05
67,5.105394730356379e-05
67,5.306149259272793e-05
67,5.5054908962355455e-05
67,5.6957923370007114e-05
67,5.876011520956567e-05
67,6.0527324492163755e-05
67,6.238311825677835e-05
67,6.445889345230336e-05
67,6.682981843176708e-05
67,6.946697907199133e-05
67,7.223295848080783e-05
67,7.49283423041848e-05
67,7.736873031023723e-05
67,7.945299549697131e-05
67,8.118967129767351e-05
67,8.267601838662047e-05
67,8.404971701572825e-05
67,8.543657498136586e-05
67,8.690535998233579e-05
67,8.843425646153857e-05
67,8.9899502273761e-05
67,9.110056078679912e-05
67,9.182345394437886e-05
67,9.192030416738835e-05
67,9.13679505755621e-05
67,9.027525392377904e-05
67,8.883462648296041e-05
67,8.724277680595104e-05
67,8.563050683467193e-05
67,8.403244982242627e-05
67,8.240227779581206e-05
67,8.065649391128794e-05
67,7.872413802196127e-05
67,7.658584717688607e-05
67,7.429091256046375e-05
67,7.194422524071146e-05
67,6.966492266249829e-05
67,6.753340955074024e-05
67,6.55501993651114e-05
67,6.362439021862354e-05
67,6.15993008283882e-05
67,5.9310770729080986e-05
67,5.6657334507320934e-05
67,5.364981495227959e-05
67,5.0417117698338674e-05
67,4.7172045581190476e-05
67,4.4159671019513434e-05
67,4.16055812446333e-05
67,3.966797008627407e-05
67,3.8397917855472127e-05
67,3.7723086687571e-05
67,3.747195645525216e-05
67,3.7439933094254646e-05
67,3.747427482213096e-05
67,3.753809066099093e-05
67,3.771808143989732e-05
67,3.81689192167163e-05
67,3.902470209054754e-05
67,4.032839394337259e-05
67,4.201647058844902e-05
67,4.395866334780669e-05
67,4.602190442598874e-05
67,4.812360033444692e-05
67,5.025528009193448e-05
67,5.2474676614339826e-05
67,5.4874529614652904e-05
67,5.7541785159575347e-05
67,6.052083302253421e-05
67,6.378909706825569e-05
67,6.724972464133316e-05
67,7.074701186385402e-05
67,7.410595387834108e-05
67,7.718273030444361e-05
67,7.990192588041271e-05
67,8.226472901260196e-05
67,8.433251318377063e-05
67,8.619907808690865e-05
67,8.795714949641636e-05
67,8.965905615701495e-05
67,9.128006410021448e-05
67,9.270439379030258e-05
67,9.375159215044302e-05
67,9.424197476346769e-05
67,9.407499745547765e-05
67,9.327954137117864e-05
67,9.200417763622989e-05
67,9.04490963025655e-05
67,8.877865997383553e-05
67,8.70650800358535e-05
67,8.5289410781989e-05
67,8.338693995500454e-05
67,8.130182308390432e-05
67,7.902216834369981e-05
67,7.658719200442896e-05
67,7.407312656893827e-05
67,7.156852205105078e-05
67,6.914696737080224e-05
67,6.684114826522455e-05
67,6.462133881600802e-05
67,6.238673152542741e-05
67,5.998293189998773e-05
67,5.725110637043772e-05
67,5.4093449123286235e-05
67,5.052437227776751e-05
67,4.668374999251092e-05
67,4.281038336395181e-05
67,3.918938445598352e-05
67,3.608884149361893e-05
67,3.369891363034548e-05
67,3.208798108235378e-05
67,3.119170918947148e-05
67,3.084519296976531e-05
67,3.085333707329977e-05
67,3.107407470226171e-05
67,3.147523705393355e-05
67,3.213403497874561e-05
67,3.3179587714385136e-05
67,3.471324902354648e-05
67,3.675227927493636e-05
67,3.922244163013802e-05
67,4.199263554903443e-05
67,4.4925022225555856e-05
67,4.79166074810869e-05
67,5.092220493331702e-05
67,5.395894283164315e-05
67,5.709438103803834e-05
67,6.041927225817407e-05
67,6.400820408299173e-05
67,6.787809249921956e-05
67,7.19615557620134e-05
67,7.611174528745365e-05
67,8.014207382256878e-05
67,8.388426952974565e-05
67,8.723690634672538e-05
67,9.018416193564724e-05
67,9.278317403989343e-05
67,9.513105772381539e-05
67,9.732306766779543e-05
67,9.940969854155812e-05
67,0.00010136184767666358
67,0.00010305871096898848
67,0.00010431329036671342
67,0.00010493649290539812
67,0.00010481626462625889
67,0.00010397111542420963
67,0.00010254585608276397
67,0.00010074991814555125
67,9.877241708686362e-05
67,9.671865291823551e-05
67,9.459469436431723e-05
67,9.233639036237841e-05
67,8.985883056041314e-05
67,8.710162735997554e-05
67,8.405664706142321e-05
67,8.077455841321698e-05
67,7.735030891753258e-05
67,7.389056417456126e-05
67,7.047199298259801e-05
67,6.710489056958498e-05
67,6.371790380309622e-05
67,6.017554505429568e-05
67,5.6329453697724784e-05
67,5.2087279553530516e-05
67,4.746941052498952e-05
67,4.262742600430198e-05
67,3.781866173807147e-05
67,3.3350912107159004e-05
67,2.95161308569004e-05
67,2.6527174557882026e-05
67,2.4470166625236728e-05
67,2.3288461043505143e-05
67,2.281164772954884e-05
67,2.282685270525524e-05
67,2.316606467259625e-05
67,2.3768976639451382e-05
67,2.4689418740476914e-05
67,2.604321188835423e-05
67,2.7928203321688554e-05
67,3.0361235400980846e-05
67,3.326258935389523e-05
67,3.6487677045250814e-05
67,3.988158319131676e-05
67,4.3328845952779394e-05
67,4.678286538840486e-05
67,5.027117838682318e-05
67,5.387800384346525e-05
67,5.7708605931887534e-05
67,6.184475834746195e-05
67,6.630469123432619e-05
67,7.102207563613457e-05
67,7.585531786780315e-05
67,8.06274022536981e-05
67,8.517959355411053e-05
67,8.941252827778587e-05
67,9.329727077623333e-05
67,9.685952898314623e-05
67,0.00010015193329130994
67,0.00010322373860165118
67,0.00010608826179237717
67,0.00010869163916747671
67,0.00011089860011672225
67,0.00011251432144314927
67,0.00011334571161793314
67,0.00011327890255485005
67,0.00011233240522576446
67,0.00011065329269800114
67,0.00010845533652154844
67,0.00010593295880940816
67,0.00010319814919766503
67,0.00010026951175229619
67,9.710816054150493e-05
67,9.36708416574142e-05
67,8.995069553421902e-05
67,8.59919664952498e-05
67,8.187966708328621e-05
67,7.771224345564833e-05
67,7.356826919816191e-05
67,6.94784836076823e-05
67,6.541079692491945e-05
67,6.127201702490424e-05
67,5.69301123601117e-05
67,5.225890514355996e-05
67,4.719532078458063e-05
67,4.178537680820576e-05
67,3.619648849052287e-05
67,3.069201917537926e-05
67,2.5580515036562402e-05
67,2.115411881610145e-05
67,1.7627206083702318e-05
67,1.5089100436695853e-05
67,1.3489348655914326e-05
67,1.2668507982026314e-05
67,1.2429150480317508e-05
67,1.2619871215017804e-05
67,1.3193122598373245e-05
67,1.420669069737111e-05
67,1.576837654554027e-05
67,1.795716043554603e-05
67,2.0767458945526903e-05
67,2.4104948601789064e-05
67,2.7827270016456866e-05
67,3.179869744298516e-05
67,3.5929823452309745e-05
67,4.0191847371865555e-05
67,4.4610460323269704e-05
67,4.924792383656774e-05
67,5.417842441538512e-05
67,5.945834711563544e-05
67,6.509434863126796e-05
67,7.101901541679931e-05
67,7.70894932736376e-05
67,8.311738354873646e-05
67,8.891875851343161e-05
67,9.43588250732665e-05
67,9.93714143764799e-05
67,0.00010395170159295579
67,0.00010813176311304395
67,0.00011194687453602544
67,0.00011539767347515593
67,0.0001184183405296272
67,0.00012086765188182519
67,0.00012255679331567437
67,0.00012331158443377617
67,0.0001230446062864682
67,0.00012179973100380777
67,0.00011974124852046346
67,0.0001170907026362578
67,0.00011404616831106269
67,0.00011072687787508907
67,0.00010716539655008274
67,0.00010333850725513509
67,9.921085618864557e-05
67,9.476973013544635e-05
67,9.004287801500741e-05
67,8.50995349509843e-05
67,8.003579095398388e-05
67,7.494605643627945e-05
67,6.988660590182992e-05
67,6.484319844631331e-05
67,5.971901497766401e-05
67,5.435729751889642e-05
67,4.860052188592626e-05
67,4.23669716586147e-05
67,3.571067220081281e-05
67,2.883673478745784e-05
67,2.206768706588124e-05
67,1.5777345411822135e-05
67,1.0314271240464623e-05
67,5.932565253845219e-06
67,2.7445850921916235e-06
67,7.094300142150144e-07
67,-3.339190494797091e-07
67,-5.94007350467957e-07
67,-2.398921744501465e-07
67,6.620104726938124e-07
67,2.1557431279910953e-06
67,4.34499898743754e-06
67,7.313392630487209e-06
67,1.1060273095789236e-05
67,1.548312839451384e-05
67,2.0407873915698525e-05
67,2.5644732690182553e-05
67,3.1043000479837985e-05
67,3.652738679756651e-05
67,4.2108891580000344e-05
67,4.7869013095497016e-05
67,5.392091303082158e-05
67,6.035763160522539e-05
67,6.720347835289871e-05
67,7.438692196772789e-05
67,8.174829012149123e-05
67,8.908117648448509e-05
67,9.618813313411413e-05
67,0.00010292331225148032
67,0.00010920589587618032
67,0.00011500814128342384
67,0.00012033162718202998
67,0.00012517981571560666
67,0.00012952764791094936
67,0.00013329239171669882
67,0.0001363209905273945
67,0.00013841260725885212
67,0.00013938032169025845
67,0.00013912894137698033
67,0.00013770708490492553
67,0.00013529969052086016
67,0.0001321605692782657
67,0.00012852066545231963
67,0.00012452015910033702
67,0.00012019383298181892
67,0.00011550554671755126
67,0.0001104040835289562
67,0.00010487109272861829
67,9.894469300043063e-05
67,9.271536806850186e-05
67,8.629887458595222e-05
67,7.979676836704838e-05
67,7.325901739961629e-05
67,6.6661919443039e-05
67,5.990966037940209e-05
67,5.286362510925204e-05
67,4.53977335606377e-05
67,3.7465652950746004e-05
67,2.915328927396915e-05
67,2.0692404974924097e-05
67,1.2430132713084565e-05
67,4.767540398005855e-06
67,-1.914858714557209e-06
67,-7.329554814062421e-06
67,-1.1336475863773507e-05
67,-1.3960677308094376e-05
67,-1.5360445868992825e-05
67,-1.575145102086218e-05
67,-1.531554832236212e-05
67,-1.4135597360588425e-05
67,-1.218832885325689e-05
67,-9.396845222772854e-06
67,-5.710166834395765e-06
67,-1.1628825272914532e-06
67,4.115947166627817e-06
67,9.94172647183876e-06
67,1.613262251392956e-05
67,2.2557137975701442e-05
67,2.9156542185290818e-05
67,3.594310017792835e-05
67,4.2980933985876214e-05
67,5.035580606787854e-05
67,5.813884369571133e-05
67,6.635047984527549e-05
67,7.493516995929947e-05
67,8.375957335454803e-05
67,9.263870466528836e-05
67,0.00010137788379607417
67,0.00010980843593428889
67,0.00011780299238699751
67,0.0001252727740121136
67,0.0001321561048101455
67,0.0001384010627816665
67,0.0001439400479236324
67,0.0001486614336600116
67,0.00015239637469863487
67,0.00015494065301431594
67,0.00015611420117822493
67,0.00015583392220168855
67,0.00015415911750461507
67,0.0001512791677371924
67,0.00014744664151993017
67,0.0001428926013979527
67,0.00013776940327569863
67,0.00013214421574246664
67,0.0001260328720710208
67,0.00011944450933273172
67,0.00011241230653917318
67,0.0001050023909574012
67,9.730489123484385e-05
67,8.941395779613055e-05
67,8.140320711808564e-05
67,7.330296854445774e-05
67,6.508522717322532e-05
67,5.666260680092734e-05
67,4.790989686694304e-05
67,3.871355272889661e-05
67,2.9039388107169908e-05
67,1.899051307105954e-05
67,8.826174122532183e-06
67,-1.068328899876832e-06
67,-1.0248392416324528e-05
67,-1.8292619870513514e-05
67,-2.488120184040395e-05
67,-2.985112649493781e-05
67,-3.321073898749368e-05
67,-3.510518961679705e-05
67,-3.57416424021891e-05
67,-3.53019348157899e-05
67,-3.388016056784119e-05
67,-3.14739970052912e-05
67,-2.8031319770393842e-05
67,-2.3522445614508797e-05
67,-1.7995022469269866e-05
67,-1.1583463784235482e-05
67,-4.475729798273165e-06
67,3.1373802302992088e-06
67,1.1105356962575358e-05
67,1.934284678777301e-05
67,2.7836885988288292e-05
67,3.663846256294177e-05
67,4.583775441050614e-05
67,5.552353637442734e-05
67,6.57345192778014e-05
67,7.642019619871633e-05
67,8.743149347675029e-05
67,9.85485427104513e-05
67,0.00010953030908542742
67,0.0001201585212361979
67,0.00013025792819979767
67,0.00013969459497413826
67,0.00014836329494563683
67,0.0001561699066848307
67,0.0001630088526454399
67,0.00016874012568171193
67,0.00017318052346235017
67,0.0001761257837625114
67,0.00017740637142022597
67,0.0001769556029254922
67,0.00017485250586324317
67,0.00017130986468673223
67,0.00016660897087292825
67,0.00016101490456229495
67,0.00015471526123823768
67,0.00014780587515521776
67,0.00014031714610465728
67,0.00013225700826254664
67,0.00012364861756516347
67,0.00011455173274313054
67,0.00010506415320109747
67,9.530279680858888e-05
67,8.536909215158198e-05
67,7.531072712645172e-05
67,6.509580469144549e-05
67,5.461357946857415e-05
67,4.371009819194603e-05
67,3.225646913794238e-05
67,2.0230587456756262e-05
67,7.778859546182691e-06
67,-4.771443404563418e-06
67,-1.695501636303501e-05
67,-2.8248600849756737e-05
67,-3.816280770340112e-05
67,-4.632466092712247e-05
67,-5.253405196828106e-05
67,-5.6779133365264395e-05
67,-5.920217196043219e-05
67,-6.002267543119055e-05
67,-5.9444203766795174e-05
67,-5.758384383398316e-05
67,-5.445702161300394e-05
67,-5.002310228248812e-05
67,-4.4263371013200366e-05
67,-3.7245415301707805e-05
67,-2.9139528382990227e-05
67,-2.0184104017970475e-05
67,-1.0624141555113688e-05
67,-6.531511030636623e-07
67,9.622422503315834e-06
67,2.0190781570039e-05
67,3.1116580613685716e-05
67,4.250275254442904e-05
67,5.444117992545487e-05
67,6.696446724786592e-05
67,8.001400743247415e-05
67,9.343741538410661e-05
67,0.00010701600194103523
67,0.00012050564965704626
67,0.00013366834911085796
67,0.00014628426072603435
67,0.00015815177590845767
67,0.00016908658815141574
67,0.00017891982465205133
67,0.00018748740201363827
67,0.0001946105481222924
67,0.0002000837163979116
67,0.00020369230957128885
67,0.00020526736425740256
67,0.0002047552963590401
67,0.00020226090757444252
67,0.0001980308070009276
67,0.00019237961912989336
67,0.00018559739342795744
67,0.00017788619670047374
67,0.00016935126376470069
67,0.0001600371032321795
67,0.00014997793748347182
67,0.00013923467159705105
67,0.00012790632557409178
67,0.00011611721551801558
67,0.00010398786663485038
67,9.160139040868599e-05
67,7.897824553080665e-05
67,6.60685045305589e-05
67,5.276520020425629e-05
67,3.894069342896258e-05
67,2.450641478348406e-05
67,9.485335035933373e-06
67,-5.929603837782387e-06
67,-2.136035640701188e-05
67,-3.628266706885597e-05
67,-5.010630618862816e-05
67,-6.227306594279229e-05
67,-7.234897884894612e-05
67,-8.00887547917272e-05
67,-8.545358225311016e-05
67,-8.857435270655264e-05
67,-8.967114405722354e-05
67,-8.895890301293136e-05
67,-8.657844223989546e-05
67,-8.258262492622068e-05
67,-7.697994998604909e-05
67,-6.980572356580237e-05
67,-6.117628683264554e-05
67,-5.1295937317869075e-05
67,-4.041841036892052e-05
67,-2.878993451536854e-05
67,-1.6602425418993572e-05
67,-3.969536792772667e-06
67,9.076518171909808e-06
67,2.2573053688523993e-05
67,3.660187711188136e-05
67,5.125088427889521e-05
67,6.656678932350094e-05
67,8.251341666411746e-05
67,9.895436967525127e-05
67,0.00011566766059935351
67,0.0001323796162546756
67,0.0001487961736145081
67,0.00016462049072412736
67,0.0001795621606910101
67,0.00019334620505739826
67,0.00020571975479318294
67,0.00021644800170562037
67,0.0002252996794916944
67,0.00023203813905957622
67,0.00023643933207158067
67,0.00023834281662106358
67,0.0002377144662457316
67,0.0002346818877872124
67,0.00022951354357127004
67,0.00022254635777411156
67,0.0002140990881110892
67,0.0002044147970652576
67,0.00019365242480638966
67,0.00018191572865396924
67,0.0001692920528840695
67,0.00015587947243833662
67,0.0001417954181796249
67,0.00012716862535516738
67,0.00011211831097185276
67,9.672677162177485e-05
67,8.101528849924829e-05
67,6.493376082573912e-05
67,4.837180570348683e-05
67,3.119723377617406e-05
67,1.3323622243631134e-05
67,-5.2059606877280265e-06
67,-2.4151293064982353e-05
67,-4.305844986250029e-05
67,-6.130727404506271e-05
67,-7.820688287681624e-05
67,-9.310890738952344e-05
67,-0.0001055091538397023
67,-0.0001151141794188634
67,-0.00012185671268395594
67,-0.00012585605110822443
67,-0.0001273361787925918
67,-0.00012653023106483076
67,-0.00012360798409003027
67,-0.00011865582967383013
67,-0.00011171416819760058
67,-0.00010284619955233654
67,-9.219511202584256e-05
67,-7.999698633705375e-05
67,-6.65466043295148e-05
67,-5.213928156352895e-05
67,-3.7016576939643926e-05
67,-2.13314809330593e-05
67,-5.136073368081768e-06
67,1.1609244953518729e-05
67,2.900497736392928e-05
67,4.716212372766965e-05
67,6.614193494150371e-05
67,8.590571821827832e-05
67,0.00010629575104577197
67,0.00012705255269120249
67,0.0001478512288460273
67,0.0001683324934585239
67,0.00018811901404368103
67,0.00020682623125362217
67,0.000224078116529818
67,0.00023952469032403783
67,0.000252849252190372
67,0.00026376158412753215
67,0.0002719911525272391
67,0.0002773027190037242
67,0.00027954355453357904
67,0.0002787032709799252
67,0.0002749471828233538
67,0.0002685925583281988
67,0.00026003142292810023
67,0.00024963763423424437
67,0.00023770315658193546
67,0.0002244255127117167
67,0.00020993640897443402
67,0.00019434453590081488
67,0.00017776927687840116
67,0.00016035432633071628
67,0.00014225891819900325
67,0.00012362964165260832
67,0.00010456288213754418
67,8.507454903721552e-05
67,6.509273975494909e-05
67,4.448093208906246e-05
67,2.3092360346184907e-05
67,8.510615679840035e-07
67,-2.215688289281436e-05
67,-4.561479483749637e-05
67,-6.89640971917251e-05
67,-9.146210704241749e-05
67,-0.00011229088610290765
67,-0.00013068408723309447
67,-0.00014604001738437124
67,-0.00015799575626306966
67,-0.00016644537963309355
67,-0.00017149839340617636
67,-0.0001733921039376068
67,-0.00017238835086941855
67,-0.00016869351429115405
67,-0.00016243349357906168
67,-0.00015369001986825112
67,-0.00014257178828257168
67,-0.0001292746323338748
67,-0.0001140944144531671
67,-9.738797011922724e-05
67,-7.9506903063619e-05
67,-6.073631421307102e-05
67,-4.125768771508364e-05
67,-2.1139232408933104e-05
67,-3.4982160289844004e-07
67,2.1207057198486008e-05
67,4.364248760944155e-05
67,6.702250727432859e-05
67,9.131664840817206e-05
67,0.00011637352676314683
67,0.00014192816813342086
67,0.00016762556620808427
67,0.00019304090110915838
67,0.00021769337893781519
67,0.00024106639154202174
67,0.0002626419820334522
67,0.00028193907270706166
67,0.00029853576427734654
67,0.0003120684589342629
67,0.0003222237147381195
67,0.00032874998048336966
67,0.0003315017109989411
67,0.0003304964282638719
67,0.00032594317218809075
67,0.0003182109567635754
67,0.00030774358275166205
67,0.00029496262462493203
67,0.0002802053781269834
67,0.00026371750547031584
67,0.0002456855222539686
67,0.0002262781153736988
67,0.00020567248352828336
67,0.00018405776467156958
67,0.00016161803820168624
67,0.0001385020345111988
67,0.00011479128100119384
67,9.048153061203747e-05
67,6.548811838287735e-05
67,3.967729771817869e-05
67,1.2922353299888171e-05
67,-1.4816334059668882e-05
67,-4.3398196181188435e-05
67,-7.242804983799757e-05
67,-0.00010123989279317813
67,-0.00012895739387669585
67,-0.0001546154345313581
67,-0.00017730591532054212
67,-0.00019630872777967286
67,-0.0002111763536814467
67,-0.00022175347291492124
67,-0.000228131100693529
67,-0.0002305539578802105
67,-0.00022931384273427264
67,-0.00022466667568146368
67,-0.00021680264450954127
67,-0.00020587532641230685
67,-0.00019206501347561857
67,-0.0001756328628347276
67,-0.00015693108575373687
67,-0.00013636476554305477
67,-0.0001143291037493056
67,-9.115182489297148e-05
67,-6.705670892720485e-05
67,-4.214930929129211e-05
67,-1.64222658774973e-05
67,1.0218041058074447e-05
67,3.790033372187595e-05
67,6.671861924932195e-05
67,9.666476831670446e-05
67,0.00012758924342300002
67,0.00015919859790006018
67,0.00019107392355298755
67,0.00022268971789033554
67,0.0002534311989405205
67,0.0002826243109596484
67,0.0003095856862514865
67,0.0003336786384119095
67,0.00035435112434225615
67,0.00037114494371032056
67,0.00038369072934961744
67,0.0003917169051369719
67,0.0003950875189244303
67,0.00039385183311722844
67,0.0003882657558928352
67,0.0003787550239741765
67,0.0003658274033696789
67,0.00034997531764729923
67,0.00033161341756397377
67,0.00031106809229212496
67,0.0002886034938383548
67,0.00026445571250824595
67,0.00023885504717738846
67,0.00021202987299450026
67,0.00018419243078693286
67,0.00015551005158386135
67,0.00012607207337845275
67,9.586962071451217e-05
67,6.480295338872946e-05
67,3.272057588428685e-05
67,-5.121315212444885e-07
67,-3.4918142059672165e-05
67,-7.030185971508229e-05
67,-0.00010616610983139463
67,-0.00014169757447958815
67,-0.00017584110429109324
67,-0.00020744361444592665
67,-0.00023542330489266844
67,-0.00025891826648603334
67,-0.00027737996137043385
67,-0.0002905940838746664
67,-0.0002986314553610529
67,-0.0003017500699215177
67,-0.00030028145424179317
67,-0.000294538682741885
67,-0.00028477681403757366
67,-0.00027121504899753774
67,-0.0002540987096149229
67,-0.00023375690152843277
67,-0.00021061665215969612
67,-0.0001851644006299491
67,-0.00015787717556256715
67,-0.00012915556082674504
67,-9.927842982719979e-05
67,-6.838364374225574e-05
67,-3.6473336915005654e-05
67,-3.4452123931428123e-06
67,3.0848073338462534e-05
67,6.651889756113967e-05
67,0.00010356718584771738
67,0.0001418326046197946
67,0.00018098430015775984
67,0.00022053081394178813
67,0.000259831133578412
67,0.000298110487441148
67,0.00033450040709287113
67,0.00036811000268163594
67,0.0003981079793543797
67,0.00042378259971226595
67,0.0004445628441896997
67,0.0004600147220820509
67,0.0004698449817016624
67,0.00047393215733369185
67,0.0004723700088707923
67,0.000465482327887215
67,0.00045377765788522486
67,0.0004378522939105568
67,0.0004182859000963878
67,0.0003955761437888855
67,0.00037012853673734246
67,0.00034228363127891264
67,0.00031235121191487144
67,0.00028063057218502904
67,0.00024741014250968183
67,0.00021294708922634548
67,0.00017743209861331192
67,0.00014095314247628346
67,0.00010347920981073562
67,6.487967275129773e-05
67,2.497995762747264e-05
67,-1.635410497533777e-05
67,-5.9109331369729066e-05
67,-0.00010300903541323584
67,-0.0001474240737721442
67,-0.00019135944421583607
67,-0.00023354096833938168
67,-0.00027258221879207593
67,-0.00030718137546579985
67,-0.0003362938830852759
67,-0.0003592402857775572
67,-0.0003757302905184282
67,-0.00038580874953503085
67,-0.0003897493000777702
67,-0.00038793171524481975
67,-0.00038074083657263085
67,-0.0003685180669445871
67,-0.00035157614931485755
67,-0.00033025690654071485
67,-0.00030498744893408804
67,-0.00027629320605435564
67,-0.0002447564556591062
67,-0.00021094284381426996
67,-0.0001753299403559236
67,-0.0001382590612219557
67,-9.991383011602055e-05
67,-6.032292784437265e-05
67,-1.9389359400890708e-05
67,2.304841806082815e-05
67,6.712830243298166e-05
67,0.0001128733119015393
67,0.00016012778186750383
67,0.00020853109571227694
67,0.0002575125117939235
67,0.00030629133793302167
67,0.00035389263631205965
67,0.00039920282076906624
67,0.00044106980655698303
67,0.0004784181738595239
67,0.0005103359873820762
67,0.0005361100582523303
67,0.0005552237578861645
67,0.000567354692666945
67,0.0005723974585693435
67,0.0005704983695231171
67,0.0005620602452035437
67,0.0005476858482094006
67,0.00052807116317523
67,0.000503896246947401
67,0.0004757603514942637
67,0.00044417387641882496
67,0.0004095847350569867
67,0.0003724069890726329
67,0.0003330326393298696
67,0.00029182301430621005
67,0.00024908262233721873
67,0.00020502179423227213
67,0.00015972300726226773
67,0.00011313293958985961
67,6.509512559058897e-05
67,1.542041090902457e-05
67,-3.601563612780246e-05
67,-8.91538998286619e-05
67,-0.00014362263292753066
67,-0.00019863675577931934
67,-0.00025298203749635933
67,-0.00030511599178583364
67,-0.0003533647530158295
67,-0.0003961561786601913
67,-0.0004322229305508268
67,-0.0004607268277382055
67,-0.0004812850186191445
67,-0.0004939093184158403
67,-0.0004988908982184526
67,-0.000496668841077402
67,-0.00048771912064584163
67,-0.0004724940719388225
67,-0.00045142537864119406
67,-0.00042497400343048956
67,-0.0003936838970893324
67,-0.0003581954222912133
67,-0.0003192035089049682
67,-0.0002773812529975166
67,-0.00023330344346996949
67,-0.00018739213139423998
67,-0.00013988823889452505
67,-9.084811060097736e-05
67,-4.0170929199331855e-05
67,1.2333514352070001e-05
67,6.684074933782561e-05
67,0.00012339984079196614
67,0.00018185049634781365
67,0.000241781315988533
67,0.000302511389309626
67,0.00036308083146055476
67,0.0004222670063090574
67,0.00047865696612307693
67,0.0005307796164256307
67,0.0005772590347794367
67,0.0006169339410322282
67,0.0006489119191231596
67,0.0006725711205719606
67,0.0006875513912572819
67,0.0006937662974317564
67,0.0006914263971117646
67,0.0006810320428518327
67,0.0006633043975069483
67,0.0006390680267092907
67,0.0006091353949883725
67,0.0005742398155094338
67,0.0005350261590224881
67,0.0004920737655833028
67,0.00044591929934315364
67,0.0003970625654622819
67,0.000345953052558508
67,0.0002929593420535863
67,0.00023832703508499498
67,0.0001821422643580088
67,0.00012432755412952463
67,6.468796065181134e-05
67,3.0024300240676473e-06
67,-6.0856070283581094e-05
67,-0.00012678076688361429
67,-0.00019428370183981859
67,-0.0002623827352312
67,-0.0003295870811985643
67,-0.00039401911666856967
67,-0.0004536489570205441
67,-0.0005065708860174556
67,-0.0005512423323709977
67,-0.000586628349926668
67,-0.0006122314847853788
67,-0.0006280237867986474
67,-0.000634319665777159
67,-0.0006316312910312112
67,-0.000620543113345434
67,-0.0006016362792760637
67,-0.0005754794433975392
67,-0.0005426730044082285
67,-0.0005039031025590503
67,-0.0004599563378228241
67,-0.0004116750955520944
67,-0.0003598732230496055
67,-0.000305249575643304
67,-0.00024832495532311317
67,-0.00018940767342936774
67,-0.00012858666292222228
67,-6.575941649060229e-05
67,-7.072897555557631e-07
67,6.678431551793818e-05
67,0.0001367923741306327
67,0.00020915103964864968
67,0.00028338938350680524
67,0.00035869393741394165
67,0.00043388497117502077
67,0.0005074325169166878
67,0.0005775505535287837
67,0.000642370722489703
67,0.0007001445562127589
67,0.0007494038248323434
67,0.0007890374106416004
67,0.0008182965502581037
67,0.0008367771764912766
67,0.0008444190232745427
67,0.0008415154999419295
67,0.0008286916991282756
67,0.0008068187318009178
67,0.0007768810985085094
67,0.0007398521496891744
67,0.0006966251901711969
67,0.000648005345917505
67,0.0005947311288519845
67,0.0005374912717132919
67,0.0004769215796590186
67,0.00041358218547489555
67,0.00034791870028027123
67,0.00028021402379675166
67,0.00021055090056134115
67,0.00013881631510044302
67,6.476711144261474e-05
67,-1.185269230233374e-05
67,-9.116621717987153e-05
67,-0.00017300148484921158
67,-0.00025672355951056997
67,-0.00034110596761796315
67,-0.0004243156723148831
67,-0.0005040585244122557
67,-0.0005778598490270806
67,-0.0006433956597899741
67,-0.000698777897185393
67,-0.0007427248835531426
67,-0.0007745955180677477
67,-0.0007943114109968804
67,-0.0008022149168833853
67,-0.0007989091645915308
67,-0.0007851159933281558
67,-0.0007615821755116493
67,-0.0007290539550703223
67,-0.0006883117475132566
67,-0.0006402220837029577
67,-0.000585753033632658
67,-0.0005259271685798545
67,-0.0004617299077127487
67,-0.0003940130856292083
67,-0.0003234221153347289
67,-0.00025035295522145317
67,-0.00017493851478102236
67,-9.707506092638036e-05
67,-1.6506324804190455e-05
67,6.703519795856994e-05
67,0.00015366602844044824
67,0.00024321789986857912
67,0.0003351499303376667
67,0.00042848765590262184
67,0.0005217815533570784
67,0.0006131225445536452
67,0.000700262903612652
67,0.0007808414907683507
67,0.0008526468620763332
67,0.0009138285597612493
67,0.0009630021661665191
67,0.0009992589252954451
67,0.0010221372513106455
67,0.0010316059318555627
67,0.0010280574834839065
67,0.001012267976982517
67,0.0009852911197514777
67,0.0009483074204893983
67,0.0009024889996975468
67,0.0008489284473935574
67,0.0007886315225058027
67,0.0007225360722428021
67,0.0006515206162073791
67,0.0005763899935779455
67,0.0004978417734434482
67,0.0004164181181721809
67,0.00033245061681060333
67,0.00024602161419675495
67,0.00015697856110834685
67,6.502274927632552e-05
67,-3.0142347756817223e-05
67,-0.00012863442434344203
67,-0.00023020204576475325
67,-0.00033403041294863766
67,-0.0004385925223592799
67,-0.000541633172552682
67,-0.0006403439930997233
67,-0.000731701319883761
67,-0.0008128651816593182
67,-0.0008815214168415487
67,-0.0009360839039101895
67,-0.0009757341079469104
67,-0.001000331374212547
67,-0.0010102530093936113
67,-0.0010062152867678284
67,-0.0009891104380682037
67,-0.00095988991582151
67,-0.0009195187222824596
67,-0.0008689986680380132
67,-0.0008094182333029802
67,-0.000741969052818831
67,-0.00066789579982076
67,-0.000588395175466573
67,-0.0005045069226396163
67,-0.0004170288505422654
67,-0.0003264633095665746
67,-0.00023299562122203418
67,-0.0001365189874503812
67,-3.672979623198594e-05
67,6.670481163440613e-05
67,0.00017394923822346104
67,0.0002848301976176669
67,0.00039871733248903596
67,0.0005144335198227522
67,0.0006301920599391205
67,0.000743612141805795
67,0.0008518730001311248
67,0.0009520025269759851
67,0.001041215097398794
67,0.0011171855976019728
67,0.0011781896869860772
67,0.0012231195164078452
67,0.0012514422130534754
67,0.001263163201019952
67,0.0012587986208997509
67,0.0012393123538779634
67,0.0012059851409106745
67,0.0011602415719511555
67,0.0011035020035377945
67,0.0010371085508874085
67,0.0009623183037003062
67,0.0008803183140880008
67,0.0007922235777225018
67,0.0006990488589143874
67,0.0006016619971912528
67,0.0005007245801505241
67,0.00039662820086790683
67,0.0002894539736075328
67,0.00017899872832640253
67,6.489223020689744e-05
67,-5.3215410990837294e-05
67,-0.00017543761925846443
67,-0.0003014256308657068
67,-0.0004301419250230541
67,-0.0005596872097400026
67,-0.0006872838496939948
67,-0.0008094874004042462
67,-0.000922594786894973
67,-0.0010231266101925224
67,-0.001108239596401094
67,-0.0011759686497919578
67,-0.0012252736682909766
67,-0.0012559354569849726
67,-0.0012683733806100313
67,-0.0012634424716450072
67,-0.0012422443772173437
67,-0.0012059823561721703
67,-0.0011558908268303912
67,-0.0010932446072331992
67,-0.001019406250378778
67,-0.0009358438910416039
67,-0.0008440774084889986
67,-0.0007455659272486568
67,-0.0006415833495869461
67,-0.0005331183670897767
67,-0.0004208078668920804
67,-0.00030490518977249043
67,-0.00018530260035162376
67,-6.163979087765145e-05
67,6.649631986964331e-05
67,0.0001993295866502557
67,0.000336680844408086
67,0.00047780902216271626
67,0.0006212859349836201
67,0.000764907256162827
67,0.0009057078986754955
67,0.0010401571229749953
67,0.0011645255702625941
67,0.0012753159383328328
67,0.001369615255653249
67,0.0014452790988110128
67,0.0015009547179407636
67,0.0015360228728930128
67,0.0015505360204388656
67,0.001545164566701031
67,0.0015211056513914497
67,0.0014799214105146357
67,0.0014233385063118712
67,0.001353084053415846
67,0.0012708081324976262
67,0.0011780778684340536
67,0.0010763877945391418
67,0.0009671447717961072
67,0.0008516225794651444
67,0.00073089889629246
67,0.0006057821872721092
67,0.00047673749089369806
67,0.0003438437464806136
67,0.00020683461249178725
67,6.525092380480532e-05
67,-8.132351495880469e-05
67,-0.00023299691263931386
67,-0.0003892997820321348
67,-0.0005489179571611715
67,-0.0007094891344247619
67,-0.0008675853741157637
67,-0.0010189702722259815
67,-0.0011590951325336537
67,-0.0012836853525742518
67,-0.001389240320319418
67,-0.0014733244688275235
67,-0.00153462250432505
67,-0.0015728172313043682
67,-0.0015883797033829875
67,-0.0015823372502830415
67,-0.001556052389183264
67,-0.0015110425143316263
67,-0.0014488781894160506
67,-0.0013711746806388512
67,-0.0012796362895115183
67,-0.0011760762548538172
67,-0.001062358389438678
67,-0.0009402698156612016
67,-0.0008113763756225608
67,-0.0006769032954191507
67,-0.00053765240179406
67,-0.00039395865463937247
67,-0.00024571093511777017
67,-9.247790629853472e-05
67,6.625233094523683e-05
67,0.00023077660810516475
67,0.0004009092761150882
67,0.0005757750964805813
67,0.0007536392869573125
67,0.0009317843092960438
67,0.0011065236171435024
67,0.0012734469924408462
67,0.0014278852860387659
67,0.001565457068434237
67,0.0016825184305556207
67,0.0017764016889493062
67,0.0018454475797150096
67,0.0018889267065172006
67,0.0019069471981954542
67,0.0019003691121079135
67,0.0018706783248985846
67,0.001819786042448306
67,0.0017497934153994769
67,0.0016628069088454596
67,0.0015608564092392722
67,0.0014458910605652546
67,0.0013197850504983518
67,0.0011843073498658924
67,0.0010410552276014214
67,0.0008913703060105753
67,0.0007362469923115457
67,0.0005762440517711751
67,0.0004114389108279561
67,0.00024148730176151449
67,6.58203794988075e-05
67,-0.00011605909096927918
67,-0.0003042514667138746
67,-0.0004981367416585331
67,-0.0006960581380700338
67,-0.0008950811847730296
67,-0.0010909747717214682
67,-0.0012785240695756986
67,-0.0014521348241098666
67,-0.0016065481917088527
67,-0.001737449090708308
67,-0.0018418184959375875
67,-0.0019179996228308126
67,-0.0019655535265116907
67,-0.001985014977011645
67,-0.001977624194957159
67,-0.0019450661524616569
67,-0.0018892469861167538
67,-0.001812154002669215
67,-0.0017158251430580875
67,-0.0016023887465468792
67,-0.0014740849077082496
67,-0.0013332009946683478
67,-0.0011819267071157442
67,-0.0010221860938401215
67,-0.0008554958368899468
67,-0.0006828630790554233
67,-0.0005047267186816915
67,-0.00032097438964496367
67,-0.00013108810938997458
67,6.556731711587031e-05
67,0.00026938135817278707
67,0.00048016214364848857
67,0.000696868160513643
67,0.0009173826649116515
67,0.001138349149489781
67,0.001355184442832511
67,0.0015623870015310198
67,0.0017541224185169651
67,0.001924912945978174
67,0.0020702076606174263
67,0.002186689024447536
67,0.002272317098983866
67,0.0023262261517811465
67,0.0023485941234687654
67,0.0023405167292171393
67,0.002303837493109262
67,0.0022408993695945474
67,0.002154266997973769
67,0.0020465177407815805
67,0.001920154918874461
67,0.0017776053438780673
67,0.001621218015280396
67,0.0014532134173677019
67,0.0012755899360728975
67,0.0010900142004632016
67,0.000897707966531392
67,0.0006993437057934293
67,0.0004949960326272643
67,0.00028422429712605203
67,6.632395186544535e-05
67,-0.00015930320971361536
67,-0.00039274914102532246
67,-0.0006332089811287461
67,-0.0008786029518596818
67,-0.0011252886642965435
67,-0.001368040105102693
67,-0.0016004295333128967
67,-0.0018155659025938975
67,-0.0020069691624574285
67,-0.0021693132798487167
67,-0.0022988545772784667
67,-0.0023935115104350185
67,-0.0024526926932133706
67,-0.0024770103901574788
67,-0.0024679675316307426
67,-0.0024276481010049116
67,-0.0023584397221567783
67,-0.0022628457027257043
67,-0.0021434267639468406
67,-0.0020028353661070927
67,-0.0018438397240777005
67,-0.0016692526843521394
67,-0.0014817651726699908
67,-0.0012837485423042388
67,-0.0010770838104838137
67,-0.0008630342914220774
67,-0.0006421676664457004
67,-0.000414368880263102
67,-0.00017901151293437824
67,6.469232455431833e-05
67,0.0003172453091821548
67,0.0005784454761488039
67,0.0008470434561019832
67,0.001120449090865358
67,0.0013945157560856904
67,0.00166355157572857
67,0.0019207043166278106
67,0.002158695790379068
67,0.002370688694763256
67,0.0025510068163959493
67,0.002695526392955966
67,0.002801735324547281
67,0.0028685986777609606
67,0.0028963806067359788
67,0.002886468689600058
67,0.0028411500197974976
67,0.002763303660161144
67,0.002656070009465578
67,0.002522610813534331
67,0.002366015524226728
67,0.0021893007184663714
67,0.0019954006466240057
67,0.0017870924279953307
67,0.001566870153460962
67,0.0013368040460930986
67,0.0010984003101157068
67,0.00085247559945819
67,0.0005991032405584556
67,0.0003377232248360315
67,6.746091288468888e-05
67,-0.00021240991971125224
67,-0.000501973389531456
67,-0.0008001969019584903
67,-0.0011044762491444588
67,-0.001410290117481815
67,-0.0017111769999793836
67,-0.0019992031585828024
67,-0.0022658677403274365
67,-0.0025031749692154006
67,-0.002704544144979053
67,-0.002865332192760888
67,-0.0029829302398598277
67,-0.0030565574446012253
67,-0.003086921900334155
67,-0.0030758520514687247
67,-0.003025926254110356
67,-0.0029401286477970102
67,-0.002821602102498864
67,-0.002673556155200814
67,-0.0024992950204469387
67,-0.0023022447431006367
67,-0.0020858729589924656
67,-0.0018534943012016491
67,-0.0016080350682157246
67,-0.0013518265158400527
67,-0.0010864473267136912
67,-0.0008126233011774323
67,-0.0005302361190956519
67,-0.0002385263767588539
67,6.348159030146981e-05
67,0.00037643080432785977
67,0.0007001091468928488
67,0.0010330137940653323
67,0.0013719722554818882
67,0.0017118616877944434
67,0.0020456169971953533
67,0.002364710997079294
67,0.0026600742671330645
67,0.0029231824834305424
67,0.0031469626690853493
67,0.0033262893696378555
67,0.0034580623758310703
67,0.003541034131727267
67,0.003575573461456855
67,0.003563428697214893
67,0.0035074367339376165
67,0.003411141383312254
67,0.003278396333084255
67,0.003113086380055697
67,0.002919025774913141
67,0.0026999610282255554
67,0.002459552257267495
67,0.0022012686402075395
67,0.0019282216802368561
67,0.0016429844283671184
67,0.00134741681280694
67,0.0010425138972081206
67,0.0007283466677618179
67,0.00040420731657572767
67,6.901205072291846e-05
67,-0.0002781213258432592
67,-0.000637264740522239
67,-0.0010071023481222504
67,-0.0013843810976252797
67,-0.001763493348967023
67,-0.0021364501176325415
67,-0.0024934542601757377
67,-0.002824011124412613
67,-0.003118245810133417
67,-0.0033680207288429606
67,-0.003567575846805646
67,-0.0037136467838673635
67,-0.0038052164702916716
67,-0.0038431107554207635
67,-0.003829560871945859
67,-0.003767757845080064
67,-0.0036614259366038312
67,-0.003514502144958857
67,-0.0033310013920140264
67,-0.0031150355648169948
67,-0.002870843921949799
67,-0.0026027020429996483
67,-0.0023146940231274452
67,-0.0020104322353944374
67,-0.0016928070607922956
67,-0.0013637915105747251
67,-0.0010243114524417282
67,-0.0006742471827090512
67,-0.0003126744664126618
67,6.16174702815299e-05
67,0.00044944869568805786
67,0.0008505964296111589
67,0.0012632435551293113
67,0.001683494140390114
67,0.002105013509015961
67,0.0025190334522548364
67,0.002914950401814203
67,0.0032814743268772787
67,0.003607988601296674
67,0.003885686892734558
67,0.004108200053306745
67,0.004271697625369342
67,0.004374668163693251
67,0.004417610191662559
67,0.004402718664880893
67,0.004333510697417912
67,0.004214352654527281
67,0.004049981866474522
67,0.0038451806425427097
67,0.0036046646990753693
67,0.003333089224540699
67,0.0030350173711018048
67,0.002714777642856856
67,0.002376246249541194
67,0.0020226176434739824
67,0.0016561885231416219
67,0.0012781747421844133
67,0.0008886453374010186
67,0.00048671040712470597
67,7.102686043909781e-05
67,-0.00035948247647398337
67,-0.0008048770938750395
67,-0.001263492791395807
67,-0.0017312743542153574
67,-0.0022012687197607264
67,-0.002663593613319678
67,-0.0031061413085905357
67,-0.0035159443186017444
67,-0.003880796688927803
67,-0.004190629003931105
67,-0.00443829460650724
67,-0.004619714442188553
67,-0.0047335765557740515
67,-0.004780850975731005
67,-0.004764266934390704
67,-0.004687774137818867
67,-0.0045560137295925915
67,-0.004373906346464425
67,-0.004146464253585724
67,-0.003878799787244166
67,-0.003576160613260036
67,-0.003243825732346028
67,-0.002886836085049843
67,-0.002509657461856851
67,-0.0021158750049319885
67,-0.0017079504591392199
67,-0.001287056488903348
67,-0.0008530705945999262
67,-0.00040486433871392773
67,5.906291501056024e-05
67,0.000539748375899203
67,0.0010369543062228727
67,0.001548474092963617
67,0.002069517371553793
67,0.002592251024869762
67,0.0031057991532314924
67,0.0035969860726754346
67,0.004051768677977083
67,0.004456934756446991
67,0.004801526799534888
67,0.005077631644717239
67,0.0052805116363760386
67,0.00540832650983525
67,0.00546173424634449
67,0.005443482875203532
67,0.005357933211413595
67,0.005210472605759384
67,0.005006935081138148
67,0.004753215715181631
67,0.004455146170791865
67,0.004118505175170461
67,0.003748972290162071
67,0.0033519395241143387
67,0.0029322314627993973
67,0.002493815378438905
67,0.0020395329781022855
67,0.0015708769592506688
67,0.0010879154592728247
67,0.0005895324101855302
67,7.406146914642336e-05
67,-0.00045981845540407423
67,-0.0010121532698049007
67,-0.0015808481294177345
67,-0.002160854131890728
67,-0.0027435508182649176
67,-0.0033167090751013203
67,-0.00386535648609694
67,-0.004373458901530519
67,-0.00482591860946962
67,-0.005210268800768033
67,-0.005517641231937819
67,-0.005742944634254184
67,-0.0058844997163793045
67,-0.0059434538894911956
67,-0.005923152637525156
67,-0.005828485297694995
67,-0.005665229200941708
67,-0.005439524692068843
67,-0.005157621666678503
67,-0.00482587468853078
67,-0.004450783712947543
67,-0.00403887333729066
67,-0.0035963713474412256
67,-0.003128801203020056
67,-0.002640608744214721
67,-0.002134861642534322
67,-0.0016130397592480244
67,-0.0010750192804730183
67,-0.0005194205659668501
67,5.56159558129202e-05
67,0.0006513985425457963
67,0.001267674685051726
67,0.0019017594081681063
67,0.002547757432288765
67,0.0031959805400288916
67,0.0038329408956731207
67,0.00444227386984635
67,0.005006522168028103
67,0.00550925387805768
67,0.005936841992416577
67,0.006279455951430217
67,0.0065312300083726575
67,0.006689913259803606
67,0.006756359210905544
67,0.006734000237973734
67,0.006628242305042448
67,0.0064457377343038825
67,0.006193679147089843
67,0.005879340091089827
67,0.005509935147852202
67,0.005092636471234862
67,0.004634509441172644
67,0.004142266990506942
67,0.003621911635737181
67,0.0030783698673154075
67,0.0025151590217286192
67,0.0019341145319164577
67,0.0013353035268345134
67,0.0007173307791581213
67,7.813119752747664e-05
67,-0.0005839168654792375
67,-0.00126884172345181
67,-0.001974015547425845
67,-0.0026931601704972153
67,-0.003415591882519051
67,-0.004126176112724505
67,-0.004806391799896621
67,-0.005436403691480884
67,-0.0059975276884204716
67,-0.006474322017223197
67,-0.0068557807761768005
67,-0.007135554700181033
67,-0.007311506528402432
67,-0.007385001613804115
67,-0.007360148175967427
67,-0.007243000124667003
67,-0.007040743988605034
67,-0.006761033296101108
67,-0.006411652871752381
67,-0.006000496662303755
67,-0.005535615188200701
67,-0.0050250748353345715
67,-0.004476573100003791
67,-0.003896944719999789
67,-0.00329170448617845
67,-0.002664674335659716
67,-0.002017718028505127
67,-0.0013507120299889822
67,-0.0006619654604246798
67,5.0827518052259436e-05
67,0.0007893130008110364
67,0.001553221559061525
67,0.0023392759681297387
67,0.003140211980353556
67,0.0039440430777663
67,0.0047340453536826865
67,0.005489902192376137
67,0.006189923312358049
67,0.006813682787292221
67,0.007344240268099928
67,0.007769384151271354
67,0.008081847105369275
67,0.008278867201222726
67,0.008361539006951487
67,0.008334142069057379
67,0.008203376894076561
67,0.0079774633560593
67,0.007665278606492393
67,0.0072758062978373825
67,0.006817977163979398
67,0.006300692468488355
67,0.0057327367222854185
67,0.005122460867986759
67,0.0044773277987260295
67,0.0038034535229567613
67,0.0031051942255594057
67,0.0023848124519079746
67,0.0016423764456285814
67,0.000876146079684133
67,8.356097880872861e-05
67,-0.0007373760265108985
67,-0.001586675282705288
67,-0.002461051921608643
67,-0.00335270690847847
67,-0.004248400983527168
67,-0.0051293989719278215
67,-0.005972780581686293
67,-0.0067539969198258
67,-0.007449915146370781
67,-0.00804140191002107
67,-0.008514797500952843
67,-0.008862189567398798
67,-0.009080869961800082
67,-0.009172471550064707
67,-0.009142045989379562
67,-0.008997089388226215
67,-0.00874653427659019
67,-0.008399909470236494
67,-0.007966902361165052
67,-0.007457315539502618
67,-0.006881122947509301
67,-0.0062483044817516886
67,-0.005568382218581992
67,-0.004849818590803328
67,-0.004099454588299679
67,-0.00332204734040334
67,-0.0025199366225644956
67,-0.0016930001339229422
67,-0.0008391629339017672
67,4.443208290332641e-05
67,0.0009598487055649702
67,0.001906797071113714
67,0.0028812682925590015
67,0.0038743052812231105
67,0.004871077272651999
67,0.005850852717984021
67,0.006788417657061614
67,0.007656833428482967
67,0.008430719743683346
67,0.009089024428208288
67,0.009616579451652433
67,0.010004375568149922
67,0.01024901366092751
67,0.010351884533020406
67,0.010318316729016166
67,0.010156615784310841
67,0.009876945986933887
67,0.009490273867027424
67,0.009007703132605023
67,0.008440290742172495
67,0.0077990795306931955
67,0.007094983609970838
67,0.006338384283718636
67,0.005538556202599851
67,0.004703092595987007
67,0.0038373926884134523
67,0.0029442514671389683
67,0.00202374078157723
67,0.0010736940270610592
67,9.093657835267067e-05
67,-0.0009269957451320365
67,-0.0019800933243599313
67,-0.003064259534087956
67,-0.004169813016506435
67,-0.005280349611877822
67,-0.006372673149569095
67,-0.007418410728734304
67,-0.008387168750724537
67,-0.009250295745367119
67,-0.009984076864266929
67,-0.010571557080443399
67,-0.011002881555672656
67,-0.011274630810669756
67,-0.011388766814973295
67,-0.011351509140055853
67,-0.011172140937365984
67,-0.010861759266457422
67,-0.01043221850327784
67,-0.009895565818954925
67,-0.009263971102018622
67,-0.008549793666434916
67,-0.007765386252958585
67,-0.006922533468640951
67,-0.00603171642020459
67,-0.005101421605372133
67,-0.0041375678626535545
67,-0.0031430883421287572
67,-0.0021178657154274157
67,-0.0010593511758704506
67,3.5996030852065855e-05
67,0.0011707605201024293
67,0.0023446318690162607
67,0.003552699225982771
67,0.004783911349975456
67,0.006019915040396606
67,0.007235012960995341
67,0.008397920820754455
67,0.009475192317420751
67,0.010435301715916378
67,0.011252094071688975
67,0.011906730169857493
67,0.012388035635702925
67,0.012691816949459497
67,0.012819829017454596
67,0.012778698795443612
67,0.012578720362404561
67,0.012232467868935944
67,0.011753497792127018
67,0.01115554208230214
67,0.010452293967918101
67,0.009657452206231014
67,0.008784572686621053
67,0.00784655582740579
67,0.006854924206102883
67,0.005819103800855697
67,0.004745788243805392
67,0.00363843459670105
67,0.002497122132018848
67,0.001319158654240516
67,0.0001006098664965106
67,-0.0011615678046401564
67,-0.0024673425013967748
67,-0.003811615111994836
67,-0.005182375434763707
67,-0.0065593008615147524
67,-0.007913669469212316
67,-0.009210351325373144
67,-0.010411706589406478
67,-0.011482238542558365
67,-0.012392546618785766
67,-0.01312158391286247
67,-0.013657081567330719
67,-0.013994733765991373
67,-0.014136907427261593
67,-0.014091268301757784
67,-0.013869314588032847
67,-0.013484827473307757
67,-0.012952545491484991
67,-0.012287441845331653
67,-0.011504620701898997
67,-0.01061939730327004
67,-0.009647064952792096
67,-0.008602213081227553
67,-0.007497826639372022
67,-0.006344434526682308
67,-0.005149399112278807
67,-0.003916393116959745
67,-0.0026453093345675436
67,-0.0013330143228615858
67,2.4879629938526476e-05
67,0.001431604651650047
67,0.00288682817906521
67,0.004384525126966096
67,0.0059110524888257784
67,0.007443695095456145
67,0.008950603897890924
67,0.010392971424000742
67,0.011729282407150713
67,0.01292038738833535
67,0.013933797917433896
67,0.01474611571606527
67,0.015343475787236683
67,0.015720695254299956
67,0.0158799775685615
67,0.015829557791821235
67,0.015582194849305234
67,0.015153451143063667
67,0.014560095283829571
67,0.013819118704288315
67,0.012947483433781713
67,0.011962180887904116
67,0.010880042141804047
67,0.009717091303813801
67,0.00848763923723384
67,0.0072033864236445005
67,0.00587263475672184
67,0.004499666823018365
67,0.0030845761828218916
67,0.00162402262179725
67,0.00011313023730772915
67,-0.001451866392740265
67,-0.0030709136637187785
67,-0.0047376758626717155
67,-0.006437261369853321
67,-0.008144494869987157
67,-0.009823807996673354
67,-0.011431695580043252
67,-0.012921532595500756
67,-0.01424933073451597
67,-0.015378632968838428
67,-0.016283311278171186
67,-0.01694809676542142
67,-0.017367579223912535
67,-0.017544623784845937
67,-0.017488686828274598
67,-0.017214011829018924
67,-0.01673770797313529
67,-0.01607809031856463
67,-0.015253760321300264
67,-0.014283460237520609
67,-0.013186170323608469
67,-0.011980830533633736
67,-0.010685509418479832
67,-0.009316298201726182
67,-0.007886259996596262
67,-0.006404549448818623
67,-0.0048757602524213866
67,-0.003299803346590911
67,-0.0016728259122580633
67,1.060713443948487e-05
67,0.0017545322605216913
67,0.0035585944853349246
67,0.005415393978892436
67,0.007308081578103127
67,0.009208541153744622
67,0.011077302723856583
67,0.012866234830060825
67,0.014523817416917708
67,0.01600144391758613
67,0.0172587652939014
67,0.018266721610055298
67,0.019008103685284074
67,0.019476495876313775
67,0.019674654080231765
67,0.019612805777152832
67,0.019306766490907196
67,0.01877580536354678
67,0.018040675240022022
67,0.01712240916911084
67,0.01604202074070254
67,0.01482058182279929
67,0.01347898295923294
67,0.012037121362801384
67,0.01051276655191963
67,0.00892044176864059
67,0.00727044697136491
67,0.005568094221423132
67,0.0038135022349371534
67,0.00200253398122091
67,0.00012914874707735976
67,-0.0018113166504290866
67,-0.0038187882520268335
67,-0.005885404794801559
67,-0.007992709370228501
67,-0.010109516869436994
67,-0.01219177642849148
67,-0.014185602443771117
67,-0.016033228796772183
67,-0.01768013302140967
67,-0.019081099530301574
67,-0.02020368975495464
67,-0.02102890597391186
67,-0.021549962411981097
67,-0.02177033859043599
67,-0.021701710068470107
67,-0.021361724972198185
67,-0.020771620847150736
67,-0.019954149362977396
67,-0.018932411617024292
67,-0.017729660144129508
67,-0.01636941802841422
67,-0.014875145704696575
67,-0.013269225698665859
67,-0.011571602193158203
67,-0.00979848326630205
67,-0.007961250600659853
67,-0.006065647490639222
67,-0.004111617270692154
67,-0.002094423828538314
67,-7.336352782559823e-06
67,0.0021546835629505327
67,0.004391262721679536
67,0.0066933069899985514
67,0.00904000065361011
67,0.011396538557168167
67,0.01371400821165748
67,0.015932721522560808
67,0.01798875287423428
67,0.019821763449180185
67,0.021381647047959355
67,0.02263231165020393
67,0.02355239124992717
67,0.02413393490990884
67,0.024380380284177744
67,0.02430442475466659
67,0.023925675149376248
67,0.02326799906658833
67,0.022357091577756172
67,0.021218997511754458
67,0.019879752771091167
67,0.01836548676140343
67,0.016702122537786468
67,0.014914360405711577
67,0.013024260336172851
67,0.011049848527292542
67,0.009003907325605017
67,0.00689303389900865
67,0.0047173902712947385
67,0.002471862954082755
67,0.00014897202510652172
67,-0.0022570629100956397
67,-0.004746152853847704
67,-0.0073085561241765734
67,-0.00992140472293694
67,-0.012546070551767213
67,-0.015127993243996012
67,-0.01760042178802434
67,-0.01989177588560044
67,-0.0219344645648624
67,-0.023672400104055795
67,-0.02506530565329578
67,-0.026089548667279368
67,-0.026736630743420666
67,-0.02701079047143176
67,-0.026926455701942652
67,-0.026505499323964718
67,-0.0257742824030005
67,-0.02476106171549363
67,-0.02349451886508032
67,-0.022003496754042194
67,-0.020317147464973283
67,-0.018464533470255715
67,-0.016473385457674204
67,-0.01436842622181956
67,-0.0121697664470747
67,-0.009891555338620297
67,-0.007540972858013426
67,-0.005118018406259555
67,-0.0026168758704818267
67,-2.9214738327277417e-05
67,0.002651250529454708
67,0.005424136677547427
67,0.008278262132290881
67,0.01118790386757091
67,0.014109972274347276
67,0.016983855586031604
67,0.01973554203687012
67,0.022285723086228656
67,0.024559503670356794
67,0.026494664224726357
67,0.0280463768765339
67,0.02918810828949977
67,0.029909996644006145
67,0.030216323478798972
67,0.03012285164548626
67,0.030070251645171672
