  0.000,0.0
  1.000,0.01985869689234798
  0.000,0.01985869689234798
 6.0610E-05,0.02284805249356183
 1.2122E-04,0.02936270666535175
 1.8183E-04,0.03121923909251982
 2.4244E-04,0.03334592658022325
 3.0305E-04,0.03787317403096774
 3.6366E-04,0.03988185633694214
 4.2427E-04,0.03882335100953251
 4.8488E-04,0.038921796165056144
 5.4549E-04,0.0398594938687834
 6.0610E-04,0.03767554270633844
 6.6671E-04,0.03359652952933469
 7.2732E-04,0.03139736286576566
 7.8793E-04,0.029039700409695432
 8.4854E-04,0.023985309253220358
 9.0915E-04,0.0188736478300258
 9.6976E-04,0.015962895368888057
 1.0304E-03,0.012617220866390359
 1.0910E-03,0.007654142078002035
 1.1516E-03,0.004297216260058691
 1.2122E-03,0.003121111743763177
 1.2728E-03,0.0013843608815203177
 1.3334E-03,-0.0006950356924796295
 1.3940E-03,-0.0003894775434250019
 1.4546E-03,0.001556708240581395
 1.5152E-03,0.002707732169273361
 1.5759E-03,0.0043010178253812875
 1.6365E-03,0.008104881369142003
 1.6971E-03,0.012390021669551514
 1.7577E-03,0.015555399632635733
 1.8183E-03,0.01926937260038664
 1.8789E-03,0.02429118568662536
 1.9395E-03,0.02846447082305934
 2.0001E-03,0.03122829402808284
 2.0607E-03,0.03432586999778738
 2.1213E-03,0.03758114206435556
 2.1820E-03,0.039091824405007754
 2.2426E-03,0.03924515727501206
 2.3032E-03,0.03958921591595866
 2.3638E-03,0.0393053687906449
 2.4244E-03,0.03715590611247091
 2.4850E-03,0.03425704147211206
 2.5456E-03,0.031687049073456805
 2.6062E-03,0.028369242965332667
 2.6668E-03,0.023830421438120926
 2.7274E-03,0.0195321216890037
 2.7881E-03,0.015940895554246846
 2.8487E-03,0.011976043488225493
 2.9093E-03,0.007822717005396735
 2.9699E-03,0.004828687495056183
 3.0305E-03,0.002845730890578097
 3.0911E-03,0.0009293666538496969
 3.1517E-03,-0.0003347983892103576
 3.2123E-03,-4.3163133911452924e-05
 3.2729E-03,0.0011342675180321098
 3.3335E-03,0.002494225146380197
 3.3942E-03,0.004744904748215788
 3.4548E-03,0.008223691777318515
 3.5154E-03,0.011956050204820969
 3.5760E-03,0.01555971829374984
 3.6366E-03,0.019695067888798354
 3.6972E-03,0.024201965872572048
 3.7578E-03,0.028108513412036504
 3.8184E-03,0.031404467441619864
 3.8790E-03,0.034636823239082
 3.9396E-03,0.03735330037626328
 4.0003E-03,0.03886152442682782
 4.0609E-03,0.03951945388301959
 4.1215E-03,0.03974050422310338
 4.1821E-03,0.039014004646636
 4.2427E-03,0.03707335581056678
 4.3033E-03,0.03454274846234466
 4.3639E-03,0.031686024559538194
 4.4245E-03,0.028086844176349185
 4.4851E-03,0.02388169108190122
 4.5457E-03,0.01976695665078116
 4.6064E-03,0.015823136615782517
 4.6670E-03,0.011764277473701868
 4.7276E-03,0.007966575008544816
 4.7882E-03,0.00498060588274189
 4.8488E-03,0.0026642086883146322
 4.9094E-03,0.0008201646967599331
 4.9700E-03,-0.0001457236290487514
 5.0306E-03,1.5475538826347022e-05
 5.0912E-03,0.0009448697123945261
 5.1518E-03,0.00248801654438631
 5.2125E-03,0.004932846281511111
 5.2731E-03,0.008198036765777898
 5.3337E-03,0.011800172044253173
 5.3943E-03,0.015634923556147606
 5.4549E-03,0.01984138931341925
 5.5155E-03,0.02411485255248589
 5.5761E-03,0.028008379860996146
 5.6367E-03,0.03152522303934931
 5.6973E-03,0.03471652895930355
 5.7579E-03,0.03723331988210354
 5.8186E-03,0.038822923023609165
 5.8792E-03,0.03964642805321224
 5.9398E-03,0.03974883487291061
 6.0004E-03,0.03889097223737183
 6.0610E-03,0.03708871772707313
 6.1216E-03,0.03464575640648745
 6.1822E-03,0.031636247941783914
 6.2428E-03,0.027987393169212893
 6.3034E-03,0.02393554381082613
 6.3640E-03,0.01983093385713025
 6.4247E-03,0.015740527592408026
 6.4853E-03,0.011706233859981773
 6.5459E-03,0.008041495124712257
 6.6065E-03,0.0050041578600053226
 6.6671E-03,0.002576911452138248
 6.7277E-03,0.0008093758779604096
 6.7883E-03,-6.659278663474224e-05
 6.8489E-03,5.9155230233175e-06
 6.9095E-03,0.0008747609751716484
 6.9701E-03,0.0025183601326617764
 7.0308E-03,0.005000547060205311
 7.0914E-03,0.008165788655725198
 7.1520E-03,0.011758170090994686
 7.2126E-03,0.015690690716447655
 7.2732E-03,0.01988495909930041
 7.3338E-03,0.024069884989289587
 7.3944E-03,0.02799480034473825
 7.4550E-03,0.031586355616357274
 7.5156E-03,0.03472904476151803
 7.5762E-03,0.03718458696348976
 7.6369E-03,0.03883105782801584
 7.6975E-03,0.039695491506347456
 7.7581E-03,0.039731503306224325
 7.8187E-03,0.03884700290322966
 7.8793E-03,0.03710972191972085
 7.9399E-03,0.03467337617776983
 8.0005E-03,0.03159844608742911
 8.0611E-03,0.027956091522766673
 8.1217E-03,0.023962347157755713
 8.1823E-03,0.019837178743230804
 8.2430E-03,0.015696574751581233
 8.3036E-03,0.011693489091892275
 8.3642E-03,0.008069872776513857
 8.4248E-03,0.004995692991560018
 8.4854E-03,0.0025406819860985456
 8.5460E-03,0.0008169868760508567
 8.6066E-03,-3.9552322319248105e-05
 8.6672E-03,-9.060456372650883e-06
 8.7278E-03,0.0008547323498396974
 8.7884E-03,0.0025424516181645623
 8.8491E-03,0.00502263796144337
 8.9097E-03,0.008149855997299935
 8.9703E-03,0.011755199733494889
 9.0309E-03,0.01572221946729815
 9.0915E-03,0.019897497048077608
 9.1521E-03,0.02405477318026008
 9.2127E-03,0.028003464329665533
 9.2733E-03,0.03161431539115896
 9.3339E-03,0.03472839532424865
 9.3945E-03,0.03717001288359898
 9.4552E-03,0.03884360826583126
 9.5158E-03,0.03971148237612238
 9.5764E-03,0.03971769420960656
 9.6370E-03,0.03883326118352121
 9.6976E-03,0.0371203889004777
 9.7582E-03,0.03467502129792047
 9.8188E-03,0.03157635131394427
 9.8794E-03,0.02794554354167247
 9.9400E-03,0.023969625087839598
 1.0001E-02,0.01982841720358017
 1.0061E-02,0.015674404242375414
 1.0122E-02,0.01168984655505885
 1.0182E-02,0.008075725288389032
 1.0243E-02,0.004983818852570324
 1.0304E-02,0.002526377164191114
 1.0364E-02,0.0008228232958661327
 1.0425E-02,-3.268699572015865e-05
 1.0486E-02,-1.7778414354785304e-05
 1.0546E-02,0.0008522182540098598
 1.0607E-02,0.0025566946179763177
 1.0667E-02,0.005030545938771183
 1.0728E-02,0.008146401154442522
 1.0789E-02,0.01176268723139567
 1.0849E-02,0.015739647814133836
 1.0910E-02,0.019903467056034584
 1.0970E-02,0.024054396617152352
 1.1031E-02,0.02801488721956195
 1.1092E-02,0.031627813941061254
 1.1152E-02,0.034728502166835123
 1.1213E-02,0.0371688257714978
 1.1273E-02,0.03885233416175955
 1.1334E-02,0.03971579658614534
 1.1395E-02,0.03971018017556287
 1.1455E-02,0.038829009688498194
 1.1516E-02,0.03712294058554891
 1.1577E-02,0.03466963366143597
 1.1637E-02,0.03156349892876195
 1.1698E-02,0.027939460258133198
 1.1758E-02,0.023967195164499418
 1.1819E-02,0.019817693885655886
 1.1880E-02,0.015661798854695562
 1.1940E-02,0.011685859017367012
 1.2001E-02,0.00807267756397442
 1.2061E-02,0.0049743010238083585
 1.2122E-02,0.002519896188336929
 1.2183E-02,0.0008246749928928889
 1.2243E-02,-3.2254364317034555e-05
 1.2304E-02,-2.1289372424618148e-05
 1.2364E-02,0.0008545637615470492
 1.2425E-02,0.0025649521556417006
 1.2486E-02,0.00503526360683682
 1.2546E-02,0.008149294267400579
 1.2607E-02,0.011771720764437289
 1.2667E-02,0.01575077104697959
 1.2728E-02,0.019909436878394866
 1.2789E-02,0.024059934276816138
 1.2849E-02,0.028024944252801533
 1.2910E-02,0.031636078052451305
 1.2971E-02,0.03473109790057983
 1.3031E-02,0.03717196584949295
 1.3092E-02,0.03885771362213633
 1.3152E-02,0.03971682073301302
 1.3213E-02,0.039706562871927205
 1.3274E-02,0.03882693268626353
 1.3334E-02,0.03712132250143943
 1.3395E-02,0.03466316377101122
 1.3455E-02,0.0315548047783802
 1.3516E-02,0.02793342756612224
 1.3577E-02,0.023960845592666712
 1.3637E-02,0.01980782192274489
 1.3698E-02,0.015652678072548384
 1.3758E-02,0.01168027597292521
 1.3819E-02,0.008066724978957374
 1.3880E-02,0.004966947281711039
 1.3940E-02,0.002515655265689941
 1.4001E-02,0.0008239924032508639
 1.4062E-02,-3.3341321945586826e-05
 1.4122E-02,-2.2068886860167504e-05
 1.4183E-02,0.0008577224511401113
 1.4243E-02,0.00257046928112176
 1.4304E-02,0.00503984926721175
 1.4365E-02,0.008154794197171352
 1.4425E-02,0.011780286918512933
 1.4486E-02,0.015759559739007875
 1.4546E-02,0.0199163833732188
 1.4607E-02,0.024067437407207227
 1.4668E-02,0.028033630820742044
 1.4728E-02,0.03164281290801352
 1.4789E-02,0.03473532923645001
 1.4849E-02,0.03717615568896388
 1.4910E-02,0.0388613084772871
 1.4971E-02,0.03971726742224928
 1.5031E-02,0.03970474688640099
 1.5092E-02,0.03882497180421284
 1.5152E-02,0.03711797961280401
 1.5213E-02,0.03465697793306359
 1.5274E-02,0.03154765825328744
 1.5334E-02,0.027926766180129278
 1.5395E-02,0.02395318456311056
 1.5456E-02,0.01979884007310335
 1.5516E-02,0.01564458464448669
 1.5577E-02,0.011673623931479438
 1.5637E-02,0.008060055375692942
 1.5698E-02,0.004960765618807651
 1.5759E-02,0.002511827020209815
 1.5819E-02,0.0008221229379229162
 1.5880E-02,-3.4538078701548615e-05
 1.5940E-02,-2.1701155790963786e-05
 1.6001E-02,0.000860731946749128
 1.6062E-02,0.002574951979447196
 1.6122E-02,0.0050448177706851
 1.6183E-02,0.008161183195477992
 1.6243E-02,0.011788295099368143
 1.6304E-02,0.015767645005029658
 1.6365E-02,0.01992401570747582
 1.6425E-02,0.024075441754919845
 1.6486E-02,0.02804155636131397
 1.6547E-02,0.031649250195876
 1.6607E-02,0.03474033886005713
 1.6668E-02,0.037180438773643805
 1.6728E-02,0.038864145434171146
 1.6789E-02,0.03971779607442835
 1.6850E-02,0.03970361616401378
 1.6910E-02,0.038822768100471666
 1.6971E-02,0.03711404363402807
 1.7031E-02,0.03465115198275784
 1.7092E-02,0.03154098073659012
 1.7153E-02,0.02791965526315761
 1.7213E-02,0.02394518464464203
 1.7274E-02,0.019790357422673707
 1.7334E-02,0.01563669553016202
 1.7395E-02,0.011666458366430285
 1.7456E-02,0.008053314429733031
 1.7516E-02,0.004955086775694059
 1.7577E-02,0.002507956722909491
 1.7638E-02,0.0008197970913609224
 1.7698E-02,-3.558524686630526e-05
 1.7759E-02,-2.0932574072008018e-05
 1.7819E-02,0.0008635162967183025
 1.7880E-02,0.0025791157312311385
 1.7941E-02,0.00505007559474506
 1.8001E-02,0.008167810093461472
 1.8062E-02,0.011795981168373253
 1.8122E-02,0.01577558330203818
 1.8183E-02,0.01993198482180388
 1.8244E-02,0.02408350581057383
 1.8304E-02,0.02804915018623025
 1.8365E-02,0.031655704784949265
 1.8425E-02,0.03474565108630134
 1.8486E-02,0.03718462995198902
 1.8547E-02,0.038866713625192874
 1.8607E-02,0.03971846666551261
 1.8668E-02,0.03970269763240489
 1.8728E-02,0.03882037483664743
 1.8789E-02,0.037109945674434576
 1.8850E-02,0.034645535293996776
 1.8910E-02,0.031534401558667935
 1.8971E-02,0.027912321010478504
 1.9032E-02,0.023937141002076553
 1.9092E-02,0.01978209309472475
 1.9153E-02,0.01562879742214996
 1.9213E-02,0.011659091257615812
 1.9274E-02,0.008046630597528675
 1.9335E-02,0.0049495879301994184
 1.9395E-02,0.0025039966234012387
 1.9456E-02,0.0008173282545108794
 1.9516E-02,-3.650955681288855e-05
 1.9577E-02,-2.005142791622661e-05
 1.9638E-02,0.0008661659067024034
 1.9698E-02,0.002583210232086619
 1.9759E-02,0.005055480726706927
 1.9819E-02,0.008174472738712186
 1.9880E-02,0.011803524441124003
 1.9941E-02,0.01578352340132224
 2.0001E-02,0.019940088997024867
 2.0062E-02,0.02409153741457777
 2.0123E-02,0.028056623840578467
 2.0183E-02,0.03166221526704392
 2.0244E-02,0.03475105944468169
 2.0304E-02,0.03718874156698037
 2.0365E-02,0.03886920430966279
 2.0426E-02,0.03971922348472303
 2.0486E-02,0.03970182507665152
 2.0547E-02,0.0388178832655642
 2.0607E-02,0.0371058209303609
 2.0668E-02,0.03464001114553906
 2.0729E-02,0.03152782091746797
 2.0789E-02,0.0279048960108298
 2.0850E-02,0.02392911663818869
 2.0910E-02,0.019773907893484606
 2.0971E-02,0.015620862867900296
 2.1032E-02,0.011651659462313241
 2.1092E-02,0.008039998435653653
 2.1153E-02,0.004944141998035773
 2.1213E-02,0.0024999810199445526
 2.1274E-02,0.0008148282945224269
 2.1335E-02,-3.736809449781243e-05
 2.1395E-02,-1.9148976085215956e-05
 2.1456E-02,0.0008687561351380369
 2.1517E-02,0.0025873052431887675
 2.1577E-02,0.005060947910051874
 2.1638E-02,0.008181126335577774
 2.1698E-02,0.011811016032867338
 2.1759E-02,0.01579148697342512
 2.1820E-02,0.019948237972405254
 2.1880E-02,0.024099536919489368
 2.1941E-02,0.02806406161329108
 2.2001E-02,0.03166876143222735
 2.2062E-02,0.03475648913451672
 2.2123E-02,0.03719280954022655
 2.2183E-02,0.03887167898183786
 2.2244E-02,0.03972001822893601
 2.2304E-02,0.03970095172530111
 2.2365E-02,0.03881534935809381
 2.2426E-02,0.03710170022134446
 2.2486E-02,0.03463451992422773
 2.2547E-02,0.03152122387081565
 2.2608E-02,0.027897439949992216
 2.2668E-02,0.02392111211138456
 2.2729E-02,0.019765745904937355
 2.2789E-02,0.01561290438782318
 2.2850E-02,0.011644212832614662
 2.2911E-02,0.00803339506718961
 2.2971E-02,0.00493870773855995
 2.3032E-02,0.002495941224379838
 2.3092E-02,0.0008123293197734979
 2.3153E-02,-3.81970342397572e-05
 2.3214E-02,-1.824668308199882e-05
 2.3274E-02,0.0008713261787745727
 2.3335E-02,0.0025914122890561392
 2.3395E-02,0.005066437986781167
 2.3456E-02,0.008187769180110271
 2.3517E-02,0.011818493120189153
 2.3577E-02,0.015799466967067282
 2.3638E-02,0.01995639813839775
 2.3699E-02,0.02410751810578867
 2.3759E-02,0.02807149113795259
 2.3820E-02,0.03167532320895609
 2.3880E-02,0.034761918168354014
 2.3941E-02,0.03719685718626835
 2.4002E-02,0.038874152351556814
 2.4062E-02,0.03972082515237041
 2.4123E-02,0.039700069259171536
 2.4183E-02,0.0388127985971563
 2.4244E-02,0.03709758472916508
 2.4305E-02,0.03462903670541001
 2.4365E-02,0.03151461443174449
 2.4426E-02,0.027889974821586984
 2.4486E-02,0.02391311831449927
 2.4547E-02,0.019757588516279602
 2.4608E-02,0.015604934925797696
 2.4668E-02,0.011636766108622295
 2.4729E-02,0.008026805208036036
 2.4789E-02,0.004933274976119149
 2.4850E-02,0.0024918940027625195
 2.4911E-02,0.0008098370843219187
 2.4971E-02,-3.901352194615141e-05
 2.5032E-02,-1.7346314780121483e-05
 2.5093E-02,0.0008738920759675091
 2.5153E-02,0.0025955287447907266
 2.5214E-02,0.0050719357651570224
 2.5274E-02,0.008194406468695025
 2.5335E-02,0.011825968173675934
 2.5396E-02,0.01580745530150713
 2.5456E-02,0.019964559593088755
 2.5517E-02,0.024115491042479318
 2.5577E-02,0.02807891980089403
 2.5638E-02,0.03168189000218113
 2.5699E-02,0.034767342685191854
 2.5759E-02,0.037200895942951395
 2.5820E-02,0.038876625946657355
 2.5880E-02,0.039721633702487456
 2.5941E-02,0.03969917923722692
 2.6002E-02,0.03881024108042069
 2.6062E-02,0.03709347118831977
 2.6123E-02,0.03462355324316405
 2.6184E-02,0.03150799794763069
 2.6244E-02,0.027882507395424166
 2.6305E-02,0.023905128827344593
 2.6365E-02,0.019749430917985852
 2.6426E-02,0.015596961610798665
 2.6487E-02,0.01162932211192158
 2.6547E-02,0.00802022139721556
 2.6608E-02,0.004927842570425332
 2.6668E-02,0.002487846355076361
 2.6729E-02,0.0008073507464495058
 2.6790E-02,-3.982427371077902e-05
 2.6850E-02,-1.644585347768916e-05
 2.6911E-02,0.00087645945556579
 2.6971E-02,0.0025996513154647083
 2.7032E-02,0.005077436665176571
 2.7093E-02,0.008201042325764456
 2.7153E-02,0.011833444550157645
 2.7214E-02,0.015815447355634695
 2.7274E-02,0.019972720291272075
 2.7335E-02,0.024123460613452764
 2.7396E-02,0.028086348509676604
 2.7456E-02,0.03168845716501597
 2.7517E-02,0.03477276306703985
 2.7578E-02,0.03720493023607114
 2.7638E-02,0.03887909852869132
 2.7699E-02,0.039722440170040264
 2.7759E-02,0.03969828388607511
 2.7820E-02,0.038807680063541766
 2.7881E-02,0.03708935714502335
 2.7941E-02,0.034618067502651936
 2.8002E-02,0.0315013776369878
 2.8062E-02,0.02787503920705408
 2.8123E-02,0.023897140516792474
 2.8184E-02,0.019741272477593753
 2.8244E-02,0.01558898746695513
 2.8305E-02,0.011621880564728349
 2.8365E-02,0.008013640619974527
 2.8426E-02,0.004922411227509121
 2.8487E-02,0.0024838007388571157
 2.8547E-02,0.000804868911260425
 2.8608E-02,-4.0631414662574525e-05
 2.8669E-02,-1.554360010803531e-05
 2.8729E-02,0.0008790298875647783
 2.8790E-02,0.0026037780794787887
 2.8850E-02,0.005082939751353994
 2.8911E-02,0.008207678917686853
 2.8972E-02,0.011840922789245163
 2.9032E-02,0.01582344108311754
 2.9093E-02,0.01998088021232214
 2.9153E-02,0.024131428645321813
 2.9214E-02,0.02809377666026014
 2.9275E-02,0.031695022841784166
 2.9335E-02,0.03477817997786541
 2.9396E-02,0.03720896129991692
 2.9456E-02,0.038881568836571186
 2.9517E-02,0.039723243335982525
 2.9578E-02,0.039697384290712304
 2.9638E-02,0.03880511600728879
 2.9699E-02,0.037085240999120764
 2.9760E-02,0.03461257893985437
 2.9820E-02,0.03149475468513024
 2.9881E-02,0.027867570126624018
 2.9941E-02,0.02388915202671727
 3.0002E-02,0.019733113452047556
 3.0063E-02,0.015581013618026416
 3.0123E-02,0.011614440943646826
 3.0184E-02,0.008007061960918407
 3.0244E-02,0.004916981702536596
 3.0305E-02,0.0024797579319386794
 3.0366E-02,0.0008023908198700907
 3.0426E-02,-4.143534782687975e-05
 3.0487E-02,-1.463859066505186e-05
 3.0547E-02,0.0008816036684559165
 3.0608E-02,0.0026079081585115215
 3.0669E-02,0.005088444993332957
 3.0729E-02,0.00821431709524493
 3.0790E-02,0.011848402746329284
 3.0850E-02,0.015831435767947773
 3.0911E-02,0.01998903974258687
 3.0972E-02,0.02413939583565165
 3.1032E-02,0.028101203854058905
 3.1093E-02,0.03170158658657314
 3.1154E-02,0.03478359399024585
 3.1214E-02,0.03721298948909011
 3.1275E-02,0.03888403629392906
 3.1335E-02,0.03972404302131423
 3.1396E-02,0.03969648102797265
 3.1457E-02,0.038802548904089476
 3.1517E-02,0.037081122121762115
 3.1578E-02,0.03460708757338118
 3.1638E-02,0.03148812952083121
 3.1699E-02,0.027860099889033617
 3.1760E-02,0.02388116290531333
 3.1820E-02,0.019724954145097617
 3.1881E-02,0.015573040445171495
 3.1941E-02,0.011607002980104173
 3.2002E-02,0.008000485290367027
 3.2063E-02,0.004911554481877131
 3.2123E-02,0.0024757181642298485
 3.2184E-02,0.0007999161851659732
 3.2245E-02,-4.223599768287333e-05
 3.2305E-02,-1.3730337156679446e-05
 3.2366E-02,0.0008841808593751637
 3.2426E-02,0.0026120413154374776
 3.2487E-02,0.005093952589480413
 3.2548E-02,0.008220957181792308
 3.2608E-02,0.01185588424338005
 3.2669E-02,0.015839431175875527
 3.2729E-02,0.019997199101228446
 3.2790E-02,0.024147362347516424
 3.2851E-02,0.028108629855562572
 3.2911E-02,0.03170814833399412
 3.2972E-02,0.03478900540595237
 3.3032E-02,0.03721701489419191
 3.3093E-02,0.038886500723588284
 3.3154E-02,0.03972483933228076
 3.3214E-02,0.03969557441931491
 3.3275E-02,0.038799978803398034
 3.3336E-02,0.037077000473323914
 3.3396E-02,0.034601593675526475
 3.3457E-02,0.03148150243423595
 3.3517E-02,0.02785262846260799
 3.3578E-02,0.023873173130862933
 3.3639E-02,0.019716794775650102
 3.3699E-02,0.015565068042480687
 3.3760E-02,0.011599566520203412
 3.3820E-02,0.007993910593408112
 3.3881E-02,0.004906129730448941
 3.3942E-02,0.002471681412606376
 3.4002E-02,0.0007974448372337613
 3.4063E-02,-4.303335130750722e-05
 3.4123E-02,-1.2818757507988822e-05
 3.4184E-02,0.0008867613379502018
 3.4245E-02,0.002616177408693189
 3.4305E-02,0.005099462607353569
 3.4366E-02,0.008227599230131296
 3.4426E-02,0.01186336714311825
 3.4487E-02,0.015847427210087375
 3.4548E-02,0.020005358328589823
 3.4608E-02,0.024155328118101116
 3.4669E-02,0.02811605447395242
 3.4730E-02,0.03171470801160618
 3.4790E-02,0.03479441425102746
 3.4851E-02,0.03722103742299313
 3.4911E-02,0.03888896198705902
 3.4972E-02,0.03972563226587392
 3.5033E-02,0.039694664478514885
 3.5093E-02,0.0387974055887157
 3.5154E-02,0.03707287595864737
 3.5214E-02,0.03459609728620434
 3.5275E-02,0.03147487343778912
 3.5336E-02,0.02784515576151386
 3.5396E-02,0.02386518268194263
 3.5457E-02,0.019708635406327994
 3.5517E-02,0.015557096386184773
 3.5578E-02,0.011592131459521138
 3.5639E-02,0.007987337833730629
 3.5699E-02,0.004900707440895893
 3.5760E-02,0.0024676475755087755
 3.5821E-02,0.0007949766517819001
 3.5881E-02,-4.38274561796884e-05
 3.5942E-02,-1.1903916833483222e-05
 3.6002E-02,0.0008893449470654168
 3.6063E-02,0.00262031630166635
 3.6124E-02,0.005104974993462177
 3.6184E-02,0.008234243176067699
 3.6245E-02,0.0118708513588486
 3.6305E-02,0.01585542386823386
 3.6366E-02,0.020013517494284292
 3.6427E-02,0.024163293178937704
 3.6487E-02,0.028123477719645393
 3.6548E-02,0.03172126568651665
 3.6608E-02,0.03479982059514497
 3.6669E-02,0.03722505707141629
 3.6730E-02,0.03889142006864812
 3.6790E-02,0.03972642185499827
 3.6851E-02,0.03969375121918131
 3.6911E-02,0.038794829212319415
 3.6972E-02,0.037068748536922144
 3.7033E-02,0.03459059839359539
 3.7093E-02,0.03146824248619492
 3.7154E-02,0.02783768171317814
 3.7215E-02,0.02385719152762089
 3.7275E-02,0.019700476033892463
 3.7336E-02,0.015549125442949242
 3.7396E-02,0.01158469776035771
 3.7457E-02,0.007980767012953058
 3.7518E-02,0.004895287614105031
 3.7578E-02,0.0024636166184766033
 3.7639E-02,0.0007925116081894099
 3.7699E-02,-4.461828839529675e-05
 3.7760E-02,-1.0985790044709223e-05
 3.7821E-02,0.0008919316974509953
 3.7881E-02,0.002624458028587149
 3.7942E-02,0.005110489798451533
 3.8002E-02,0.008240889040549634
 3.8063E-02,0.01187833689473374
 3.8124E-02,0.01586342118294001
 3.8184E-02,0.02002167664625055
 3.8245E-02,0.024171257560633482
 3.8306E-02,0.02813089962648729
 3.8366E-02,0.0317278214180509
 3.8427E-02,0.034805224493583045
 3.8487E-02,0.0372290738721575
 3.8548E-02,0.03889387500818146
 3.8609E-02,0.039727208159469854
 3.8669E-02,0.039692834697340224
 3.8730E-02,0.03879224972659496
 3.8790E-02,0.03706461827820127
 3.8851E-02,0.034585097069799474
 3.8912E-02,0.03146160962341398
 3.8972E-02,0.027830206344135845
 3.9033E-02,0.023849199696728166
 3.9093E-02,0.01969231667387439
 3.9154E-02,0.015541155205667385
 3.9215E-02,0.011577265421999902
 3.9275E-02,0.007974198153714102
 3.9336E-02,0.0048898702758105005
 3.9397E-02,0.00245958856269574
 3.9457E-02,0.0007900497424815241
 3.9518E-02,-4.540579608483877e-05
 3.9578E-02,-1.0064327337750402e-05
 3.9639E-02,0.000894521641799789
 3.9700E-02,0.0026286026604384776
 3.9760E-02,0.005116007097215998
 3.9821E-02,0.008247536877329124
 3.9881E-02,0.011885823782844654
 3.9942E-02,0.015871419168761232
 4.0003E-02,0.020029835769317078
 4.0063E-02,0.02417922121708859
 4.0124E-02,0.02813832013890099
 4.0184E-02,0.031734375152226546
 4.0245E-02,0.03481062588820083
 4.0306E-02,0.03723308777016605
 4.0366E-02,0.038896326767876126
 4.0427E-02,0.03972799114878973
 4.0487E-02,0.03969191487148567
 4.0548E-02,0.03878966708676104
 4.0609E-02,0.0370604851510706
 4.0669E-02,0.03457959329274302
 4.0730E-02,0.03145497482893694
 4.0791E-02,0.027822729644045346
 4.0851E-02,0.023841207194407757
 4.0912E-02,0.019684157336430294
 4.0972E-02,0.015533185684220194
 4.1033E-02,0.011569834461089444
 4.1094E-02,0.007967631279137409
 4.1154E-02,0.0048844554472972255
 4.1215E-02,0.0024555634288978695
 4.1275E-02,0.0007875910797181423
 4.1336E-02,-4.618995871673824e-05
 4.1397E-02,-9.13952472701513e-06
 4.1457E-02,0.0008971147703308441
 4.1518E-02,0.0026327501819154624
 4.1578E-02,0.005121526869785127
 4.1639E-02,0.008254186664638835
 4.1700E-02,0.011893312009196268
 4.1760E-02,0.015879417820783
 4.1821E-02,0.020037994857926417
 4.1882E-02,0.024187184138159505
 4.1942E-02,0.028145739246756042
 4.2003E-02,0.031740926878012894
 4.2063E-02,0.03481602476137989
 4.2124E-02,0.037237098743112276
 4.2185E-02,0.038898775326029054
 4.2245E-02,0.03972877079899033
 4.2306E-02,0.03969099170958915
 4.2366E-02,0.03878708125403314
 4.2427E-02,0.037056349114687144
 4.2488E-02,0.03457408702229977
 4.2548E-02,0.03144833806773199
 4.2609E-02,0.027815251588912265
 4.2669E-02,0.02383321400949773
 4.2730E-02,0.019675998021043646
 4.2791E-02,0.01552521688715324
 4.2851E-02,0.011562404891885354
 4.2912E-02,0.007961066401373302
 4.2972E-02,0.004879043133003849
 4.3033E-02,0.002451541215712806
 4.3094E-02,0.0007851356161733998
 4.3154E-02,-4.697078286720034e-05
 4.3215E-02,-8.211392543669763e-06
 4.3276E-02,0.0008997110697102682
 4.3336E-02,0.002636900575018741
 4.3397E-02,0.005127049090699368
 4.3457E-02,0.008260838372454008
 4.3518E-02,0.011900801547683037
 4.3579E-02,0.015887417123828147
 4.3639E-02,0.020046153910454355
 4.3700E-02,0.024195146336353526
 4.3760E-02,0.028153156975277895
 4.3821E-02,0.03174747662921899
 4.3882E-02,0.0348214211508545
 4.3942E-02,0.037241106828705274
 4.4003E-02,0.03890122071745286
 4.4063E-02,0.0397295471435558
 4.4124E-02,0.0396900652502875
 4.4185E-02,0.03878449227589728
 4.4245E-02,0.03705221022060879
 4.4306E-02,0.034568578306451034
 4.4367E-02,0.031441699380458515
 4.4427E-02,0.02780777221091245
 4.4488E-02,0.023825220163263813
 4.4548E-02,0.019667838736405967
 4.4609E-02,0.015517248812679392
 4.4670E-02,0.011554976705967175
 4.4730E-02,0.007954503507597181
 4.4791E-02,0.004873633316398855
 4.4851E-02,0.0024475219035223926
 4.4912E-02,0.0007826833295778515
 4.4973E-02,-4.774829207324256e-05
 4.5033E-02,-7.27995142546689e-06
 4.5094E-02,0.0009023105270475704
 4.5154E-02,0.002641053835855529
 4.5215E-02,0.005132573761885237
 4.5276E-02,0.008267492003637987
 4.5336E-02,0.01190829239755826
 4.5397E-02,0.015895417070781202
 4.5457E-02,0.020054312914587164
 4.5518E-02,0.024203107798394588
 4.5579E-02,0.028160573313302913
 4.5639E-02,0.031754024397333484
 4.5700E-02,0.03482681505150436
 4.5761E-02,0.037245112026933466
 4.5821E-02,0.038903662946768176
 4.5882E-02,0.03973032018881691
 4.5942E-02,0.03968913550029156
 4.6003E-02,0.038781900161120826
 4.6064E-02,0.037048068480774965
 4.6124E-02,0.034563067158036614
 4.6185E-02,0.031435058777903466
 4.6245E-02,0.027800291517813974
 4.6306E-02,0.023817225659943844
 4.6367E-02,0.01965967948135167
 4.6427E-02,0.015509281453039207
 4.6488E-02,0.011547549890584406
 4.6548E-02,0.007947942583201362
 4.6609E-02,0.004868225983726205
 4.6670E-02,0.0024435054806256655
 4.6730E-02,0.0007802342096124646
 4.6791E-02,-4.8522497386828075e-05
 4.6852E-02,-6.345214587441005e-06
 4.6912E-02,0.0009049131282287117
 4.6973E-02,0.002645209952881325
 4.7033E-02,0.005138100877947779
 4.7094E-02,0.008274147560943601
 4.7155E-02,0.011915784568854702
 4.7215E-02,0.015903417674947174
 4.7276E-02,0.02006247188188426
 4.7336E-02,0.024211068531021878
 4.7397E-02,0.02816798826186093
 4.7458E-02,0.0317605701771489
 4.7518E-02,0.03483220645186086
 4.7579E-02,0.03724911432244958
 4.7639E-02,0.038906101998694056
 4.7700E-02,0.03973108992027642
 4.7761E-02,0.03968820244192689
 4.7821E-02,0.03877930488523929
 4.7882E-02,0.03704392386511445
 4.7943E-02,0.034557553545681075
 4.8003E-02,0.031428416231137304
 4.8064E-02,0.02779280948556061
 4.8124E-02,0.02380923048208434
 4.8185E-02,0.01965152024629659
 4.8246E-02,0.015501314806591088
 4.8306E-02,0.011540124450372453
 4.8367E-02,0.007941383636456877
 4.8427E-02,0.004862821145123412
 4.8488E-02,0.00243949195938956
 4.8549E-02,0.0007777882722604017
 4.8609E-02,-4.92933787746301e-05
 4.8670E-02,-5.407159660229425e-06
 4.8730E-02,0.0009075188945420159
 4.8791E-02,0.0026493689428183035
 4.8852E-02,0.00514363044959467
 4.8912E-02,0.008280805050790884
 4.8973E-02,0.011923278067270646
 4.9033E-02,0.015911418944021885
 4.9094E-02,0.020070630822184944
 4.9155E-02,0.024219028544523416
 4.9215E-02,0.028175401830146298
 4.9276E-02,0.03176711397611231
 4.9337E-02,0.03483759535728802
 4.9397E-02,0.037253113718102776
 4.9458E-02,0.038908537873859166
 4.9518E-02,0.039731856338295395
 4.9579E-02,0.03968726607771212
 4.9640E-02,0.038776706453505644
 4.9700E-02,0.03703977637977143
 4.9761E-02,0.034552037474912416
 4.9821E-02,0.031421771745456725
 4.9882E-02,0.027785326119578565
 4.9943E-02,0.023801234634669363
 5.0003E-02,0.019643361036200086
 5.0064E-02,0.015493348880590839
 5.0124E-02,0.011532700396357901
 5.0185E-02,0.007934826681133513
 5.0246E-02,0.004857418815299901
 5.0306E-02,0.0024354813545143074
 5.0367E-02,0.0007753455322145701
 5.0428E-02,-5.0060921009589766e-05
 5.0488E-02,-4.465769935184488e-06
 5.0549E-02,0.0009101278441911069
 5.0609E-02,0.0026535308231080347
 5.0670E-02,0.00514916248987707
 5.0731E-02,0.008287464478564798
 5.0791E-02,0.011930772888973526
 5.0852E-02,0.015919420865753306
 5.0912E-02,0.020078789718060718
 5.0973E-02,0.024226987820346664
 5.1034E-02,0.02818281400121461
 5.1094E-02,0.03177365578056823
 5.1155E-02,0.034842981759006575
 5.1215E-02,0.037257110210283176
 5.1276E-02,0.03891097057115955
 5.1337E-02,0.03973261944125868
 5.1397E-02,0.03968632640623885
 5.1458E-02,0.03877410486792959
 5.1519E-02,0.037035626031558196
 5.1579E-02,0.03454651895599056
 5.1640E-02,0.031415125332819295
 5.1700E-02,0.0277778414323516
 5.1761E-02,0.023793238129489077
 5.1822E-02,0.019635201860907774
 5.1882E-02,0.015485383681779966
 5.1943E-02,0.011525277731649821
 5.2003E-02,0.007928271717405157
 5.2064E-02,0.004852018992657709
 5.2125E-02,0.0024314736626817406
 5.2185E-02,0.000772905982760038
 5.2246E-02,-5.082513593162338e-05
 5.2306E-02,-3.521062290383025e-06
 5.2367E-02,0.0009127399573740371
 5.2428E-02,0.002657695574227616
 5.2488E-02,0.005154696982213063
 5.2549E-02,0.008294125831672503
 5.2609E-02,0.011938269024496493
 5.2670E-02,0.01592742343229346
 5.2731E-02,0.020086948562613977
 5.2791E-02,0.024234946352792195
 5.2852E-02,0.0281902247708912
 5.2913E-02,0.03178019558770867
 5.2973E-02,0.034848365655256376
 5.3034E-02,0.03726110379825306
 5.3094E-02,0.03891340009092344
 5.3155E-02,0.03973337922968849
 5.3216E-02,0.03968538342637726
 5.3276E-02,0.03877150012452173
 5.3337E-02,0.03703147281454087
 5.3397E-02,0.03454099798291246
 5.3458E-02,0.031408476987976455
 5.3519E-02,0.027770355419501003
 5.3579E-02,0.023785240963765678
 5.3640E-02,0.019627042719376757
 5.3700E-02,0.015477419209146826
 5.3761E-02,0.01151785645321369
 5.3822E-02,0.0079217187396007
 5.3882E-02,0.004846621669452211
 5.3943E-02,0.0024274688746297153
 5.4004E-02,0.0007704696135143645
 5.4064E-02,-5.15860346929196e-05
 5.4125E-02,-2.573048788956176e-06
 5.4185E-02,0.0009153552208781912
 5.4246E-02,0.0026618631824893886
 5.4307E-02,0.005160233914510596
 5.4367E-02,0.008300789102023013
 5.4428E-02,0.011945766471606898
 5.4488E-02,0.01593542664803191
 5.4549E-02,0.02009510736583531
 5.4610E-02,0.024242904155064277
 5.4670E-02,0.02819763415325506
 5.4731E-02,0.03178673341092933
 5.4791E-02,0.034853747057458334
 5.4852E-02,0.03726509449060358
 5.4913E-02,0.038915826440065214
 5.4973E-02,0.039734135711636746
 5.5034E-02,0.03968443714851257
 5.5094E-02,0.03876889223428006
 5.5155E-02,0.03702731673807832
 5.5216E-02,0.03453547456255199
 5.5276E-02,0.03140182671519626
 5.5337E-02,0.02776286808262668
 5.5398E-02,0.02377724313651672
 5.5458E-02,0.019618883608779315
 5.5519E-02,0.015469455459264527
 5.5579E-02,0.01151043655820904
 5.5640E-02,0.007915167745891901
 5.5701E-02,0.004841226844490834
 5.5761E-02,0.0024234669896371157
 5.5822E-02,0.0007680364251361177
 5.5882E-02,-5.234361379900354e-05
 5.5943E-02,-1.6217223302015561e-06
 5.6004E-02,0.0009179736447976067
 5.6064E-02,0.00266603365933206
 5.6125E-02,0.005165773297423095
 5.6185E-02,0.008307454297767677
 5.6246E-02,0.011953265235210116
 5.6307E-02,0.015943430514742812
 5.6367E-02,0.02010326612691211
 5.6428E-02,0.024250861224397586
 5.6489E-02,0.028205042144202924
 5.6549E-02,0.031793269245392095
 5.6610E-02,0.03485912596063394
 5.6670E-02,0.03726908228276348
 5.6731E-02,0.03891824961458148
 5.6792E-02,0.03973488888360048
 5.6852E-02,0.039683487570125194
 5.6913E-02,0.03876628119670201
 5.6973E-02,0.03702315780390576
 5.7034E-02,0.034529948697847986
 5.7095E-02,0.0313951745176928
 5.7155E-02,0.02775537942489511
 5.7216E-02,0.023769244650465322
 5.7276E-02,0.019610724530811488
 5.7337E-02,0.015461492433273615
 5.7398E-02,0.011503018048444738
 5.7458E-02,0.00790861873945783
 5.7519E-02,0.004835834522258378
 5.7579E-02,0.0024194680132046003
 5.7640E-02,0.0007656064237907499
 5.7701E-02,-5.309786710838639e-05
 5.7761E-02,-6.670772978819884e-07
 5.7822E-02,0.0009205952343560507
 5.7883E-02,0.002670207009777306
 5.7943E-02,0.005171315135384949
 5.8004E-02,0.008314121421854028
 5.8064E-02,0.011960765315825843
 5.8125E-02,0.015951435029776237
 5.8186E-02,0.020111424839950365
 5.8246E-02,0.024258817552506272
 5.8307E-02,0.02821244873429505
 5.8367E-02,0.031799803081395926
 5.8428E-02,0.034864502355556846
 5.8489E-02,0.03727306716671577
 5.8549E-02,0.03892066960755758
 5.8610E-02,0.03973563873821418
 5.8670E-02,0.03968253468196885
 5.8731E-02,0.03876366700100855
 5.8792E-02,0.03701899600131311
 5.8852E-02,0.03452442037962872
 5.8913E-02,0.03138852038873248
 5.8974E-02,0.027747889442562002
 5.9034E-02,0.023761245505042775
 5.9095E-02,0.019602565487945738
 5.9155E-02,0.015453530135831135
 5.9216E-02,0.01149560092942155
 5.9277E-02,0.007902071725595216
 5.9337E-02,0.004830444707583637
 5.9398E-02,0.0024154719497832228
 5.9458E-02,0.0007631796131554694
 5.9519E-02,-5.384879248096031e-05
 5.9580E-02,2.9088625972931343e-07
 5.9640E-02,0.0009232199870979492
 5.9701E-02,0.0026743832293160685
 5.9761E-02,0.005176859422770656
 5.9822E-02,0.008320790468868668
 5.9883E-02,0.011968266709402271
 5.9943E-02,0.015959440191060735
 6.0004E-02,0.020119583504978895
 6.0065E-02,0.024266773141164717
 6.0125E-02,0.02821985392651681
 6.0186E-02,0.03180633492273157
 6.0246E-02,0.03486987624646688
 6.0307E-02,0.03727704914673466
 6.0368E-02,0.038923086423115726
 6.0428E-02,0.03973638527986392
 6.0489E-02,0.03968157848900277
 6.0549E-02,0.03876104965221391
 6.0610E-02,0.037014831334663656
 6.0671E-02,0.03451888961159963
 6.0731E-02,0.031381864331676446
 6.0792E-02,0.027740398138601997
 6.0852E-02,0.023753245702888004
 6.0913E-02,0.01959440648278741
 6.0974E-02,0.015445568569629406
 6.1034E-02,0.011488185203529806
 6.1095E-02,0.007895526705932718
 6.1155E-02,0.004825057401094738
 6.1216E-02,0.002411478798879711
 6.1277E-02,0.0007607559917424849
 6.1337E-02,-5.4596391909849046e-05
 6.1398E-02,1.2521663958628621e-06
 6.1459E-02,0.0009258479012827799
 6.1519E-02,0.002678562316161879
 6.1580E-02,0.005182406157549715
 6.1640E-02,0.008327461436486112
 6.1701E-02,0.011975769413408272
 6.1762E-02,0.015967445996274053
 6.1822E-02,0.020127742120339513
 6.1883E-02,0.024274727989625492
 6.1943E-02,0.02822725772098688
 6.2004E-02,0.031812864770295296
 6.2065E-02,0.034875247634979636
 6.2125E-02,0.03728102822490452
 6.2186E-02,0.03892550006367254
 6.2246E-02,0.039737128511725756
 6.2307E-02,0.03968061899597775
 6.2368E-02,0.03875842915690264
 6.2428E-02,0.037010663811722334
 6.2489E-02,0.034513356401634034
 6.2550E-02,0.03137520635353266
 6.2610E-02,0.027732905518551995
 6.2671E-02,0.02374524524764974
 6.2731E-02,0.01958624751691142
 6.2792E-02,0.015437607734316655
 6.2853E-02,0.011480770869056417
 6.2913E-02,0.007888983678091635
 6.2974E-02,0.004819672600082328
 6.3034E-02,0.002407488557439955
 6.3095E-02,0.0007583355560688394
 6.3156E-02,-5.534066920931456e-05
 6.3216E-02,2.216759245487194e-06
 6.3277E-02,0.0009284789734164266
 6.3337E-02,0.0026827442676512978
 6.3398E-02,0.005187955337987563
 6.3459E-02,0.008334134323575952
 6.3519E-02,0.011983273426731039
 6.3580E-02,0.015975452443724263
 6.3641E-02,0.020135900683506174
 6.3701E-02,0.024282682094653386
 6.3762E-02,0.02823466011400782
 6.3822E-02,0.031819392620093735
 6.3883E-02,0.03488061651693519
 6.3944E-02,0.03728500439720192
 6.4004E-02,0.03892791052556656
 6.4065E-02,0.03973786843029913
 6.4125E-02,0.03967965619909422
 6.4186E-02,0.03875580551095887
 6.4247E-02,0.0370064934285923
 6.4307E-02,0.034507820746467424
 6.4368E-02,0.03136854645176377
 6.4428E-02,0.02772541158063968
 6.4489E-02,0.023737244138373643
 6.4550E-02,0.019578088589972932
 6.4610E-02,0.015429647629761562
 6.4671E-02,0.011473357925867438
 6.4731E-02,0.007882442641900172
 6.4792E-02,0.004814290304419126
 6.4853E-02,0.0024035012254523844
 6.4913E-02,0.000755918306275298
 6.4974E-02,-5.608162423631979e-05
 6.5035E-02,3.1846646391129607e-06
 6.5095E-02,0.0009311132027439711
 6.5156E-02,0.00268692908249616
 6.5216E-02,0.005193506962639708
 6.5277E-02,0.008340809128939568
 6.5338E-02,0.011990778748804288
 6.5398E-02,0.015983459533643978
 6.5459E-02,0.020144059195288076
 6.5519E-02,0.02429063545720464
 6.5580E-02,0.028242061106471622
 6.5641E-02,0.031825918472865686
 6.5701E-02,0.0348859828927299
 6.5762E-02,0.03728897766359777
 6.5822E-02,0.03893031780862249
 6.5883E-02,0.0397386050355562
 6.5944E-02,0.03967869009824639
 6.6004E-02,0.038753178713801635
 6.6065E-02,0.037002320184197204
 6.6126E-02,0.03450228264489284
 6.6186E-02,0.031361884625390406
 6.6247E-02,0.02771791632433424
 6.6307E-02,0.023729242375190106
 6.6368E-02,0.019569929702919996
 6.6429E-02,0.015421688257798718
 6.6489E-02,0.011465946376569391
 6.6550E-02,0.007875903600410527
 6.6610E-02,0.004808910517263884
 6.6671E-02,0.002399516806062772
 6.6732E-02,0.0007535042455968093
 6.6792E-02,-5.681925352164308e-05
 6.6853E-02,4.1558862347914415e-06
 6.6913E-02,0.0009337505928927069
 6.6974E-02,0.0026911167638311185
 6.7035E-02,0.005199061033653418
 6.7095E-02,0.008347485853562524
 6.7156E-02,0.011998285379582802
 6.7216E-02,0.01599146726527381
 6.7277E-02,0.02015221765458918
 6.7338E-02,0.024298588076142713
 6.7398E-02,0.028249460697359827
 6.7459E-02,0.031832442327871385
 6.7520E-02,0.03489134676213866
 6.7580E-02,0.03729294802446406
 6.7641E-02,0.038932721913677804
 6.7701E-02,0.03973933832872798
 6.7762E-02,0.03967772069538224
 6.7823E-02,0.038750548768319806
 6.7883E-02,0.03699814408206968
 6.7944E-02,0.03449674210062949
 6.8004E-02,0.03135522087808177
 6.8065E-02,0.027710419753156048
 6.8126E-02,0.023721239961201592
 6.8186E-02,0.01956177085835696
 6.8247E-02,0.015413729620765577
 6.8307E-02,0.011458536223446544
 6.8368E-02,0.007869366555881004
 6.8429E-02,0.004803533240739892
 6.8489E-02,0.002395535301150647
 6.8550E-02,0.0007510933755144676
 6.8611E-02,-5.75535561737362e-05
 6.8671E-02,5.1304243825585e-06
 6.8732E-02,0.0009363911438666554
 6.8792E-02,0.002695307311452263
 6.8853E-02,0.005204617550619177
 6.8914E-02,0.00835416449664686
 6.8974E-02,0.01200579331759353
 6.9035E-02,0.015999475636259745
 6.9095E-02,0.020160376058241166
 6.9156E-02,0.024306539947854575
 6.9217E-02,0.02825685888296564
 6.9277E-02,0.03183896418155721
 6.9338E-02,0.03489670812200911
 6.9398E-02,0.037296915477291186
 6.9459E-02,0.03893512283881348
 6.9520E-02,0.03974006830819182
 6.9580E-02,0.03967674798897667
 6.9641E-02,0.03874791567324691
 6.9701E-02,0.0369939651215003
 6.9762E-02,0.03449119911360706
 6.9823E-02,0.03134855521035394
 6.9883E-02,0.02770292186806282
 6.9944E-02,0.02371323689774931
 7.0005E-02,0.01955361205784882
 7.0065E-02,0.015405771720125121
 7.0126E-02,0.011451127467539981
 7.0186E-02,0.007862831508860912
 7.0247E-02,0.004798158474960568
 7.0308E-02,0.0023915567103820223
 7.0368E-02,0.0007486856951094054
 7.0429E-02,-5.828453382869785e-05
 7.0489E-02,6.108276645159502e-06
 7.0550E-02,0.000939034852446494
 7.0611E-02,0.00269950072164573
 7.0671E-02,0.005210176509767904
 7.0732E-02,0.008360845054820291
 7.0792E-02,0.01201330256017584
 7.0853E-02,0.016007484644768463
 7.0914E-02,0.020168534405144156
 7.0974E-02,0.024314491071746155
 7.1035E-02,0.02826425566304302
 7.1096E-02,0.03184548403391513
 7.1156E-02,0.03490206697236943
 7.1217E-02,0.03730088002196021
 7.1277E-02,0.03893752058384846
 7.1338E-02,0.03974079497394691
 7.1399E-02,0.03967577197924
 7.1459E-02,0.038745279428799566
 7.1520E-02,0.036989783302625076
 7.1580E-02,0.03448565368404033
 7.1641E-02,0.031341887622582075
 7.1702E-02,0.027695422669552487
 7.1762E-02,0.023705233185477702
 7.1823E-02,0.01954545330220601
 7.1883E-02,0.015397814556735046
 7.1944E-02,0.011443720109553183
 7.2005E-02,0.007856298459724412
 7.2065E-02,0.004792786219934279
 7.2126E-02,0.002387581033393838
 7.2187E-02,0.0007462812037457623
 7.2247E-02,-5.9012187218643905e-05
 7.2308E-02,7.089442297743243e-06
 7.2368E-02,0.000941681717880677
 7.2429E-02,0.00270369699351637
 7.2490E-02,0.0052157379099711295
 7.2550E-02,0.008367527526767206
 7.2611E-02,0.012020813106016909
 7.2671E-02,0.016015494289708283
 7.2732E-02,0.020176692694593792
 7.2793E-02,0.02432244144755119
 7.2853E-02,0.028271651037715558
 7.2914E-02,0.0318520018853608
 7.2974E-02,0.03490742331388483
 7.3035E-02,0.03730484165932996
 7.3096E-02,0.038939915149805424
 7.3156E-02,0.039741518327316434
 7.3217E-02,0.039674792668032775
 7.3277E-02,0.03874264003742503
 7.3338E-02,0.036985598628216904
 7.3399E-02,0.034480105814684074
 7.3459E-02,0.03133521811730414
 7.3520E-02,0.027687922159907816
 7.3581E-02,0.02369722882624154
 7.3641E-02,0.019537294592775197
 7.3702E-02,0.015389858131549496
 7.3762E-02,0.011436314150290233
 7.3823E-02,0.007849767409242201
 7.3884E-02,0.0047874164763917395
 7.3944E-02,0.002383608270839681
 7.4005E-02,0.0007438799019462562
 7.4065E-02,-5.973651591630676e-05
 7.4126E-02,8.073921750993284e-06
 7.4187E-02,0.0009443317406644985
 7.4247E-02,0.0027078961276157756
 7.4308E-02,0.0052213017517490495
 7.4368E-02,0.008374211912747467
 7.4429E-02,0.012028324954817635
 7.4490E-02,0.016023504570100593
 7.4550E-02,0.020184850925025363
 7.4611E-02,0.02433039107329331
 7.4672E-02,0.028279045004764775
 7.4732E-02,0.03185851773364604
 7.4793E-02,0.034912777144512644
 7.4853E-02,0.03730880038774886
 7.4914E-02,0.03894230653549346
 7.4975E-02,0.03974223836747114
 7.5035E-02,0.0396738100547395
 7.5096E-02,0.03873999749867465
 7.5156E-02,0.036981411098136394
 7.5217E-02,0.03447455550578677
 7.5278E-02,0.031328546695109365
 7.5338E-02,0.027680420339974508
 7.5399E-02,0.023689223821162772
 7.5459E-02,0.019529135930881465
 7.5520E-02,0.015381902445966236
 7.5581E-02,0.01142890959114981
 7.5641E-02,0.007843238358841403
 7.5702E-02,0.004782049245721169
 7.5762E-02,0.0023796384239984443
 7.5823E-02,0.0007414817908357376
 7.5884E-02,-6.045751909524561e-05
 7.5944E-02,9.061715359958119e-06
 7.6005E-02,0.0009469849206007285
 7.6066E-02,0.00271209812330744
 7.6126E-02,0.005226868034190018
 7.6187E-02,0.008380898211722002
 7.6247E-02,0.01203583810555183
 7.6308E-02,0.016031515484932264
 7.6369E-02,0.020193009095292338
 7.6429E-02,0.0243383399476593
 7.6490E-02,0.02828643756277642
 7.6550E-02,0.03186503157733433
 7.6611E-02,0.0349181284628059
 7.6672E-02,0.03731275620585682
 7.6732E-02,0.03894469473978829
 7.6793E-02,0.039742955093527293
 7.6853E-02,0.03967282413857832
 7.6914E-02,0.03873735181183113
 7.6975E-02,0.036977220711775366
 7.7035E-02,0.03446900275698466
 7.7096E-02,0.03132187335602388
 7.7157E-02,0.02767291721021251
 7.7217E-02,0.023681218171116007
 7.7278E-02,0.019520977317800628
 7.7338E-02,0.015373947501622937
 7.7399E-02,0.01142150643392184
 7.7460E-02,0.007836711310196538
 7.7520E-02,0.004776684529358873
 7.7581E-02,0.0023756714940473657
 7.7641E-02,0.0007390868713303723
 7.7702E-02,-6.11751961253047e-05
 7.7763E-02,1.005282344544843e-05
 7.7823E-02,0.0009496412576344664
 7.7884E-02,0.002716302980054886
 7.7944E-02,0.0052324367561932695
 7.8005E-02,0.008387586422181854
 7.8066E-02,0.01204335255653411
 7.8126E-02,0.01603952703255465
 7.8187E-02,0.020201167203970888
 7.8248E-02,0.02434628806948637
 7.8308E-02,0.02829382871088659
 7.8369E-02,0.03187154341586407
 7.8429E-02,0.0349234772685253
 7.8490E-02,0.0373167091136733
 7.8551E-02,0.038947079762853
 7.8611E-02,0.039743668505880965
 7.8672E-02,0.03967183492038899
 7.8732E-02,0.03873470297821722
 7.8793E-02,0.036973027470822144
 7.8854E-02,0.034463447570175686
 7.8914E-02,0.0313151981020326
 7.8975E-02,0.027665412772610153
 7.9035E-02,0.02367321187797551
 7.9096E-02,0.01951281875521635
 7.9157E-02,0.015365993299969821
 7.9217E-02,0.011414104679867237
 7.9278E-02,0.00783018626435858
 7.9338E-02,0.0047713223280848
 7.9399E-02,0.002371707481416171
 7.9460E-02,0.0007366951434494005
 7.9520E-02,-6.188954734611979e-05
 7.9581E-02,1.1047245404151662e-05
 7.9642E-02,0.0009523007509802584
 7.9702E-02,0.002720510696944019
 7.9763E-02,0.005238007916741054
 7.9823E-02,0.008394276542873596
 7.9884E-02,0.01205086830619915
 7.9945E-02,0.016047539211143255
 8.0005E-02,0.020209325249149764
 8.0066E-02,0.024354235436971898
 8.0126E-02,0.028301218447477038
 8.0187E-02,0.03187805324790103
 8.0248E-02,0.03492882356069658
 8.0308E-02,0.03732065911062204
 8.0369E-02,0.038949461604479804
 8.0429E-02,0.03974437860459782
 8.0490E-02,0.039670842400516326
 8.0551E-02,0.03873205099854568
 8.0611E-02,0.0369688313763451
 8.0672E-02,0.0344578899466957
 8.0733E-02,0.031308520934641496
 8.0793E-02,0.02765790702872869
 8.0854E-02,0.023665204943269205
 8.0914E-02,0.019504660244523575
 8.0975E-02,0.015358039842195775
 8.1036E-02,0.011406704329855945
 8.1096E-02,0.007823663221900236
 8.1157E-02,0.004765962642234955
 8.1217E-02,0.002367746386204233
 8.1278E-02,0.0007343066070061202
 8.1339E-02,-6.260057333065704e-05
 8.1399E-02,1.2044980275249071e-05
 8.1460E-02,0.0009549633993816948
 8.1520E-02,0.002724721272532183
 8.1581E-02,0.005243581514363555
 8.1642E-02,0.008400968572454388
 8.1702E-02,0.01205838535335893
 8.1763E-02,0.016055552019612906
 8.1823E-02,0.02021748322975431
 8.1884E-02,0.024362182049043512
 8.1945E-02,0.028308606771535516
 8.2005E-02,0.03188456107249044
 8.2066E-02,0.03493416733844462
 8.2127E-02,0.03732460619593714
 8.2187E-02,0.03895184026414049
 8.2248E-02,0.039745085389475535
 8.2308E-02,0.039669846578966904
 8.2369E-02,0.03872939587290976
 8.2430E-02,0.03696463242853785
 8.2490E-02,0.03445232988690639
 8.2551E-02,0.03130184185438013
 8.2611E-02,0.02765039997927295
 8.2672E-02,0.02365719736790102
 8.2733E-02,0.01949650178678402
 8.2793E-02,0.015350087129412875
 8.2854E-02,0.011399305384992254
 8.2914E-02,0.007817142183840997
 8.2975E-02,0.004760605472662129
 8.3036E-02,0.002363788209066876
 8.3096E-02,0.0007319212624795617
 8.3157E-02,-6.330827373390066e-05
 8.3218E-02,1.3046028205791784e-05
 8.3278E-02,0.0009576292027074548
 8.3339E-02,0.00272893470641092
 8.3399E-02,0.0052491575483684175
 8.3460E-02,0.008407662510011075
 8.3521E-02,0.012065903697007701
 8.3581E-02,0.016063565456983713
 8.3642E-02,0.020225641144889173
 8.3702E-02,0.024370127904835732
 8.3763E-02,0.02831599368221504
 8.3824E-02,0.0318910668888523
 8.3884E-02,0.034939508601068994
 8.3945E-02,0.03732855036906865
 8.4005E-02,0.038954215741485894
 8.4066E-02,0.03974578886043489
 8.4127E-02,0.03966884745602112
 8.4187E-02,0.03872673760190301
 8.4248E-02,0.0369604306282403
 8.4309E-02,0.03444676739183032
 8.4369E-02,0.03129516086242281
 8.4430E-02,0.02764289162553595
 8.4490E-02,0.02364918915318833
 8.4551E-02,0.019488343383328374
 8.4612E-02,0.015342135162975805
 8.4672E-02,0.011391907846647353
 8.4733E-02,0.007810623151527308
 8.4793E-02,0.004755250820596021
 8.4854E-02,0.0023598329510603664
 8.4915E-02,0.0007295391107191352
 8.4975E-02,-6.401264791225294e-05
 8.5036E-02,1.4050389657856914e-05
 8.5096E-02,0.000960298161220087
 8.5157E-02,0.002733150998574049
 8.5218E-02,0.005254736018399259
 8.5278E-02,0.008414358354793625
 8.5339E-02,0.0120734233360105
 8.5399E-02,0.016071579521796296
 8.5460E-02,0.020233798992878443
 8.5521E-02,0.02437807300260915
 8.5581E-02,0.028323379177855976
 8.5642E-02,0.03189757069550949
 8.5703E-02,0.034944847347368205
 8.5763E-02,0.03733249162912165
 8.5824E-02,0.038956588035931945
 8.5884E-02,0.0397464890171609
 8.5945E-02,0.03966784503162667
 8.6006E-02,0.03872407618582586
 8.6066E-02,0.03695622597612187
 8.6127E-02,0.03444120246244477
 8.6187E-02,0.03128847795999475
 8.6248E-02,0.02763538196890638
 8.6309E-02,0.023641180300661545
 8.6369E-02,0.019480185035703125
 8.6430E-02,0.015334183944368113
 8.6490E-02,0.011384511716220135
 8.6551E-02,0.0078041061261927315
 8.6612E-02,0.004749898687065043
 8.6672E-02,0.002355880612963965
 8.6733E-02,0.0007271601522059214
 8.6794E-02,-6.471369576764032e-05
 8.6854E-02,1.505806431793885e-05
 8.6915E-02,0.0009629702742616978
 8.6975E-02,0.0027373701480645834
 8.7036E-02,0.005260316923291675
 8.7097E-02,0.008421056105474176
 8.7157E-02,0.012080944268924542
 8.7218E-02,0.0160795942125169
 8.7278E-02,0.020241956772123995
 8.7339E-02,0.024386017340827515
 8.7400E-02,0.02833076325704301
 8.7460E-02,0.03190407249123625
 8.7521E-02,0.03495018357635557
 8.7581E-02,0.037336429975396386
 8.7642E-02,0.03895895714705311
 8.7703E-02,0.0397471858594765
 8.7763E-02,0.03966683930583391
 8.7824E-02,0.038721411624922514
 8.7885E-02,0.0369520184726429
 8.7945E-02,0.03443563509946151
 8.8006E-02,0.03128179314804275
 8.8066E-02,0.027627871010552977
 8.8127E-02,0.023633170811601364
 8.8188E-02,0.019472026745296443
 8.8248E-02,0.015326233475004213
 8.8309E-02,0.011377116994958476
 8.8369E-02,0.007797591108860294
 8.8430E-02,0.004744549072854072
 8.8491E-02,0.002351931195276812
 8.8551E-02,0.0007247843871057917
 8.8612E-02,-6.541141746123022e-05
 8.8672E-02,1.606905170399594e-05
 8.8733E-02,0.0009656455410086128
 8.8794E-02,0.0027415921537738
 8.8854E-02,0.005265900261741513
 8.8915E-02,0.008427755760672659
 8.8975E-02,0.012088466494358616
 8.9036E-02,0.016087609527828298
 8.9097E-02,0.020250114481476133
 8.9157E-02,0.024393960918485995
 8.9218E-02,0.028338145918931874
 8.9279E-02,0.03191057227531899
 8.9339E-02,0.03495551728748036
 8.9400E-02,0.037340365407533035
 8.9460E-02,0.038961323074725274
 8.9521E-02,0.03974787938755287
 8.9582E-02,0.03966583027912314
 8.9642E-02,0.03871874391999627
 8.9703E-02,0.03694780811883264
 8.9763E-02,0.0344300653040479
 8.9824E-02,0.03127510642784578
 8.9885E-02,0.02762035875180035
 8.9945E-02,0.023625160687365483
 9.0006E-02,0.01946386851341511
 9.0066E-02,0.015318283756081578
 9.0127E-02,0.011369723683964526
 9.0188E-02,0.007791078100479417
 9.0248E-02,0.004739201978700588
 9.0309E-02,0.0023479846985131085
 9.0370E-02,0.0007224118156895377
 9.0430E-02,-6.610581296579245e-05
 9.0491E-02,1.708335162862712e-05
 9.0551E-02,0.0009683239610773146
 9.0612E-02,0.0027458170151161585
 9.0673E-02,0.005271486032939183
 9.0733E-02,0.008434457319377833
 9.0794E-02,0.012095990011149867
 9.0854E-02,0.016095625466456286
 9.0915E-02,0.020258272119602176
 9.0976E-02,0.024401903734267847
 9.1036E-02,0.0283455271622601
 9.1097E-02,0.03191707004665628
 9.1157E-02,0.03496084847983929
 9.1218E-02,0.037344297924844096
 9.1279E-02,0.038963685818521165
 9.1339E-02,0.03974856960125774
 9.1400E-02,0.03966481795170529
 9.1460E-02,0.038716073071540506
 9.1521E-02,0.036943594915470605
 9.1582E-02,0.034424493077249305
 9.1642E-02,0.03126841780060755
 9.1703E-02,0.027612845193950634
 9.1764E-02,0.02361714992929336
 9.1824E-02,0.019455710341376678
 9.1885E-02,0.015310334788861242
 9.1945E-02,0.011362331784395678
 9.2006E-02,0.007784567102091406
 9.2067E-02,0.0047338574054904495
 9.2127E-02,0.002344041123352657
 9.2188E-02,0.0007200424384015741
 9.2248E-02,-6.679688209970582e-05
 9.2309E-02,1.810096400203795e-05
 9.2370E-02,0.0009710055341135752
 9.2430E-02,0.0027500447315065013
 9.2491E-02,0.005277074236095
 9.2551E-02,0.008441160780593558
 9.2612E-02,0.01210351481812254
 9.2673E-02,0.016103642027086945
 9.2733E-02,0.020266429685087264
 9.2794E-02,0.024409845786730618
 9.2855E-02,0.028352906985658233
 9.2915E-02,0.03192356580398164
 9.2976E-02,0.03496617715233261
 9.3036E-02,0.03734822752648332
 9.3097E-02,0.03896604537785435
 9.3158E-02,0.03974925650026127
 9.3218E-02,0.0396638023234652
 9.3279E-02,0.03871339907970276
 9.3339E-02,0.036939378862960476
 9.3400E-02,0.03441891841968272
 9.3461E-02,0.03126172726719406
 9.3521E-02,0.02760533033809906
 9.3582E-02,0.02360913853864311
 9.3642E-02,0.01944755223052949
 9.3703E-02,0.015302386574698906
 9.3764E-02,0.011354941297573718
 9.3824E-02,0.007778058114896396
 9.3885E-02,0.0047285153542257295
 9.3946E-02,0.0023401004705551555
 9.4006E-02,0.0007176762557575557
 9.4067E-02,-6.748462459855087e-05
 9.4127E-02,1.912188877035532e-05
 9.4188E-02,0.0009736902597237459
 9.4249E-02,0.002754275302238469
 9.4309E-02,0.00528266487024994
 9.4370E-02,0.008447866143176623
 9.4430E-02,0.012111040913997156
 9.4491E-02,0.01611165920839001
 9.4552E-02,0.020274587176613464
 9.4612E-02,0.024417787074610644
 9.4673E-02,0.028360285387953047
 9.4733E-02,0.0319300595462874
 9.4794E-02,0.034971503304175124
 9.4855E-02,0.03735215421186966
 9.4915E-02,0.03896840175241597
 9.4976E-02,0.03974994008452956
 9.5036E-02,0.03966278339465757
 9.5097E-02,0.03871072194497575
 9.5158E-02,0.03693515996201338
 9.5218E-02,0.0344133413323251
 9.5279E-02,0.031255034828754934
 9.5340E-02,0.027597814185502542
 9.5400E-02,0.023601126516758608
 9.5461E-02,0.019439394182287677
 9.5521E-02,0.015294439115019369
 9.5582E-02,0.011347552224793377
 9.5643E-02,0.0077715511400454525
 9.5703E-02,0.004723175825895202
 9.5764E-02,0.0023361627408562294
 9.5824E-02,0.0007153132681965945
 9.5885E-02,-6.816904033757787e-05
 9.5946E-02,2.014612578651309e-05
 9.6006E-02,0.0009763781375012036
 9.6067E-02,0.0027585087266409204
 9.6127E-02,0.005288257934490646
 9.6188E-02,0.008454573405994875
 9.6249E-02,0.01211856829748746
 9.6309E-02,0.01611967700897966
 9.6370E-02,0.020282744592804693
 9.6431E-02,0.024425727596584693
 9.6491E-02,0.028367662367927895
 9.6552E-02,0.03193655127251808
 9.6612E-02,0.03497682693451654
 9.6673E-02,0.0373560779804321
 9.6734E-02,0.038970754941866
 9.6794E-02,0.03975062035401364
 9.6855E-02,0.03966176116555618
 9.6915E-02,0.038708041667953184
 9.6976E-02,0.03693093821351006
 9.7037E-02,0.034407761816239515
 9.7097E-02,0.03124834048655505
 9.7158E-02,0.027590296737552915
 9.7218E-02,0.023593113865059554
 9.7279E-02,0.019431236198032508
 9.7340E-02,0.015286492411118485
 9.7400E-02,0.011340164567283637
 9.7461E-02,0.007765046178586786
 9.7521E-02,0.004717838821295248
 9.7582E-02,0.0023322279348417236
 9.7643E-02,0.0007129534760373303
 9.7703E-02,-6.885012929085132e-05
 9.7764E-02,2.1173674767120294e-05
 9.7825E-02,0.0009790691668949806
 9.7885E-02,0.002762745003931695
 9.7946E-02,0.005293853427822974
 9.8006E-02,0.008461282567885671
 9.8067E-02,0.01212609696730994
 9.8128E-02,0.016127695427508502
 9.8188E-02,0.020290901932241902
 9.8249E-02,0.024433667351260933
 9.8309E-02,0.028375037924292523
 9.8370E-02,0.03194304098154607
 9.8431E-02,0.034982148042402336
 9.8491E-02,0.0373599988314227
 9.8552E-02,0.03897310494577494
 9.8612E-02,0.03975129730856309
 9.8673E-02,0.03966073563623834
 9.8734E-02,0.03870535824897754
 9.8794E-02,0.03692671361808911
 9.8855E-02,0.03440217987231486
 9.8916E-02,0.03124164424161066
 9.8976E-02,0.027582777995426463
 9.9037E-02,0.02358510058487225
 9.9097E-02,0.019423078279102446
 9.9158E-02,0.01527854646426853
 9.9219E-02,0.011332778326210184
 9.9279E-02,0.007758543231561017
 9.9340E-02,0.004712504341273217
 9.9400E-02,0.002328296053088267
 9.9461E-02,0.0007105968796143041
 9.9522E-02,-6.952789140879172e-05
 9.9582E-02,2.2204535467975847e-05
 9.9643E-02,0.0009817633473723998
 9.9703E-02,0.0027669841333232757
 9.9764E-02,0.005299451349244346
 9.9825E-02,0.008467993627682016
 9.9885E-02,0.012133626922206327
 9.9946E-02,0.016135714462645633
 0.1000,0.020299059193607805
 0.1001,0.024441606337387196
 0.1001,0.028382412055896797
 0.1002,0.031949528672342624
 0.1002,0.034987466627004894
 0.1003,0.03736391676425143
 0.1004,0.03897545176375537
 0.1004,0.03975197094804819
 0.1005,0.03965970680689992
 0.1006,0.03870267168851155
 0.1006,0.03692248617639497
 0.1007,0.0343965955014144
 0.1007,0.031234946095030323
 0.1008,0.027575257960357306
 0.1009,0.02357708667745243
 0.1009,0.01941492042681837
 0.1010,0.015270601275820694
 0.1010,0.011325393502815532
 0.1011,0.007752042300044948
 0.1012,0.004707172386730846
 0.1012,0.0023243670962961147
 0.1013,0.0007082434793530873
 0.1013,-7.02023265225693e-05
 0.1014,2.32387077979285e-05
 0.1015,0.000984460678582096
 0.1015,0.0027712261141978178
 0.1016,0.005305051697896915
 0.1016,0.008474706584330298
 0.1017,0.012141158160948799
 0.1018,0.016143734113100328
 0.1018,0.020307216375583827
 0.1019,0.02444954455364796
 0.1019,0.028389784761523422
 0.1020,0.031956014343855775
 0.1021,0.03499278268745304
 0.1021,0.03736783177826827
 0.1022,0.038977795395456476
 0.1022,0.039752641272412126
 0.1023,0.039658674677746975
 0.1024,0.03869998198704218
 0.1024,0.0369182558892057
 0.1025,0.034391008704537464
 0.1026,0.031228246047961858
 0.1026,0.027567736633623163
 0.1027,0.023569072144176858
 0.1027,0.019406762642561245
 0.1028,0.015262656847098838
 0.1029,0.011318010098365971
 0.1029,0.007745543385174965
 0.1030,0.004701842958608264
 0.1030,0.0023204410651644267
 0.1031,0.0007058932756948285
 0.1032,-7.087343446344173e-05
 0.1032,2.4276191641129665e-05
 0.1033,0.0009871611601077615
 0.1033,0.002775470945889944
 0.1034,0.005310654472891625
 0.1035,0.008481421436735454
 0.1035,0.012148690682289546
 0.1036,0.016151754377491927
 0.1036,0.020315373476769816
 0.1037,0.024457481998691254
 0.1038,0.02839715603987717
 0.1038,0.031962497994915684
 0.1039,0.03499809622281019
 0.1039,0.03737174387279084
 0.1040,0.03898013584043415
 0.1041,0.03975330828148133
 0.1041,0.039657639248894525
 0.1042,0.03869728914496548
 0.1042,0.0369140227571712
 0.1043,0.03438541948255631
 0.1044,0.03122154410150097
 0.1044,0.027560214016467008
 0.1045,0.023561056986386827
 0.1046,0.019398604927713416
 0.1046,0.015254713179452453
 0.1047,0.011310628114099289
 0.1047,0.007739046488026586
 0.1048,0.0046965160577915315
 0.1049,0.002316517960370341
 0.1049,0.0007035462690419775
 0.1050,-7.154121515158464e-05
 0.1050,2.5316986781162437e-05
 0.1051,0.000989864791472392
 0.1052,0.002779718627641552
 0.1052,0.0053162596732202385
 0.1053,0.008488138183746774
 0.1053,0.012156224484973029
 0.1054,0.016159775254503274
 0.1055,0.020323530495793947
 0.1055,0.024465418671179958
 0.1056,0.02840452588975901
 0.1056,0.03196897962447896
 0.1057,0.03500340723219685
 0.1058,0.037375653047157335
 0.1058,0.03898247309829818
 0.1059,0.03975397197516019
 0.1059,0.039656600520506465
 0.1060,0.03869459316271293
 0.1061,0.03690978678097942
 0.1061,0.03437982783640526
 0.1062,0.031214840256735918
 0.1062,0.027552690110115248
 0.1063,0.02355304120541505
 0.1064,0.019390447283634787
 0.1064,0.015246770274206638
 0.1065,0.01130324755125758
 0.1066,0.007732551609700487
 0.1066,0.004691191685186161
 0.1067,0.0023125977825263475
 0.1067,0.0007012024597508673
 0.1068,-7.220566848425438e-05
 0.1069,2.636109302879009e-05
 0.1069,0.0009925715721851365
 0.1070,0.0027839691587073145
 0.1070,0.005321867297955695
 0.1071,0.0084948568241985
 0.1072,0.012163759567682671
 0.1072,0.016167796742763803
 0.1073,0.02033168743130896
 0.1073,0.024473354569814695
 0.1074,0.028411894309942058
 0.1075,0.031975459231501496
 0.1075,0.03500871571477295
 0.1076,0.037379559300759466
 0.1076,0.03898480716869912
 0.1077,0.039754632353360075
 0.1078,0.03965555849281903
 0.1078,0.03869189404078459
 0.1079,0.036905547961382526
 0.1079,0.03437423376705122
 0.1080,0.031208134514840495
 0.1081,0.027545164915876472
 0.1081,0.0235450248025959
 0.1082,0.019382289711662434
 0.1082,0.015238828132681745
 0.1083,0.011295868411034377
 0.1084,0.007726058751252199
 0.1084,0.004685869841646788
 0.1085,0.002308680532290938
 0.1086,0.0006988618482055534
 0.1086,-7.286679436865787e-05
 0.1087,2.7408510202889166e-05
 0.1087,0.000995281501808959
 0.1088,0.002788222538401007
 0.1089,0.005327477346142686
 0.1089,0.008501577356998344
 0.1090,0.012171295929195225
 0.1090,0.016175818840947997
 0.1091,0.02033984428194654
 0.1092,0.024481289693278195
 0.1092,0.028419261299214658
 0.1093,0.03198193681488736
 0.1093,0.0350140216696459
 0.1094,0.03738346263295096
 0.1095,0.038987138051253874
 0.1095,0.039755289415968356
 0.1096,0.03965451316597955
 0.1096,0.038689191779618666
 0.1097,0.03690130629908829
 0.1098,0.03436863727542454
 0.1098,0.03120142687690295
 0.1099,0.027537638434971298
 0.1099,0.023537007779266428
 0.1100,0.019374132213180784
 0.1101,0.015230886756178768
 0.1101,0.011288490694685651
 0.1102,0.007719567913777057
 0.1102,0.004680550528055247
 0.1103,0.0023047662103080017
 0.1104,0.000696524434811799
 0.1104,-7.352459268393215e-05
 0.1105,2.845923812022961e-05
 0.1106,0.0009979945798742286
 0.1106,0.0027924787660039588
 0.1107,0.005333089816855678
 0.1107,0.008508299781016948
 0.1108,0.012178833568272096
 0.1109,0.016183841547734057
 0.1109,0.020348001046359213
 0.1110,0.024489224040219807
 0.1110,0.028426626856343604
 0.1111,0.03198841237356126
 0.1112,0.03501932509590848
 0.1112,0.03738736304305008
 0.1113,0.03898946574554019
 0.1113,0.039755943162864966
 0.1114,0.03965346454013604
 0.1115,0.03868648637964049
 0.1115,0.036897061794758886
 0.1116,0.03436303836240666
 0.1116,0.03119471734401457
 0.1117,0.027530110668634027
 0.1118,0.02352899013675026
 0.1118,0.019365974789534276
 0.1119,0.015222946146057896
 0.1119,0.011281114403441268
 0.1120,0.0077130790983590165
 0.1121,0.004675233745341427
 0.1121,0.002300854817267615
 0.1122,0.0006941902199663768
 0.1122,-7.417906331149164e-05
 0.1123,2.951327664270736e-05
 0.1124,0.0010007108059648287
 0.1124,0.0027967378408095215
 0.1125,0.0053387047091825734
 0.1126,0.008515024095155897
 0.1126,0.012186372483634633
 0.1127,0.01619186486177302
 0.1127,0.02035615772319276
 0.1128,0.024497157609373973
 0.1129,0.028433990980097266
 0.1129,0.031994885906437585
 0.1130,0.035024625992700176
 0.1130,0.03739126053042258
 0.1131,0.03899179025118549
 0.1132,0.03975659359394119
 0.1132,0.03965241261548498
 0.1133,0.03868377784129802
 0.1133,0.03689281444911436
 0.1134,0.03435743702896168
 0.1135,0.031188005917313254
 0.1135,0.027522581618127786
 0.1136,0.02352097187639205
 0.1136,0.019357817442097077
 0.1137,0.015215006303619934
 0.1138,0.011273739538532652
 0.1138,0.007706592306114302
 0.1139,0.004669919494403633
 0.1139,0.0022969463538257706
 0.1140,0.0006918592040581211
 0.1141,-7.483020612079026e-05
 0.1141,3.057062559059804e-05
 0.1142,0.0010034301796153287
 0.1142,0.002800999762121597
 0.1143,0.00534432202216082
 0.1144,0.008521750298277028
 0.1144,0.012193912674019104
 0.1145,0.016199888781714362
 0.1146,0.02036431431106325
 0.1146,0.024505090399361593
 0.1147,0.028441353669256687
 0.1147,0.032001357412434976
 0.1148,0.03502992435911837
 0.1149,0.03739515509442603
 0.1149,0.03899411156780789
 0.1150,0.03975724070908615
 0.1150,0.039651357392192825
 0.1151,0.03868106616506454
 0.1152,0.03688856426287244
 0.1152,0.03435183327600941
 0.1153,0.03118129259790792
 0.1153,0.027515051284732247
 0.1154,0.023512952999533657
 0.1155,0.019349660172227234
 0.1155,0.015207067230222405
 0.1156,0.011266366101204902
 0.1156,0.007700107538100437
 0.1157,0.004664607776098773
 0.1158,0.00229304082062944
 0.1158,0.0006895313874923886
 0.1159,-7.547802102386074e-05
 0.1159,3.163128475777419e-05
 0.1160,0.0010061527003525869
 0.1161,0.0028052645292079162
 0.1161,0.005349941754845433
 0.1162,0.008528478389229478
 0.1162,0.012201454138165608
 0.1163,0.01620791330621712
 0.1164,0.020372470808616303
 0.1164,0.024513022408875637
 0.1165,0.028448714922587985
 0.1166,0.032007826890494986
 0.1166,0.03503522019430215
 0.1167,0.037399046734406284
 0.1167,0.038996429695024086
 0.1168,0.039757884508211994
 0.1169,0.039650298870440664
 0.1169,0.03867835135137347
 0.1170,0.03688431123672819
 0.1170,0.034346227104492935
 0.1171,0.031174577386927395
 0.1172,0.02750751966968009
 0.1172,0.023504933507517044
 0.1173,0.019341502981279273
 0.1173,0.015199128927161812
 0.1174,0.011258994092681697
 0.1175,0.007693624795413656
 0.1175,0.004659298591330303
 0.1176,0.0022891382182965866
 0.1176,0.0006872067706286725
 0.1177,-7.612250792231648e-05
 0.1178,3.269525397362751e-05
 0.1178,0.0010088783677054472
 0.1179,0.0028095321413343865
 0.1179,0.005355563906295561
 0.1180,0.008535208366901866
 0.1181,0.012208996874803722
 0.1181,0.016215938433952505
 0.1182,0.020380627214499254
 0.1183,0.024520953636628064
 0.1183,0.0284560747388862
 0.1184,0.032014294339537744
 0.1184,0.03504051349736803
 0.1185,0.037402935449730654
 0.1186,0.03899874463245575
 0.1186,0.03975852499118833
 0.1187,0.03964923705039338
 0.1187,0.038675633400695096
 0.1188,0.036880055371399365
 0.1189,0.034340618515323856
 0.1189,0.031167860285470465
 0.1190,0.027499986774234788
 0.1190,0.02349691340166974
 0.1191,0.019333345870603903
 0.1192,0.0151911913957629
 0.1192,0.011251623514198068
 0.1193,0.007687144079128081
 0.1193,0.004653991940969909
 0.1194,0.002285238547526193
 0.1195,0.0006848853538792797
 0.1195,-7.676366670119554e-05
 0.1196,3.376253306245421e-05
 0.1196,0.0010116071812497894
 0.1197,0.002813802597810897
 0.1198,0.005361188475572043
 0.1198,0.008541940230182045
 0.1199,0.012216540882696183
 0.1199,0.016223964163588653
 0.1200,0.02038878352736427
 0.1201,0.024528884081261935
 0.1201,0.02846343311690389
 0.1202,0.03202075975848536
 0.1203,0.03504580426745673
 0.1203,0.037406821239742594
 0.1204,0.03900105637970228
 0.1204,0.039759162157929295
 0.1205,0.03964817193225363
 0.1206,0.03867291231345808
 0.1206,0.036875796667571
 0.1207,0.0343350075094583
 0.1207,0.031161141294668713
 0.1208,0.027492452599633968
 0.1209,0.023488892683316987
 0.1209,0.019325188841579993
 0.1210,0.015183254637367237
 0.1210,0.011244254366975476
 0.1211,0.007680665390339547
 0.1212,0.004648687825938573
 0.1212,0.002281341808953552
 0.1213,0.0006825671376212755
 0.1213,-7.740149723570232e-05
 0.1214,3.4833121860077256e-05
 0.1215,0.001014339140507062
 0.1215,0.00281807589792033
 0.1216,0.00536681546175102
 0.1216,0.008548673977928732
 0.1217,0.012224086160560001
 0.1218,0.016231990493773156
 0.1218,0.020396939745840274
 0.1219,0.024536813741458604
 0.1219,0.02847079005542023
 0.1220,0.032027223146256285
 0.1221,0.035051092503649704
 0.1221,0.03741070410379219
 0.1222,0.039003364936387036
 0.1223,0.039759796008318055
 0.1223,0.03964710351615645
 0.1224,0.03867018809011207
 0.1224,0.0368715351259709
 0.1225,0.034329394087805505
 0.1226,0.03115442041562069
 0.1226,0.027484917147147674
 0.1227,0.02348087135381551
 0.1227,0.01931703189555067
 0.1228,0.015175318653286139
 0.1229,0.011236886652270066
 0.1229,0.007674188730138504
 0.1230,0.0046433862470980445
 0.1230,0.0022774480032381273
 0.1231,0.000680252122271491
 0.1232,-7.803599943597989e-05
 0.1232,3.590702016311496e-05
 0.1233,0.0010170742450410272
 0.1233,0.00282235204095464
 0.1234,0.0053724448638614464
 0.1235,0.008555409609009114
 0.1235,0.012231632707157773
 0.1236,0.016240017423166726
 0.1236,0.02040509586854912
 0.1237,0.024544742615912385
 0.1238,0.028478145553222443
 0.1238,0.03203368450178547
 0.1239,0.03505637820509412
 0.1239,0.03741458404125604
 0.1240,0.03900567030212588
 0.1241,0.03976042654223535
 0.1241,0.03964603180231084
 0.1242,0.03866746073112874
 0.1243,0.03686727074728101
 0.1243,0.03432377825130986
 0.1244,0.031147697649478164
 0.1244,0.027477380418019337
 0.1245,0.02347284941447246
 0.1246,0.019308875033898255
 0.1246,0.015167383444875636
 0.1247,0.011229520371294432
 0.1247,0.007667714099578733
 0.1248,0.004638087205349419
 0.1249,0.002273557131036289
 0.1249,0.0006779403081776777
 0.1250,-7.866717319567355e-05
 0.1250,3.698422781536795e-05
 0.1251,0.0010198124943829189
 0.1252,0.0028266310261680283
 0.1252,0.005378076680967889
 0.1253,0.008562147122327272
 0.1253,0.01223918052120247
 0.1254,0.01624804495042524
 0.1255,0.020413251894162363
 0.1255,0.02455267070329886
 0.1256,0.028485499609075534
 0.1256,0.032040143823999834
 0.1257,0.035061661370914425
 0.1258,0.03741846105147647
 0.1258,0.03900797247653946
 0.1259,0.03976105375961015
 0.1259,0.03964495679089554
 0.1260,0.03866473023694575
 0.1261,0.03686300353223863
 0.1261,0.03431816000090526
 0.1262,0.031140972997342
 0.1263,0.027469842413516438
 0.1263,0.0234648268666451
 0.1264,0.01930071825797086
 0.1264,0.015159449013424683
 0.1265,0.011222155525290859
 0.1266,0.007661241499770511
 0.1266,0.004632790701575405
 0.1267,0.0022696691929920934
 0.1267,0.0006756316957476616
 0.1268,-7.929501839838704e-05
 0.1269,3.806474460842137e-05
 0.1269,0.0010225538880601378
 0.1270,0.0028309128528731338
 0.1270,0.005383710912132813
 0.1271,0.00856888651671138
 0.1272,0.012246729601451902
 0.1272,0.016256073074230663
 0.1273,0.02042140782129398
 0.1273,0.024560598002273726
 0.1274,0.02849285222176028
 0.1275,0.03204660111181777
 0.1275,0.035066942000217156
 0.1276,0.03742233513379847
 0.1276,0.0390102714592399
 0.1277,0.03976167766031884
 0.1278,0.039643878482072605
 0.1278,0.038661996608026036
 0.1279,0.03685873348154754
 0.1279,0.03431253933752136
 0.1280,0.031134246460308962
 0.1281,0.02746230313487729
 0.1281,0.023456803711677687
 0.1282,0.01929256156912698
 0.1283,0.015151515360271699
 0.1283,0.011214792115479984
 0.1284,0.007654770931793132
 0.1284,0.00462749673666213
 0.1285,0.002265784189751511
 0.1286,0.0006733262853751941
 0.1286,-7.991953494519948e-05
 0.1287,3.9148570378738366e-05
 0.1287,0.0010252984256223876
 0.1288,0.0028351975203320607
 0.1289,0.005389347556419007
 0.1289,0.008575627791064962
 0.1290,0.01225427994663202
 0.1290,0.01626410179321958
 0.1291,0.020429563648595876
 0.1292,0.02456852451155213
 0.1292,0.028500203390057308
 0.1293,0.03205305636417487
 0.1293,0.03507222009213319
 0.1294,0.03742620628758887
 0.1295,0.03901256724985014
 0.1295,0.039762298244259774
 0.1296,0.03964279687603202
 0.1296,0.03865925984480727
 0.1297,0.036854460595897955
 0.1298,0.03430691626210643
 0.1298,0.031127518039522035
 0.1299,0.027454762583353803
 0.1299,0.02344877995089079
 0.1300,0.019284404968740416
 0.1301,0.015143582486744085
 0.1301,0.011207430143090991
 0.1302,0.007648302396728569
 0.1303,0.004622205311503754
 0.1303,0.0022619021219789496
 0.1304,0.0006710240774361891
 0.1304,-8.054072273438431e-05
 0.1305,4.023570495109488e-05
 0.1306,0.001028046106610493
 0.1306,0.0028394850278367365
 0.1307,0.005394986612866982
 0.1307,0.00858237094424965
 0.1308,0.012261831555493825
 0.1309,0.016272131106061953
 0.1309,0.020437719374705877
 0.1310,0.02457645022978753
 0.1310,0.028507553112733564
 0.1311,0.03205950957999917
 0.1312,0.03507749564578902
 0.1312,0.03743007451221002
 0.1313,0.03901485984799686
 0.1313,0.03976291551132841
 0.1314,0.0396417119729393
 0.1315,0.03865651994776008
 0.1315,0.03685018487601671
 0.1316,0.03430129077557778
 0.1316,0.031120787736096316
 0.1317,0.02744722076021486
 0.1318,0.023440755585633022
 0.1318,0.019276248458157
 0.1319,0.015135650394169049
 0.1319,0.011200069609363199
 0.1320,0.007641835895643859
 0.1321,0.004616916426985682
 0.1321,0.0022580229903166227
 0.1322,0.0006687250723150808
 0.1323,-8.115858165324446e-05
 0.1323,4.132614813351986e-05
 0.1324,0.0010307969305695353
 0.1324,0.002843775374667721
 0.1325,0.005400628080558068
 0.1326,0.008589115975146446
 0.1326,0.01226938442676329
 0.1327,0.016280161011406804
 0.1327,0.020445874998263155
 0.1328,0.024584375155669885
 0.1329,0.02851490138857622
 0.1329,0.032065960758198675
 0.1330,0.035082768660302924
 0.1330,0.03743393980702022
 0.1331,0.03901714925327719
 0.1332,0.039763529461416966
 0.1332,0.03964062377298485
 0.1333,0.03865377691734088
 0.1333,0.03684590632261198
 0.1334,0.03429566287886265
 0.1335,0.031114055551141308
 0.1335,0.02743967766672229
 0.1336,0.023432730617235054
 0.1336,0.01926809203874455
 0.1337,0.015127719083866092
 0.1338,0.011192710515527756
 0.1338,0.00763537142963658
 0.1339,0.0046116300839787044
 0.1339,0.0022541467954270314
 0.1340,0.0006664292704096875
 0.1341,-8.177311161171796e-05
 0.1341,4.241989973234741e-05
 0.1342,0.0010335508970450201
 0.1343,0.0028480685601009886
 0.1343,0.005406271958499622
 0.1344,0.008595862882622027
 0.1344,0.012276938559195275
 0.1345,0.01628819150792441
 0.1346,0.02045403051788558
 0.1346,0.024592299287885536
 0.1347,0.028522248216367705
 0.1347,0.032072409897712637
 0.1348,0.03508803913479259
 0.1349,0.03743780217137011
 0.1349,0.039019435465338634
 0.1350,0.03976414009442833
 0.1350,0.03963953227634857
 0.1351,0.03865103075398954
 0.1352,0.03684162493638012
 0.1352,0.03429003257291967
 0.1353,0.031107321485784968
 0.1353,0.027432133304116528
 0.1354,0.023424705047030658
 0.1355,0.019259935711867113
 0.1355,0.01511978855716094
 0.1356,0.011185352862805885
 0.1356,0.007628908999787361
 0.1357,0.004606346283392631
 0.1358,0.0022502735379525247
 0.1358,0.0006641366720795763
 0.1359,-8.238431250119649e-05
 0.1359,4.351695959400062e-05
 0.1360,0.001036308005538285
 0.1361,0.0028523645834121914
 0.1361,0.005411918245802661
 0.1362,0.008602611665550156
 0.1363,0.0122844939514954
 0.1363,0.01629622259425618
 0.1364,0.02046218593226934
 0.1364,0.02460022262511607
 0.1365,0.028529593594856788
 0.1366,0.03207885699747031
 0.1366,0.03509330706840348
 0.1367,0.03744166160462524
 0.1367,0.03902171848377565
 0.1368,0.039764747410271355
 0.1369,0.03963843748322791
 0.1369,0.03864828145817257
 0.1370,0.036837340718040575
 0.1370,0.03428439985866835
 0.1371,0.03110058554115334
 0.1372,0.02742458767364996
 0.1372,0.023416678876363145
 0.1373,0.019251779478884005
 0.1373,0.015111858815380314
 0.1374,0.011177996652435625
 0.1375,0.00762244860717546
 0.1375,0.004601065026098531
 0.1376,0.00224640321853009
 0.1376,0.0006618472777309872
 0.1377,-8.299218420638099e-05
 0.1378,4.461732751270101e-05
 0.1378,0.0010390682556175707
 0.1379,0.0028566634438911163
 0.1379,0.005417566941498874
 0.1380,0.008609362322801519
 0.1381,0.012292050602418041
 0.1381,0.01630425426907437
 0.1382,0.02047034124000976
 0.1383,0.024608145166028952
 0.1383,0.028536937522844388
 0.1384,0.032085302056404974
 0.1384,0.03509857246024557
 0.1385,0.03744551810614303
 0.1386,0.03902399830822578
 0.1386,0.03976535140883249
 0.1387,0.039637339393779225
 0.1387,0.03864552903034624
 0.1388,0.036833053668303674
 0.1389,0.03427876473704711
 0.1389,0.03109384771835056
 0.1390,0.027417040776594053
 0.1390,0.023408652106574033
 0.1391,0.019243623341154176
 0.1392,0.015103929859837134
 0.1392,0.011170641885633504
 0.1393,0.007615990252892853
 0.1393,0.004595786312998546
 0.1394,0.0022425358378203807
 0.1395,0.0006595610877390959
 0.1395,-8.359672663815819e-05
 0.1396,4.5721003310865855e-05
 0.1396,0.001041831646818491
 0.1397,0.0028609651408138563
 0.1398,0.0054232180446359135
 0.1398,0.008616114853243595
 0.1399,0.012299608510707721
 0.1399,0.01631228653104455
 0.1400,0.02047849643975979
 0.1401,0.024616066909314872
 0.1401,0.028544279999105093
 0.1402,0.03209174507343034
 0.1403,0.035103835309450694
 0.1403,0.03744937167528146
 0.1404,0.03902627493830499
 0.1404,0.03976595209001329
 0.1405,0.03963623800819166
 0.1406,0.03864277347096626
 0.1406,0.03682876378789142
 0.1407,0.03427312720899413
 0.1407,0.031087108018509807
 0.1408,0.027409492614199334
 0.1409,0.023400624738986207
 0.1409,0.019235467300018384
 0.1410,0.01509600169187806
 0.1410,0.01116328856365557
 0.1411,0.0076095339379976795
 0.1412,0.004590510144938001
 0.1412,0.002238671396475336
 0.1413,0.0006572781025003436
 0.1413,-8.419793969937847e-05
 0.1414,4.6827986797712355e-05
 0.1415,0.0010445981786813498
 0.1415,0.002865269673467238
 0.1416,0.005428871554253347
 0.1416,0.008622869255744571
 0.1417,0.012307167675106135
 0.1418,0.016320319378814934
 0.1418,0.020486651530153114
 0.1419,0.024623987853653665
 0.1419,0.028551621022423517
 0.1420,0.03209818604747297
 0.1421,0.035109095615121544
 0.1421,0.037453222311406055
 0.1422,0.039028548373645916
 0.1423,0.039766549453712
 0.1423,0.039635133326644076
 0.1424,0.03864001478049672
 0.1424,0.03682447107750152
 0.1425,0.034267487275434556
 0.1426,0.031080366442744818
 0.1426,0.027401943187733962
 0.1427,0.023392596774954453
 0.1427,0.01922731135685369
 0.1428,0.01508807431280509
 0.1429,0.011155936687722277
 0.1429,0.0076030796635936735
 0.1430,0.0045852365228192075
 0.1430,0.0022348098951325323
 0.1431,0.0006549983223940513
 0.1432,-8.479582327301327e-05
 0.1432,4.793827778387788e-05
 0.1433,0.0010473678507219818
 0.1433,0.0028695770411324077
 0.1434,0.005434527469444316
 0.1435,0.008629625529162747
 0.1435,0.012314728094318748
 0.1436,0.016328352811059453
 0.1436,0.020494806509841913
 0.1437,0.02463190799770136
 0.1438,0.028558960591556493
 0.1438,0.032104624977496735
 0.1439,0.035114353376428604
 0.1439,0.037457070013861546
 0.1440,0.03903081861385176
 0.1441,0.03976714349984619
 0.1441,0.039634025349338096
 0.1442,0.03863725295937003
 0.1443,0.03682017553785165
 0.1443,0.0342618449373291
 0.1444,0.03107362299218658
 0.1444,0.027394392498425096
 0.1445,0.023384568215803165
 0.1446,0.019219155513033437
 0.1446,0.015080147723950972
 0.1447,0.011148586259042694
 0.1447,0.007596627430740941
 0.1448,0.0045799654475471045
 0.1449,0.0022309513344496274
 0.1449,0.0006527217477850719
 0.1450,-8.539037727521028e-05
 0.1450,4.905187609502548e-05
 0.1451,0.0010501406624933657
 0.1452,0.002873887243069121
 0.1452,0.0054401857892357255
 0.1453,0.008636383672393754
 0.1453,0.012322289767112828
 0.1454,0.01633638682642087
 0.1455,0.020502961377460285
 0.1455,0.02463982734017253
 0.1456,0.028566298705294507
 0.1456,0.03211106186239102
 0.1457,0.0351196085924671
 0.1458,0.037460914782035004
 0.1458,0.03903308565855934
 0.1459,0.03976773422829328
 0.1459,0.03963291407644411
 0.1460,0.038634488008070386
 0.1461,0.03681587716965822
 0.1461,0.03425620019560027
 0.1462,0.031066877667937125
 0.1463,0.027386840547555278
 0.1463,0.023376539062872858
 0.1464,0.019210999769904997
 0.1464,0.01507222192664695
 0.1465,0.011141237278870514
 0.1466,0.00759017724053551
 0.1466,0.004574696919966741
 0.1467,0.0022270957150559738
 0.1467,0.0006504483790785002
 0.1468,-8.598160159275169e-05
 0.1469,5.016878153416568e-05
 0.1469,0.0010529166135217587
 0.1470,0.002878200278569382
 0.1470,0.0054458465126758
 0.1471,0.00864314368428663
 0.1472,0.012329852692211606
 0.1472,0.016344421423568622
 0.1473,0.020511116131638765
 0.1473,0.024647745879721343
 0.1474,0.028573635362432098
 0.1475,0.032117496701122523
 0.1475,0.03512486126236421
 0.1476,0.037464756615262836
 0.1476,0.039035349507393395
 0.1477,0.039768321638977706
 0.1478,0.039631799508142565
 0.1478,0.0386317199270431
 0.1479,0.03681157597363834
 0.1479,0.034250553051190964
 0.1480,0.03106013047114095
 0.1481,0.027379287336360556
 0.1481,0.023368509317508925
 0.1482,0.01920284412883112
 0.1483,0.015064296922197812
 0.1483,0.011133889748423293
 0.1484,0.007583729094045982
 0.1484,0.0045694309409875225
 0.1485,0.0022232430376155727
 0.1486,0.0006481782166414189
 0.1486,-8.65694961329354e-05
 0.1487,5.128899391955498e-05
 0.1487,0.001055695703353144
 0.1488,0.0028825161469085412
 0.1489,0.005451509638836683
 0.1489,0.008649905563715147
 0.1490,0.01233741686835681
 0.1490,0.01635245660115962
 0.1491,0.020519270771030426
 0.1492,0.024655663615047313
 0.1492,0.02858097056172956
 0.1493,0.03212392949259516
 0.1493,0.03513011138525434
 0.1494,0.03746859551291163
 0.1495,0.03903761015997048
 0.1495,0.03976890573179217
 0.1496,0.039630681644627325
 0.1496,0.038628948716758565
 0.1497,0.0368072719504935
 0.1498,0.03424490350503503
 0.1498,0.03105338140290575
 0.1499,0.02737173286611287
 0.1499,0.023360478981038726
 0.1500,0.01919468859117268
 0.1501,0.01505637271195372
 0.1501,0.011126543668924217
 0.1502,0.007577282992354601
 0.1503,0.004564167511495629
 0.1503,0.0022193933027712357
 0.1504,0.0006459112608512502
 0.1504,-8.715406079762387e-05
 0.1505,5.241251306425514e-05
 0.1506,0.0010584779315019027
 0.1506,0.002886834847358714
 0.1507,0.0054571751667493226
 0.1507,0.008656669309553007
 0.1508,0.012344982294272416
 0.1509,0.016360492357846434
 0.1509,0.02052742529427255
 0.1510,0.024663580544815676
 0.1510,0.028588304301965253
 0.1511,0.032130360235750374
 0.1512,0.03513535896026827
 0.1512,0.03747243147434749
 0.1513,0.03903986761592486
 0.1513,0.03976948650664821
 0.1514,0.03962956048607222
 0.1515,0.038626174377651375
 0.1515,0.03680296510095586
 0.1516,0.034239251558082016
 0.1516,0.031046630464348825
 0.1517,0.02736417713806253
 0.1518,0.023352448054814377
 0.1518,0.01918653315829127
 0.1519,0.015048449297202443
 0.1519,0.011119199041613539
 0.1520,0.007570838936546081
 0.1521,0.004558906632344786
 0.1521,0.0022155465111645327
 0.1522,0.0006436475121043149
 0.1523,-8.773529548578496e-05
 0.1523,5.3539338772141514e-05
 0.1524,0.0010612632975249242
 0.1524,0.002891156379206325
 0.1525,0.005462843095477056
 0.1526,0.008663434920666777
 0.1526,0.012352548968714969
 0.1527,0.016368528692296817
 0.1527,0.02053557969998882
 0.1528,0.02467149666772319
 0.1529,0.028595636581946277
 0.1529,0.03213678892950746
 0.1530,0.035140603986519865
 0.1530,0.03747626449895158
 0.1531,0.039042121874884116
 0.1532,0.03977006396342497
 0.1532,0.03962843603266994
 0.1533,0.03862339691022717
 0.1533,0.03679865542573704
 0.1534,0.034233597211251424
 0.1535,0.031039877656595615
 0.1535,0.027356620153479977
 0.1536,0.023344416540164968
 0.1536,0.0191783778315357
 0.1537,0.015040526679302267
 0.1538,0.011111855867709573
 0.1538,0.007564396927689003
 0.1539,0.004553648304440849
 0.1539,0.002211702663445133
 0.1540,0.0006413869707644457
 0.1541,-8.831320011565183e-05
 0.1541,5.466947085583406e-05
 0.1542,0.001064051800946497
 0.1543,0.0028954807417120366
 0.1543,0.0054685134240503065
 0.1544,0.008670202395923183
 0.1544,0.01236011689040954
 0.1545,0.016376565603157887
 0.1546,0.02054373398682391
 0.1546,0.0246794119824448
 0.1547,0.02860296740043739
 0.1547,0.03214321557281448
 0.1548,0.035145846463148646
 0.1549,0.03748009458606022
 0.1549,0.039044372936469174
 0.1550,0.03977063810204469
 0.1550,0.03962730828460224
 0.1551,0.038620616314913356
 0.1552,0.03679434292554297
 0.1552,0.034227940465490915
 0.1553,0.03103312298077508
 0.1553,0.027349061913612884
 0.1554,0.023336384438432164
 0.1555,0.019170222612287485
 0.1555,0.015032604859551744
 0.1556,0.011104514148444485
 0.1556,0.007557956966881677
 0.1557,0.004548392528654495
 0.1558,0.0022078617602335504
 0.1558,0.0006391296372174771
 0.1559,-8.888777456088532e-05
 0.1559,5.5802909138188376e-05
 0.1560,0.0010668434412770373
 0.1561,0.002899807934161065
 0.1561,0.005474186151564253
 0.1562,0.00867697173418653
 0.1563,0.012367686058081686
 0.1563,0.01638460308908895
 0.1564,0.0205518881534531
 0.1564,0.02468732648766607
 0.1565,0.028610296756193684
 0.1566,0.032149640164590175
 0.1566,0.03515108638928251
 0.1567,0.037483921735048824
 0.1567,0.03904662080029141
 0.1568,0.039771208922418866
 0.1569,0.039626177242072846
 0.1569,0.038617832592170616
 0.1570,0.03679002760108464
 0.1570,0.034222281321746116
 0.1571,0.031026366438021973
 0.1572,0.027341502419715925
 0.1572,0.023328351750945272
 0.1573,0.0191620675018839
 0.1573,0.015024683839279861
 0.1574,0.011097173885039157
 0.1575,0.007551519055172384
 0.1575,0.004543139305874277
 0.1576,0.0022040238022163925
 0.1576,0.0006368755118387028
 0.1577,-8.94590187533002e-05
 0.1578,5.693965342665327e-05
 0.1578,0.0010696382180878383
 0.1579,0.002904137955822149
 0.1579,0.00547986127702514
 0.1580,0.008683742934336292
 0.1581,0.012375256470469402
 0.1581,0.0163926411487463
 0.1582,0.020560042198476687
 0.1583,0.02469524018207843
 0.1583,0.02861762464802372
 0.1584,0.032156062703755026
 0.1584,0.035156323764058625
 0.1585,0.037487745945297225
 0.1586,0.03904886546599282
 0.1586,0.03977177642442958
 0.1587,0.03962504290525563
 0.1587,0.03861504574247645
 0.1588,0.03678570945309014
 0.1589,0.0342166197809528
 0.1589,0.03101960802943869
 0.1590,0.027333941673060663
 0.1590,0.02332031847905932
 0.1591,0.019153912501706342
 0.1592,0.015016763619820666
 0.1592,0.011089835078729907
 0.1593,0.0075450831936615444
 0.1593,0.004537888636967323
 0.1594,0.002200188789998376
 0.1595,0.000634624595014346
 0.1595,-9.002693258251067e-05
 0.1596,5.807970350869512e-05
 0.1596,0.00107243613088432
 0.1597,0.0029084708059803187
 0.1598,0.005485538799508793
 0.1598,0.008690515995230066
 0.1599,0.012382828126321466
 0.1599,0.01640067978079994
 0.1600,0.02056819612055356
 0.1601,0.024703153064335563
 0.1601,0.02862495107469753
 0.1602,0.032162483189274935
 0.1603,0.03516155858659752
 0.1603,0.03749156721614543
 0.1604,0.03905110693320617
 0.1604,0.03977234060800541
 0.1605,0.039623905274342855
 0.1606,0.03861225576628821
 0.1606,0.03678138848227583
 0.1607,0.03421095584405251
 0.1607,0.03101284775615931
 0.1608,0.027326379674892855
 0.1609,0.023312284624095098
 0.1609,0.0191457576131032
 0.1610,0.015008844202490997
 0.1610,0.011082497730740134
 0.1611,0.007538649383408884
 0.1612,0.004532640522824913
 0.1612,0.0021963567242464527
 0.1613,0.0006323768871071877
 0.1613,-9.059151594612111e-05
 0.1614,5.922305922220056e-05
 0.1615,0.0010752371791991123
 0.1615,0.0029128064839011054
 0.1616,0.005491218718054955
 0.1616,0.008697290915742461
 0.1617,0.012390401024344974
 0.1618,0.01640871898389158
 0.1618,0.02057634991832983
 0.1619,0.0247110651331425
 0.1619,0.028632276034989967
 0.1620,0.03216890162004722
 0.1621,0.03516679085603478
 0.1621,0.037495385546983506
 0.1622,0.03905334520154649
 0.1623,0.03977290147303244
 0.1623,0.03962276434952044
 0.1624,0.03860946266406711
 0.1624,0.03677706468935577
 0.1625,0.03420528951198819
 0.1626,0.0310060856193096
 0.1626,0.027318816426478924
 0.1627,0.023304250187397436
 0.1627,0.019137602837432734
 0.1628,0.015000925588610353
 0.1629,0.011075161842302065
 0.1629,0.007532217625506727
 0.1630,0.004527394964320886
 0.1630,0.002192527605588431
 0.1631,0.0006301323885087985
 0.1632,-9.115276876034927e-05
 0.1632,6.036972036124172e-05
 0.1633,0.0010780413625710646
 0.1633,0.0029171449888593603
 0.1634,0.005496901031711781
 0.1635,0.008704067694721013
 0.1635,0.012397975163301628
 0.1636,0.01641675875670309
 0.1636,0.020584503590433827
 0.1637,0.02471897638716213
 0.1638,0.028639599527698425
 0.1638,0.03217531799504012
 0.1639,0.03517202057150109
 0.1640,0.03749920093715101
 0.1640,0.03905558027065472
 0.1641,0.039773459019450313
 0.1641,0.03962162013097833
 0.1642,0.038606666436270795
 0.1643,0.03677273807505007
 0.1643,0.03419962078570058
 0.1644,0.03099932162000276
 0.1644,0.027311251929064074
 0.1645,0.023296215170318862
 0.1646,0.01912944817606806
 0.1646,0.01499300777949994
 0.1647,0.011067827414632282
 0.1647,0.00752578792102886
 0.1648,0.004522151962331819
 0.1649,0.002188701434668945
 0.1649,0.0006278910995962535
 0.1650,-9.1710690933152e-05
 0.1650,6.15196867274729e-05
 0.1651,0.00108084868051967
 0.1652,0.0029214863201276423
 0.1652,0.005502585739523407
 0.1653,0.008710846331046965
 0.1653,0.012405550541908093
 0.1654,0.016424799097876218
 0.1655,0.02059265713550381
 0.1655,0.024726886825091617
 0.1656,0.02864692155159002
 0.1656,0.03218173231315078
 0.1657,0.03517724773212406
 0.1658,0.03750301338603377
 0.1658,0.039057812140144886
 0.1659,0.039774013247130494
 0.1660,0.03962047261891682
 0.1660,0.038603867083374654
 0.1661,0.036768408640072865
 0.1661,0.03419394966613423
 0.1662,0.030992555759383127
 0.1663,0.02730368618392662
 0.1663,0.02328817957416296
 0.1664,0.01912129363035554
 0.1664,0.01498509077649239
 0.1665,0.011060494448965001
 0.1666,0.007519360271036702
 0.1666,0.004516911517733384
 0.1667,0.0021848782121373215
 0.1667,0.0006256530207288326
 0.1668,-9.226528236688553e-05
 0.1669,6.267295814607577e-05
 0.1669,0.0010836591325844112
 0.1670,0.002925830476975218
 0.1670,0.005508272840546736
 0.1671,0.008717626823592893
 0.1672,0.012413127158922066
 0.1672,0.0164328400060604
 0.1673,0.020600810552183033
 0.1673,0.024734796445616145
 0.1674,0.028654242105455585
 0.1675,0.03218814457333677
 0.1675,0.03518247233704003
 0.1676,0.03750682289299709
 0.1676,0.039060040809653744
 0.1677,0.03977456415599982
 0.1678,0.039619321813513554
 0.1678,0.0386010646058351
 0.1679,0.036764076385135035
 0.1680,0.03418827615421991
 0.1680,0.030985788038571986
 0.1681,0.02729611919230783
 0.1681,0.023280143400299314
 0.1682,0.01911313920166803
 0.1683,0.014977174580903838
 0.1683,0.011053162946517541
 0.1684,0.007512934676607776
 0.1684,0.0045116736314196135
 0.1685,0.002181057938635248
 0.1686,0.0006234181522826935
 0.1686,-9.281654297518989e-05
 0.1687,6.382953440757467e-05
 0.1687,0.0010864727182986398
 0.1688,0.002930177458673469
 0.1689,0.005513962333822344
 0.1689,0.008724409171218493
 0.1690,0.012420705013050905
 0.1690,0.01644088147993276
 0.1691,0.020608963839113658
 0.1692,0.024742705247402488
 0.1692,0.028661561188060673
 0.1693,0.032194554774534305
 0.1693,0.0351876943853896
 0.1694,0.03751062945739007
 0.1695,0.03906226627880784
 0.1695,0.03977511174596163
 0.1696,0.039618167714965395
 0.1696,0.03859825900411424
 0.1697,0.03675974131097762
 0.1698,0.03418260025092073
 0.1698,0.030979018458672514
 0.1699,0.02728855095547819
 0.1700,0.02327210665006509
 0.1700,0.019104984891365136
 0.1701,0.014969259194055588
 0.1701,0.011045832908521817
 0.1702,0.007506511138838651
 0.1703,0.0045064383042449025
 0.1703,0.002177240614784843
 0.1704,0.0006211864946505468
 0.1704,-9.336447265756388e-05
 0.1705,6.498941531813063e-05
 0.1706,0.0010892894371691705
 0.1706,0.002934527264507157
 0.1707,0.005519654218391843
 0.1707,0.008731193372766155
 0.1708,0.012428284103045521
 0.1709,0.016448923518141766
 0.1709,0.020617116994933526
 0.1710,0.024750613229144867
 0.1710,0.028668878798220734
 0.1711,0.03220096291566627
 0.1712,0.035192913876273456
 0.1712,0.03751443307860454
 0.1713,0.03906448854725594
 0.1713,0.03977565601692993
 0.1714,0.03961701032344533
 0.1715,0.03859545027868887
 0.1715,0.03675540341830879
 0.1716,0.03417692195714996
 0.1716,0.030972247020827164
 0.1717,0.027280981474698394
 0.1718,0.02326406932479294
 0.1718,0.019096830700784898
 0.1719,0.014961344617256844
 0.1720,0.011038504336205153
 0.1720,0.007500089658790823
 0.1721,0.004501205537098904
 0.1721,0.002173426241244513
 0.1722,0.0006189580482043626
 0.1723,-9.390907131768319e-05
 0.1723,6.615260068916975e-05
 0.1724,0.0010921092887447598
 0.1724,0.002938879893743088
 0.1725,0.005525348493324298
 0.1726,0.008737979427128006
 0.1726,0.012435864427626531
 0.1727,0.01645696611934868
 0.1727,0.020625270018292403
 0.1728,0.02475852038952364
 0.1729,0.028676194934693002
 0.1729,0.03220736899566412
 0.1730,0.03519813080885597
 0.1730,0.03751823375599696
 0.1731,0.0390667076146077
 0.1732,0.03977619696880973
 0.1732,0.03961584963917631
 0.1733,0.03859263843001852
 0.1733,0.03675106270784733
 0.1734,0.03417124127388865
 0.1735,0.03096547372616091
 0.1735,0.02727341075122398
 0.1736,0.023256031425820244
 0.1736,0.01908867663132662
 0.1737,0.014953430851857057
 0.1738,0.011031177230772666
 0.1738,0.007493670237541722
 0.1739,0.004495975330874368
 0.1740,0.0021696148186467258
 0.1740,0.0006167328132966055
 0.1741,-9.445033887228802e-05
 0.1741,6.731909033827119e-05
 0.1742,0.001094932272532911
 0.1743,0.0029432353456302594
 0.1743,0.005531045157650925
 0.1744,0.008744767333180312
 0.1744,0.012443445985528549
 0.1745,0.016465009282196935
 0.1746,0.020633422907819082
 0.1746,0.024766426727219258
 0.1747,0.02868350959626496
 0.1747,0.03221377301348026
 0.1748,0.03520334518224915
 0.1749,0.03752203148893186
 0.1749,0.039068923480505245
 0.1750,0.03977673460151644
 0.1750,0.03961468566232761
 0.1751,0.0385898234585647
 0.1752,0.03674671918032772
 0.1752,0.03416555820204753
 0.1753,0.0309586985757894
 0.1753,0.027265838786318403
 0.1754,0.02324799295450174
 0.1755,0.019080522684312456
 0.1755,0.014945517899145805
 0.1756,0.011023851593483212
 0.1756,0.007487252876161799
 0.1757,0.004490747686420122
 0.1758,0.0021658063476254577
 0.1758,0.0006145107903262868
 0.1759,-9.498827522319683e-05
 0.1760,6.848888404245186e-05
 0.1760,0.0010977583880796451
 0.1761,0.002947593619463472
 0.1761,0.005536744210421451
 0.1762,0.008751557089758681
 0.1763,0.012451028775486163
 0.1763,0.01647305300535655
 0.1764,0.020641575662158077
 0.1764,0.02477433224092656
 0.1765,0.02869082278171904
 0.1766,0.03222017496802881
 0.1766,0.03520855699560559
 0.1767,0.03752582627679682
 0.1767,0.0390711361445841
 0.1768,0.03977726891494149
 0.1769,0.03961351839310388
 0.1769,0.03858700536481607
 0.1770,0.03674237283644916
 0.1770,0.03415987274257401
 0.1771,0.0309519215708567
 0.1772,0.02725826558124292
 0.1772,0.023239953912154276
 0.1773,0.019072368861124428
 0.1773,0.014937605760472013
 0.1774,0.01101652742554779
 0.1775,0.007480837575727112
 0.1775,0.0044855226046194435
 0.1776,0.0021620008288377956
 0.1776,0.0006122919796495304
 0.1777,-9.552288030344365e-05
 0.1778,6.966198162964131e-05
 0.1778,0.0011005876349141418
 0.1779,0.0029519547145021186
 0.1780,0.005542445650675711
 0.1780,0.008758348695736967
 0.1781,0.012458612796250164
 0.1781,0.016481097287475637
 0.1782,0.020649728279935033
 0.1783,0.02478223692932447
 0.1783,0.028698134489846202
 0.1784,0.03222657485825034
 0.1784,0.0352137662480394
 0.1785,0.037529618118954756
 0.1786,0.03907334560647582
 0.1786,0.03977779990901935
 0.1787,0.03961234783169778
 0.1787,0.03858418414922397
 0.1788,0.03673802367694868
 0.1789,0.034154184896433716
 0.1789,0.0309451427124837
 0.1790,0.027250691137254954
 0.1790,0.023231914300127547
 0.1791,0.019064215163108373
 0.1792,0.01492969443714512
 0.1792,0.011009204728181732
 0.1793,0.0074744243373136374
 0.1793,0.004480300086347781
 0.1794,0.0021581982628961437
 0.1795,0.0006100763816489913
 0.1795,-9.60541539912485e-05
 0.1796,7.083838288472703e-05
 0.1796,0.0011034200125337415
 0.1797,0.002956318630027668
 0.1798,0.005548149477468884
 0.1798,0.008765142149977562
 0.1799,0.012466198046523488
 0.1800,0.01648914212722153
 0.1800,0.019852380512182227
