67,0.0
67,3.7775572321913375e-05
67,3.7775572321913375e-05
67,3.7775532302547957e-05
67,3.7768048773007505e-05
67,3.773176604766113e-05
67,3.7665213131101566e-05
67,3.756326000131939e-05
67,3.743010096752606e-05
67,3.732636260747698e-05
67,3.736163846489568e-05
67,3.762478091127686e-05
67,3.8150237101544885e-05
67,3.895609206039263e-05
67,4.008303283839247e-05
67,4.158354654351627e-05
67,4.348338585741109e-05
67,4.574793678762713e-05
67,4.827119454315549e-05
67,5.0878497198777304e-05
67,5.335067847413521e-05
67,5.5491514190402206e-05
67,5.7170132701154464e-05
67,5.829770791124176e-05
67,5.882313903457566e-05
67,5.8754390376190446e-05
67,5.8142109560428905e-05
67,5.7071408752675434e-05
67,5.567876088140766e-05
67,5.410441838028514e-05
67,5.2400229938704504e-05
67,5.052190002321506e-05
67,4.842895726876608e-05
67,4.618762223123107e-05
67,4.398285645496406e-05
67,4.2046037906787156e-05
67,4.056606046558445e-05
67,3.9618604260040116e-05
67,3.914097082222671e-05
67,3.900027183597284e-05
67,3.909903177049013e-05
67,3.940073777065528e-05
67,3.9900350230019696e-05
67,4.0632813660261156e-05
67,4.169564275087385e-05
67,4.322238359667507e-05
67,4.532705557872428e-05
67,4.806427353542735e-05
67,5.1401813667161085e-05
67,5.518373334296604e-05
67,5.909759085319791e-05
67,6.269296317246273e-05
67,6.547607822856206e-05
67,6.705342970524352e-05
67,6.726110889996227e-05
67,6.62033146228005e-05
67,6.41689382130816e-05
67,6.149195177852929e-05
67,5.844787465980195e-05
67,5.521109077550414e-05
67,5.18600726119307e-05
67,4.8422189145717336e-05
67,4.4925320449658814e-05
67,4.141346955499367e-05
67,3.7934314885164025e-05
67,3.454639805267615e-05
67,3.135994076596725e-05
67,2.8562998054861093e-05
67,2.637728301478739e-05
67,2.4946539703973147e-05
67,2.422415833890161e-05
67,2.3957335186980373e-05
67,2.3833636005128744e-05
67,2.371552913033295e-05
67,2.374791494620789e-05
67,2.4223409677234382e-05
67,2.5359958585622845e-05
67,2.720816603790869e-05
67,2.9707088878549054e-05
67,3.276561316843737e-05
67,3.628178808701226e-05
67,4.0090639420986385e-05
67,4.3888706621308955e-05
67,4.722344385152844e-05
67,4.961418079526139e-05
67,5.075523861124768e-05
67,5.0638083728109006e-05
67,4.9492753509084683e-05
67,4.7634592667710364e-05
67,4.535456706553096e-05
67,4.288326860834016e-05
67,4.0380869806359076e-05
67,3.791919854402783e-05
67,3.5462387748510987e-05
67,3.2880800237404896e-05
67,3.002910370571595e-05
67,2.6871174954428366e-05
67,2.357258985652873e-05
67,2.0475047942778297e-05
67,1.79585127015095e-05
67,1.630182585792361e-05
67,1.563604103226079e-05
67,1.5976511967045785e-05
67,1.7267463293774908e-05
67,1.9408136532591576e-05
67,2.226433189274824e-05
67,2.566542989283958e-05
67,2.9390138619291106e-05
67,3.316764318470587e-05
67,3.671466239057743e-05
67,3.978783493885328e-05
67,4.221842533850511e-05
67,4.3922152659693355e-05
67,4.4888771763765086e-05
67,4.515552455070959e-05
67,4.4781431665053607e-05
67,4.3840610768331256e-05
67,4.2432230300388565e-05
67,4.069390259910697e-05
67,3.880812117862915e-05
67,3.6993516726786654e-05
67,3.548074564322842e-05
67,3.447953365985965e-05
67,3.413353102716699e-05
67,3.445560660457398e-05
67,3.526477361546616e-05
67,3.618484863820551e-05
67,3.6760214398145376e-05
67,3.666858419736128e-05
67,3.5912919111625314e-05
67,3.485743878260395e-05
67,3.407668049310403e-05
67,3.411857921451104e-05
67,3.531893927460323e-05
67,3.7736458920095304e-05
67,4.1195778202637104e-05
67,4.538997800634618e-05
67,4.9983722001847996e-05
67,5.465589603275227e-05
67,5.9062452349493344e-05
67,6.279448059458687e-05
67,6.544155161559795e-05
67,6.675172712506152e-05
67,6.674133757408414e-05
67,6.565048036269928e-05
67,6.38037602989901e-05
67,6.149851764686676e-05
67,5.896278989736808e-05
67,5.634802261685753e-05
67,5.3731239710617856e-05
67,5.1138176710555935e-05
67,4.85939224876171e-05
67,4.617775464767291e-05
67,4.404762395547743e-05
67,4.241114691875099e-05
67,4.144409475453934e-05
67,4.11906393153156e-05
67,4.149896030575006e-05
67,4.2034727934114744e-05
67,4.239517156981833e-05
67,4.2317590393866914e-05
67,4.190179356021725e-05
67,4.168303159820597e-05
67,4.2434984321023006e-05
67,4.478891758222639e-05
67,4.892232229181081e-05
67,5.449412354470625e-05
67,6.079234052651716e-05
67,6.696499720647769e-05
67,7.22484412828716e-05
67,7.61405169872761e-05
67,7.846141266537895e-05
67,7.92899810635671e-05
67,7.884825069758471e-05
67,7.741431143802674e-05
67,7.526332084624439e-05
67,7.26061992623224e-05
67,6.955596461605523e-05
67,6.617199072492496e-05
67,6.255522155581926e-05
67,5.8898775941375325e-05
67,5.542961963972029e-05
67,5.2281355077106664e-05
67,4.941718787906322e-05
67,4.668750713892251e-05
67,4.3977924714396834e-05
67,4.1313910334361985e-05
67,3.883606193303132e-05
67,3.669265398706718e-05
67,3.4967264573517363e-05
67,3.369583429659609e-05
67,3.292061139428395e-05
67,3.271361166744535e-05
67,3.317384565566363e-05
67,3.443390419123659e-05
67,3.664787291988402e-05
67,3.988857675184905e-05
67,4.397717316896723e-05
67,4.839903758597793e-05
67,5.242324125335582e-05
67,5.536573947238113e-05
67,5.68325258241217e-05
67,5.682454093951535e-05
67,5.5679125447212825e-05
67,5.388874541084307e-05
67,5.188630283429004e-05
67,4.9908850210315735e-05
67,4.800050098349298e-05
67,4.6112182208920025e-05
67,4.420672689907117e-05
67,4.23183378023577e-05
67,4.056054909572379e-05
67,3.907812319926511e-05
67,3.794546308761319e-05
67,3.7055239633416195e-05
67,3.6075643381409065e-05
67,3.453876113897923e-05
67,3.2051601395024324e-05
67,2.8534430093800345e-05
67,2.4346672387315026e-05
67,2.0201640368312798e-05
67,1.689745587052725e-05
67,1.5019039859090109e-05
67,1.477015986102242e-05
67,1.5975080239714838e-05
67,1.8191132007214437e-05
67,2.0871752608447653e-05
67,2.353382318101508e-05
67,2.5860834973839774e-05
67,2.769333203249545e-05
67,2.8954803935578926e-05
67,2.9607505612530857e-05
67,2.9655641822383516e-05
67,2.914574624083626e-05
67,2.8152414259664337e-05
67,2.6780756658593516e-05
67,2.518463592088479e-05
67,2.3562314838167793e-05
67,2.2112136479543393e-05
67,2.0976296511137895e-05
67,2.0216597223312404e-05
67,1.9836722708837824e-05
67,1.9818299932637838e-05
67,2.0123541033754422e-05
67,2.0653602313111797e-05
67,2.1200777232991902e-05
67,2.145063148669075e-05
67,2.1067510294614392e-05
67,1.9848154229234998e-05
67,1.7875891098945976e-05
67,1.5583436466612276e-05
67,1.3666923855115508e-05
67,1.2872552691244628e-05
67,1.3741016562465198e-05
67,1.6410791028213062e-05
67,2.0555602593801855e-05
67,2.5475261954337832e-05
67,3.0301573633685207e-05
67,3.4254973709412214e-05
67,3.687799863211294e-05
67,3.815452832628546e-05
67,3.843690214076388e-05
67,3.8201760312088125e-05
67,3.778634872998687e-05
67,3.7270561397083986e-05
67,3.653819618614064e-05
67,3.5429727689858636e-05
67,3.3892606143200404e-05
67,3.207693218588429e-05
67,3.0336866695369094e-05
67,2.9114776500131683e-05
67,2.8750172750329515e-05
67,2.931760016161966e-05
67,3.058389740186134e-05
67,3.209356564449155e-05
67,3.332094491234388e-05
67,3.382490184128146e-05
67,3.3373128654160574e-05
67,3.2018140669147145e-05
67,3.010704411282815e-05
67,2.8213095139336834e-05
67,2.699530437213759e-05
67,2.702498116629714e-05
67,2.8651182761875e-05
67,3.1959797773702984e-05
67,3.679831081188774e-05
67,4.2789824495138775e-05
67,4.933562697251421e-05
67,5.569711647112328e-05
67,6.11893819749066e-05
67,6.538106074647739e-05
67,6.81748184770815e-05
67,6.974344346425417e-05
67,7.037780478848383e-05
67,7.032533807801571e-05
67,6.970122899969383e-05
67,6.851779363232814e-05
67,6.678687088401518e-05
67,6.45979670646215e-05
67,6.212892941117091e-05
67,5.9620417641976925e-05
67,5.734024291449902e-05
67,5.552043584204315e-05
67,5.4256845558678444e-05
67,5.341205929474143e-05
67,5.259490394169771e-05
67,5.127091541767432e-05
67,4.899149885384188e-05
67,4.5644614860293036e-05
67,4.15841865886774e-05
67,3.7545607409952346e-05
67,3.439065854474274e-05
67,3.283431838289064e-05
67,3.327750442156826e-05
67,3.575436023844577e-05
67,3.995216442626885e-05
67,4.530127490005695e-05
67,5.113886834242323e-05
67,5.687749239636132e-05
67,6.20799207928809e-05
67,6.643352609021556e-05
67,6.970781902596666e-05
67,7.174724401758418e-05
67,7.247847480359945e-05
67,7.191203833254303e-05
67,7.015386894026865e-05
67,6.74342058341573e-05
67,6.41223587970268e-05
67,6.068269959438779e-05
67,5.756232125896248e-05
67,5.5057698096453526e-05
67,5.323325232073528e-05
67,5.193246066022921e-05
67,5.0861352253296105e-05
67,4.968653321666715e-05
67,4.810394586813774e-05
67,4.588170645624367e-05
67,4.2905777865157415e-05
67,3.923215896846701e-05
67,3.511151990898961e-05
67,3.095889527210042e-05
67,2.7284385550519975e-05
67,2.461103851452829e-05
67,2.337409473678841e-05
67,2.380250892377883e-05
67,2.5837139157764488e-05
67,2.9141081032593885e-05
67,3.3191757190525146e-05
67,3.7408362491576345e-05
67,4.128233344629274e-05
67,4.447213436289932e-05
67,4.6806319712553136e-05
67,4.8195645963449894e-05
67,4.8552840155041646e-05
67,4.781053143190935e-05
67,4.6007019534162125e-05
67,4.334443171283635e-05
67,4.01811721419859e-05
67,3.698362440412041e-05
67,3.425295797786596e-05
67,3.241681867160304e-05
67,3.1692973286784454e-05
67,3.197726914547081e-05
67,3.282799393306321e-05
67,3.358344763820043e-05
67,3.3582607002603134e-05
67,3.240385074744379e-05
67,3.001954312128432e-05
67,2.680023033325368e-05
67,2.338176492901656e-05
67,2.047208179863439e-05
67,1.8674809969837957e-05
67,1.8374081934443314e-05
67,1.9701165412064308e-05
67,2.25724436613546e-05
67,2.6742594313088342e-05
67,3.1823785752901773e-05
67,3.7300249557032684e-05
67,4.259941986398049e-05
67,4.720271395064332e-05
67,5.071726155862394e-05
67,5.288252982961556e-05
67,5.3559659222742095e-05
67,5.27435808477296e-05
67,5.058881806585662e-05
67,4.74194073380741e-05
67,4.369719181027725e-05
67,3.9936449255037765e-05
67,3.659100495955241e-05
67,3.397840848802382e-05
67,3.22840027813664e-05
67,3.1610756896705363e-05
67,3.199161718559731e-05
67,3.3317477167073825e-05
67,3.522906183838978e-05
67,3.709519325064354e-05
67,3.8173910343679415e-05
67,3.791895521794615e-05
67,3.6258078439751084e-05
67,3.366371581477848e-05
67,3.097619563169302e-05
67,2.9102872759041524e-05
67,2.8762974900551228e-05
67,3.0356437706230153e-05
67,3.392503089709281e-05
67,3.9161245525997164e-05
67,4.547520583627021e-05
67,5.213649888578323e-05
67,5.844262728432765e-05
67,6.383160111566119e-05
67,6.791225284431258e-05
67,7.045183990442562e-05
67,7.135927837256027e-05
67,7.067306326137637e-05
67,6.855848406715691e-05
67,6.531782385368884e-05
67,6.139280925434063e-05
67,5.7318553425138435e-05
67,5.3612787363786455e-05
67,5.064338163174585e-05
67,4.855101246564265e-05
67,4.726928181242832e-05
67,4.6611380043254325e-05
67,4.634983643411741e-05
67,4.623844939939874e-05
67,4.598862312374017e-05
67,4.5261661386972505e-05
67,4.3733243909855864e-05
67,4.1228264435056885e-05
67,3.785759723683741e-05
67,3.40716757433567e-05
67,3.059413023276374e-05
67,2.825720077652512e-05
67,2.7783554916377248e-05
67,2.9571166849742863e-05
67,3.3555165183376403e-05
67,3.920386170782275e-05
67,4.56502505655629e-05
67,5.191588827438047e-05
67,5.71623994646075e-05
67,6.0880043512677456e-05
67,6.29268012949817e-05
67,6.34202385429235e-05
67,6.259141806216403e-05
67,6.070459529749796e-05
67,5.8043987492293245e-05
67,5.491185894225501e-05
67,5.1614468752467856e-05
67,4.84477968609668e-05
67,4.568408827620298e-05
67,4.3541293301792943e-05
67,4.2126728883049975e-05
67,4.13748757371981e-05
67,4.101999972163493e-05
67,4.063830624325616e-05
67,3.9762054327222655e-05
67,3.802791979794798e-05
67,3.529909485514672e-05
67,3.171318867596089e-05
67,2.7648726117225466e-05
67,2.3639107316397734e-05
67,2.027047035888522e-05
67,1.8086838708592115e-05
67,1.7508650262648268e-05
67,1.8755445717460918e-05
67,2.1766086679066907e-05
67,2.6147478177930858e-05
67,3.1215635146197936e-05
67,3.6152673351674185e-05
67,4.021537042731549e-05
67,4.289964923465193e-05
67,4.401360060293736e-05
67,4.36625349905634e-05
67,4.2165760999219044e-05
67,3.9938755646733455e-05
67,3.73904509509158e-05
67,3.486794295360565e-05
67,3.263930848529509e-05
67,3.089223878539074e-05
67,2.9746415470532682e-05
67,2.9280534668311226e-05
67,2.9545925051978617e-05
67,3.052562492737012e-05
67,3.203905404690842e-05
67,3.36623464463184e-05
67,3.476370486654502e-05
67,3.469394691821012e-05
67,3.3057084696472545e-05
67,2.9912287986558057e-05
67,2.5794635004248163e-05
67,2.155619592942284e-05
67,1.8125300572758577e-05
67,1.628976998217703e-05
67,1.6546714331261786e-05
67,1.9009335151621693e-05
67,2.3371460440412262e-05
67,2.8964212499545225e-05
67,3.4921798448254155e-05
67,4.0402545088194386e-05
67,4.476943104364495e-05
67,4.767219922000471e-05
67,4.903888552626121e-05
67,4.901233838968224e-05
67,4.786342383138519e-05
67,4.590940656518463e-05
67,4.34610927952843e-05
67,4.08038794456818e-05
67,3.819899731380927e-05
67,3.588914199489079e-05
67,3.410017030080265e-05
67,3.303109578440949e-05
67,3.282151226043093e-05
67,3.349382825277176e-05
67,3.488730983871864e-05
67,3.661924551869699e-05
67,3.811549854174323e-05
67,3.873811477714201e-05
67,3.799370145198959e-05
67,3.574767136798643e-05
67,3.2339829499903576e-05
67,2.8535212088141676e-05
67,2.532994526436676e-05
67,2.369124449273692e-05
67,2.430899385836739e-05
67,2.741506125676906e-05
67,3.271669525902525e-05
67,3.946880361072571e-05
67,4.666645933154418e-05
67,5.330085792231279e-05
67,5.8600840377613406e-05
67,6.217558857126797e-05
67,6.400701298511496e-05
67,6.432210008248392e-05
67,6.344036165342796e-05
67,6.167277022558488e-05
67,5.9282615744071974e-05
67,5.648644228434555e-05
67,5.348107396647864e-05
67,5.04846023415364e-05
67,4.7764919053242315e-05
67,4.562401600712189e-05
67,4.432303548049977e-05
67,4.396635355462173e-05
67,4.4397681269881704e-05
67,4.517363899195271e-05
67,4.565359928334122e-05
67,4.518887585709767e-05
67,4.3342950103867366e-05
67,4.005880451805387e-05
67,3.5714601186325315e-05
67,3.105325384009318e-05
67,2.7011435378156744e-05
67,2.449960584930653e-05
67,2.419125252536484e-05
67,2.63654583591426e-05
67,3.0831082092073573e-05
67,3.6959649335016105e-05
67,4.384073046899332e-05
67,5.05193275464282e-05
67,5.6220691092555274e-05
67,6.0477597979616775e-05
67,6.313727841039092e-05
67,6.428012123816506e-05
67,6.410715416871764e-05
67,6.285536918331499e-05
67,6.0772143354415524e-05
67,5.812839895871974e-05
67,5.522363025239872e-05
67,5.236421764427594e-05
67,4.9835491380779565e-05
67,4.788296085655131e-05
67,4.668368759092526e-05
67,4.628108329903637e-05
67,4.649590026023576e-05
67,4.687779528020247e-05
67,4.677180839237371e-05
67,4.5517922203697316e-05
67,4.271226824885698e-05
67,3.840423694107549e-05
67,3.313032131985604e-05
67,2.7775278024182213e-05
67,2.333618893771686e-05
67,2.068506386703361e-05
67,2.0385508985842123e-05
67,2.257835909410388e-05
67,2.6949401235278267e-05
67,3.280256865984445e-05
67,3.92364177269413e-05
67,4.5366472979816444e-05
67,5.050747137193135e-05
67,5.425693546821155e-05
67,5.647604412988387e-05
67,5.720678474186927e-05
67,5.658217463186715e-05
67,5.4777353371622614e-05
67,5.201642220955881e-05
67,4.860958548155067e-05
67,4.497320124028132e-05
67,4.1596709759795336e-05
67,3.895574693182108e-05
67,3.7403614227612194e-05
67,3.708185339227641e-05
67,3.787427853414675e-05
67,3.940688886699786e-05
67,4.109080846344657e-05
67,4.221755544587482e-05
67,4.21192168891445e-05
67,4.037550376961738e-05
67,3.6996999055226544e-05
67,3.248920258281848e-05
67,2.7746178425935453e-05
67,2.3811313458732193e-05
67,2.160232898198247e-05
67,2.1691220123807704e-05
67,2.4188444589376273e-05
67,2.8743824814720266e-05
67,3.465096285485944e-05
67,4.1023227217524875e-05
67,4.699627491671702e-05
67,5.190095702899137e-05
67,5.5350430697498476e-05
67,5.7219710951955086e-05
67,5.7556622659915255e-05
67,5.6496186342236586e-05
67,5.422409486994241e-05
67,5.0985014476916845e-05
67,4.710638103632988e-05
67,4.301002213368444e-05
67,3.919116459104875e-05
67,3.615363187014619e-05
67,3.430694240627205e-05
67,3.3850670286727574e-05
67,3.468421878601318e-05
67,3.638148108962216e-05
67,3.8257549394860446e-05
67,3.952750498052937e-05
67,3.9521262604190146e-05
67,3.788960895591819e-05
67,3.473249035106014e-05
67,3.060526641861665e-05
67,2.6399484661989482e-05
67,2.3134181957666632e-05
67,2.1717191854744123e-05
67,2.2734532554468233e-05
67,2.6308356638391138e-05
67,3.205413379531525e-05
67,3.916494495063648e-05
67,4.6618869635354965e-05
67,5.3440161254274416e-05
67,5.8907287235551625e-05
67,6.263656314628517e-05
67,6.454427761737861e-05
67,6.474289358718729e-05
67,6.34397458171363e-05
67,6.0886637898915554e-05
67,5.7383334899128356e-05
67,5.329530347200571e-05
67,4.904597905324836e-05
67,4.508103357427563e-05
67,4.182541979573907e-05
67,3.9638343992495874e-05
67,3.874804208677262e-05
67,3.9156961060939424e-05
67,4.0550402687491625e-05
67,4.22815211031281e-05
67,4.349691123123427e-05
67,4.3395354537179305e-05
67,4.152036817220864e-05
67,3.794812770544517e-05
67,3.328383926433623e-05
67,2.848489904022691e-05
67,2.4606647064091315e-05
67,2.2565339878801598e-05
67,2.2959097741894454e-05
67,2.5948471119858548e-05
67,3.1206547347815766e-05
67,3.797164139648943e-05
67,4.522092658249498e-05
67,5.192388736822192e-05
67,5.728012883890618e-05
67,6.084959510296881e-05
67,6.254537849988617e-05
67,6.253143695350483e-05
67,6.110063012249106e-05
67,5.8591802785766325e-05
67,5.5361299906091275e-05
67,5.178518992767587e-05
67,4.825579047083353e-05
67,4.515369366316921e-05
67,4.2803926100260074e-05
67,4.143391522371248e-05
67,4.113680798497828e-05
67,4.183001989112428e-05
67,4.3209095733101485e-05
67,4.472799958904288e-05
67,4.565906832138541e-05
67,4.52658525557824e-05
67,4.305510259138473e-05
67,3.9001235603205824e-05
67,3.36232173305721e-05
67,2.7867467697100398e-05
67,2.2856083931109132e-05
67,1.9608713052978983e-05
67,1.88171469028753e-05
67,2.070318415130137e-05
67,2.497330716442229e-05
67,3.088569282469591e-05
67,3.742945492211369e-05
67,4.357427566499516e-05
67,4.850624458286197e-05
67,5.1761822339685965e-05
67,5.3225162506373205e-05
67,5.30314462184718e-05
67,5.1456550072972554e-05
67,4.8846324216894474e-05
67,4.558672071770063e-05
67,4.208838853178525e-05
67,3.876398297135634e-05
67,3.599308057976493e-05
67,3.40817202135082e-05
67,3.322395309567858e-05
67,3.346373144294207e-05
67,3.46530521463469e-05
67,3.641964156925634e-05
67,3.81809393588246e-05
67,3.924026735894907e-05
67,3.896407701070851e-05
67,3.698769804378341e-05
67,3.33673506825181e-05
67,2.86110766566433e-05
67,2.3574213025435137e-05
67,1.9262842431498952e-05
67,1.661211771215311e-05
67,1.628646857297279e-05
67,1.8523999047618588e-05
67,2.305682873129674e-05
67,2.915665180235858e-05
67,3.582060747492355e-05
67,4.203414800322028e-05
67,4.700267389748683e-05
67,5.027313801603897e-05
67,5.173216207508033e-05
67,5.1519367157125354e-05
67,4.99186619259402e-05
67,4.728132673386617e-05
67,4.399429226722758e-05
67,4.0467407347825376e-05
67,3.711216819151629e-05
67,3.431114463534869e-05
67,3.2389901038085795e-05
67,3.1588121183080955e-05
67,3.2010728874859726e-05
67,3.355143593141017e-05
67,3.582044505753866e-05
67,3.814363707179864e-05
67,3.969036974362725e-05
67,3.971895277737327e-05
67,3.7845177256585563e-05
67,3.420728492202226e-05
67,2.9451881408011905e-05
67,2.456166232639795e-05
67,2.0612183733516447e-05
67,1.854081150856645e-05
67,1.8965830571809485e-05
67,2.2064645655262474e-05
67,2.752717518061737e-05
67,3.461311908716746e-05
67,4.23211359614878e-05
67,4.962563174355417e-05
67,5.569601437134491e-05
67,6.002275124998219e-05
67,6.242786288553786e-05
67,6.299295552577799e-05
67,6.196219342502344e-05
67,5.966723300477359e-05
67,5.649021691953214e-05
67,5.2849267035057696e-05
67,4.9179828525669646e-05
67,4.5900833371402964e-05
67,4.337529953165057e-05
67,4.1874652778739496e-05
67,4.153849797505008e-05
67,4.231572691859706e-05
67,4.389707153882873e-05
67,4.568833890168931e-05
67,4.688878667889377e-05
67,4.6700450077322976e-05
67,4.4612338892036564e-05
67,4.063397488738745e-05
67,3.5358031995058325e-05
67,2.9819227727907085e-05
67,2.52190524822851e-05
67,2.2626179493479263e-05
67,2.2733574461215878e-05
67,2.571109801902102e-05
67,3.1175608152787446e-05
67,3.829275198211835e-05
67,4.5993905120602686e-05
67,5.324092545751224e-05
67,5.924065516230969e-05
67,6.353700776007099e-05
67,6.598002329573954e-05
67,6.663288902427955e-05
67,6.56857151469183e-05
67,6.340897136569202e-05
67,6.01407384082462e-05
67,5.6284349324591014e-05
67,5.229444423440136e-05
67,4.8641007399541656e-05
67,4.575438000972973e-05
67,4.396010877602467e-05
67,4.340960720690816e-05
67,4.4013838517634966e-05
67,4.540167885006842e-05
67,4.693970028358087e-05
67,4.7843220843222184e-05
67,4.737290367743503e-05
67,4.506427768708745e-05
67,4.0907854567344e-05
67,3.5406417383260935e-05
67,2.948325463566334e-05
67,2.4273709273388777e-05
67,2.0864790889115184e-05
67,2.0042710921471484e-05
67,2.2096528241860376e-05
67,2.673187643733815e-05
67,3.314292541290993e-05
67,4.023591133119806e-05
67,4.692152029938958e-05
67,5.2362014775220446e-05
67,5.6092429277279946e-05
67,5.800052806471038e-05
67,5.8212899016207776e-05
67,5.696990891983085e-05
67,5.455633794836127e-05
67,5.129461713251163e-05
67,4.7558277696315346e-05
67,4.3767012291711305e-05
67,4.0358699866674755e-05
67,3.774893452714596e-05
67,3.627624478006792e-05
67,3.612175195704089e-05
67,3.721002538599557e-05
67,3.9135242627605795e-05
67,4.117898165969264e-05
67,4.2461300890263055e-05
67,4.219844809680555e-05
67,3.99713348059737e-05
67,3.5889881389643245e-05
67,3.058739758252778e-05
67,2.5062131255880783e-05
67,2.043992389248964e-05
67,1.7731811747509414e-05
67,1.762755894351464e-05
67,2.0345832630139494e-05
67,2.5569415002532934e-05
67,3.250202246348754e-05
67,4.005625249034997e-05
67,4.712162210111053e-05
67,5.281382598680803e-05
67,5.661605229726921e-05
67,5.838484613805822e-05
67,5.825885981724086e-05
67,5.6539238046604105e-05
67,5.359959858737704e-05
67,4.984689382222598e-05
67,4.571531738445796e-05
67,4.1659316754490423e-05
67,3.812692455259851e-05
67,3.551877711263165e-05
67,3.41426923568025e-05
67,3.415929185445784e-05
67,3.550941551316728e-05
67,3.783899735971607e-05
67,4.047606885470059e-05
67,4.252604716764083e-05
67,4.3105504396238604e-05
67,4.1647309671072926e-05
67,3.814274999418882e-05
67,3.319957371535581e-05
67,2.7888793664778583e-05
67,2.345660391014991e-05
67,2.101549152260203e-05
67,2.1295650351365174e-05
67,2.449172613446896e-05
67,3.0223813446335588e-05
67,3.7629883562204496e-05
67,4.558088916374765e-05
67,5.2957063470788956e-05
67,5.888720821837023e-05
67,6.287202218268599e-05
67,6.477706497304864e-05
67,6.474081558963173e-05
67,6.306256401311407e-05
67,6.011751660658899e-05
67,5.631528704329084e-05
67,5.209023354680001e-05
67,4.789775380517064e-05
67,4.419423261773018e-05
67,4.1393671812545246e-05
67,3.980645731446207e-05
67,3.956862701440488e-05
67,4.057269630836567e-05
67,4.242302292904975e-05
67,4.445224026186741e-05
67,4.583131657128246e-05
67,4.577341217052949e-05
67,4.378112829643019e-05
67,3.98470025284864e-05
67,3.451938094742515e-05
67,2.8798375671107972e-05
67,2.38991614768663e-05
67,2.096245662681587e-05
67,2.0786059973589904e-05
67,2.362984794835121e-05
67,2.9141240419959122e-05
67,3.6438171114780866e-05
67,4.4339062040975205e-05
67,5.1663741757657294e-05
67,5.7497670014089676e-05
67,6.13348002200927e-05
67,6.30728918755931e-05
67,6.290043365150945e-05
67,6.115537805720138e-05
67,5.8225601720256486e-05
67,5.450939582542433e-05
67,5.041062647931037e-05
67,4.6339657600801034e-05
67,4.2708253929385296e-05
67,3.991181792959843e-05
67,3.828452622982208e-05
67,3.8014972814444735e-05
67,3.903572026650153e-05
67,4.093826468351273e-05
67,4.2984036238079724e-05
67,4.425497325329888e-05
67,4.3918458074564366e-05
67,4.151111788229146e-05
67,3.712277099524718e-05
67,3.140525958502633e-05
67,2.5412593716150963e-05
67,2.0343197907996996e-05
67,1.726763067496912e-05
67,1.689911342387926e-05
67,1.9438560178612514e-05
67,2.4521921061850953e-05
67,3.129823766005897e-05
67,3.863872809207143e-05
67,4.541859834967571e-05
67,5.0768849514417605e-05
67,5.421017196828635e-05
67,5.5646781272922003e-05
67,5.526407314945674e-05
67,5.340161105835617e-05
67,5.0459015176459596e-05
67,4.685371305853278e-05
67,4.301128032567023e-05
67,3.935670102526166e-05
67,3.629216833206065e-05
67,3.416743504949695e-05
67,3.324649318274484e-05
67,3.3658028215216535e-05
67,3.531801702563906e-05
67,3.7845725781151054e-05
67,4.0536566584802356e-05
67,4.2462933503120786e-05
67,4.2720688925031854e-05
67,4.074639289113064e-05
67,3.656388259291628e-05
67,3.0837458201482103e-05
67,2.4707480326183293e-05
67,1.9488722482894366e-05
67,1.6348266333385833e-05
67,1.6045689663171084e-05
67,1.877273593625372e-05
67,2.4115390095704178e-05
67,3.115967293632858e-05
67,3.8731072828438544e-05
67,4.569568828824374e-05
67,5.1210171154287485e-05
67,5.483327804886488e-05
67,5.6490151625787226e-05
67,5.635186901909091e-05
67,5.471256806425746e-05
67,5.191681372240952e-05
67,4.8342360697722306e-05
67,4.440870228748596e-05
67,4.057484228932153e-05
67,3.730734866385789e-05
67,3.50233864435048e-05
67,3.40232743989059e-05
67,3.442146340682298e-05
67,3.6081341332804424e-05
67,3.857184603704019e-05
67,4.11832048295371e-05
67,4.304017879471657e-05
67,4.331751823190254e-05
67,4.150394367070167e-05
67,3.7613486613102325e-05
67,3.224617454341419e-05
67,2.6463597023767318e-05
67,2.1528913191140264e-05
67,1.860431136572225e-05
67,1.8483718424950514e-05
67,2.1407872946670136e-05
67,2.7001186950236905e-05
67,3.4363475885542144e-05
67,4.2306622851102676e-05
67,4.9660864635463774e-05
67,5.553941910685536e-05
67,5.9471466803441727e-05
67,6.13787222782272e-05
67,6.14454651699578e-05
67,5.997402676807557e-05
67,5.7299101267910535e-05
67,5.377285597319159e-05
67,4.978354684726292e-05
67,4.576628188795103e-05
67,4.218755247658643e-05
67,3.950172092856361e-05
67,3.807944759626853e-05
67,3.810978863972552e-05
67,3.9493829637936966e-05
67,4.1775027938799595e-05
67,4.416640661128529e-05
67,4.571150470052157e-05
67,4.555402769367336e-05
67,4.32242273195811e-05
67,3.882483925383083e-05
67,3.303921092097826e-05
67,2.696568838397198e-05
67,2.185061899811597e-05
67,1.8807947688184683e-05
67,1.858513756960731e-05
67,2.140538734890649e-05
67,2.6912582529145054e-05
67,3.424933174090883e-05
67,4.2269662543433465e-05
67,4.982488232655913e-05
67,5.6015893215301736e-05
67,6.032425867658002e-05
67,6.260310892155188e-05
67,6.297475807929783e-05
67,6.170925660900041e-05
67,5.91434354063984e-05
67,5.5656939023906155e-05
67,5.167768507964991e-05
67,4.7676139497372044e-05
67,4.413107584514896e-05
67,4.147746692953392e-05
67,4.00491203898383e-05
67,4.001192668005845e-05
67,4.1281228955604814e-05
67,4.34459681840645e-05
67,4.576085449922962e-05
67,4.7271016725600135e-05
67,4.707607050218603e-05
67,4.464892271208866e-05
67,4.006645770590028e-05
67,3.403865407161794e-05
67,2.772604197405931e-05
67,2.243528739190692e-05
67,1.9309120981825914e-05
67,1.9084559167693734e-05
67,2.1945853708977765e-05
67,2.7488560521550587e-05
67,3.4816282325340894e-05
67,4.27653843362397e-05
67,5.019282296612333e-05
67,5.62200252776175e-05
67,6.034819861609346e-05
67,6.243452411769101e-05
67,6.258711872742235e-05
67,6.105629516688062e-05
67,5.8171670449860684e-05
67,5.432844436156434e-05
67,4.9992086935030584e-05
67,4.568543272305499e-05
67,4.1942591782957875e-05
67,3.9239068308716e-05
67,3.791566677363659e-05
67,3.810520673072691e-05
67,3.966603140886336e-05
67,4.213951664804671e-05
67,4.4770000173698925e-05
67,4.662763446339636e-05
67,4.6838950557592546e-05
67,4.48666394554523e-05
67,4.072904201265579e-05
67,3.505574469764458e-05
67,2.894763219669117e-05
67,2.370053409546843e-05
67,2.0494296182995102e-05
67,2.0127536766362653e-05
67,2.2841163765654802e-05
67,2.82627053903826e-05
67,3.5498645010180925e-05
67,4.3364568804588486e-05
67,5.068248297609225e-05
67,5.653918181340826e-05
67,6.041945430861796e-05
67,6.219248281797161e-05
67,6.20011084969252e-05
67,6.0138103191026734e-05
67,5.697034052203584e-05
67,5.291584974851878e-05
67,4.844042899962157e-05
67,4.404307024207589e-05
67,4.022217679182337e-05
67,3.74273554071656e-05
67,3.599784771762081e-05
67,3.6083788424639675e-05
67,3.755800066708551e-05
67,3.995430391109217e-05
67,4.24896281960849e-05
67,4.421170346575582e-05
67,4.4256479007015e-05
67,4.213117684294992e-05
67,3.7907851460095384e-05
67,3.22455312414957e-05
67,2.6237259110257054e-05
67,2.1148261488249024e-05
67,1.813070223501127e-05
67,1.7975083035177634e-05
67,2.093220204122678e-05
67,2.6641188330039065e-05
67,3.4204034021405484e-05
67,4.2410442358929606e-05
67,5.00435449037707e-05
67,5.614962007200983e-05
67,6.017974928987568e-05
67,6.198570339438561e-05
67,6.171917050052384e-05
67,5.9708830112369785e-05
67,5.6372445104631946e-05
67,5.217761197022714e-05
67,4.762553162601727e-05
67,4.322637656695995e-05
67,3.945943583552875e-05
67,3.673131191123091e-05
67,3.5337309617257834e-05
67,3.54107791045501e-05
67,3.684708577614091e-05
67,3.922530014254007e-05
67,4.179390784924864e-05
67,4.358957830265701e-05
67,4.369719572438058e-05
67,4.1566090185676704e-05
67,3.724105522471826e-05
67,3.139808427811243e-05
67,2.517562464877859e-05
67,1.988534566646205e-05
67,1.670802602474651e-05
67,1.6440886213085712e-05
67,1.93253090714375e-05
67,2.4983728365385042e-05
67,3.250159218231873e-05
67,4.065694602831437e-05
67,4.8229885893122405e-05
67,5.427543155370006e-05
67,5.826436107928555e-05
67,6.0072361144878925e-05
67,5.987063223028758e-05
67,5.799742913795452e-05
67,5.486806610804858e-05
67,5.093638579333862e-05
67,4.668416922945312e-05
67,4.260635540517914e-05
67,3.917720940318823e-05
67,3.6803061866833725e-05
67,3.5770098438331994e-05
67,3.618518606767472e-05
67,3.7907354768014284e-05
67,4.0490065163321706e-05
67,4.3183508042933694e-05
67,4.504905991256351e-05
67,4.519500387050188e-05
67,4.306941671760388e-05
67,3.869072413875073e-05
67,3.270674722133084e-05
67,2.6252452880343167e-05
67,2.0669314174275644e-05
67,1.718792731079052e-05
67,1.66518478802621e-05
67,1.9326969422389837e-05
67,2.483434494484489e-05
67,3.224026000952216e-05
67,4.029674261591544e-05
67,4.7759574431127917e-05
67,5.366981921344864e-05
67,5.750325719714231e-05
67,5.916020856033782e-05
67,5.8844457372848594e-05
67,5.6918402677900714e-05
67,5.38026580836231e-05
67,4.993573054626042e-05
67,4.576824586593894e-05
67,4.175994121354153e-05
67,3.836335576078906e-05
67,3.5990832602898016e-05
67,3.496144236225205e-05
67,3.542262293111859e-05
67,3.725496290002741e-05
67,3.999913748824554e-05
67,4.2867227426900786e-05
67,4.488529914496016e-05
67,4.5154581367727866e-05
67,4.3146734501404424e-05
67,3.89133913201756e-05
67,3.312032446874641e-05
67,2.6895729485772714e-05
67,2.1557388872763184e-05
67,1.8309052962002558e-05
67,1.797410519860445e-05
67,2.0807697994296224e-05
67,2.6426851835727733e-05
67,3.389764441400568e-05
67,4.1977015869049836e-05
67,4.943270609456349e-05
67,5.532070604248952e-05
67,5.9126908330926895e-05
67,6.075434353152789e-05
67,6.040614744367378e-05
67,5.8444150161060566e-05
67,5.528801726292596e-05
67,5.137434773087614e-05
67,4.7151665835641075e-05
67,4.307664920332198e-05
67,3.959625393814659e-05
67,3.711775324924685e-05
67,3.596463825365794e-05
67,3.630577793742026e-05
67,3.8055975248326114e-05
67,4.0783996540160056e-05
67,4.370067888871867e-05
67,4.579259188878872e-05
67,4.6100124363223925e-05
67,4.404730335698706e-05
67,3.967981317852375e-05
67,3.3702001010158655e-05
67,2.7303306008831294e-05
67,2.1856727000268422e-05
67,1.8596716675197323e-05
67,1.8349730033493418e-05
67,2.1354574699224942e-05
67,2.7204882285486412e-05
67,3.4946038894701974e-05
67,4.332118033105835e-05
67,5.10913929772197e-05
67,5.7310867121569066e-05
67,6.146263970173513e-05
67,6.343793182256463e-05
67,6.341546658440634e-05
67,6.172447501408435e-05
67,5.875310353828218e-05
67,5.491665779581728e-05
67,5.0659620788792974e-05
67,4.64545534545263e-05
67,4.2778344119304025e-05
67,4.0067735342008104e-05
67,3.866054420596026e-05
67,3.872153025725767e-05
67,4.015524320687137e-05
67,4.253315309640259e-05
67,4.509105784884839e-05
67,4.68518865345036e-05
67,4.688002538395555e-05
67,4.459479505064655e-05
67,4.0014097030630364e-05
67,3.3813537475100806e-05
67,2.717219486001952e-05
67,2.1473915682610526e-05
67,1.797372804175761e-05
67,1.751425639578813e-05
67,2.0339120964122348e-05
67,2.6037951083108026e-05
67,3.365024940249344e-05
67,4.1915731710399717e-05
67,4.95948267719262e-05
67,5.5743643167384705e-05
67,5.984957672230637e-05
67,6.180686015237655e-05
67,6.178907213929688e-05
67,6.010970199402153e-05
67,5.713683864258762e-05
67,5.3271559032017426e-05
67,4.895688316563431e-05
67,4.467871778520476e-05
67,4.0940289212638285e-05
67,3.821083927542829e-05
67,3.685382244237262e-05
67,3.703738097993453e-05
67,3.8638535635182847e-05
67,4.117721529975962e-05
67,4.383659352310368e-05
67,4.561276450069025e-05
67,4.558153342099594e-05
67,4.320014910954055e-05
67,3.8523812193630625e-05
67,3.224291994171817e-05
67,2.5526206173336493e-05
67,1.973556295659215e-05
67,1.6109281316083697e-05
67,1.5488264128640954e-05
67,1.8128590518320474e-05
67,2.363790276359022e-05
67,3.1070723728411746e-05
67,3.9176237783725346e-05
67,4.6719709176587685e-05
67,5.275664860062275e-05
67,5.676742688185684e-05
67,5.8636275355303485e-05
67,5.852997740639887e-05
67,5.6761810847174486e-05
67,5.370635326913316e-05
67,4.977763349358104e-05
67,4.5436295777862235e-05
67,4.118432912151786e-05
67,3.753208627970769e-05
67,3.4945695582934274e-05
67,3.3782043676665565e-05
67,3.420730471391045e-05
67,3.610133058301047e-05
67,3.898177450604105e-05
67,4.201296105100174e-05
67,4.4155776340540885e-05
67,4.4451366581812545e-05
67,4.2345673439761694e-05
67,3.791565219708132e-05
67,3.189360803302739e-05
67,2.5484553903846166e-05
67,2.0061979368765305e-05
67,1.685015590411587e-05
67,1.6663653631368058e-05
67,1.9735453459123478e-05
67,2.5660655132201494e-05
67,3.348780225837334e-05
67,4.1957376127515925e-05
67,4.9818189884614654e-05
67,5.610415184487949e-05
67,6.027472525771456e-05
67,6.219908814987076e-05
67,6.203965469663014e-05
67,6.012005558780034e-05
67,5.683986482055099e-05
67,5.264773895260078e-05
67,4.804199572649669e-05
67,4.355920587337292e-05
67,3.973438427176588e-05
67,3.7041878158970725e-05
67,3.582955468367458e-05
67,3.624648900077724e-05
67,3.816296508759138e-05
67,4.110555190627093e-05
67,4.426146503547095e-05
67,4.660852850066705e-05
67,4.717769925129439e-05
67,4.537325751269925e-05
67,4.12170148273559e-05
67,3.5399854902114945e-05
67,2.9115775288639418e-05
67,2.3755015856851977e-05
67,2.0571016729393356e-05
67,2.040420512207319e-05
67,2.3502161707894162e-05
67,2.9464353030502395e-05
67,3.7338856921718006e-05
67,4.586445825326675e-05
67,5.378698496286346e-05
67,6.013540683495824e-05
67,6.436323259081817e-05
67,6.633395769069124e-05
67,6.620531200606456e-05
67,6.42983354875683e-05
67,6.101277117105368e-05
67,5.67979121271026e-05
67,5.214894238750745e-05
67,4.759431676435e-05
67,4.365975864100378e-05
67,4.081356502853626e-05
67,3.940045373416479e-05
67,3.956436031474085e-05
67,4.116502857902713e-05
67,4.371756919653725e-05
67,4.640911465939681e-05
67,4.823971939714629e-05
67,4.828257415591626e-05
67,4.598591282803187e-05
67,4.13948757744385e-05
67,3.5193960141235134e-05
67,2.8551796585694588e-05
67,2.2835165360151672e-05
67,1.9291364212725844e-05
67,1.8772998301404324e-05
67,2.15463988311009e-05
67,2.7221501153570498e-05
67,3.4841929795874504e-05
67,4.3132444085927665e-05
67,5.082574375049315e-05
67,5.694559532444961e-05
67,6.095029496175701e-05
67,6.271741403791031e-05
67,6.242432253038965e-05
67,6.041039427663052e-05
67,5.708612534547172e-05
67,5.290143174669258e-05
67,4.834146829298768e-05
67,4.391381453342428e-05
67,4.011565086139041e-05
67,3.73885010020126e-05
67,3.606364014546619e-05
67,3.6289398421957174e-05
67,3.79395927744919e-05
67,4.053652324257876e-05
67,4.325529184695328e-05
67,4.506816521091901e-05
67,4.502366421177005e-05
67,4.256856338235741e-05
67,3.777443983316122e-05
67,3.1365520299726625e-05
67,2.4541740451312536e-05
67,1.8679709950760437e-05
67,1.5016369301641588e-05
67,1.4384201863728525e-05
67,1.7031015629692978e-05
67,2.2556290284602344e-05
67,3.0001310791130302e-05
67,3.809373630852404e-05
67,4.5573333348876537e-05
67,5.1475959909624665e-05
67,5.527651025789163e-05
67,5.6871268232666606e-05
67,5.64565461766579e-05
67,5.4389506838091e-05
67,5.109437250028332e-05
67,4.702733095415509e-05
67,4.267170214110867e-05
67,3.852701947845512e-05
67,3.507745022970145e-05
67,3.2746640812678435e-05
67,3.184533671374186e-05
67,3.2504954734320735e-05
67,3.4593114932475814e-05
67,3.763775875408557e-05
67,4.082218753421987e-05
67,4.311377639915906e-05
67,4.35332067433301e-05
67,4.14832671275031e-05
67,3.6997370874249245e-05
67,3.0789978031770717e-05
67,2.4087298277260586e-05
67,1.831714528529032e-05
67,1.4771183243003854e-05
67,1.4320260391837304e-05
67,1.722392414297318e-05
67,2.306825238422195e-05
67,3.086546994011796e-05
67,3.930955641318737e-05
67,4.711076297801166e-05
67,5.328578373435738e-05
67,5.730349501646077e-05
67,5.906493342263201e-05
67,5.8775584897950154e-05
67,5.6800215572556034e-05
67,5.356614744552241e-05
67,4.952792311338038e-05
67,4.5164747158600875e-05
67,4.0974678276795784e-05
67,3.7448452850650274e-05
67,3.502514311173922e-05
67,3.403409211967923e-05
67,3.462026770565973e-05
67,3.665596140500237e-05
67,3.966956399106766e-05
67,4.28505733254826e-05
67,4.518398589940053e-05
67,4.571273905018518e-05
67,4.384966902967238e-05
67,3.9612425221716006e-05
67,3.3676219099593985e-05
67,2.722257558537865e-05
67,2.165039503648465e-05
67,1.8249556067947687e-05
67,1.7913361654859827e-05
67,2.0934869496935538e-05
67,2.692933402415303e-05
67,3.492377627065782e-05
67,4.361014542292361e-05
67,5.168208881615736e-05
67,5.8129807885323796e-05
67,6.239333063429965e-05
67,6.435113911910848e-05
67,6.419703774505718e-05
67,6.229317321672133e-05
67,5.906871269197005e-05
67,5.4981115381187746e-05
67,5.05116856764806e-05
67,4.615924265879383e-05
67,4.2416447876510505e-05
67,3.973065346352267e-05
67,3.84489008088186e-05
67,3.873908073089305e-05
67,4.049053792614859e-05
67,4.323192984861581e-05
67,4.613481674018746e-05
67,4.816009331346482e-05
67,4.833939934187602e-05
67,4.609920153790082e-05
67,4.149093912901182e-05
67,3.522505941751605e-05
67,2.8500756072848926e-05
67,2.271002378806858e-05
67,1.911846296175311e-05
67,1.8593096829481715e-05
67,2.1413853643737193e-05
67,2.720359718302712e-05
67,3.501441210522395e-05
67,4.356966137638347e-05
67,5.1588135251437804e-05
67,5.806898075832626e-05
67,6.24399589488589e-05
67,6.454860056409283e-05
67,6.454948272537297e-05
67,6.277026342336756e-05
67,5.961922401484014e-05
67,5.554923508993466e-05
67,5.1051389974899896e-05
67,4.6642737541800275e-05
67,4.283329056269116e-05
67,4.007836601931074e-05
67,3.872171895280565e-05
67,3.892310034398871e-05
67,4.05683741716212e-05
67,4.319163818536878e-05
67,4.597333679203645e-05
67,4.7875941795022975e-05
67,4.7920105736536363e-05
67,4.551613312986475e-05
67,4.070959926045642e-05
67,3.422567619836974e-05
67,2.729429407608314e-05
67,2.133748208814428e-05
67,1.7632941909921238e-05
67,1.7034487148602934e-05
67,1.978917862863598e-05
67,2.548219987410022e-05
67,3.313922679478956e-05
67,4.1478380127147944e-05
67,4.92352375184709e-05
67,5.5440792353339724e-05
67,5.9557343315704207e-05
67,6.145602371761215e-05
67,6.129603418872823e-05
67,5.9393262141581234e-05
67,5.613864760162335e-05
67,5.197360820927212e-05
67,4.739036328428706e-05
67,4.292071054421506e-05
67,3.9098727433981165e-05
67,3.640374176803695e-05
67,3.519183680420875e-05
67,3.5615525817343345e-05
67,3.753538913446322e-05
67,4.0453543851134964e-05
67,4.352609414508491e-05
67,4.570590971282457e-05
67,4.601347161653481e-05
67,4.3856178049340105e-05
67,3.926700260436044e-05
67,3.295413604918568e-05
67,2.6138842078759315e-05
67,2.0251441578897335e-05
67,1.659253925912854e-05
67,1.6042000714578533e-05
67,1.886256464492763e-05
67,2.4636636008177445e-05
67,3.2370233532862777e-05
67,4.075439017040428e-05
67,4.850163432241581e-05
67,5.463301900529987e-05
67,5.861893517848704e-05
67,6.035528647044543e-05
67,6.0033664901794816e-05
67,5.7997207630296976e-05
67,5.46502979855142e-05
67,5.043321262638812e-05
67,4.5826882496007936e-05
67,4.13477688431496e-05
67,3.751744464613266e-05
67,3.481218593309785e-05
67,3.359731286265938e-05
67,3.404257522411474e-05
67,3.602331072127354e-05
67,3.9043408938540086e-05
67,4.2245049988991705e-05
67,4.455970084615373e-05
67,4.499261201978902e-05
67,4.295059280784466e-05
67,3.8477565252236285e-05
67,3.229361059019704e-05
67,2.5625107864397664e-05
67,1.990194505640915e-05
67,1.6425698641304415e-05
67,1.6083683422790614e-05
67,1.915069064155406e-05
67,2.521716785630466e-05
67,3.328312016454369e-05
67,4.2015509323907136e-05
67,5.009030274107285e-05
67,5.649109521487054e-05
67,6.066140772092637e-05
67,6.24886715234518e-05
67,6.217664186453305e-05
67,6.009613935434109e-05
67,5.6683716886388705e-05
67,5.240540970440863e-05
67,4.7755921266519546e-05
67,4.3252858033863956e-05
67,3.940788799004232e-05
67,3.668015804475897e-05
67,3.541833674347875e-05
67,3.5786067391817556e-05
67,3.766968405027183e-05
67,4.059809904829075e-05
67,4.373943403709048e-05
67,4.603656024188267e-05
67,4.6484699473753364e-05
67,4.446587423635047e-05
67,3.999898214048438e-05
67,3.378988127194809e-05
67,2.7062675800293767e-05
67,2.1251469802488538e-05
67,1.76639589294933e-05
67,1.7195399918165384e-05
67,2.0132782180971573e-05
67,2.6083759592299915e-05
67,3.406697015635013e-05
67,4.276277169285244e-05
67,5.085013935407813e-05
67,5.730519183483023e-05
67,6.155751809588205e-05
67,6.347917291613869e-05
67,6.326155859914118e-05
67,6.126951178805757e-05
67,5.7940469345608335e-05
67,5.374503211632009e-05
67,4.918194824987105e-05
67,4.477051324271005e-05
67,4.102183045511444e-05
67,3.8391091745192856e-05
67,3.7216421516873195e-05
67,3.764255050051105e-05
67,3.95325762849387e-05
67,4.239801556274614e-05
67,4.540594321432727e-05
67,4.7517237496497965e-05
67,4.7755751434374535e-05
67,4.5528616741848484e-05
67,4.0866417496404416e-05
67,3.447320670614027e-05
67,2.756450854117751e-05
67,2.156565433830668e-05
67,1.77781702557671e-05
67,1.7093748611136887e-05
67,1.979813480730854e-05
67,2.550115523228205e-05
67,3.322912858334514e-05
67,4.167595495117724e-05
67,4.953647829217821e-05
67,5.5799547280165805e-05
67,5.9901062240178324e-05
67,6.171310885352756e-05
67,6.142254980258776e-05
67,5.9387258122291234e-05
67,5.603783540263484e-05
67,5.1839746247533666e-05
67,4.728734955819513e-05
67,4.2894576871121916e-05
67,3.916732705027445e-05
67,3.6559969664256794e-05
67,3.541701953843793e-05
67,3.589361896723824e-05
67,3.785843343223669e-05
67,4.081536119210889e-05
67,4.3910530241993594e-05
67,4.6080955616613346e-05
67,4.63383354164709e-05
67,4.409750105791444e-05
67,3.9412287999857166e-05
67,3.301260702200034e-05
67,2.6130170841154986e-05
67,2.019149807686992e-05
67,1.6485885646632968e-05
67,1.588486586773486e-05
67,1.8652715174044264e-05
67,2.4382290326944094e-05
67,3.209165631152229e-05
67,4.047778594965548e-05
67,4.8249680057234855e-05
67,5.4416424120319365e-05
67,5.843193029321506e-05
67,6.017777770743769e-05
67,5.9841188061313245e-05
67,5.777492269757334e-05
67,5.4403684567418506e-05
67,5.019017151169405e-05
67,4.563088111479927e-05
67,4.124486269983389e-05
67,3.7541515781660124e-05
67,3.497419296176685e-05
67,3.388416460215118e-05
67,3.442702609777481e-05
67,3.6479279139589956e-05
67,3.9556255777496675e-05
67,4.2808542076127943e-05
67,4.516090804630929e-05
67,4.5596331337489314e-05
67,4.3496966769724996e-05
67,3.889728939214254e-05
67,3.253172573234095e-05
67,2.5658329112087142e-05
67,1.974023848540503e-05
67,1.6099943850214202e-05
67,1.562856120085086e-05
67,1.8592232761750677e-05
67,2.4569994239160864e-05
67,3.25566141080586e-05
67,4.122406322340888e-05
67,4.926195378227995e-05
67,5.567023606674729e-05
67,5.99032403322128e-05
67,6.184637956383914e-05
67,6.168685487147812e-05
67,5.977028819156514e-05
67,5.6509273897694995e-05
67,5.235493861147967e-05
67,4.77988364588519e-05
67,4.336550592045875e-05
67,3.957900114198539e-05
67,3.690989567283517e-05
67,3.5711309765377605e-05
67,3.614189726448863e-05
67,3.807657594042864e-05
67,4.103344607321703e-05
67,4.417662453827113e-05
67,4.645218707176227e-05
67,4.6859959565441773e-05
67,4.478151730499457e-05
67,4.023004387779681e-05
67,3.390761361853002e-05
67,2.7044868540268597e-05
67,2.109473573123737e-05
67,1.7389468673255576e-05
67,1.6843813568056475e-05
67,1.9750728155902347e-05
67,2.570915157283033e-05
67,3.3720948682321674e-05
67,4.2451441845345214e-05
67,5.057310860029337e-05
67,5.706505249776968e-05
67,6.136528692362905e-05
67,6.335265613879638e-05
67,6.321647300051567e-05
67,6.130776630542695e-05
67,5.8043069734398574e-05
67,5.3874409057592425e-05
67,4.92921280910027e-05
67,4.4819769331050436e-05
67,4.0983457496256316e-05
67,3.8260298636389567e-05
67,3.7012046591678016e-05
67,3.7402131656728554e-05
67,3.930056637349911e-05
67,4.22103843544471e-05
67,4.527789941311986e-05
67,4.744053766004339e-05
67,4.770657434459947e-05
67,4.54800082021949e-05
67,4.0797095964929406e-05
67,3.4369270984730995e-05
67,2.741742253966034e-05
67,2.1372029912384677e-05
67,1.754332186610455e-05
67,1.6836410548584643e-05
67,1.9551989525718027e-05
67,2.5310441477305488e-05
67,3.313950505586938e-05
67,4.1725235850889536e-05
67,4.9749300997948355e-05
67,5.6186017886194974e-05
67,6.0456891501099544e-05
67,6.241988901738499e-05
67,6.224848236815634e-05
67,6.0288718184974405e-05
67,5.6962494674842275e-05
67,5.27329273546761e-05
67,4.810188479926877e-05
67,4.360056697819468e-05
67,3.97565525263238e-05
67,3.7043083433870826e-05
67,3.5816726987235165e-05
67,3.6238786961781433e-05
67,3.818119488370623e-05
67,4.1148931259301776e-05
67,4.428412277123689e-05
67,4.651159853785093e-05
67,4.6824297696443564e-05
67,4.461904939865998e-05
67,3.994079048759182e-05
67,3.35229203926584e-05
67,2.6609811573866063e-05
67,2.06441154670947e-05
67,1.693100044097763e-05
67,1.6356496537870025e-05
67,1.9197310485011087e-05
67,2.505444077212047e-05
67,3.294609581865159e-05
67,4.1558408824903e-05
67,4.957915672723595e-05
67,5.5990509843479946e-05
67,6.021982629204797e-05
67,6.212697847037098e-05
67,6.188479927601995e-05
67,5.984015534017124e-05
67,5.64201955843755e-05
67,5.209709270226011e-05
67,4.7382684712205386e-05
67,4.2816660940809994e-05
67,3.893253388727724e-05
67,3.620641011345412e-05
67,3.499458949621636e-05
67,3.5456210406114936e-05
67,3.7461862065210055e-05
67,4.051839754772505e-05
67,4.377203713851981e-05
67,4.614836536306159e-05
67,4.663101302816071e-05
67,4.459592823964174e-05
67,4.0062861198598556e-05
67,3.374805687839004e-05
67,2.689559091277627e-05
67,2.0963941016916183e-05
67,1.7281046022179024e-05
67,1.675116388885694e-05
67,1.9657099664341123e-05
67,2.5593189927183976e-05
67,3.356339746916853e-05
67,4.2238933599804084e-05
67,5.029718957259844e-05
67,5.671736892589295e-05
67,6.093209094131526e-05
67,6.281272449133008e-05
67,6.254516464665448e-05
67,6.0486178228899436e-05
67,5.706740745515452e-05
67,5.2759993235074496e-05
67,4.8069656820428975e-05
67,4.3526065279665696e-05
67,3.965182279552193e-05
67,3.6915365456071954e-05
67,3.567115911691391e-05
67,3.608147847292098e-05
67,3.802149463472398e-05
67,4.100105058863704e-05
67,4.416792865925477e-05
67,4.645055524309882e-05
67,4.6838156667578055e-05
67,4.471245959674013e-05
67,4.009447976212857e-05
67,3.3695632625364124e-05
67,2.6753376093996044e-05
67,2.0724814873533532e-05
67,1.694555847935711e-05
67,1.6334008786287683e-05
67,1.918624590971162e-05
67,2.510140634084986e-05
67,3.307662214825614e-05
67,4.176789085335634e-05
67,4.983616329611525e-05
67,5.6249477059835533e-05
67,6.0437871860390704e-05
67,6.227883866636177e-05
67,6.19703123131879e-05
67,5.988197915975182e-05
67,5.6454460587914974e-05
67,5.2161998283220124e-05
67,4.750823331169563e-05
67,4.3016592973055426e-05
67,3.919992824538175e-05
67,3.6515255917113305e-05
67,3.530788314606979e-05
67,3.573733934561778e-05
67,3.7683550723614835e-05
67,4.0664962843096094e-05
67,4.383545843620286e-05
67,4.612274583220186e-05
67,4.6509647013036604e-05
67,4.4371064336610156e-05
67,3.972518660296238e-05
67,3.3284505429324047e-05
67,2.6288120189429853e-05
67,2.019302447356146e-05
67,1.6334038973222148e-05
67,1.563115510807198e-05
67,1.838643536663832e-05
67,2.420836953190923e-05
67,3.21030892185582e-05
67,4.073152017131829e-05
67,4.875472756379511e-05
67,5.5138397974265e-05
67,5.931052091411188e-05
67,6.114798915855711e-05
67,6.0849412722066795e-05
67,5.8785712013655826e-05
67,5.5398224317495304e-05
67,5.11606812805346e-05
67,4.657583503090889e-05
67,4.2167652054670625e-05
67,3.845116758034464e-05
67,3.5884480976478e-05
67,3.480913213576164e-05
67,3.5374918216381216e-05
67,3.744940745589827e-05
67,4.054188908676244e-05
67,4.380413167051611e-05
67,4.616751451536911e-05
67,4.6619343407554335e-05
67,4.453589911259142e-05
67,3.993418239172368e-05
67,3.3526526379396516e-05
67,2.655522924384558e-05
67,2.0482585468262715e-05
67,1.6647666614073137e-05
67,1.597171325781096e-05
67,1.8755757625926736e-05
67,2.460757410943423e-05
67,3.253506900037968e-05
67,4.1203069158880207e-05
67,4.927598296747074e-05
67,5.571982733415873e-05
67,5.995955260068275e-05
67,6.18666765908246e-05
67,6.163305127257681e-05
67,5.96221458402793e-05
67,5.6267960463393925e-05
67,5.2037812245718056e-05
67,4.742997796031e-05
67,4.2967912785502595e-05
67,3.917271546147461e-05
67,3.651585011675107e-05
67,3.535611826046037e-05
67,3.58576760084102e-05
67,3.789320834997745e-05
67,4.096640379186101e-05
67,4.421762641277216e-05
67,4.6569239309505244e-05
67,4.700759939466604e-05
67,4.49154936190029e-05
67,4.0318403514933634e-05
67,3.3933676368870723e-05
67,2.7003278522931263e-05
67,2.0985095414994133e-05
67,1.7211811890861895e-05
67,1.6597904577458786e-05
67,1.943834497891383e-05
67,2.533650544484078e-05
67,3.329873353874674e-05
67,4.1992129484068826e-05
67,5.008655036776401e-05
67,5.655372858258148e-05
67,6.082127319156035e-05
67,6.27590047707695e-05
67,6.255371091061246e-05
67,6.056229635123676e-05
67,5.7212580250322644e-05
67,5.2967708499273616e-05
67,4.8324414101540174e-05
67,4.380647547004892e-05
67,3.993631826333155e-05
67,3.71883986855705e-05
67,3.5928000119186533e-05
67,3.632981198393682e-05
67,3.827820986040034e-05
67,4.128383414356335e-05
67,4.448400215669971e-05
67,4.678792999891948e-05
67,4.716523792371413e-05
67,4.498783078126722e-05
67,4.028221136647413e-05
67,3.3777568371320005e-05
67,2.6732037500041755e-05
67,2.061698836480762e-05
67,1.6772068934649e-05
67,1.6112252392879634e-05
67,1.892912689151642e-05
67,2.4821759425168108e-05
67,3.2792942186644934e-05
67,4.1507379123973556e-05
67,4.963378853690422e-05
67,5.614372472032734e-05
67,6.046404444981806e-05
67,6.246109613203515e-05
67,6.231482662728407e-05
67,6.03737774438117e-05
67,5.705904789010101e-05
67,5.2831438100255905e-05
67,4.8190807204788306e-05
67,4.3668134789822386e-05
67,3.979326808393994e-05
67,3.704402777026715e-05
67,3.5783466826748244e-05
67,3.618127353920879e-05
67,3.811958096431849e-05
67,4.111361480455661e-05
67,4.43109343174207e-05
67,4.663014444525597e-05
67,4.704203427227446e-05
67,4.490909361739923e-05
67,4.024261581294511e-05
67,3.375911207199027e-05
67,2.6712425576709992e-05
67,2.0578266244307846e-05
67,1.6705276979265367e-05
67,1.6017186094712773e-05
67,1.8810760693072522e-05
67,2.4685737501624324e-05
67,3.2641983707864625e-05
67,4.1339320297520316e-05
67,4.944147543325099e-05
67,5.591696775250113e-05
67,6.019304043482251e-05
67,6.213941463859844e-05
67,6.1940321485116e-05
67,5.994784728852342e-05
67,5.658601405203232e-05
67,5.231901904692942e-05
67,4.765129279838722e-05
67,4.311941591737169e-05
67,3.925885741680106e-05
67,3.655106856120882e-05
67,3.535820487155997e-05
67,3.584304307033331e-05
67,3.7876113424372475e-05
67,4.0960869683031436e-05
67,4.423866280343643e-05
67,4.663060283395002e-05
67,4.711625842214699e-05
67,4.506592203520169e-05
67,4.049049411749228e-05
67,3.409602841909262e-05
67,2.712067018517446e-05
67,2.10272743847897e-05
67,1.7160859699418965e-05
67,1.645232585759421e-05
67,1.921283402587239e-05
67,2.5057212648940565e-05
67,3.2995205181740215e-05
67,4.1688584935652376e-05
67,4.9795705643583286e-05
67,5.6275148396173183e-05
67,6.0543800298123533e-05
67,6.24650100058256e-05
67,6.222311137169915e-05
67,6.017593548161263e-05
67,5.675578448570766e-05
67,5.243446739012463e-05
67,4.772118304803764e-05
67,4.3153481438856634e-05
67,3.926457215554748e-05
67,3.653251555755949e-05
67,3.531738083869727e-05
67,3.578210737954557e-05
67,3.779817605485602e-05
67,4.0867996110326615e-05
67,4.412847115960604e-05
67,4.649503668927717e-05
67,4.694535685081884e-05
67,4.485549040622081e-05
67,4.0248679725835715e-05
67,3.384380971900308e-05
67,2.6885572711822036e-05
67,2.0834364995933275e-05
67,1.7026290015599653e-05
67,1.6382240332388234e-05
67,1.9206889759969176e-05
67,2.511352207434445e-05
67,3.311334202536568e-05
67,4.186930576710194e-05
67,5.00384164133928e-05
67,5.6574954893097635e-05
67,6.088957023733128e-05
67,6.283960218815119e-05
67,6.260639822580336e-05
67,6.054952789044054e-05
67,5.710681831576393e-05
67,5.275651388680389e-05
67,4.801258128370517e-05
67,4.3414640798171024e-05
67,3.949546946541943e-05
67,3.673114052818135e-05
67,3.547989516203635e-05
67,3.590516600886203e-05
67,3.788260472439138e-05
67,4.092143510671866e-05
67,4.416419094031006e-05
67,4.652608973347972e-05
67,4.697680916314304e-05
67,4.487981349511411e-05
67,4.024790286162478e-05
67,3.379741404625344e-05
67,2.677920562373872e-05
67,2.0664475070164974e-05
67,1.6799059224218475e-05
67,1.6108605758787666e-05
67,1.8896990457010492e-05
67,2.4773424894966496e-05
67,3.27449995254135e-05
67,4.1472718061049096e-05
67,4.961441195809482e-05
67,5.6127656305833444e-05
67,6.042794353596531e-05
67,6.237737045085279e-05
67,6.216023678340983e-05
67,6.013658813030209e-05
67,5.674263377501454e-05
67,5.2453287019578454e-05
67,4.7777547266692724e-05
67,4.324903661238522e-05
67,3.93949655714133e-05
67,3.6687608654872105e-05
67,3.548327451432527e-05
67,3.594429035340104e-05
67,3.794511714661662e-05
67,4.099409996715878e-05
67,4.423463335012214e-05
67,4.658516320996416e-05
67,4.701923579222795e-05
67,4.490158297802692e-05
67,4.0241934938614364e-05
67,3.375121522856266e-05
67,2.6677063214376535e-05
67,2.0493080136763187e-05
67,1.6552828202324755e-05
67,1.579136228149973e-05
67,1.8519111304459603e-05
67,2.434619562908644e-05
67,3.227537898540796e-05
67,4.0961099290690256e-05
67,4.9055847718821033e-05
67,5.551536352544446e-05
67,5.9757624167078066e-05
67,6.165092716316059e-05
67,6.138732230341382e-05
67,5.933318656888802e-05
67,5.592760477820111e-05
67,5.1644665611894536e-05
67,4.6989601330208176e-05
67,4.249027525998287e-05
67,3.8667643613220825e-05
67,3.5989626148482934e-05
67,3.481235108380761e-05
67,3.530246940626918e-05
67,3.734079288700314e-05
67,4.043998076061172e-05
67,4.374278596535255e-05
67,4.616242299755134e-05
67,4.6665830749824795e-05
67,4.461303279839058e-05
67,4.001174651238824e-05
67,3.357202253215496e-05
67,2.6540194914222054e-05
67,2.038831337228251e-05
67,1.6469631548234076e-05
67,1.572129369709108e-05
67,1.845793716600364e-05
67,2.4294291848526538e-05
67,3.223598405071669e-05
67,4.093750655743996e-05
67,4.90492987367382e-05
67,5.552447933727527e-05
67,5.9778958608343525e-05
67,6.168005878931923e-05
67,6.142021348479541e-05
67,5.936730333358852e-05
67,5.596218010888099e-05
67,5.168029393102717e-05
67,4.702798976726721e-05
67,4.253428441013942e-05
67,3.872076425146517e-05
67,3.605443466500177e-05
67,3.488895543631755e-05
67,3.5388686201978825e-05
67,3.7434714856373926e-05
67,4.0543407498229856e-05
67,4.386263355028523e-05
67,4.6308300940818534e-05
67,4.6845007759443454e-05
67,4.4826403723367224e-05
67,4.025379341982805e-05
67,3.383460136373278e-05
67,2.6817296224700796e-05
67,2.067902796871448e-05
67,1.677860728334945e-05
67,1.6057696759733564e-05
67,1.883426123902979e-05
67,2.4725633723673572e-05
67,3.273934074265051e-05
67,4.153021113596486e-05
67,4.9746476983951496e-05
67,5.633643203634866e-05
67,6.0709283778858706e-05
67,6.272450664885041e-05
67,6.256610632390233e-05
67,6.059381927535602e-05
67,5.724181092612783e-05
67,5.298139006440555e-05
67,4.831829735335294e-05
67,4.37853801817542e-05
67,3.991240803587877e-05
67,3.71767547611563e-05
67,3.594075548217245e-05
67,3.6372374172320796e-05
67,3.835082130357177e-05
67,4.138830460051064e-05
67,4.46310088795169e-05
67,4.699842935200733e-05
67,4.7462680569420054e-05
67,4.5384495341934135e-05
67,4.076794361519006e-05
67,3.431817936306736e-05
67,2.7278480789961533e-05
67,2.1120524035608985e-05
67,1.7198867729423316e-05
67,1.6452539330778437e-05
67,1.91985041707716e-05
67,2.5054860494002754e-05
67,3.3031849267099235e-05
67,4.1788603506777e-05
67,4.997787956696809e-05
67,5.655094272809868e-05
67,6.09174665862684e-05
67,6.293507675028731e-05
67,6.27842214053638e-05
67,6.081998660062402e-05
67,5.747172486739326e-05
67,5.3206963340534864e-05
67,4.8529494105037236e-05
67,4.397226945885845e-05
67,4.006737586795409e-05
67,3.7296910847593425e-05
67,3.602971533740326e-05
67,3.6439792586764796e-05
67,3.840855996215778e-05
67,4.1444095119220834e-05
67,4.4682696643672955e-05
67,4.7032432896385994e-05
67,4.745814777289453e-05
67,4.5321014294529e-05
67,4.063240865896527e-05
67,3.4107369949620794e-05
67,2.6997034293288626e-05
67,2.0776512672928628e-05
67,1.6799630511388657e-05
67,1.600242340944771e-05
67,1.869881015492047e-05
67,2.4505150241261398e-05
67,3.2431459383127094e-05
67,4.1137813605772776e-05
67,4.927869059910024e-05
67,5.580718660294355e-05
67,6.0133905847049086e-05
67,6.211595039076149e-05
67,6.193233251300639e-05
67,5.993694750073383e-05
67,5.6559116100324075e-05
67,5.2267867031125484e-05
67,4.7569777750111396e-05
67,4.3000758848380836e-05
67,3.90943984515251e-05
67,3.633199076729065e-05
67,3.5080310337968224e-05
67,3.551250501037022e-05
67,3.751226377736123e-05
67,4.0592381202048626e-05
67,4.389279857663082e-05
67,4.632008401042893e-05
67,4.6831177193397405e-05
67,4.477605467707213e-05
67,4.015719562261871e-05
67,3.368719843702073e-05
67,2.662135406907341e-05
67,2.044228204221497e-05
67,1.651065186412541e-05
67,1.5766030620669392e-05
67,1.8521891130468707e-05
67,2.4390914479074658e-05
67,3.237740974584068e-05
67,4.113492748849153e-05
67,4.9312060941585753e-05
67,5.58583669534512e-05
67,6.018429476433927e-05
67,6.21497568653038e-05
67,6.193816466168379e-05
67,5.990821112793222e-05
67,5.649382103460862e-05
67,5.216815235888385e-05
67,4.7441340685741264e-05
67,4.285235322822781e-05
67,3.893717807636358e-05
67,3.617815424325287e-05
67,3.494102205709755e-05
67,3.539614092069586e-05
67,3.74245218242552e-05
67,4.0538888912921444e-05
67,4.388283570016412e-05
67,4.6368393158433985e-05
67,4.695531190032203e-05
67,4.498961125233759e-05
67,4.046257344090659e-05
67,3.407239563297803e-05
67,2.7062886256667873e-05
67,2.091270778395443e-05
67,1.6987111392463103e-05
67,1.6236369365187116e-05
67,1.898642159577119e-05
67,2.4859777275099414e-05
67,3.286512629109566e-05
67,4.1654383274860015e-05
67,4.9869873187742855e-05
67,5.6453049784152125e-05
67,6.080782596612055e-05
67,6.279167112240888e-05
67,6.258992759505222e-05
67,6.0565747706615265e-05
67,5.715751672525872e-05
67,5.284089195753324e-05
67,4.8125557647896383e-05
67,4.354721906273859e-05
67,3.963711707591689e-05
67,3.687327663005364e-05
67,3.5618903724040796e-05
67,3.604357842012855e-05
67,3.80282007218379e-05
67,4.108517097322483e-05
67,4.4358093841980286e-05
67,4.676124052991694e-05
67,4.7260339330114515e-05
67,4.5210225864920716e-05
67,4.061031071205772e-05
67,3.4162293298228304e-05
67,2.7107362117672114e-05
67,2.0917385078504138e-05
67,1.6950597543829977e-05
67,1.6153597807439438e-05
67,1.8853407949994475e-05
67,2.4677237702391225e-05
67,3.263943865556509e-05
67,4.1396079695838634e-05
67,4.959087195485044e-05
67,5.6163765767714834e-05
67,6.051505773396799e-05
67,6.249812996982448e-05
67,6.229567239829782e-05
67,6.027056193938599e-05
67,5.686271210782721e-05
67,5.2549758218665656e-05
67,4.784264050025667e-05
67,4.3276887158693917e-05
67,3.938190323841716e-05
67,3.6632748717271495e-05
67,3.538988474966865e-05
67,3.582183701160059e-05
67,3.781055776060206e-05
67,4.0870281918185926e-05
67,4.4144843288590755e-05
67,4.654560803571918e-05
67,4.70332919307461e-05
67,4.495890503274182e-05
67,4.032234033421071e-05
67,3.383044467409442e-05
67,2.6731440452066487e-05
67,2.0502297587462554e-05
67,1.650211355007549e-05
67,1.5674404712215576e-05
67,1.8341478219052177e-05
67,2.412702115279825e-05
67,3.2044886424540134e-05
67,4.07538799920457e-05
67,4.890273489781116e-05
67,5.5437273052431913e-05
67,5.976285449563211e-05
67,6.173559422690708e-05
67,6.153799527907864e-05
67,5.953053936469942e-05
67,5.614985211773391e-05
67,5.187041185183439e-05
67,4.720074168841266e-05
67,4.2675130161940234e-05
67,3.882301464696561e-05
67,3.612019174565788e-05
67,3.492758170012187e-05
67,3.541326595642947e-05
67,3.7458132642788774e-05
67,4.057563155228148e-05
67,4.3909549377133835e-05
67,4.63711044078003e-05
67,4.691908363048455e-05
67,4.489999732744605e-05
67,4.0308187739528934e-05
67,3.384715085405851e-05
67,2.67665634787316e-05
67,2.0549574753088567e-05
67,1.656346898841921e-05
67,1.575837367356632e-05
67,1.845912101866958e-05
67,2.4287435880003782e-05
67,3.225222868957139e-05
67,4.100662702283404e-05
67,4.91947681322796e-05
67,5.576000704752865e-05
67,6.0107712276461213e-05
67,6.20959308885016e-05
67,6.190953705928446e-05
67,5.991023134390329e-05
67,5.653406495977976e-05
67,5.225359930545402e-05
67,4.757501815108512e-05
67,4.303085427395364e-05
67,3.915045378058491e-05
67,3.641204963556804e-05
67,3.518151121398819e-05
67,3.5633132923905975e-05
67,3.765327787429296e-05
67,4.075852312569219e-05
67,4.409319255699276e-05
67,4.656746781739895e-05
67,4.713858531578919e-05
67,4.515096402173506e-05
67,4.059543982185768e-05
67,3.417031437523454e-05
67,2.7119736638184935e-05
67,2.0923344204621863e-05
67,1.6948627954567544e-05
67,1.6149596414165482e-05
67,1.8856928438802185e-05
67,2.4697681708741355e-05
67,3.268355848089625e-05
67,4.146728442034269e-05
67,4.9690073390524364e-05
67,5.6291043736904784e-05
67,6.067119616629684e-05
67,6.26851162937434e-05
67,6.251574450881157e-05
67,6.052422539431677e-05
67,5.7146788305622234e-05
67,5.285648918841936e-05
67,4.8160277671444716e-05
67,4.359153557230083e-05
67,3.968004500273155e-05
67,3.690384920948236e-05
67,3.562861603804333e-05
67,3.602955798955115e-05
67,3.799571225929662e-05
67,4.104739677980443e-05
67,4.433195206210001e-05
67,4.6760269985398864e-05
67,4.728793334604462e-05
67,4.525684372210709e-05
67,4.06561610393595e-05
67,3.4183878419937396e-05
67,2.7084521373253226e-05
67,2.0838063262867194e-05
67,1.681247369500728e-05
67,1.5963326923475788e-05
67,1.8624753095340233e-05
67,2.4428916179951607e-05
67,3.2392790427053404e-05
67,4.117254406472889e-05
67,4.940972747541783e-05
67,5.604067224605662e-05
67,6.0461244428799245e-05
67,6.251956743138485e-05
67,6.239201887632935e-05
67,6.0434433657982216e-05
67,5.707997538356933e-05
67,5.28011932182367e-05
67,4.8106925367023496e-05
67,4.353430977634901e-05
67,3.9617578555679415e-05
67,3.683810394865902e-05
67,3.5562166580359217e-05
67,3.596269630555108e-05
67,3.79252280692544e-05
67,4.096796531054364e-05
67,4.423924882223801e-05
67,4.665360842201454e-05
67,4.717059099488718e-05
67,4.5134084523752064e-05
67,4.05326236161216e-05
67,3.4061997214609524e-05
67,2.6964264030267516e-05
67,2.0717166892098504e-05
67,1.6686538866004287e-05
67,1.5825935858650908e-05
67,1.846815834500021e-05
67,2.424554572413212e-05
67,3.217715787183517e-05
67,4.0922626262801504e-05
67,4.912704664177027e-05
67,5.5729206041250706e-05
67,6.0125980773929354e-05
67,6.216535273393715e-05
67,6.202284676051519e-05
67,6.0053209280355526e-05
67,5.6688837788324036e-05
67,5.240223468251909e-05
67,4.770294719552963e-05
67,4.312951024393945e-05
67,3.921833432418146e-05
67,3.645370291391638e-05
67,3.520479275187662e-05
67,3.564594196135033e-05
67,3.766119227812272e-05
67,4.076410129150074e-05
67,4.409664781338562e-05
67,4.656772361730147e-05
67,4.7133849840596506e-05
67,4.5138664982088986e-05
67,4.057191933719791e-05
67,3.4130647925650646e-05
67,2.705768575362402e-05
67,2.083139945880729e-05
67,1.681845789816556e-05
67,1.5973403878141947e-05
67,1.8629728749188643e-05
67,2.4419647440292945e-05
67,3.236112903708758e-05
67,4.111219588906148e-05
67,4.9316524081246635e-05
67,5.591210840658211e-05
67,6.0295803919638004e-05
67,6.231648913644086e-05
67,6.21515660792871e-05
67,6.015825752490842e-05
67,5.6771277807134104e-05
67,5.24646064542975e-05
67,4.7748040743361854e-05
67,4.3159007494442754e-05
67,3.9231778726972376e-05
67,3.6448572727074575e-05
67,3.517820917982693e-05
67,3.559755126479197e-05
67,3.759567055219982e-05
67,4.0691480379570365e-05
67,4.4029738634139415e-05
67,4.651779644229806e-05
67,4.710702783586161e-05
67,4.5135057542486164e-05
67,4.0587654512407464e-05
67,3.416123016099884e-05
67,2.7100816313789895e-05
67,2.0888343890431506e-05
67,1.6894049070267504e-05
67,1.6075140851951712e-05
67,1.8766325951434696e-05
67,2.4599161863988206e-05
67,3.2588773587489186e-05
67,4.138835461575516e-05
67,4.963591571685245e-05
67,5.626471727502863e-05
67,6.0669189857205205e-05
67,6.269841751846058e-05
67,6.253206033168942e-05
67,6.0530633188649006e-05
67,5.713203716168605e-05
67,5.281243582274262e-05
67,4.808251763230672e-05
67,4.3479541420520045e-05
67,3.95368433486314e-05
67,3.6735116757874934e-05
67,3.544150311441848e-05
67,3.5832072395198694e-05
67,3.779731387473443e-05
67,4.086038079095813e-05
67,4.417199202267948e-05
67,4.66443760927522e-05
67,4.722965086493966e-05
67,4.5260841931622005e-05
67,4.071546107158873e-05
67,3.4281621664052666e-05
67,2.7199368881917818e-05
67,2.095040530424432e-05
67,1.690890696889443e-05
67,1.6038419889183395e-05
67,1.8680370640857446e-05
67,2.4471779156352054e-05
67,3.2430959341165e-05
67,4.1211659689902764e-05
67,4.9450204994861685e-05
67,5.607714774640048e-05
67,6.04847646561923e-05
67,6.252150187763165e-05
67,6.236768718802432e-05
67,6.03848275345204e-05
67,5.701115870130824e-05
67,5.272194990948608e-05
67,4.80257087011685e-05
67,4.3456724482755674e-05
67,3.9545410924414005e-05
67,3.677019047166096e-05
67,3.549652259166542e-05
67,3.589884075387234e-05
67,3.7865723366135916e-05
67,4.091866505629893e-05
67,4.4208256179163875e-05
67,4.664918771729523e-05
67,4.7198309155495486e-05
67,4.519369606919035e-05
67,4.061579067895997e-05
67,3.415226760161763e-05
67,2.7040069539760125e-05
67,2.0757127572025394e-05
67,1.6675176016842244e-05
67,1.5757743755185415e-05
67,1.8348580273407864e-05
67,2.4088353051114037e-05
67,3.1999050279465436e-05
67,4.0737167488842904e-05
67,4.894040534571403e-05
67,5.553929278136129e-05
67,5.99251138075486e-05
67,6.194518975252582e-05
67,6.177932808889754e-05
67,5.978921899718565e-05
67,5.64135330354557e-05
67,5.212773679145735e-05
67,4.744005509235955e-05
67,4.2884004568201955e-05
67,3.898899173522158e-05
67,3.623274619155732e-05
67,3.4980908398956805e-05
67,3.540901228605785e-05
67,3.7406862681130755e-05
67,4.0495956031386514e-05
67,4.382466545052007e-05
67,4.630358542513627e-05
67,4.688540432635885e-05
67,4.490616767585188e-05
67,4.0347400614580075e-05
67,3.3899999151420246e-05
67,2.680409054596132e-05
67,2.0538904388379865e-05
67,1.6475117805619786e-05
67,1.5573793807090337e-05
67,1.8176442509799738e-05
67,2.3923042262351477e-05
67,3.183676835267157e-05
67,4.057657447432374e-05
67,4.878292029059611e-05
67,5.538846613906919e-05
67,5.9785264546761936e-05
67,6.181976327081022e-05
67,6.166967955850766e-05
67,5.969428086615845e-05
67,5.6330251736525516e-05
67,5.205192263753654e-05
67,4.7367443650595e-05
67,4.281135596561928e-05
67,3.891487481754575e-05
67,3.615772492346604e-05
67,3.490728962388479e-05
67,3.534066428667079e-05
67,3.7349427682433215e-05
67,4.045711927543708e-05
67,4.381359451827697e-05
67,4.6328912086741814e-05
67,4.6952277699544994e-05
67,4.501408044718723e-05
67,4.049047836015868e-05
67,3.406997489011909e-05
67,2.6994402662149886e-05
67,2.074774634847771e-05
67,1.6706162347249057e-05
67,1.5834766041773063e-05
67,1.847668524387435e-05
67,2.427131921314582e-05
67,3.223995584914789e-05
67,4.1039157612860315e-05
67,4.930693482909854e-05
67,5.597368417738607e-05
67,6.0429458868436284e-05
67,6.251871493000331e-05
67,6.241673439534877e-05
67,6.047979403888358e-05
67,5.714153968965183e-05
67,5.2874029904698844e-05
67,4.818457477973131e-05
67,4.360863325292885e-05
67,3.9680020333871413e-05
67,3.688218785423054e-05
67,3.5586455112311574e-05
67,3.597321803191298e-05
67,3.793645827204625e-05
67,4.1001692401898366e-05
67,4.432107466994937e-05
67,4.680744602625014e-05
67,4.741230626380498e-05
67,4.5466200912704e-05
67,4.094229055053673e-05
67,3.45236045058861e-05
67,2.7446167935082996e-05
67,2.119011046460211e-05
67,1.713088632880393e-05
67,1.623585549238839e-05
67,1.8852125721766736e-05
67,2.4623248864986854e-05
67,3.2573575879625766e-05
67,4.136106633980365e-05
67,4.962351563927471e-05
67,5.628992235796845e-05
67,6.074837935997855e-05
67,6.284140934156514e-05
67,6.274264447947211e-05
67,6.080691456056336e-05
67,5.7466604155506807e-05
67,5.319298049598665e-05
67,4.8493304806463074e-05
67,4.39035945504436e-05
67,3.9958389850442224e-05
67,3.7141712932308894e-05
67,3.582529141005443e-05
67,3.618987480283685e-05
67,3.8129665663105326e-05
67,4.1169974702150445e-05
67,4.44621563272757e-05
67,4.691800417037815e-05
67,4.748850133944243e-05
67,4.550476585875907e-05
67,4.094132047642113e-05
67,3.448229212722784e-05
67,2.736359587480354e-05
67,2.106404271368267e-05
67,1.6957562579391655e-05
67,1.601112204028582e-05
67,1.8573368290877917e-05
67,2.429104438736441e-05
67,3.219212745665229e-05
67,4.093729239868388e-05
67,4.916544425335549e-05
67,5.580513901278514e-05
67,6.0242913087896976e-05
67,6.231922962667471e-05
67,6.220587937103639e-05
67,6.0256646507181415e-05
67,5.690382005286415e-05
67,5.261933544592117e-05
67,4.791162134972724e-05
67,4.3318017018203315e-05
67,3.937397599507704e-05
67,3.656344381448138e-05
67,3.525699073512482e-05
67,3.5633801433327785e-05
67,3.7587173492831705e-05
67,4.0642797844961574e-05
67,4.395324743479062e-05
67,4.6431081851243593e-05
67,4.702650724218349e-05
67,4.506841273124433e-05
67,4.052887576355749e-05
67,3.409067987851276e-05
67,2.6989854783267848e-05
67,2.070612481638791e-05
67,1.661424099038312e-05
67,1.5681474396374673e-05
67,1.8256377168888477e-05
67,2.3985484714634053e-05
67,3.189651536806659e-05
67,4.064960625883091e-05
67,4.888268771779049e-05
67,5.5523195299679197e-05
67,5.995702747526996e-05
67,6.202496920888826e-05
67,6.190013344444523e-05
67,5.993831802973888e-05
67,5.657400935314442e-05
67,5.228094682219104e-05
67,4.7568610560733966e-05
67,4.297477778978083e-05
67,3.9035221858550636e-05
67,3.623443889170047e-05
67,3.49436659667293e-05
67,3.5342473247335256e-05
67,3.7324027016793917e-05
67,4.0413545885255714e-05
67,4.3763153732171186e-05
67,4.628501006098841e-05
67,4.692838057125198e-05
67,4.5019885659780435e-05
67,4.0527889560403766e-05
67,3.413105127552222e-05
67,2.7062548649206334e-05
67,2.080178597658597e-05
67,1.672584708543606e-05
67,1.5806040804760474e-05
67,1.8395181189416595e-05
67,2.4142882934325882e-05
67,3.2077909438526004e-05
67,4.085929614630871e-05
67,4.912223204914816e-05
67,5.579072880458863e-05
67,6.024781927462529e-05
67,6.233307844478284e-05
67,6.222040042370596e-05
67,6.026769922120788e-05
67,5.6911696155579144e-05
67,5.262735303894125e-05
67,4.792370844570166e-05
67,4.333645895585064e-05
67,3.939846357460854e-05
67,3.659184720151067e-05
67,3.528731678037772e-05
67,3.566621806917814e-05
67,3.762510126034245e-05
67,4.069269892252716e-05
67,4.4023415869119965e-05
67,4.6529991701888036e-05
67,4.71610571586412e-05
67,4.524217358334931e-05
67,4.074063943350012e-05
67,3.433402223630984e-05
67,2.7254391242043998e-05
67,2.0980392419509362e-05
67,1.6889254990560798e-05
67,1.595365726403985e-05
67,1.8528795647924688e-05
67,2.4266895554263588e-05
67,3.2198501919105486e-05
67,4.098285473242531e-05
67,4.9253753545434544e-05
67,5.593282446617381e-05
67,6.040052445926397e-05
67,6.249441162138013e-05
67,6.238745981858753e-05
67,6.0437860008483804e-05
67,5.708338474647903e-05
67,5.280014575650537e-05
67,4.809785756085466e-05
67,4.351205558783671e-05
67,3.957445199209902e-05
67,3.6765274319406015e-05
67,3.54533690504969e-05
67,3.581938971926564e-05
67,3.776119478659133e-05
67,4.081065897156778e-05
67,4.4125808198313444e-05
67,4.6621591643549466e-05
67,4.72461950085241e-05
67,4.532232184567238e-05
67,4.0813506545212165e-05
67,3.4394318499903815e-05
67,2.7295418005737204e-05
67,2.0995460502234413e-05
67,1.6872524813300318e-05
67,1.5900600992555774e-05
67,1.8436650189509814e-05
67,2.413522641930801e-05
67,3.202962917672806e-05
67,4.078179241912037e-05
67,4.902761554075581e-05
67,5.568997735239069e-05
67,6.014972133494831e-05
67,6.224391308921976e-05
67,6.214417079994333e-05
67,6.0206710012206566e-05
67,5.6867166529474505e-05
67,5.2599806509658146e-05
67,4.791311277941797e-05
67,4.3342178885860876e-05
67,3.941898127457449e-05
67,3.662425871384777e-05
67,3.532695867758077e-05
67,3.570703853899856e-05
67,3.766113021411377e-05
67,4.0720185531678714e-05
67,4.4042403332491974e-05
67,4.654403394727656e-05
67,4.7174787413988856e-05
67,4.525792261012224e-05
67,4.075606876788064e-05
67,3.434205136355142e-05
67,2.7245123093294327e-05
67,2.0943654001168826e-05
67,1.681652003741766e-05
67,1.5838997787241454e-05
67,1.8369191641104454e-05
67,2.4062330489977606e-05
67,3.195198010440326e-05
67,4.070019599154384e-05
67,4.8943053524427094e-05
67,5.560371339698558e-05
67,6.0063395280510605e-05
67,6.21595335867285e-05
67,6.206379631291278e-05
67,6.013173194197722e-05
67,5.679748255910924e-05
67,5.253336471731638e-05
67,4.784611211106984e-05
67,4.326990523355391e-05
67,3.933708020062379e-05
67,3.653012181433575e-05
67,3.522076893300974e-05
67,3.55920161594234e-05
67,3.7542767749229094e-05
67,4.0604708732185305e-05
67,4.39351199636851e-05
67,4.644831933171345e-05
67,4.709204601973419e-05
67,4.518822365605615e-05
67,4.069881315089241e-05
67,3.429626025472321e-05
67,2.7209442286194346e-05
67,2.091641626747163e-05
67,1.6796066929626144e-05
67,1.5824206111215446e-05
67,1.8359974493380787e-05
67,2.4059812400142527e-05
67,3.195817114427438e-05
67,4.071731528001989e-05
67,4.8972871992847874e-05
67,5.564716954810731e-05
67,6.0120499247654286e-05
67,6.222947073002167e-05
67,6.214509180703948e-05
67,6.0222276535115384e-05
67,5.689434297323623e-05
67,5.263261525853807e-05
67,4.794302922131843e-05
67,4.335956406306589e-05
67,3.941505509212792e-05
67,3.659302331881361e-05
67,3.5266635159299475e-05
67,3.562071518055602e-05
67,3.7556371591867707e-05
67,4.060746002274258e-05
67,4.393253664642208e-05
67,4.6445424413029135e-05
67,4.709142552773327e-05
67,4.5188972428378396e-05
67,4.069700159552249e-05
67,3.4286630598694725e-05
67,2.7187390011564167e-05
67,2.0879409711237127e-05
67,1.6744249357390613e-05
67,1.5760418722026875e-05
67,1.828951894321895e-05
67,2.3990019597193848e-05
67,3.189758567130176e-05
67,4.067439609021751e-05
67,4.895453185764647e-05
67,5.565772872123198e-05
67,6.0161366015801444e-05
67,6.22994022473804e-05
67,6.224072583598757e-05
67,6.033874306865845e-05
67,5.7025865042496656e-05
67,5.2773054862233156e-05
67,4.8086424147041145e-05
67,4.3500711982969245e-05
67,3.955002117377345e-05
67,3.671930354042316e-05
67,3.5382880264681806e-05
67,3.5726309827116494e-05
67,3.765137783456361e-05
67,3.848812742159826e-05
