67,0.0
67,5.969648648758699e-05
67,5.969648648758699e-05
67,5.9695489697940655e-05
67,5.965638865083785e-05
67,5.9546309392873174e-05
67,5.935257601864044e-05
67,5.917258749032037e-05
67,5.927651387917523e-05
67,5.9919702217973914e-05
67,6.123099415111636e-05
67,6.334727379576662e-05
67,6.64691184613446e-05
67,7.070658657018694e-05
67,7.593039513987403e-05
67,8.176893801387264e-05
67,8.774822328048365e-05
67,9.346893893379242e-05
67,9.865862567934514e-05
67,0.00010310154584421914
67,0.00010663965270430793
67,0.00010922493050158499
67,0.00011079019562724731
67,0.0001111297404656733
67,0.00011007818488369356
67,0.0001077528638194625
67,0.00010458794900174576
67,0.00010110523793106148
67,9.758662200623029e-05
67,9.403223729999761e-05
67,9.039665466033543e-05
67,8.675577800886978e-05
67,8.33409311850678e-05
67,8.05568153628568e-05
67,7.890554946691753e-05
67,7.867077076009648e-05
67,7.962523337798934e-05
67,8.120362790944097e-05
67,8.300217317109816e-05
67,8.499318653481092e-05
67,8.727649890453517e-05
67,8.988067698463453e-05
67,9.29237688578346e-05
67,9.678238520897908e-05
67,0.0001018167489892164
67,0.00010769535468385465
67,0.00011309546319607824
67,0.00011647678103442252
67,0.0001172178828745386
67,0.00011576247638012463
67,0.00011286680385410503
67,0.00010902884768519858
67,0.00010442591621478589
67,9.910482610928878e-05
67,9.316976557677765e-05
67,8.682512405934527e-05
67,8.045008541386762e-05
67,7.47306090152719e-05
67,7.044521904685991e-05
67,6.789735427904106e-05
67,6.666574439424507e-05
67,6.604791534909136e-05
67,6.572804826630921e-05
67,6.597808023669387e-05
67,6.729849403019888e-05
67,7.005112715706417e-05
67,7.437430043508462e-05
67,8.007020305280971e-05
67,8.646327117515552e-05
67,9.266374106389883e-05
67,9.813047172262038e-05
67,0.00010284072318702586
67,0.00010688938125641263
67,0.00011024845792484422
67,0.00011313510720844548
67,0.00011629297088849839
67,0.00012039376212382771
67,0.00012499178450961864
67,0.000128392842804228
67,0.0001289148831352053
67,0.00012610368197453394
67,0.00012054756906852036
67,0.00011303522775081328
67,0.0001042948006595482
67,9.519425424090713e-05
67,8.678309705393666e-05
67,8.002032338931795e-05
67,7.546965065421786e-05
67,7.336746812943542e-05
67,7.391558842171775e-05
67,7.72428837358321e-05
67,8.303811174563735e-05
67,9.035526633388698e-05
67,9.794054525810257e-05
67,0.00010497244284616275
67,0.00011151625350540138
67,0.00011817248890804719
67,0.0001254308447936263
67,0.00013339318956745233
67,0.00014179966819451381
67,0.00015022314308573177
67,0.00015837321431673895
67,0.0001660132899546269
67,0.00017245168725776652
67,0.00017661652930249196
67,0.00017801039866606764
67,0.00017729078326672647
67,0.00017563450267325052
67,0.00017359529855313224
67,0.00017063581231102265
67,0.00016579409546129057
67,0.00015868662982272485
67,0.0001496837738167164
67,0.00013948073859706048
67,0.0001290071419306921
67,0.00011944164918654032
67,0.00011179257298274608
67,0.00010657780188121149
67,0.00010406667382719236
67,0.00010465502829005629
67,0.00010889496696274527
67,0.00011713447841729719
67,0.00012913156912989696
67,0.00014398759861944873
67,0.00016025935714553702
67,0.00017621321939431322
67,0.00019044862656221017
67,0.00020253845587729313
67,0.00021296666338292144
67,0.00022230282584879626
67,0.00023044200073807735
67,0.0002368517323105298
67,0.00024165185384487123
67,0.0002459812712363484
67,0.00025067764822502166
67,0.00025484632729160656
67,0.000256544222955845
67,0.0002547514481417607
67,0.0002498940344417969
67,0.0002426267696167769
67,0.00023296791976870122
67,0.0002208534533929845
67,0.0002071289040880306
67,0.00019348318734884845
67,0.00018133673780772403
67,0.00017133321270341325
67,0.00016404106601042735
67,0.0001604228590795024
67,0.00016120615540651716
67,0.00016614014870023247
67,0.00017422267853691985
67,0.00018461699869697394
67,0.0001971022664852184
67,0.00021162492671595426
67,0.0002277540548373336
67,0.00024471426387728665
67,0.0002616018420809674
67,0.00027740881296511145
67,0.00029125559522577554
67,0.0003028433395285993
67,0.0003123246681038085
67,0.0003194586765780818
67,0.00032332432455850827
67,0.00032342281800499487
67,0.0003208073824074284
67,0.00031738037979696333
67,0.000313778629992285
67,0.0003084164018825663
67,0.00029911905790866683
67,0.00028528777373778815
67,0.0002679028530513887
67,0.0002481130725201812
67,0.00022684242914381935
67,0.00020545289476894905
67,0.0001859291202058404
67,0.00017024742265053423
67,0.00015969974001142374
67,0.00015490218368133807
67,0.00015632194566450228
67,0.00016432426190140503
67,0.00017850317674781164
67,0.00019726887573321086
67,0.0002183650341764394
67,0.0002398670490294219
67,0.0002607485280210587
67,0.0002806070664879216
67,0.00029901915134622866
67,0.00031525550634574183
67,0.00032848439110856907
67,0.0003382922268228207
67,0.0003453079449631383
67,0.0003509628441291787
67,0.0003558677826052581
67,0.000358658691227206
67,0.0003573276694819795
67,0.0003515822559469866
67,0.0003430128767627899
67,0.0003329305541504522
67,0.0003208221647110249
67,0.0003052772127448753
67,0.00028601201270757396
67,0.0002643500755221452
67,0.00024195116533594238
67,0.00022014188226046437
67,0.0002006575107233979
67,0.00018587789869354543
67,0.00017774516670283758
67,0.00017696830250999137
67,0.000183393418179088
67,0.00019666340965356763
67,0.00021630580556607204
67,0.00024134659863447769
67,0.00027013984669225117
67,0.00030067309169382696
67,0.0003309868239874343
67,0.00035945385308290063
67,0.0003848938515192178
67,0.00040651891333164694
67,0.00042368148445008023
67,0.0004356018576500064
67,0.00044169292385405325
67,0.0004426967446910295
67,0.00044122931493316945
67,0.0004399448468892169
67,0.0004387100241614006
67,0.00043467235581701603
67,0.0004255069065763196
67,0.00041146850882101485
67,0.00039389688200980956
67,0.00037308040511100965
67,0.0003486132455947281
67,0.00032130185624150757
67,0.00029371895398675564
67,0.00026865198845669026
67,0.000247799164184896
67,0.00023244598161852202
67,0.0002244198212556239
67,0.0002253853402123943
67,0.00023547187326419553
67,0.00025314970358189705
67,0.000276377102651564
67,0.00030356249648270196
67,0.00033344414370458
67,0.0003645298463698524
67,0.0003951920647031644
67,0.0004241930861293412
67,0.00045071923551344277
67,0.00047406075455963515
67,0.0004936149589664537
67,0.0005090100790167236
67,0.0005196808334287365
67,0.0005244983707526748
67,0.0005228120330790583
67,0.0005160763878276407
67,0.0005073659907425357
67,0.0004984320614498746
67,0.0004877855077385764
67,0.0004725138807277159
67,0.00045139260113162603
67,0.00042531529652704554
67,0.00039557873723007365
67,0.00036331389845239086
67,0.00033055055045684415
67,0.0003006785774149944
67,0.00027723291805376905
67,0.000262368180405386
67,0.00025677164766243083
67,0.000260724387981365
67,0.00027452498036424156
67,0.0002977218822681847
67,0.0003283689326870816
67,0.0003633831269286777
67,0.00039973243987258066
67,0.0004352473677059954
67,0.00046843777776829084
67,0.0004980987419788404
67,0.0005233812785268442
67,0.0005438519723943449
67,0.0005593473211478475
67,0.0005702029642367441
67,0.0005774650159319579
67,0.000581948973950767
67,0.0005828525228421663
67,0.0005782250604231077
67,0.0005674078182017628
67,0.0005521758469087235
67,0.0005346338612748089
67,0.0005145728982118242
67,0.0004898401079387111
67,0.0004591696921488215
67,0.00042375956882525627
67,0.00038613403104795923
67,0.00034876077338817445
67,0.0003143489086516361
67,0.0002864524434892007
67,0.0002685542092890543
67,0.00026246073446582876
67,0.0002680047174978445
67,0.00028413900643547757
67,0.0003097808548778787
67,0.0003434753605386109
67,0.0003827384585554542
67,0.0004242652949807976
67,0.000464918207733716
67,0.0005025535988415604
67,0.0005360241395917082
67,0.0005646409848932421
67,0.0005878274203333211
67,0.0006049818720624005
67,0.0006154562917391674
67,0.000619253313754861
67,0.0006180312124055792
67,0.000614319863063516
67,0.0006088500141902165
67,0.0005995535718663792
67,0.0005840781742785588
67,0.0005624269074457303
67,0.0005362373663271942
67,0.0005062729745928092
67,0.0004719222336636038
67,0.000433313470442861
67,0.00039302295412579983
67,0.0003550218469189746
67,0.0003225371960733399
67,0.0002977475713342914
67,0.00028284516379767924
67,0.00028001774472874186
67,0.00029009742586201163
67,0.0003118127787427198
67,0.0003427059667738396
67,0.00038045396005573033
67,0.0004230054032327519
67,0.0004678940955276227
67,0.0005121623428263002
67,0.0005532046003486383
67,0.0005894989166358843
67,0.0006204805258663085
67,0.0006459604071818073
67,0.0006657979836100981
67,0.0006797502633080383
67,0.0006871883238887826
67,0.0006874494706820344
67,0.0006811776341980828
67,0.0006707066022160415
67,0.0006579941137119584
67,0.000642398446512459
67,0.000621488393321187
67,0.0005938595108712446
67,0.000560201509165378
67,0.0005218858574754356
67,0.0004799589002289623
67,0.0004361511735765187
67,0.00039409396684754705
67,0.0003586050360476483
67,0.00033357568071184856
67,0.00032085714827688726
67,0.00032102096321291984
67,0.00033420511997807507
67,0.00035965766483431406
67,0.0003949943801540777
67,0.0004365813326945785
67,0.0004808586741500022
67,0.000525288736821822
67,0.0005681175097618298
67,0.0006077132350973194
67,0.0006425902331855892
67,0.0006718177996652477
67,0.0006950181057576385
67,0.000712222973545419
67,0.00072401046560352
67,0.0007312259630244314
67,0.0007338647926377927
67,0.0007305739048891386
67,0.0007200855932377922
67,0.0007029458734396392
67,0.000680929345112682
67,0.0006547500847020154
67,0.0006232872321520408
67,0.0005854696735645937
67,0.0005422326250178217
67,0.0004961369304290358
67,0.00044992165097480877
67,0.0004063975551390686
67,0.0003692110825884885
67,0.00034248343966781803
67,0.0003292592967540422
67,0.0003304524791084731
67,0.0003452825793533338
67,0.00037231933261069574
67,0.00040970040680550696
67,0.00045460424435716894
67,0.0005032364093059586
67,0.0005517795483206655
67,0.0005974702891000838
67,0.0006388203117318305
67,0.0006749971798628823
67,0.0007052685188615002
67,0.0007289108533910881
67,0.0007452326025275226
67,0.0007538956779745602
67,0.0007557813335191144
67,0.0007530902341454499
67,0.000747476197105953
67,0.0007381280090564074
67,0.0007226946695832686
67,0.0007000484512858394
67,0.0006710989134463603
67,0.0006368801700377255
67,0.0005971156140585795
67,0.0005515237850793862
67,0.0005020574074077036
67,0.0004529380748220464
67,0.00040857488631003874
67,0.0003723097778108859
67,0.0003469871158189008
67,0.00033528488788749436
67,0.0003386778286846192
67,0.0003564409511200652
67,0.0003860813091350878
67,0.000424689015274035
67,0.0004696394690632142
67,0.0005181657952489404
67,0.0005670204441614131
67,0.0006131669438123438
67,0.0006547740952912997
67,0.0006913244862622057
67,0.000722776959290093
67,0.0007487639024206137
67,0.0007684593505958914
67,0.000780757606224621
67,0.000784628862827174
67,0.000780084845703783
67,0.0007689149391955684
67,0.0007534862307560664
67,0.0007344035856086925
67,0.0007101247741190322
67,0.0006791502965221507
67,0.0006417266600207333
67,0.0005991248303601715
67,0.0005523687514085498
67,0.0005026872329351067
67,0.00045297665361672277
67,0.00040793252514310674
67,0.0003722728952327521
67,0.0003490458453615457
67,0.0003396998578912964
67,0.0003449358952712935
67,0.00036463623966161916
67,0.00039712344039750453
67,0.00043912005800928974
67,0.00048675512322622215
67,0.000536632108436008
67,0.0005860008080208465
67,0.0006324065067352565
67,0.000673843558436491
67,0.0007093286913058641
67,0.0007388932073756585
67,0.0007628540126656685
67,0.0007812981041986275
67,0.0007941366666017015
67,0.0008010147012409347
67,0.0008009921703254983
67,0.0007930507659089632
67,0.0007773712356249935
67,0.0007555114223660593
67,0.0007287800303123534
67,0.0006968826053749777
67,0.0006587649698277297
67,0.0006145365788069932
67,0.0005660507505558812
67,0.0005159750871291415
67,0.0004672242739214715
67,0.00042338824714816746
67,0.00038877208124054116
67,0.00036717266656856307
67,0.0003604569759672988
67,0.0003684138767441817
67,0.0003897451447910297
67,0.0004227485470862205
67,0.0004650605893737371
67,0.0005133546679702962
67,0.0005638500558561834
67,0.0006132886499216627
67,0.0006594515109363421
67,0.0007009151501828189
67,0.0007366677774154299
67,0.0007660558361874935
67,0.0007887080672765819
67,0.0008043028117234333
67,0.0008127916330705598
67,0.0008149472434199533
67,0.0008119424122729572
67,0.0008038992463109382
67,0.0007894806648077119
67,0.0007675198813624757
67,0.0007385323971728679
67,0.0007039560245374167
67,0.0006643458663389181
67,0.0006192944344809624
67,0.0005693288128710812
67,0.0005172180215203176
67,0.0004670750815300191
67,0.0004227957721817153
67,0.0003877718637372088
67,0.00036523358846483043
67,0.0003576734352402217
67,0.0003656738734388378
67,0.00038763372485442813
67,0.0004207795995742881
67,0.0004622763406910939
67,0.0005093352324222692
67,0.0005587849773543136
67,0.000607274629989898
67,0.0006521880077034629
67,0.0006922590448713063
67,0.00072720840968918
67,0.0007568640961927819
67,0.0007806787079180444
67,0.0007977915360915176
67,0.0008072486959703318
67,0.0008085138222627429
67,0.000802227540312184
67,0.0007900385928884256
67,0.000773032239817459
67,0.0007506407833938616
67,0.0007217064053293525
67,0.0006862427298271164
67,0.000645475048891213
67,0.000600529674584828
67,0.00055210749035357
67,0.0005017798740259487
67,0.0004530426726266148
67,0.0004105127052530013
67,0.00037813378005870747
67,0.00035837495868749176
67,0.00035264471191915323
67,0.00036151139432871943
67,0.0003842160417628207
67,0.00041840460135803443
67,0.00046075979650517067
67,0.0005080013067247731
67,0.0005572732964804373
67,0.0006058469423609876
67,0.0006510646321120347
67,0.0006909676233322335
67,0.000724824809814587
67,0.0007527727493490046
67,0.0007749733655755681
67,0.0007912309996019877
67,0.0008011318940137262
67,0.0008041037102985262
67,0.0007994991191627122
67,0.0007871911885962541
67,0.0007680514925821073
67,0.0007432981086719232
67,0.0007133535353794049
67,0.0006778230803686109
67,0.0006366437074474246
67,0.0005908513312114429
67,0.0005422430736839368
67,0.0004929223884683431
67,0.00044560609782138096
67,0.0004040395436605583
67,0.00037240562463461283
67,0.0003539103158135005
67,0.00034986305936992305
67,0.00035993736999422434
67,0.000382870102901068
67,0.0004166786113982767
67,0.0004585459656827384
67,0.0005050737589060839
67,0.000552997637075204
67,0.0005997598203384871
67,0.0006435005326032722
67,0.0006827844522997836
67,0.0007165685253308757
67,0.0007442671896195426
67,0.000765527313106307
67,0.0007800163253288835
67,0.0007877133306582869
67,0.0007891872671612224
67,0.000785016424813442
67,0.0007749311615020218
67,0.0007580899481557106
67,0.000734296651178869
67,0.0007044055744022911
67,0.0006693493666306578
67,0.0006293442452623835
67,0.0005845822953961344
67,0.0005365306150224922
67,0.000488115117412642
67,0.00044275206709446424
67,0.00040367199475807786
67,0.00037401858989029123
67,0.0003567205619635283
67,0.00035361650630738047
67,0.00036468866052351647
67,0.00038829253942596835
67,0.0004220486144994099
67,0.00046337223370402806
67,0.0005093574292219575
67,0.0005567350829346179
67,0.0006024444097782349
67,0.0006443990151911037
67,0.000681670691403116
67,0.0007139442431433674
67,0.0007408534980375147
67,0.0007617237425310754
67,0.00077566164253819
67,0.0007819074664272715
67,0.0007804921735712374
67,0.0007725852881286607
67,0.0007596773603346116
67,0.0007422208375311352
67,0.0007194933629657839
67,0.0006909004844611635
67,0.0006568565395649792
67,0.0006181810010891359
67,0.0005753225787335145
67,0.0005289118415393889
67,0.00048102840897430135
67,0.0004354053651277859
67,0.00039619221407269736
67,0.0003667147059869773
67,0.00034927436709011027
67,0.000345337925549456
67,0.00035524574116868314
67,0.00037778028652080023
67,0.0004103875771155127
67,0.00045001612861898143
67,0.0004937704051014127
67,0.0005389083577856285
67,0.00058268154348488
67,0.0006227058441544377
67,0.0006576432494476063
67,0.0006873286268242542
67,0.0007120585333887246
67,0.0007317639108411637
67,0.000745816700934743
67,0.0007533455663648215
67,0.0007536018600712776
67,0.0007463599032529765
67,0.0007322492065137051
67,0.0007124466236672113
67,0.0006877769471091711
67,0.0006583016169292019
67,0.0006239287106997681
67,0.0005851422109469351
67,0.0005429732990661798
67,0.0004986586886559098
67,0.00045384319155985755
67,0.0004111606831885447
67,0.00037422854206432013
67,0.00034668918352829696
67,0.00033108812688713844
67,0.0003285010720434906
67,0.00033882657882449026
67,0.00036104274688887025
67,0.00039320557653640573
67,0.0004325654696670409
67,0.00047603074750046133
67,0.0005206953681737387
67,0.000564056487292251
67,0.0006040045933737077
67,0.0006389615575870144
67,0.0006681391923822376
67,0.0006914520338512514
67,0.0007090078333299812
67,0.0007207699357978203
67,0.0007267267137589321
67,0.0007270451844449886
67,0.0007217753355054583
67,0.0007106362581264997
67,0.0006934342103879322
67,0.0006705524903205868
67,0.0006426987270899767
67,0.0006102510606049511
67,0.0005732372621197086
67,0.000532111063671769
67,0.0004883942925289172
67,0.00044452857860927136
67,0.00040338874195763186
67,0.000368089468820233
67,0.000341847146196638
67,0.00032735740758111883
67,0.00032592968570476497
67,0.00033717106708369205
67,0.0003594678333253598
67,0.000390663408018971
67,0.0004283247109782077
67,0.0004697174481633017
67,0.0005119868340898956
67,0.00055264465484829
67,0.0005899735839945711
67,0.0006230159699171013
67,0.0006512571951068423
67,0.0006743197388078214
67,0.0006917760337492942
67,0.000703097415351321
67,0.0007079121395861282
67,0.0007064683905458441
67,0.0006996250631896836
67,0.0006880787823388983
67,0.0006717349915260997
67,0.0006501479322495435
67,0.0006234216074481993
67,0.0005922702511985426
67,0.0005572821769674289
67,0.0005186995354617127
67,0.0004772568468552938
67,0.000435035781226218
67,0.0003952418240393254
67,0.00036124301478414973
67,0.00033593065433743424
67,0.0003215905919531644
67,0.0003196661103079204
67,0.00033026962260627367
67,0.00035202036431702683
67,0.0003825446031766012
67,0.0004191980932322006
67,0.0004593783690645808
67,0.0005004343889597971
67,0.0005397459568433692
67,0.0005752416861687604
67,0.0006058990440134945
67,0.0006316367548931678
67,0.0006526579577891055
67,0.000668878537983852
67,0.0006798500067138259
67,0.000685019458574787
67,0.0006840799383734511
67,0.0006772750797877276
67,0.0006653388349529286
67,0.0006489118568539355
67,0.0006280396325815315
67,0.000602444727972705
67,0.0005722093614958057
67,0.0005379549877243454
67,0.0005004946885703906
67,0.00046077589121230466
67,0.00042041188477541047
67,0.0003821049713167421
67,0.00034925658873821567
67,0.00032499785100267517
67,0.0003114593739696941
67,0.0003096270111439376
67,0.00031942895709711485
67,0.00033975086491338553
67,0.0003685386536306061
67,0.00040319015061653844
67,0.00044106628612031754
67,0.00047977181443269645
67,0.0005171550442289566
67,0.0005513562561056249
67,0.0005810943956977919
67,0.0006058731035393505
67,0.0006257233678848297
67,0.0006406818200081776
67,0.0006505758294168875
67,0.0006552270811338418
67,0.0006546118542201932
67,0.0006487595509844111
67,0.0006377068211288171
67,0.0006216457469332046
67,0.0006009393314942767
67,0.0005758804581974785
67,0.0005465700626339286
67,0.0005131880412266781
67,0.00047640721920417747
67,0.00043756338343523135
67,0.00039857714361014965
67,0.00036188649032130695
67,0.0003303854820423777
67,0.0003070577172643735
67,0.0002942503125750048
67,0.0002930392286358621
67,0.0003031307310504015
67,0.00032321588637330165
67,0.00035135311006505553
67,0.00038517032246764276
67,0.0004220430488729018
67,0.00045941429952062304
67,0.0004951613071042821
67,0.0005277985977944568
67,0.0005564578122376616
67,0.0005807356586419183
67,0.0006004637175104818
67,0.0006154363421318359
67,0.0006253065678531734
67,0.0006298460474120918
67,0.0006292816148815942
67,0.0006241496123818027
67,0.0006147282551485704
67,0.0006008115402559342
67,0.000582159326445145
67,0.0005589602086700327
67,0.0005316681615528094
67,0.0005005985735168139
67,0.0004660790982780637
67,0.00042912241011796025
67,0.0003917962682756726
67,0.0003568666985116651
67,0.00032718670339781117
67,0.0003053430883193672
67,0.0002934165938019803
67,0.0002925635961894137
67,0.00030263679609695724
67,0.00032227402626367786
67,0.00034943037738206556
67,0.00038187037734466016
67,0.00041729921942418953
67,0.00045334519931534257
67,0.00048777699625535657
67,0.0005189516634623217
67,0.0005460881840872425
67,0.0005690653221199849
67,0.0005879152273274704
67,0.0006024412564119631
67,0.0006121838937917258
67,0.0006166732546020097
67,0.0006157977695468165
67,0.0006099907823177703
67,0.0005999305629158233
67,0.0005859584702193762
67,0.0005679081851524981
67,0.0005455718635265816
67,0.0005191472310137719
67,0.0004891260534721485
67,0.0004560290158097431
67,0.00042063515945623916
67,0.0003845505305416279
67,0.00035036908504541044
67,0.00032112362484140364
67,0.0002995107776246885
67,0.00028744027330601137
67,0.00028589361734413166
67,0.00029482045938355864
67,0.0003130969170659309
67,0.0003387600477033884
67,0.0003694833980728281
67,0.00040297718387329436
67,0.0004371068356413723
67,0.00046990156822165365
67,0.0004997489101739368
67,0.0005257216457300859
67,0.0005476378573459698
67,0.0005656598558449966
67,0.000579778557818151
67,0.0005896620648872873
67,0.0005948833183318114
67,0.0005951723294660888
67,0.0005905113409814595
67,0.000581130061467225
67,0.0005673951451221791
67,0.0005495959543522904
67,0.0005278315166154012
67,0.0005021557157884063
67,0.0004728326100606138
67,0.0004404908934849477
67,0.0004061969292632898
67,0.00037156680921315356
67,0.00033885626140390146
67,0.00031079116519868154
67,0.000290035405042678
67,0.0002785421893533617
67,0.00027717270996036904
67,0.0002857124647365101
67,0.00030310241273693027
67,0.00032767390237899336
67,0.00035735067163047095
67,0.00038987602124191436
67,0.00042306261787069854
67,0.0004550027028539543
67,0.00048422188032846194
67,0.0005097951235037513
67,0.0005313560486714334
67,0.0005488803610351632
67,0.0005623260548406692
67,0.0005714635571289429
67,0.0005760682225755509
67,0.0005761672450127032
67,0.0005719551776015934
67,0.0005635141263853147
67,0.000550786723665167
67,0.0005338340514082091
67,0.0005129490135063972
67,0.0004884426214348971
67,0.00046048255422848495
67,0.0004293603557468453
67,0.0003959851996071191
67,0.0003620934539575167
67,0.00033003280494744725
67,0.0003024035409487732
67,0.0002817254580435089
67,0.0002700222816658168
67,0.0002683389397074423
67,0.00027649501113035296
67,0.0002932895376787063
67,0.00031696811827687575
67,0.000345573527277146
67,0.00037705064094898137
67,0.0004093071223927655
67,0.0004404325375310439
67,0.00046900799309762965
67,0.0004942584780980358
67,0.0005159091095789301
67,0.0005338562381464785
67,0.000547885425354773
67,0.0005576077338279491
67,0.0005626555579196447
67,0.0005629815617605424
67,0.0005589198742924315
67,0.0005508493222085267
67,0.0005388271720423521
67,0.0005226889797955562
67,0.0005024844444359593
67,0.00047863392710302777
67,0.00045164991504770117
67,0.0004219723407822325
67,0.00039031033803631047
67,0.0003581242729938535
67,0.0003276520066832072
67,0.00030143966780147034
67,0.00028181846097775356
67,0.0002705856145025729
67,0.0002687718033809029
67,0.0002764234631110538
67,0.00029258151366231134
67,0.00031557904529740653
67,0.0003434685981024935
67,0.00037427915530404364
67,0.0004060546021387826
67,0.0004369137241810105
67,0.0004653091987495944
67,0.0004903184610265694
67,0.0005116394800535123
67,0.0005292389815426605
67,0.000542979177553703
67,0.0005525420643071567
67,0.0005576196078370152
67,0.000558126120759398
67,0.0005542686577990145
67,0.0005464238252653042
67,0.0005348738881458658
67,0.0005196327200359494
67,0.0005005698908522607
67,0.0004776948201846437
67,0.00045129295465656745
67,0.00042190486502587864
67,0.00039040546207399476
67,0.00035824433206543826
67,0.0003275709019716806
67,0.0003009796879928178
67,0.0002809506553018407
67,0.00026931236161035403
67,0.00026696290951300444
67,0.0002738366988526922
67,0.0002890137659718695
67,0.0003109284489925851
67,0.0003376537668522219
67,0.0003671832245457856
67,0.0003976214815782577
67,0.0004272896468537643
67,0.0004548388582777417
67,0.00047938941802176015
67,0.0005005445037684165
67,0.0005181535720303499
67,0.0005319858628249954
67,0.000541646650638424
67,0.0005468073674813349
67,0.0005474308383477631
67,0.0005437180114191982
67,0.0005359039183313513
67,0.0005241759088488072
67,0.0005087275257485812
67,0.0004897673208917087
67,0.00046744438495215817
67,0.00044186439061307214
67,0.0004133205074975971
67,0.000382608756715869
67,0.0003511865351161753
67,0.00032109779646549344
67,0.00029474494600974005
67,0.00027454301493217315
67,0.00026246012243883365
67,0.000259586327341886
67,0.00026596163629458055
67,0.0002807319006980144
67,0.0003024532272708933
67,0.0003293257051854922
67,0.00035932450439903193
67,0.00039035343794864536
67,0.0004204997869961794
67,0.0004483133173862381
67,0.0004729494818434664
67,0.0004940764115409518
67,0.0005115894296342566
67,0.0005253111522683936
67,0.0005348988529913133
67,0.0005400447149154426
67,0.0005407578365713141
67,0.0005373700284969002
67,0.0005302104480973759
67,0.0005193415161538689
67,0.0005046837149290324
67,0.0004863100345155374
67,0.00046447802814867273
67,0.00043943285665465294
67,0.00041143003834895515
67,0.0003811325519204397
67,0.00034997969568241504
67,0.0003201223549900147
67,0.00029401010109509734
67,0.0002739631192832393
67,0.00026184121216972663
67,0.0002587359719667167
67,0.00026474810706463177
67,0.0002790345520022583
67,0.00030013127996736416
67,0.00032630604458653976
67,0.00035572242477347886
67,0.00038646990623080374
67,0.0004166825861169437
67,0.00044482220039321395
67,0.0004699280339129563
67,0.0004915856289377339
67,0.0005096210674787225
67,0.0005237936525254853
67,0.0005337330060229572
67,0.0005391188555211707
67,0.0005399147222993135
67,0.0005364384441162847
67,0.0005291605413236145
67,0.0005183762709466701
67,0.0005040864299591872
67,0.00048620525056776605
67,0.0004648035357394575
67,0.000440119773764552
67,0.0004125073365425938
67,0.0003826199017311222
67,0.00035175549978107285
67,0.00032197235703430003
67,0.00029578064897957325
67,0.00027560779547348063
67,0.0002633438144558831
67,0.0002600752064174699
67,0.0002659640697188485
67,0.0002802699273172905
67,0.0003015453139314168
67,0.00032794137045201547
67,0.00035747742030430577
67,0.0003881975782910217
67,0.0004182891057515081
67,0.00044627113803345677
67,0.00047119947993459657
67,0.0004926786031200221
67,0.0005105892219124312
67,0.0005247481884842076
67,0.0005348183545128734
67,0.000540504663580978
67,0.0005417639274688766
67,0.0005388081434688989
67,0.0005319501999860767
67,0.0005214525842557724
67,0.0005074595814843003
67,0.0004900060069292003
67,0.00046907154883459663
67,0.0004446805763701338
67,0.00041708373243004874
67,0.0003870058956854824
67,0.00035583958649673496
67,0.000325647794944191
67,0.00029892508765709
67,0.0002781619786565575
67,0.00026534524012536924
67,0.0002615826552051092
67,0.000266989798868089
67,0.0002808252855856119
67,0.0003017343067942418
67,0.00032796580714247655
67,0.00035753597146572186
67,0.0003883940929142937
67,0.00041863656820852717
67,0.0004467442782409993
67,0.00047174709282184007
67,0.0004932007323388961
67,0.0005109500407938839
67,0.0005248295893133601
67,0.0005345525601863765
67,0.0005398804747997637
67,0.0005408495366559038
67,0.0005377475141276485
67,0.0005308543090365775
67,0.0005202726970308377
67,0.0005060315831208942
67,0.000488248742282737
67,0.0004670903104414421
67,0.00044264279484821647
67,0.00041503515260072455
67,0.0003848469842898883
67,0.00035344099849248575
67,0.0003229222479234501
67,0.00029579941780318345
67,0.00027456750863684806
67,0.00026129100236134406
67,0.00025721185817929713
67,0.0002625219354742968
67,0.0002764425490053796
67,0.00029754124963956674
67,0.00032404499918011804
67,0.00035400097672548623
67,0.0003853658403388496
67,0.0004161861335583256
67,0.00044488346831405754
67,0.0004704671954339808
67,0.000492492908157619
67,0.0005107871697796647
67,0.0005251585394564005
67,0.0005353136530200919
67,0.0005410125657131456
67,0.0005422880050721923
67,0.0005394739313271379
67,0.0005329545330682763
67,0.0005228707291168583
67,0.0005091167839962338
67,0.0004916065254637125
67,0.00047044420672659795
67,0.00044584303517273757
67,0.0004180870465829319
67,0.00038780331629558726
67,0.00035633763163905603
67,0.0003258167602390889
67,0.00029879613796328114
67,0.0002777526974809492
67,0.0002646681499985894
67,0.0002607385198673084
67,0.00026619911494425204
67,0.0002803365111629766
67,0.00030171815691839936
67,0.0003285133743248077
67,0.0003587329258482492
67,0.0003903544733515425
67,0.000421456492413336
67,0.00045045154589440004
67,0.0004763119140230544
67,0.0004985717300089775
67,0.0005170566061920973
67,0.0005315718732435057
67,0.0005418244523506609
67,0.000547591844873975
67,0.0005489077386182477
67,0.0005460657221566376
67,0.00053943893889939
67,0.0005292632343269156
67,0.0005155559787015777
67,0.0004982163755249354
67,0.00047717569605317434
67,0.00045248140943786395
67,0.0004243946432681258
67,0.0003936171302087642
67,0.00036155139013151395
67,0.00033035353449005153
67,0.0003026576686166814
67,0.000281074319358582
67,0.00026767652518592183
67,0.0002636466355019745
67,0.0002691542563038812
67,0.00028344805790268634
67,0.00030508347925814846
67,0.00033218468465343433
67,0.000362672359176146
67,0.0003944543773826641
67,0.0004256185798116334
67,0.00045464401506131995
67,0.00048055991227160643
67,0.0005029202413532767
67,0.0005215527376103874
67,0.0005362560529213976
67,0.0005467129342351966
67,0.0005526789453935997
67,0.0005541934840576308
67,0.0005515413173675189
67,0.000545009381589703
67,0.000534720645811455
67,0.0005206888063170125
67,0.0005029441850774767
67,0.0004815441485287839
67,0.00045653993953466063
67,0.00042812798759587887
67,0.0003969999973432358
67,0.0003646144495407879
67,0.0003331554130651935
67,0.00030521777738537405
67,0.00028337830206361147
67,0.0002697464197808341
67,0.0002655741340162446
67,0.00027106285365774955
67,0.00028545327343857004
67,0.00030730432799074567
67,0.000334766446480103
67,0.0003657560517963289
67,0.00039810484940986393
67,0.00042978797543224284
67,0.0004592091616843625
67,0.0004853870166743989
67,0.0005078953953007397
67,0.0005265789226145992
67,0.0005412503158365645
67,0.0005516030738392905
67,0.0005573907584219711
67,0.0005586654441414997
67,0.000555783098392942
67,0.0005491213116965002
67,0.0005388014461524654
67,0.0005247175379272293
67,0.0005067809756938431
67,0.0004850365218559779
67,0.00045958653330926947
67,0.00043064085649541835
67,0.0003988684979666869
67,0.0003657619206257198
67,0.0003336261657987577
67,0.0003051767203704607
67,0.00028302604550997906
67,0.00026925584546453295
67,0.0002650948809810074
67,0.00027073449853266595
67,0.00028537653548443425
67,0.00030750622080215367
67,0.0003352198452042434
67,0.00036644423742739204
67,0.00039906117501664547
67,0.0004310748404074076
67,0.0004608774521038132
67,0.0004874694577220078
67,0.0005104268975161543
67,0.0005296001728664023
67,0.0005447867083714842
67,0.0005556444525028631
67,0.0005618698897463083
67,0.0005634238530714986
67,0.0005605728586513255
67,0.0005536959389181081
67,0.0005430309132814602
67,0.0005286016993396144
67,0.0005103617986033838
67,0.0004883391908921643
67,0.00046265271372655483
67,0.000433569075225366
67,0.0004017751417492106
67,0.0003687085127135978
67,0.0003366152611024688
67,0.00030821842837444363
67,0.00028617951197370774
67,0.00027260109794268454
67,0.0002686972258163602
67,0.00027466000608111654
67,0.00028972622673034394
67,0.0003124041308459943
67,0.0003407550934015075
67,0.00037262942614924244
67,0.0004058445302922677
67,0.0004383736711257023
67,0.00046858627907209204
67,0.0004954497948005238
67,0.0005185198529285047
67,0.0005376683090783304
67,0.000552750616931683
67,0.000563497953810115
67,0.0005696852290466234
67,0.000571328963251411
67,0.000568669502231216
67,0.0005619674784059651
67,0.0005513423134501448
67,0.0005367928507550442
67,0.0005183123868909864
67,0.000495937978519833
67,0.0004697539779584235
67,0.0004400322480562383
67,0.00040755043431232353
67,0.00037386006309041104
67,0.00034126310828472983
67,0.0003124858162831685
67,0.0002901980419840888
67,0.00027652306058543585
67,0.0002726584469867272
67,0.0002787239993988837
67,0.0002938775136188459
67,0.000316596871744948
67,0.00034496029089462756
67,0.00037684250409408067
67,0.00041007591224918383
67,0.00044265791929752195
67,0.00047299852075345156
67,0.0005000887290032343
67,0.0005234529313421661
67,0.0005428830598502867
67,0.0005581453488094862
67,0.0005689029412190654
67,0.0005749050105819961
67,0.0005762111124066361
67,0.0005731641079415941
67,0.0005661076454700168
67,0.0005551552209569234
67,0.000540250973746304
67,0.000521381937429051
67,0.0004986403230377737
67,0.0004721438417103681
67,0.0004421276147826723
67,0.00040931899095856015
67,0.0003752790188670559
67,0.00034236577162772766
67,0.00031334127732648043
67,0.0002908755783923576
67,0.00027710463733948953
67,0.0002732759162608575
67,0.0002795554080493862
67,0.0002950940337976169
67,0.0003183132898065626
67,0.000347225603375432
67,0.0003796504386369637
67,0.0004133630344962356
67,0.0004462993665438478
67,0.0004768364693275211
67,0.0005039928632460816
67,0.0005273656080127673
67,0.000546814026520604
67,0.0005621332456915057
67,0.0005729754338209517
67,0.0005790433210605415
67,0.0005803298769321646
67,0.000577142173628971
67,0.0005698616383018846
67,0.0005586740956720461
67,0.0005435453380125056
67,0.0005244194240035104
67,0.0005013556504414334
67,0.0004745005261109066
67,0.00044414108653403726
67,0.0004110206370725017
67,0.0003766897168185598
67,0.00034352294735927465
67,0.00031433210651789825
67,0.00029181567902407895
67,0.0002780831974042453
67,0.00027433452032113063
67,0.0002807158561732544
67,0.0002963887132424922
67,0.0003197842310642039
67,0.00034891085050537464
67,0.00038158837520324394
67,0.0004156060599345543
67,0.0004489029700283381
67,0.000479820082213499
67,0.0005073110956096122
67,0.0005309201509714735
67,0.0005504908552734763
67,0.0005658338609818616
67,0.0005766363812602567
67,0.0005826445338344413
67,0.0005838704243378317
67,0.0005805845241277608
67,0.0005731065367743183
67,0.0005616114844990233
67,0.0005461254806628659
67,0.0005266579340918299
67,0.0005032825644620568
67,0.0004761373448046324
67,0.000445532363073366
67,0.0004122573822127926
67,0.0003778775752213316
67,0.000344736707797346
67,0.0003156199669080482
67,0.00029324126451566726
67,0.00027974048794557604
67,0.0002763162232434827
67,0.00028308004351586046
67,0.0002991588727475178
67,0.0003229642350177405
67,0.00035248267959496585
67,0.0003854985829593692
67,0.00041977380442605227
67,0.0004532563176725224
67,0.00048432583522750524
67,0.0005119668907102848
67,0.0005357209419859368
67,0.0005554044096761286
67,0.0005707984286844205
67,0.0005815744228963285
67,0.0005874951202928404
67,0.0005886332285782979
67,0.0005853289635657622
67,0.0005779129137237978
67,0.0005664956680914353
67,0.0005510289171262194
67,0.0005314976536812263
67,0.0005079821709170772
67,0.00048061166430510353
67,0.00044968403106683015
67,0.000416025780919222
67,0.00038129176845781715
67,0.0003479043433906427
67,0.00031866400305892147
67,0.0002962562138534772
67,0.0002827978884151992
67,0.00027948003905494334
67,0.0002863964572105884
67,0.00030263738573863566
67,0.00032658178475175885
67,0.00035620555112296336
67,0.00038929033059272375
67,0.0004235809581810751
67,0.00045700109692204223
67,0.000487929769999768
67,0.0005153867750475277
67,0.0005389588679910679
67,0.0005584834325086353
67,0.0005737287880654585
67,0.0005843287314793276
67,0.0005899956364124314
67,0.0005907673112179871
67,0.0005870060517829909
67,0.0005791235550452944
67,0.0005673094817851178
67,0.0005515366790598503
67,0.0005317691732614685
67,0.0005080724976282532
67,0.0004805705438421209
67,0.0004495306920064359
67,0.0004157232011881616
67,0.00038077271812169094
67,0.00034713504288057755
67,0.0003176790658717071
67,0.00029513720497536795
67,0.00028163644866850007
67,0.0002783671951119883
67,0.000285427192212815
67,0.0003018994970687283
67,0.000326130309840425
67,0.0003560510030829683
67,0.00038941114816034905
67,0.00042393784983957197
67,0.00045753352032277546
67,0.0004885485559279183
67,0.0005159901846138426
67,0.0005394706598221856
67,0.0005588821834219946
67,0.0005740489781495304
67,0.0005846415430137946
67,0.0005903760247841903
67,0.0005912455202694893
67,0.0005875292710933018
67,0.0005795732155043722
67,0.0005675689942316597
67,0.0005515426065935804
67,0.000531506332147726
67,0.0005075514040413621
67,0.00047983425949110525
67,0.00044867348877816423
67,0.00041487366872967825
67,0.00038004382947882703
67,0.0003465935993885077
67,0.0003173601490714067
67,0.00029506842649338575
67,0.0002818339642302291
67,0.00027881707328813023
67,0.0002860881104498961
67,0.0003027289663144525
67,0.0003271043056545582
67,0.0003571599038986418
67,0.0003906474368418958
67,0.00042529510700997387
67,0.00045901018276082854
67,0.0004901366273494835
67,0.0005176505196824511
67,0.0005411210128086751
67,0.0005604150026481538
67,0.0005753672997518524
67,0.0005856942378838969
67,0.0005911843179284181
67,0.0005919056904089651
67,0.0005881694194034965
67,0.000580281135803008
67,0.0005683539449943023
67,0.0005523621814028457
67,0.0005323118354322342
67,0.0005082967192081357
67,0.00048046250562699966
67,0.0004491308399134073
67,0.0004151510211037734
67,0.0003801965763317453
67,0.00034671538918491166
67,0.0003175459381698633
67,0.0002954051588832337
67,0.00028240609964729423
67,0.00027969231289782885
67,0.0002872844730264497
67,0.00030419733295166155
67,0.0003287445546975986
67,0.0003588527048077437
67,0.0003922772658363954
67,0.00042676437905863284
67,0.0004602585680665406
67,0.0004911623626494974
67,0.0005185104756539913
67,0.0005418983722875111
67,0.0005611749864420206
67,0.0005761295663346932
67,0.0005864296079741303
67,0.0005918314019863441
67,0.0005924073932263952
67,0.0005885144592882158
67,0.000580511830658589
67,0.0005685269657490559
67,0.0005525078076962704
67,0.000532438442754012
67,0.0005084220066453333
67,0.0004806204168445816
67,0.0004493481551712175
67,0.00041543476392365524
67,0.0003805527074000523
67,0.00034716833750021817
67,0.00031812712733623766
67,0.00029612664649914774
67,0.00028325698663932
67,0.0002806606075171963
67,0.0002883724315904735
67,0.00030541139046525524
67,0.00033007498613690686
67,0.00036026494961321847
67,0.0003937147375642572
67,0.0004281490014619083
67,0.00046148931418888236
67,0.0004921281580988301
67,0.000519122329870654
67,0.0005421197091477087
67,0.000561026808413517
67,0.0005756723939533412
67,0.0005857389938739092
67,0.0005909726167410923
67,0.0005914120596900794
67,0.0005873786107002755
67,0.0005792257187297754
67,0.0005671047295206757
67,0.0005509785338499025
67,0.0005308129751603254
67,0.0005066841498472676
67,0.0004787542046339737
67,0.00044736309101642865
67,0.00041336057693459964
67,0.0003784223895592514
67,0.00034501946319227773
67,0.0003160138009696974
67,0.0002941110690374524
67,0.00028137798413101076
67,0.0002789106842086489
67,0.00028670430861102116
67,0.0003037604817511205
67,0.00032837506790280957
67,0.00035845481762747594
67,0.0003917482519927254
67,0.0004260094769840721
67,0.0004591928260542007
67,0.0004897071401245256
67,0.0005166031219763405
67,0.0005395137043346319
67,0.0005583368873167311
67,0.0005729022544781811
67,0.0005829001428169331
67,0.0005880896237031924
67,0.0005885160280129126
67,0.0005844824885803721
67,0.0005763063395113538
67,0.0005641231266481239
67,0.0005479236962821938
67,0.000527719979673832
67,0.0005036122718103246
67,0.0004757624611997042
67,0.0004445129300596461
67,0.00041072675160846604
67,0.0003760803987428142
67,0.0003430167693798619
67,0.00031435920605712156
67,0.00029279124166259774
67,0.0002803742832847751
67,0.0002781964703501954
67,0.00028623528054658106
67,0.00030347746468860657
67,0.00032821598736581837
67,0.00035835854806299817
67,0.0003916471075157343
67,0.0004258265592838971
67,0.0004588561080208379
67,0.000489169774414148
67,0.0005158505349526977
67,0.0005385542910922408
67,0.0005571902784522461
67,0.000571594548724516
67,0.0005814631581695071
67,0.0005865634236273317
67,0.0005869569608225578
67,0.000582964159069179
67,0.0005748963385148694
67,0.0005628495876075117
67,0.0005467694066271873
67,0.0005266515753721466
67,0.0005026089606908822
67,0.00047481792642920054
67,0.0004436270448374667
67,0.0004099129600571539
67,0.0003753807052659529
67,0.00034249537065750426
67,0.00031407069698450153
67,0.000292751974259582
67,0.0002805581693827403
67,0.0002785448456014307
67,0.0002866624949753381
67,0.00030387428791830474
67,0.0003284649645255023
67,0.00035836118577524807
67,0.000391344460827917
67,0.00042519925369064674
67,0.00045791121859253717
67,0.0004879312688293479
67,0.0005143567778079618
67,0.0005368525478688682
67,0.0005553244962946037
67,0.0005695957895280305
67,0.0005793481167716417
67,0.0005843347814406167
67,0.0005846053852839905
67,0.000580482558993964
67,0.0005723019124557565
67,0.0005601885752467761
67,0.0005440963467123805
67,0.000524009708057037
67,0.0005000350672257085
67,0.0004723576940222412
67,0.00044133331823635754
67,0.00040782692591919686
67,0.00037352104296653287
67,0.00034086658170486407
67,0.0003126729913426039
67,0.00029157599481766366
67,0.0002795741952046592
67,0.00027770458691973507
67,0.00028591135950109526
67,0.00030315698005363114
67,0.0003277188031202059
67,0.00035751041457870287
67,0.0003903082464611164
67,0.0004239084442230765
67,0.00045631950226845405
67,0.00048601632120838306
67,0.0005121192241713361
67,0.0005343174026055659
67,0.0005525394201012142
67,0.0005666222423732746
67,0.0005762515039450798
67,0.0005811773180773301
67,0.0005814354196037547
67,0.0005773220206810493
67,0.0005691497511672917
67,0.0005570453337484802
67,0.0005409835940140135
67,0.0005209606044892718
67,0.0004970716339139489
67,0.00046948766083410715
67,0.0004385690826590815
67,0.00040519767815144314
67,0.00037106091650051105
67,0.0003385950019738301
67,0.0003105884580546123
67,0.00028965947434870983
67,0.0002777864987593293
67,0.00027597969063268573
67,0.00028416193452603783
67,0.0003012957809821403
67,0.0003256796874040453
67,0.0003552535561660451
67,0.0003878125604877055
67,0.00042116508768332147
67,0.00045333173280900295
67,0.000482798453356663
67,0.0005086894272089296
67,0.000530690654527539
67,0.0005487286918013613
67,0.0005626451292110381
67,0.0005721342936726493
67,0.0005769554299770432
67,0.0005771512330058228
67,0.0005730150312951823
67,0.0005648412977200869
67,0.0005527376556197739
67,0.0005366848533836324
67,0.0005167137084810595
67,0.0004929550190070606
67,0.0004655887897765858
67,0.000434960054414294
67,0.0004019298307712878
67,0.0003681664054920582
67,0.00033608069231628145
67,0.00030842867585618083
67,0.000287801738050318
67,0.00027616667289671805
67,0.00027453008479206154
67,0.00028280800011657613
67,0.0002999544483173599
67,0.0003242699051718719
67,0.00035371267391508276
67,0.0003861044594414918
67,0.00041927615103008227
67,0.0004512633516575759
67,0.00048056320068689184
67,0.0005063077297146182
67,0.000528183492501254
67,0.0005461114723544306
67,0.0005599309035719443
67,0.0005693435342863494
67,0.0005741223672008082
67,0.0005743245024683733
67,0.0005702553727134479
67,0.00056221118708638
67,0.0005502793831152383
67,0.0005344032913796843
67,0.000514585620582298
67,0.0004909606803560219
67,0.0004637372995865003
67,0.00043328950865260577
67,0.00040049090767282767
67,0.0003670066503366977
67,0.0003352326065457998
67,0.00030789539659543085
67,0.00028754415085566963
67,0.0002761048474912335
67,0.0002745608949775427
67,0.0002828245259486196
67,0.0002998546567844389
67,0.000323958155538338
67,0.0003531055152973421
67,0.00038514327182592663
67,0.0004179373766820587
67,0.00044955804329626156
67,0.00047852783096271196
67,0.0005039926783687443
67,0.0005256411326760547
67,0.000543383803003983
67,0.0005570422276340594
67,0.0005663046539799038
67,0.0005709421631817657
67,0.0005710188042844857
67,0.0005668530874370349
67,0.000558763608145403
67,0.0005468648745973478
67,0.0005311112347026101
67,0.0005114841605416188
67,0.00048807624561004613
67,0.0004610632190746274
67,0.000430809155485029
67,0.00039819047156225136
67,0.00036487317402179967
67,0.00033325104364837946
67,0.00030605068718493606
67,0.00028581959245266905
67,0.00027447271997632573
67,0.0002729760077419182
67,0.00028123023984349667
67,0.00029819510389121644
67,0.00032218326122949656
67,0.0003511661908191863
67,0.0003829873026391999
67,0.0004155152593482659
67,0.00044683567610646045
67,0.0004754961524972415
67,0.0005006696315838953
67,0.0005220684410653922
67,0.0005396203417397283
67,0.0005531528119784569
67,0.0005623469121939058
67,0.0005669584006595088
67,0.0005670341110327703
67,0.0005628753167610186
67,0.0005547883108188128
67,0.0005428934532433781
67,0.0005271748799562584
67,0.0005076501050856822
67,0.0004844269466497495
67,0.0004576679965430751
67,0.0004277115259863283
67,0.0003954105766446755
67,0.00036240902700660426
67,0.0003310734064088424
67,0.00030410237581914533
67,0.0002840258710751747
67,0.0002727544382548132
67,0.000271256115664733
67,0.0002794369788340909
67,0.0002962700742779916
67,0.0003200926429274277
67,0.0003489041031929246
67,0.0003805652939916138
67,0.0004129452055431764
67,0.00044411850923059483
67,0.000472620902651127
67,0.0004976182677651972
67,0.0005188227732963914
67,0.0005361721009862746
67,0.000549515418417123
67,0.0005585609361560262
67,0.0005630857676579056
67,0.0005631459693847538
67,0.000559039311345888
67,0.0005510551414524058
67,0.0005392863481704731
67,0.0005236931741740008
67,0.0005042892763384512
67,0.00048119908608533024
67,0.00045460559480923503
67,0.00042485590453361915
67,0.000392799217149738
67,0.00036006934005973913
67,0.00032901801027949247
67,0.00030232140474006376
67,0.0002824816459855459
67,0.0002713850157652675
67,0.00026998448058426864
67,0.00027817798759403146
67,0.000294934595396704
67,0.00031859572142656597
67,0.0003471801392707654
67,0.000378583052607235
67,0.00041071231650479495
67,0.00044167287831318384
67,0.0004700152054847543
67,0.000494904409236435
67,0.0005160394922299569
67,0.0005333387569627235
67,0.0005466362605914144
67,0.0005556385160032876
67,0.0005601334959453604
67,0.0005601920909235394
67,0.0005561256916170124
67,0.0005482356627110343
67,0.0005366204412742045
67,0.0005212307072176706
67,0.0005020568829689087
67,0.0004792018758482322
67,0.0004528422186676715
67,0.00042333029809493993
67,0.00039151857484446715
67,0.0003590348696619537
67,0.00032821959961025753
67,0.00030173696350359195
67,0.00028207560705551725
67,0.00027110688487252905
67,0.00026977337358675583
67,0.0002779723934292903
67,0.00029467852949777124
67,0.0003182359293831481
67,0.00034665999695959135
67,0.0003778431197593077
67,0.00040970011708746194
67,0.0004403549941274372
67,0.0004683837868592659
67,0.00049297632928892
67,0.0005138507309601977
67,0.000530936198186424
67,0.0005440689878365838
67,0.0005529525284508667
67,0.0005573715263410917
67,0.0005573941994108994
67,0.0005533274015778158
67,0.0005454686502413047
67,0.0005339197283234708
67,0.0005186395400434778
67,0.0004996179871945008
67,0.0004769404654267681
67,0.0004507585141789639
67,0.00042140826720324625
67,0.0003897387984075578
67,0.00035737834772612626
67,0.0003266640786940458
67,0.0003002550611428653
67,0.0002806362900304021
67,0.00026967472091349776
67,0.0002683052951749634
67,0.0002764190401084772
67,0.0002929934165348019
67,0.0003163857675308472
67,0.00034462733366111953
67,0.0003756207699889615
67,0.00040728482139805043
67,0.0004377460917313889
67,0.0004655852186324707
67,0.0004899975112554322
67,0.0005107060832975252
67,0.0005276461349471683
67,0.0005406617894641648
67,0.0005494633021072999
67,0.0005538377943244174
67,0.0005538513186276447
67,0.0005498046304899498
67,0.0005419855633232572
67,0.0005304877177532386
67,0.0005152727227146711
67,0.0004963461872462296
67,0.0004738105374293237
67,0.00044782134780533
67,0.0004187032245246942
67,0.0003872865051241211
67,0.00035518064179659143
67,0.0003247042175802024
67,0.00029849744025554925
67,0.0002790305900284692
67,0.0002681650288324977
67,0.0002668380594186782
67,0.00027494564420934095
67,0.0002914703194629348
67,0.0003147769626703521
67,0.0003429086571195971
67,0.00037378134031558756
67,0.0004053234367581579
67,0.00043566586663815405
67,0.0004633905583994569
67,0.0004876934965018651
67,0.0005082983731893107
67,0.0005251422986283984
67,0.0005380762336609403
67,0.0005468231964889631
67,0.0005511837516710684
67,0.0005512315458157139
67,0.0005472675006197286
67,0.000539573078141051
67,0.0005282278754564367
67,0.0005131730088042478
67,0.0004943959339188656
67,0.0004719940721268049
67,0.0004461323759203187
67,0.0004171494891439272
67,0.00038588408115709956
67,0.0003539455241176576
67,0.00032364608638142965
67,0.00029761392588899407
67,0.000278301064681306
67,0.0002675482019395958
67,0.00026627693039450896
67,0.00027437673454466045
67,0.0002908312649118689
67,0.0003140109702855701
67,0.0003419691531026721
67,0.00037263878331624786
67,0.0004039710902322167
67,0.00043411965110499366
67,0.00046168209939713043
67,0.0004858600020942676
67,0.0005063735340839424
67,0.0005231507161817508
67,0.0005360332136808481
67,0.0005447403621054069
67,0.0005490764076353081
67,0.0005491214937459655
67,0.0005451809058091746
67,0.0005375393339709185
67,0.0005262811208429271
67,0.0005113498196907114
67,0.0004927260114983898
67,0.0004704919716812766
67,0.00044479940327363113
67,0.0004159828769053348
67,0.0003848824480985316
67,0.00035310614736240066
67,0.00032296008520100837
67,0.00029706540440623745
67,0.0002778684136833007
67,0.00026720360892162995
67,0.00026598555656911365
67,0.000274099358226951
67,0.00029052931487048037
67,0.00031364882316848236
67,0.00034151193662487056
67,0.00037205034077768435
67,0.0004032175189833762
67,0.0004331776614141789
67,0.00046054592514138134
67,0.0004845420322643771
67,0.0005048995187611193
67,0.0005215532952220816
67,0.0005343461641984341
67,0.0005429948268873417
67,0.0005473004297176228
67,0.0005473417511112227
67,0.0005434226479595818
67,0.0005358236934037709
67,0.0005246244755424649
67,0.0005097671514807281
67,0.0004912324612119754
67,0.0004690980372080574
67,0.00044350512903563023
67,0.0004147793293004631
67,0.0003837595130301657
67,0.0003520574421349773
67,0.0003219797853701534
67,0.00029614166341753655
67,0.0002769803992010057
67,0.0002663229554227427
67,0.0002650788652741044
67,0.0002731308877755824
67,0.0002894656105650462
67,0.00031246465764185887
67,0.00034019351697269336
67,0.00037059311142296917
67,0.000401621121037232
67,0.0004314431809276961
67,0.00045867718879900025
67,0.00048254795527879145
67,0.0005027944449764012
67,0.0005193558602008737
67,0.0005320782574304755
67,0.000540679697783425
67,0.0005449588990191191
67,0.0005449893051607982
67,0.0005410707192871358
67,0.0005334835271541985
67,0.0005223098303722627
67,0.00050749574334652
67,0.0004890276549088894
67,0.00046698873142164785
67,0.0004415206340156687
67,0.00041294112380631796
67,0.00038207618677700653
67,0.0003505261949775419
67,0.0003205909453511243
67,0.0002948806811083641
67,0.00027582675536399066
67,0.0002652498386981426
67,0.0002640557436838441
67,0.00027212717393622625
67,0.000288453283521128
67,0.00031142015330250445
67,0.0003390999971038042
67,0.0003694422621684805
67,0.00040041229534448666
67,0.0004301796150654861
67,0.0004573619665713578
67,0.000481182532167264
67,0.00050138008102685
67,0.0005178967567138868
67,0.0005305854795753573
67,0.0005391741637820028
67,0.000543469751015697
67,0.0005435460478239947
67,0.0005396941317123971
67,0.0005321826328408643
67,0.0005210856642301194
67,0.0005063463840049568
67,0.00048795137193197126
67,0.00046598734740218597
67,0.00044060402203026594
67,0.0004121286338431051
67,0.0003813911192059992
67,0.00034998621375504583
67,0.0003202013386269272
67,0.00029463317253642583
67,0.0002757007123718987
67,0.00026521319845890543
67,0.00026406710902018317
67,0.00027214089346032003
67,0.00028842583371058953
67,0.00031131468390720103
67,0.0003388885822091985
67,0.0003691079626017993
67,0.00039995169218378073
67,0.00042960312539321483
67,0.0004566890716030764
67,0.00048043303031817977
67,0.0005005662748303715
67,0.0005170211290265308
67,0.0005296449667595138
67,0.00053816888533057
67,0.0005424116339933873
67,0.0005424614144400841
67,0.0005386173782500804
67,0.0005311456427750916
67,0.0005201110564751206
67,0.0005054467940375341
67,0.0004871302853656697
67,0.0004652392290599457
67,0.0004399173108349694
67,0.0004114935756194188
67,0.00038080713079467667
67,0.0003494619436102137
67,0.0003197478434957205
67,0.0002942569327179485
67,0.00027540084399491484
67,0.0002649812206185926
67,0.0002638866251510528
67,0.00027198779956475193
67,0.0002882705895695882
67,0.00031112568836945924
67,0.00033863452391242894
67,0.00036875940518776726
67,0.00039948449486641903
67,0.00042900448555925657
67,0.00045596252731715074
67,0.00047959740861891226
67,0.0004996477899911361
67,0.0005160432497171264
67,0.0005286216252145652
67,0.0005371034532991605
67,0.0005413012763200766
67,0.0005413048587567251
67,0.0005374220677329795
67,0.0005299299134978968
67,0.0005189010596846758
67,0.0005042717822255089
67,0.0004860182619071007
67,0.0004642118016251649
67,0.00043898424839895615
67,0.00041065116069375626
67,0.0003800428033499771
67,0.00034876169607504933
67,0.0003191001721809999
67,0.0002936514865126985
67,0.0002748255726087319
67,0.00026442201773455877
67,0.0002633294438814041
67,0.00027142087981559963
67,0.00028768536239552167
67,0.0003105162029244515
67,0.00033799530954721783
67,0.00036808193086127275
67,0.0003987539674795957
67,0.00042820000317345466
67,0.0004550620150284661
67,0.0004785849612138156
67,0.0004985190195023768
67,0.0005148062820771532
67,0.0005272946626444761
67,0.0005357102578859007
67,0.0005398647176472246
67,0.0005398401175412489
67,0.000535933928940175
67,0.0005284168858353056
67,0.0005173632235801873
67,0.0005027167886267955
67,0.0004844632393818203
67,0.0004626822200246255
67,0.0004375103816700247
67,0.00040926210200269673
67,0.00037875996890277187
67,0.00034759553956810707
67,0.00031805160028942436
67,0.00029271504234066204
67,0.00027399043201967426
67,0.00026367058240082226
67,0.0002626368816772407
67,0.00027075816834252347
67,0.000287024899601517
67,0.00030983706525703804
67,0.00033728610493046987
67,0.00036734048836513773
67,0.0003979841121268352
67,0.0004274091074063068
67,0.0004542593841548127
67,0.0004777690363391029
67,0.0004976610551085465
67,0.0005138663675607911
67,0.0005262576332000962
67,0.0005345897821771807
67,0.0005386847559303428
67,0.0005386261828209556
67,0.0005347104432903928
67,0.0005272096452793518
67,0.0005161972072484267
67,0.0005015980663144374
67,0.0004833775543562842
67,0.0004616243580438596
67,0.00043650010047059683
67,0.0004083285382251655
67,0.00037792713184966006
67,0.0003468830595041339
67,0.00031747899735782886
67,0.0002922980617772837
67,0.0002737288154453374
67,0.0002635497026997588
67,0.00026264346407900007
67,0.00027087758006931505
67,0.00028722365785090626
67,0.0003100616417331201
67,0.0003374801996821173
67,0.00036745999208690486
67,0.000398000888483815
67,0.0004273069573172878
67,0.0004540243857790376
67,0.0004773892516713755
67,0.0004971396813988155
67,0.000513215450044242
67,0.0005254715239163475
67,0.0005336446192756052
67,0.0005375676543044233
67,0.000537354078136443
67,0.000533320949321153
67,0.000525747633802397
67,0.0005147178029952907
67,0.0005001567846172133
67,0.0004820010678506291
67,0.00046030837513230417
67,0.00043523765670760306
67,0.0004071272617152759
67,0.0003767987339131246
67,0.0003458293884607698
67,0.00031649651152818075
67,0.00029139374786429396
67,0.0002729293025731468
67,0.00026288281864163087
67,0.0002621120345631081
67,0.00027046468940248247
67,0.00028690806661360737
67,0.00030981300314970395
67,0.0003372508885971788
67,0.0003671889388328284
67,0.0003976240560139111
67,0.0004267682105082943
67,0.0004532773193852237
67,0.000476391651389705
67,0.0004958618234289661
67,0.0005116586287975322
67,0.0005236626375665558
67,0.0005316036477595715
67,0.0005352884253240695
67,0.0005348250959168967
67,0.0005305565704591475
67,0.0005227833266118788
67,0.000511591052342712
67,0.0004969185524208623
67,0.0004787345987599835
67,0.0004571178239258082
67,0.0004322149841040644
67,0.0004043287053374722
67,0.00037424746135800553
67,0.00034352882410456417
67,0.00031443538780327117
67,0.0002895537087133707
67,0.0002713022915770788
67,0.00026147238436753623
67,0.0002609168336165953
67,0.0002694670852609821
67,0.0002860668939242848
67,0.00030906880286905104
67,0.0003365479801844574
67,0.00036647933828146557
67,0.0003968454936887289
67,0.00042583285187668314
67,0.0004520849109089305
67,0.00047485124229642255
67,0.0004939008385328096
67,0.0005092152257531289
67,0.0005206937750884599
67,0.0005281154100347964
67,0.000531337112958635
67,0.0005304761258675566
67,0.000525858595224774
67,0.0005177784777621535
67,0.0005063229388286681
67,0.0004914364454460766
67,0.0004731164043620658
67,0.00045149293297029386
67,0.00042675408079878487
67,0.00039919338672072716
67,0.0003695414624671863
67,0.00033930048380189607
67,0.0003107066705550104
67,0.00028632763267844534
67,0.00026856638330111576
67,0.00025920992044065023
67,0.0002590879614149137
67,0.0002679813774633001
67,0.00028480096255269644
67,0.0003078991005824764
67,0.00033535577580057023
67,0.0003651493885592458
67,0.0003952701462360125
67,0.0004239036121002438
67,0.000449687092040207
67,0.0004718707632453479
67,0.000490222253912374
67,0.0005047162655170958
67,0.0005152589055384703
67,0.0005216758186275848
67,0.0005239123240947366
67,0.000522171624727035
67,0.0005168139297471456
67,0.0005081214457880728
67,0.000496171558238422
67,0.0004809296069870558
67,0.00046244212801515596
67,0.00044089834928586803
67,0.00041652408879276685
67,0.00038959684239951275
67,0.00036077602640382416
67,0.00033147539506704523
67,0.0003038664711906184
67,0.0002804823599755174
67,0.00026369938119427417
67,0.00025527301972025893
67,0.00025598881802576644
67,0.0002655638175063071
67,0.0002828537308060138
67,0.0003061925807737333
67,0.0003336554959720064
67,0.00036320167931620833
67,0.0003928054659078146
67,0.00042066329282998465
67,0.0004454347333157631
67,0.00046638010504486773
67,0.0004832664232296934
67,0.0004960718295444766
67,0.0005047290582274235
67,0.0005091402354974892
67,0.0005093887232560207
67,0.0005058338524804673
67,0.000498932580578475
67,0.0004889803622979099
67,0.0004760460005824411
67,0.00046013766624609584
67,0.0004414012063189099
67,0.00042012283456663914
67,0.0003965543942109648
67,0.00037089804156007736
67,0.0003436698062787957
67,0.00031613659965348215
67,0.0002903553580053431
67,0.00026878555158839075
67,0.0002537676097943972
67,0.00024701904043533733
67,0.0002492356176894128
67,0.0002600070105032872
67,0.0002780920981243894
67,0.00030179032115423084
67,0.00032916789325048226
67,0.0003581557372071197
67,0.0003866891416626358
67,0.00041296162233115394
67,0.0004356708837930265
67,0.0004541055379356815
67,0.00046802564821577143
67,0.0004774098552591101
67,0.0004822689350818611
67,0.00048270332263972105
67,0.0004790883278990524
67,0.000472057725694827
67,0.00046221492334971387
67,0.0004498855358951086
67,0.00043516173263591324
67,0.00041814990601635876
67,0.0003991680984630364
67,0.00037867133437020375
67,0.0003569468036789545
67,0.0003340168899892194
67,0.00031006951675312147
67,0.0002860484331527619
67,0.00026379567126108837
67,0.00024567299127709004
67,0.00023397271884047474
67,0.00023031677157963576
67,0.00023521578260997183
67,0.00024803627659288757
67,0.00026737280808590086
67,0.0002914642493323002
67,0.000318360630683623
67,0.00034594744164443135
67,0.0003721060643801163
67,0.00039503118281418963
67,0.0004134701815283045
67,0.0004267475779353751
67,0.00043463516181792587
67,0.00043718044049904567
67,0.00043463479026342874
67,0.0004275665890311934
67,0.00041695113359413775
67,0.0004039170638031941
67,0.00038928234279752807
67,0.00037337949815851646
67,0.00035630778717230286
67,0.00033829265766954845
67,0.000319864116284703
67,0.00030167599511458123
67,0.00028400018928750263
67,0.00026648447020031547
67,0.00024870780133567607
67,0.00023106070129774972
67,0.00021506407594158527
67,0.00020296246801718718
67,0.00019695912019516716
67,0.00019841827243215272
67,0.0002074095466507991
67,0.00022288839812247574
67,0.00024325739902830024
67,0.00026672746275172547
67,0.00029130856678818593
67,0.0003148047252397256
67,0.00033510338154954983
67,0.00035053541146001137
67,0.00035998737988221735
67,0.00036285527823857094
67,0.0003590437156773725
67,0.0003489656001756981
67,0.0003335403793345145
67,0.0003142834386000868
67,0.00029320516576488863
67,0.0002721859543548149
67,0.00025228813663422014
67,0.00023373682465671915
67,0.00021642413293302318
67,0.00020037598475358142
67,0.0001860332328387968
67,0.00017407828424206184
67,0.0001645987961901715
67,0.0001565683649135471
67,0.00014867594005999195
67,0.00014069057038745418
67,0.00013390609373654277
67,0.00013047838589103119
67,0.0001322684897537417
67,0.00013986587397215049
67,0.0001524790031607344
67,0.00016865765625363217
67,0.00018687363280808753
67,0.0002054003008666787
67,0.00022208406602430175
67,0.00023468066625525645
67,0.0002414532182358784
67,0.00024131377376829501
67,0.00023361356834969568
67,0.0002182639704908928
67,0.0001960766188002673
67,0.00016867018408862439
67,0.00013816851509900575
67,0.00010724783561237804
67,7.898505183528592e-05
67,5.5873004592199476e-05
67,3.8866174960135386e-05
67,2.7426752478241346e-05
67,2.011724715252857e-05
67,1.5366495554963718e-05
67,1.2543861203047706e-05
67,1.2135948341671708e-05
67,1.4182000525317261e-05
67,1.7201342468397137e-05
67,1.947744060271482e-05
67,2.08416078480042e-05
67,2.2762525760189633e-05
67,2.6996011890001272e-05
67,3.404997486657812e-05
67,4.2818184920700635e-05
67,5.184439623387339e-05
67,6.0418216334900355e-05
67,6.783477978898295e-05
67,7.222600136803082e-05
67,7.111026344103404e-05
67,6.299107019553128e-05
67,4.782287911855395e-05
67,2.6207680255687756e-05
67,-8.569818629316948e-07
67,-3.1355098423016455e-05
67,-6.247701998552302e-05
67,-9.1849975509359e-05
67,-0.00011774583180324712
67,-0.00013797763378837108
67,-0.0001497648317979648
67,-0.0001513823795701099
67,-0.00014359231912695203
67,-0.00012961731693042106
67,-0.0001141423080261785
67,-0.00010111228459688392
67,-9.12782997485878e-05
67,-8.290041724208307e-05
67,-7.508027559188156e-05
67,-6.861628935280254e-05
67,-6.386726522893374e-05
67,-5.98740261232602e-05
67,-5.572164921305956e-05
67,-5.193375446985781e-05
67,-5.028543486429715e-05
67,-5.191991917629354e-05
67,-5.6092021317953456e-05
67,-6.170197765080603e-05
67,-6.947443283618693e-05
67,-8.139660390849035e-05
67,-9.821721264482747e-05
67,-0.00011823991965134148
67,-0.0001382867083962645
67,-0.00015515760683194218
67,-0.0001664355260890026
67,-0.00017107024140276632
67,-0.00016951421916522666
67,-0.00016239311861398185
67,-0.00014898091157787474
67,-0.00012797285342767213
67,-9.992661233279507e-05
67,-6.828389866336429e-05
67,-3.800317215756063e-05
67,-1.3410934786166698e-05
67,3.855687415659405e-06
67,1.5899089207724213e-05
67,2.6182035179004642e-05
67,3.5519609310541146e-05
67,4.250157728993655e-05
67,4.7320145776731155e-05
67,5.201140473596833e-05
67,5.696692186599052e-05
67,5.943758449837779e-05
67,5.6517530677047805e-05
67,4.9070856031549854e-05
67,4.089299337569569e-05
67,3.384866759465701e-05
67,2.654007918146183e-05
67,1.8261383059263654e-05
67,1.1192852778191101e-05
67,8.507458287851245e-06
67,1.3013687017437347e-05
67,2.640522156861386e-05
67,4.6720246845292585e-05
67,6.833726892616525e-05
67,8.731598495945273e-05
67,0.00010503138283855058
67,0.0001253412222139932
67,0.00015014864723451312
67,0.0001773325864415035
67,0.00020017751265696197
67,0.00021090169621736557
67,0.00020915490784141573
67,0.00020404007906818454
67,0.00020412623934208107
67,0.0002093981714269781
67,0.00021448021723950543
67,0.00021582959785066056
67,0.00021469138209355377
67,0.00021451914100243888
67,0.00021615191980474125
67,0.00021596380323682303
67,0.000210176730233568
67,0.00020125119549538732
67,0.00019620308416283593
67,0.00019675358188033429
67,0.00019754336863585562
67,0.00019597067847185328
67,0.0001937884986544639
67,0.00018977653220749217
67,0.00018245414290541816
67,0.00017417540934230841
67,0.00016542875348935675
67,0.00015491371130557
67,0.00014499625448498416
67,0.00013876573322311225
67,0.00013443060381383273
67,0.00012697255367465304
67,0.000113872497136997
67,9.550463051886538e-05
67,7.164579324170876e-05
67,4.433161916028827e-05
67,2.1350456787690247e-05
67,8.45353200822108e-06
67,1.1216144041146363e-06
67,-1.0921633374485686e-05
67,-3.288455631004074e-05
67,-5.8362519277931264e-05
67,-7.455597982142782e-05
67,-7.809202842741996e-05
67,-8.006392035898917e-05
67,-8.910708085922654e-05
67,-9.95233178630636e-05
67,-0.00010323730644921068
67,-0.0001020637139786312
67,-9.895315258808283e-05
67,-8.888104675715092e-05
67,-7.272029956172205e-05
67,-6.804547864470559e-05
67,-8.739763255659832e-05
67,-0.00011783459009622908
67,-0.00013888640433326656
67,-0.00014718508079139856
67,-0.00015022771649655768
67,-0.00014914238432660714
67,-0.00014317698740418442
67,-0.00014206024303101898
67,-0.00015560706591551506
67,-0.0001764452543340861
67,-0.00018881604740089011
67,-0.00018837816716702228
67,-0.00018065212229151936
67,-0.00016972382852394635
67,-0.0001600698333011198
67,-0.0001588661833465538
67,-0.00016328198303683126
67,-0.00015552426721290337
67,-0.0001292535380236288
67,-0.000105157945804631
67,-9.930800351182271e-05
67,-0.00010201459059794407
67,-0.00010012551476232202
67,-9.261791096037083e-05
67,-8.044770732113338e-05
67,-6.0265162873330714e-05
67,-3.483618778634896e-05
67,-1.8223489540197e-05
67,-1.7812363098441787e-05
67,-2.0783391454653015e-05
67,-1.1398336028410309e-05
67,8.24748284615643e-06
67,2.519430025614255e-05
67,3.62929095364562e-05
67,4.7853894143079175e-05
67,5.714172656300174e-05
67,5.336963500882886e-05
67,3.8741611901203996e-05
67,3.242580141078625e-05
67,4.8465223405723504e-05
67,7.874289150785799e-05
67,0.00010588415156520833
67,0.0001238000470333217
67,0.00013775488689882318
67,0.00015849580577929112
67,0.00019519109929947735
67,0.00024117422441247632
67,0.00027724648668446696
67,0.00029048687397005763
67,0.0002794640747749703
67,0.0002544213704367811
67,0.00023881534177214042
67,0.0002496198232775641
67,0.00027519650996206933
67,0.00028657552033668445
67,0.0002683789932131456
67,0.00023321973051467897
67,0.0002057437344490392
67,0.00020018173793075588
67,0.00021291410234483449
67,0.0002295544267441681
67,0.00023964964031362288
67,0.00024090351037324325
67,0.00023413101145421502
67,0.0002244373822690649
67,0.00022029009508172558
67,0.00022287742729044626
67,0.00022285537614217266
67,0.00021520193860297747
67,0.00020468505906441555
67,0.00019204258986545226
67,0.00017489359400493386
67,0.00015989422447613733
67,0.00015620386915080064
67,0.0001633980429230481
67,0.00017470983468685677
67,0.00018330809869158195
67,0.00018005413214943868
67,0.0001572404971163918
67,0.00012268412102093478
67,0.00010018920285087545
67,0.00010309953422103271
67,0.00011310492908766666
67,0.00010194382038033856
67,6.524363057787246e-05
67,2.2001996045755025e-05
67,-7.254652028775253e-06
67,-1.968885024195108e-05
67,-2.8249299001208473e-05
67,-3.711706726509271e-05
67,-3.9844122058959856e-05
67,-3.6318231405678053e-05
67,-2.6370889967617464e-05
67,-8.079269966122006e-06
67,7.4459140172583074e-06
67,7.438799568782746e-06
67,-5.2971213249883455e-06
67,-2.535102546176925e-05
67,-5.1947509122371644e-05
67,-7.828170812836124e-05
67,-9.614132774992665e-05
67,-0.00010639752927457216
67,-0.0001148129180689487
67,-0.00012564137694906277
67,-0.0001376008558897256
67,-0.0001421416569135891
67,-0.00013831947660806966
67,-0.00014023452685691924
67,-0.0001522697465325073
67,-0.0001595988598810605
67,-0.00015422009448773854
67,-0.0001443226530156484
67,-0.00013474036828089585
67,-0.00011786193002452617
67,-8.794078963405659e-05
67,-5.899306390531249e-05
67,-5.5386079832887325e-05
67,-7.88058486706378e-05
67,-0.00010501542832466124
67,-0.00011269181515017888
67,-9.620545876380977e-05
67,-6.376686662271483e-05
67,-3.6328704899864765e-05
67,-3.1744501277639555e-05
67,-4.61842242088397e-05
67,-6.190535539799344e-05
67,-6.545486000110387e-05
67,-5.5283063365891695e-05
67,-4.1247737993941775e-05
67,-3.607819726815825e-05
67,-4.62308993759442e-05
67,-6.759308681909209e-05
67,-8.191020922888715e-05
67,-6.94462490706698e-05
67,-3.467686708804242e-05
67,-1.1032556999498539e-07
67,2.034007506199991e-05
67,2.3370079683688628e-05
67,1.0520835033331677e-05
67,-7.498464826214142e-06
67,-1.416363838555605e-05
67,2.5210828353680222e-06
67,4.0636963994793016e-05
67,7.979974061039396e-05
67,9.854909713003375e-05
67,9.651675317379946e-05
67,8.744023023855468e-05
67,8.349785708392798e-05
67,9.085939317014163e-05
67,0.00010428311012419908
67,0.00010888770273444789
67,9.56890866381677e-05
67,7.001422014725742e-05
67,4.491371291105425e-05
67,3.0713652059422044e-05
67,3.069582398348797e-05
67,4.43135322960085e-05
67,6.589958520235096e-05
67,8.297594737230807e-05
67,9.008811131381954e-05
67,9.502623378944437e-05
67,0.00010467556088188999
67,0.00012023665847265323
67,0.00013923367329312273
67,0.0001524851276123255
67,0.00015199476756929496
67,0.00013919546666599022
67,0.00011900761473206664
67,9.764004905008712e-05
67,8.514705725339936e-05
67,8.73288444894212e-05
67,9.731967207762899e-05
67,0.00010248081709200237
67,9.93163502568301e-05
67,9.652081473153741e-05
67,0.00010142646995807212
67,0.00010896774149146464
67,0.00010789049681578133
67,9.435178584535299e-05
67,7.446051259085395e-05
67,5.696566682684123e-05
67,4.853911304889868e-05
67,5.065383983507982e-05
67,5.616057674303288e-05
67,5.360380808699649e-05
67,4.034241659405869e-05
67,2.7590487252573963e-05
67,2.6198534473501544e-05
67,3.419765674300154e-05
67,4.3576906145746875e-05
67,4.8881550354063546e-05
67,4.7503533262436056e-05
67,4.2010693988435647e-05
67,4.0345881326249435e-05
67,4.8042418771467344e-05
67,6.0653652270292456e-05
67,6.434673999501158e-05
67,4.772863172482824e-05
67,1.5562726536178487e-05
67,-1.285675038338396e-05
67,-2.3427138551492248e-05
67,-2.0525929002333795e-05
67,-1.470700739110224e-05
67,-8.498203342368299e-06
67,-1.080567595508067e-06
67,6.202210371941999e-06
67,1.2513991511810752e-05
67,1.77824401083681e-05
67,2.2198064076462997e-05
67,2.6706223616986895e-05
67,3.157365807491405e-05
67,3.6193786046856244e-05
67,3.868783129942129e-05
67,3.521018388018964e-05
67,2.4843109377716607e-05
67,1.556372852675733e-05
67,1.9234015493202796e-05
67,3.68282774087105e-05
67,5.328663622806537e-05
67,5.32539097147169e-05
67,3.6401146471138704e-05
67,1.2544526282858026e-05
67,-8.0024342098304e-06
67,-1.6181302925382596e-05
67,-7.90470509624763e-06
67,8.678918187606607e-06
67,1.6344188260248683e-05
67,6.64049491754306e-06
67,-8.627379924004948e-06
67,-1.0292880034501083e-05
67,6.005930603231789e-06
67,2.7606797148948894e-05
67,4.419408268313309e-05
67,5.737603061146222e-05
67,6.891365791209759e-05
67,7.428129712107971e-05
67,7.101005456589474e-05
67,6.242477035479293e-05
67,5.3360156349990914e-05
67,4.751780464829583e-05
67,4.571484493779073e-05
67,4.655844652064167e-05
67,5.030332802247185e-05
67,5.839674504792109e-05
67,6.956920791401035e-05
67,7.842996733716626e-05
67,7.947911382124464e-05
67,7.289921097001078e-05
67,6.337277445897207e-05
67,5.496395039114704e-05
67,4.821562328974087e-05
67,3.9052543085298966e-05
67,2.408052910880174e-05
67,8.544820358200345e-06
67,2.111588866965533e-06
67,7.896162050441513e-06
67,2.2725074114268044e-05
67,4.2901045086296636e-05
67,6.277181374017175e-05
67,7.445520865402231e-05
67,7.384967815074218e-05
67,6.41982188804169e-05
67,5.485914759028053e-05
67,5.4713940810535464e-05
67,6.36158122491911e-05
67,7.340574420959013e-05
67,7.339062972469986e-05
67,5.350948644598837e-05
67,1.6019591301110747e-05
67,-1.91248890572903e-05
67,-3.433685108330027e-05
67,-2.976789288837404e-05
67,-1.659491801194642e-05
67,-7.471406202984174e-06
67,-9.661632637514279e-06
67,-2.1033212706190043e-05
67,-3.229835113439734e-05
67,-3.307459682065831e-05
67,-2.030371310906096e-05
67,-2.6979423906920207e-06
67,7.330549546707888e-06
67,5.092578328021466e-06
67,-5.4410673689571876e-06
67,-1.6679458030169735e-05
67,-2.1008589205584285e-05
67,-1.4557473796273099e-05
67,-4.56418279731376e-07
67,1.1774025049502736e-05
67,1.2603809278388028e-05
67,1.9115213175227663e-06
67,-8.923997493372107e-06
67,-6.970853093388873e-06
67,1.0181787888056736e-05
67,3.242341319741888e-05
67,4.637396706849719e-05
67,4.501974046709112e-05
67,2.8456135090517355e-05
67,1.6442588565690803e-06
67,-2.382060776590803e-05
67,-3.506186267512172e-05
67,-3.058665911383678e-05
67,-1.905090343931399e-05
67,-7.879874320071499e-06
67,1.3059290246522364e-06
67,1.1092217971359803e-05
67,2.439556063474901e-05
67,4.1083485365069384e-05
67,5.6872491378815994e-05
67,6.486173492057443e-05
67,6.131682486612391e-05
67,5.0472676107436795e-05
67,3.968941771025089e-05
67,3.162436469452425e-05
67,2.5878326045827705e-05
67,2.407269702576982e-05
67,2.7743785716888977e-05
67,3.4632257317925576e-05
67,3.969557513927367e-05
67,3.879419167355319e-05
67,3.363107527300763e-05
67,3.279654510397616e-05
67,4.3477596958491405e-05
67,6.220727906308844e-05
67,7.821233025284076e-05
67,8.592921872588609e-05
67,8.926022405160767e-05
67,9.266516182624962e-05
67,9.325891590065153e-05
67,8.67294009594609e-05
67,7.73823506809772e-05
67,7.29507750116644e-05
67,7.424465434938696e-05
67,7.889637686209868e-05
67,8.735773056991873e-05
67,9.737478140826026e-05
67,0.00010003484545027921
67,9.11372238141946e-05
67,8.032216901904699e-05
67,7.658346495018174e-05
67,7.368756711022121e-05
67,6.379534640467846e-05
67,5.2665211460836605e-05
67,4.8436033764615996e-05
67,4.860778593172824e-05
67,4.742833336220225e-05
67,4.4130307110641476e-05
67,3.814774444225537e-05
67,2.6247882555572604e-05
67,6.820477030336357e-06
67,-1.4619122415587368e-05
67,-2.4351393293948106e-05
67,-1.5716951299755485e-05
67,-3.531978400634962e-07
67,9.172593695574068e-06
67,1.558439443139437e-05
67,2.6845898633488766e-05
67,3.912241517833335e-05
67,3.6741288757022524e-05
67,1.3119014809900869e-05
67,-1.3785629317553758e-05
67,-2.2842954446092957e-05
67,-1.9511968609483863e-05
67,-2.1322538258702343e-05
67,-2.8472717825350445e-05
67,-3.279372320718505e-05
67,-3.403337995670319e-05
67,-3.296130636216064e-05
67,-3.0112229168968554e-05
67,-3.0528696829192794e-05
67,-3.6012926682149595e-05
67,-4.258666609690291e-05
67,-4.886751927860678e-05
67,-5.485717250115497e-05
67,-5.564843862688775e-05
67,-4.818500301873326e-05
67,-3.79253674356616e-05
67,-3.1347653543922854e-05
67,-3.003898668110336e-05
67,-3.406161379206405e-05
67,-4.294040185456371e-05
67,-5.091697390247278e-05
67,-4.7753078472505256e-05
67,-3.085053205925332e-05
67,-1.093075279561162e-05
67,8.962131741319514e-07
67,5.2270543664051115e-06
67,7.502328058980902e-06
67,7.43014210675442e-06
67,3.7023271221065542e-06
67,-1.4241284958848862e-06
67,-7.756059699231147e-06
67,-1.5479445605587025e-05
67,-2.1289555242838028e-05
67,-2.6187578557511797e-05
67,-3.5202768493135115e-05
67,-4.405713987722216e-05
67,-4.266570935954362e-05
67,-3.175169991800351e-05
67,-2.2357260646748023e-05
67,-1.995740804087071e-05
67,-1.889161208451787e-05
67,-1.414530290957968e-05
67,-7.144535224053149e-06
67,-3.6342616564693807e-07
67,5.710427813433528e-06
67,1.2342670295602207e-05
67,1.6819472826935583e-05
67,1.2014332354750367e-05
67,-7.170425982535396e-07
67,-8.874505977514171e-06
67,-2.5340311934025784e-06
67,1.5638546341835998e-05
67,3.2331459201182124e-05
67,3.7523852074676875e-05
67,3.719407927098583e-05
67,4.124416859915136e-05
67,4.444686939330442e-05
67,3.5472639899542705e-05
67,1.6016706309814015e-05
67,1.5651242335960221e-06
67,4.519311412518213e-06
67,1.8110054536125034e-05
67,2.7524403446700072e-05
67,3.062961390959279e-05
67,3.379947837851561e-05
67,3.969688746965344e-05
67,4.498840100484471e-05
67,4.423403666653874e-05
67,4.0221473123037025e-05
67,4.096650300134883e-05
67,4.14596713875992e-05
67,3.2817088196687666e-05
67,2.5719039341123237e-05
67,3.564239116551146e-05
67,5.7754935752064e-05
67,7.545261203667585e-05
67,7.919091672311091e-05
67,6.869363690646796e-05
67,4.8086207216053934e-05
67,2.5780983745962736e-05
67,1.2825142014394285e-05
67,1.4325916895139414e-05
67,2.3718642610821457e-05
67,2.929848908017423e-05
67,2.5292109149917397e-05
67,1.6133641518267263e-05
67,1.1864519906645923e-05
