  0.000,0.0
  1.000,0.015889717445677028
  0.000,0.015889717445677028
 1.5690E-05,0.01649971559228444
 3.1380E-05,0.018423606755795588
 4.7070E-05,0.02116535169566935
 6.2760E-05,0.02525886510661803
 7.8450E-05,0.03027219905548101
 9.4140E-05,0.03478762995141638
 1.0983E-04,0.037666489958100575
 1.2552E-04,0.0385157859039084
 1.4121E-04,0.03717118820680681
 1.5690E-04,0.033485269538102456
 1.7259E-04,0.028199076000495458
 1.8828E-04,0.022850292355795783
 2.0397E-04,0.018338498427765196
 2.1966E-04,0.014848044664768504
 2.3535E-04,0.012662709475230363
 2.5104E-04,0.011767432149872465
 2.6673E-04,0.011210605869524711
 2.8242E-04,0.009894596986217058
 2.9811E-04,0.0075914321150824665
 3.1380E-04,0.004497962248621111
 3.2949E-04,0.0007180383210469298
 3.4518E-04,-0.0030689310309477058
 3.6087E-04,-0.005539913381152878
 3.7656E-04,-0.005839904309493787
 3.9225E-04,-0.0039410798019893865
 4.0794E-04,-3.877697056970265e-05
 4.2363E-04,0.005462172268169482
 4.3932E-04,0.01148952403893285
 4.5501E-04,0.016757044458117484
 4.7070E-04,0.020633744010316098
 4.8639E-04,0.023087550560139013
 5.0208E-04,0.024265565487113266
 5.1777E-04,0.02462718156108296
 5.3346E-04,0.025076982305491602
 5.4915E-04,0.02639705310153699
 5.6484E-04,0.028629313266433924
 5.8053E-04,0.03133359419840612
 5.9622E-04,0.03400909366369696
 6.1191E-04,0.035863270135135454
 6.2760E-04,0.035878708449202046
 6.4329E-04,0.03359169804249079
 6.5898E-04,0.02933016576926894
 6.7467E-04,0.02370305626650371
 6.9036E-04,0.01747566957908874
 7.0605E-04,0.011738722309860158
 7.2174E-04,0.0074636575831201315
 7.3743E-04,0.004921330638300645
 7.5312E-04,0.003824923664872742
 7.6881E-04,0.0037021095797568062
 7.8450E-04,0.0038978887004214556
 8.0019E-04,0.003645905122123106
 8.1588E-04,0.002534116407607465
 8.3157E-04,0.0008075497316657595
 8.4726E-04,-0.0009057892093230202
 8.6295E-04,-0.0019255122237832089
 8.7864E-04,-0.001528443231048533
 8.9433E-04,0.0008767967568822411
 9.1002E-04,0.005296056422563268
 9.2571E-04,0.011083829837403603
 9.4140E-04,0.017349652105429603
 9.5709E-04,0.02318915312985572
 9.7278E-04,0.027710764677272244
 9.8847E-04,0.030346826727328666
 1.0042E-03,0.03119567433846462
 1.0199E-03,0.030841189545443393
 1.0355E-03,0.02996063981467552
 1.0512E-03,0.02920998091357159
 1.0669E-03,0.029114942372214722
 1.0826E-03,0.029740053338007142
 1.0983E-03,0.030584416579582323
 1.1140E-03,0.030913791445069137
 1.1297E-03,0.030068856705128155
 1.1454E-03,0.027556144372350783
 1.1611E-03,0.0232282599891505
 1.1768E-03,0.017510697572563322
 1.1924E-03,0.011294539617832621
 1.2081E-03,0.005559545338498152
 1.2238E-03,0.001124495804433431
 1.2395E-03,-0.0014561105075889475
 1.2552E-03,-0.0020744390945911665
 1.2709E-03,-0.0011781438007669827
 1.2866E-03,0.00046742013553528663
 1.3023E-03,0.002144752000659005
 1.3180E-03,0.003346608084663952
 1.3337E-03,0.00386433234787219
 1.3493E-03,0.003939945241579885
 1.3650E-03,0.004218163551575848
 1.3807E-03,0.005405194430521135
 1.3964E-03,0.00797755986039437
 1.4121E-03,0.012087289037503413
 1.4278E-03,0.01747219285491311
 1.4435E-03,0.023405390036516076
 1.4592E-03,0.028903223055382177
 1.4749E-03,0.03308538715171723
 1.4906E-03,0.03539713968699384
 1.5062E-03,0.035685820453995605
 1.5219E-03,0.03425912146047376
 1.5376E-03,0.03182494672591882
 1.5533E-03,0.02920303503429227
 1.5690E-03,0.02700487010955041
 1.5847E-03,0.0254966027607178
 1.6004E-03,0.02457199220299528
 1.6161E-03,0.02375804367599796
 1.6318E-03,0.022379269426947044
 1.6475E-03,0.019880907869985764
 1.6631E-03,0.016066741405955074
 1.6788E-03,0.011146339446381976
 1.6945E-03,0.005710124853748463
 1.7102E-03,0.0006350076098803501
 1.7259E-03,-0.0031758263735400466
 1.7416E-03,-0.005104926249266678
 1.7573E-03,-0.004972104777557031
 1.7730E-03,-0.003028676406782016
 1.7887E-03,0.0001072446767565057
 1.8044E-03,0.003617866064487284
 1.8200E-03,0.00677630632179356
 1.8357E-03,0.009191575887159598
 1.8514E-03,0.010872530994622109
 1.8671E-03,0.012170291689598586
 1.8828E-03,0.01365845367378333
 1.8985E-03,0.015912352404044348
 1.9142E-03,0.019238746773888447
 1.9299E-03,0.02352599728440066
 1.9456E-03,0.028273996286026056
 1.9612E-03,0.032717529405457246
 1.9769E-03,0.036009975586721636
 1.9926E-03,0.03748309959677856
 2.0083E-03,0.03687869529471011
 2.0240E-03,0.03440833372334585
 2.0397E-03,0.03065535345991586
 2.0554E-03,0.026410544993295638
 2.0711E-03,0.022451951427109144
 2.0868E-03,0.019294888218224206
 2.1025E-03,0.01704383691200898
 2.1182E-03,0.015424359066305508
 2.1338E-03,0.013927996650602084
 2.1495E-03,0.012001388055083632
 2.1652E-03,0.009268777068214832
 2.1809E-03,0.005720726110180107
 2.1966E-03,0.0017549441245806848
 2.2123E-03,-0.0019435396256352968
 2.2280E-03,-0.0045970586522542396
 2.2437E-03,-0.005551183942983927
 2.2594E-03,-0.004485122038528356
 2.2751E-03,-0.0015326696930326018
 2.2907E-03,0.0027631058831901647
 2.3064E-03,0.00762416482957288
 2.3221E-03,0.012252418158134734
 2.3378E-03,0.01604421484587464
 2.3535E-03,0.01876132859089491
 2.3692E-03,0.02057254275379599
 2.3849E-03,0.021936164484325435
 2.4006E-03,0.02339803352340277
 2.4163E-03,0.025384099976163296
 2.4319E-03,0.028023689086240196
 2.4476E-03,0.031059683095140178
 2.4633E-03,0.03390858324994088
 2.4790E-03,0.03584821591698999
 2.4947E-03,0.03624240249723971
 2.5104E-03,0.034737945238493786
 2.5261E-03,0.031395052997793646
 2.5418E-03,0.02669477723937198
 2.5575E-03,0.021398982093177945
 2.5732E-03,0.01632514148454328
 2.5889E-03,0.012126681802655814
 2.6045E-03,0.009130428502855437
 2.6202E-03,0.007268466104113554
 2.6359E-03,0.006143762807649519
 2.6516E-03,0.005214364673148382
 2.6673E-03,0.004013081727342628
 2.6830E-03,0.0023243603886747076
 2.6987E-03,0.0002797340657391275
 2.7144E-03,-0.0016595385466742919
 2.7301E-03,-0.0028467798446323318
 2.7458E-03,-0.00267041541786894
 2.7614E-03,-0.0007604066921808542
 2.7771E-03,0.002880187198852431
 2.7928E-03,0.00784600573884181
 2.8085E-03,0.013422313026014258
 2.8242E-03,0.01878416061936877
 2.8399E-03,0.023227305033962947
 2.8556E-03,0.026347246576453532
 2.8713E-03,0.028121960963698442
 2.8870E-03,0.028880160582231626
 2.9027E-03,0.029154772704550504
 2.9183E-03,0.029467730821017307
 2.9340E-03,0.03013146918991786
 2.9497E-03,0.031134917877325516
 2.9654E-03,0.032139173998293136
 2.9811E-03,0.03258500049264531
 2.9968E-03,0.03188834008777124
 3.0125E-03,0.02965600570910707
 3.0282E-03,0.025839066141224176
 3.0439E-03,0.020777324262501992
 3.0596E-03,0.015128511282249782
 3.0752E-03,0.00969827465162719
 3.0909E-03,0.005218267146692687
 3.1066E-03,0.0021507083544422476
 3.1223E-03,0.0005863247223168108
 3.1380E-03,0.0002581160649020814
 3.1537E-03,0.0006603281197093414
 3.1694E-03,0.0012402102205829636
 3.1851E-03,0.0016005654258927637
 3.2008E-03,0.0016380935826967491
 3.2165E-03,0.0015718762113964124
 3.2321E-03,0.001860799357050965
 3.2478E-03,0.0030367145138547828
 3.2635E-03,0.005502033435584572
 3.2792E-03,0.009361429398896294
 3.2949E-03,0.014349994029035444
 3.3106E-03,0.019879348084816905
 3.3263E-03,0.025183228461631575
 3.3420E-03,0.029521218636826534
 3.3577E-03,0.03238004784948754
 3.3734E-03,0.03360332932627706
 3.3890E-03,0.03340566627575917
 3.4047E-03,0.032273323839707074
 3.4204E-03,0.03078769882651424
 3.4361E-03,0.029425626238319583
 3.4518E-03,0.028401816318272034
 3.4675E-03,0.027609862874376816
 3.4832E-03,0.02667990728318948
 3.4989E-03,0.025127954902663095
 3.5146E-03,0.02254750667117502
 3.5302E-03,0.018783202996906685
 3.5459E-03,0.014025905667552921
 3.5616E-03,0.008792922006107616
 3.5773E-03,0.003801144059125866
 3.5930E-03,-0.00022352871288411173
 3.6087E-03,-0.0027424794862997747
 3.6244E-03,-0.00354646974005294
 3.6401E-03,-0.0027962590427908092
 3.6558E-03,-0.0009488545519925156
 3.6715E-03,0.0014021341558972122
 3.6872E-03,0.003718622230777408
 3.7028E-03,0.00568323449570746
 3.7185E-03,0.007284321416830111
 3.7342E-03,0.0087909452799179
 3.7499E-03,0.010627945464546104
 3.7656E-03,0.013196697586869735
 3.7813E-03,0.01670121249834372
 3.7970E-03,0.021035707067104715
 3.8127E-03,0.025773500973594852
 3.8284E-03,0.03026483384001708
 3.8441E-03,0.033811747915348724
 3.8597E-03,0.03586266176682586
 3.8754E-03,0.03616596062813747
 3.8911E-03,0.034834372837911375
 3.9068E-03,0.03229787212608152
 3.9225E-03,0.029160731682949005
 3.9382E-03,0.02601238880666353
 3.9539E-03,0.02325447523061496
 3.9696E-03,0.020997741223166153
 3.9853E-03,0.019060959533752312
 4.0009E-03,0.01707191427372032
 4.0166E-03,0.014634773118765978
 4.0323E-03,0.011505161078239921
 4.0480E-03,0.007714277241652634
 4.0637E-03,0.0036011527758095015
 4.0794E-03,-0.0002597599488271861
 4.0951E-03,-0.003214167152785853
 4.1108E-03,-0.004715661167948173
 4.1265E-03,-0.0044845293567921385
 4.1422E-03,-0.0025883532180163643
 4.1578E-03,0.0005802307632877656
 4.1735E-03,0.00442230430180556
 4.1892E-03,0.008309992873946187
 4.2049E-03,0.011764081373854863
 4.2206E-03,0.014574997820294037
 4.2363E-03,0.01683035760370952
 4.2520E-03,0.018841837598403653
 4.2677E-03,0.020996417943003956
 4.2834E-03,0.023583329771362103
 4.2991E-03,0.026656450539502507
 4.3148E-03,0.02997843366528232
 4.3304E-03,0.03306549201246931
 4.3461E-03,0.03532008338925072
 4.3618E-03,0.03620966685124503
 4.3775E-03,0.03543270076165956
 4.3932E-03,0.033017066067661055
 4.4089E-03,0.029319438051945354
 4.4246E-03,0.024926198092775152
 4.4403E-03,0.02048750323629283
 4.4560E-03,0.016538166507830195
 4.4716E-03,0.013363409255391333
 4.4873E-03,0.010951228765859158
 4.5030E-03,0.009043612034394605
 4.5187E-03,0.007267419271285191
 4.5344E-03,0.00530050127307263
 4.5501E-03,0.0030164679384068315
 4.5658E-03,0.0005585779086512716
 4.5815E-03,-0.0016821420058453647
 4.5972E-03,-0.0031774973393322546
 4.6129E-03,-0.003426027889551717
 4.6285E-03,-0.002117294614328226
 4.6442E-03,0.0007573306423131329
 4.6599E-03,0.00488379894309881
 4.6756E-03,0.009701279583821078
 4.6913E-03,0.014551039503796315
 4.7070E-03,0.018851771949768767
 4.7227E-03,0.022245859516290312
 4.7384E-03,0.024670040311153173
 4.7541E-03,0.026329368208534445
 4.7698E-03,0.027585669101850906
 4.7855E-03,0.0287991732386979
 4.8011E-03,0.030176780916852216
 4.8168E-03,0.03167833453452482
 4.8325E-03,0.03301287948790855
 4.8482E-03,0.033726366825851006
 4.8639E-03,0.0333518613583161
 4.8796E-03,0.03157298714266269
 4.8953E-03,0.028346550178453167
 4.9110E-03,0.023942981271885128
 4.9267E-03,0.018890410700722927
 4.9423E-03,0.013840243487314
 4.9580E-03,0.009397299514696216
 4.9737E-03,0.005968182641684623
 4.9894E-03,0.0036751539624827723
 5.0051E-03,0.0023612876761133963
 5.0208E-03,0.0016826802745834256
 5.0365E-03,0.0012552435559319472
 5.0522E-03,0.0008065840277353583
 5.0679E-03,0.0002824862160292125
 5.0836E-03,-0.0001274479273021419
 5.0992E-03,-5.3623075069341895e-05
 5.1149E-03,0.0009216921966514783
 5.1306E-03,0.0031084647514986385
 5.1463E-03,0.0065805153366478904
 5.1620E-03,0.011117374544346848
 5.1777E-03,0.016236837699200493
 5.1934E-03,0.02130936799173222
 5.2091E-03,0.025718685788855312
 5.2248E-03,0.029017915093337423
 5.2405E-03,0.031032198942001852
 5.2562E-03,0.031875939085486193
 5.2718E-03,0.031880656295253676
 5.2875E-03,0.0314589923253391
 5.3032E-03,0.030951157824828792
 5.3189E-03,0.030505050400360428
 5.3346E-03,0.030029417229551825
 5.3503E-03,0.029235105954368297
 5.3660E-03,0.02775017629179466
 5.3817E-03,0.025269872379938562
 5.3974E-03,0.02169077340251925
 5.4130E-03,0.017183744712761316
 5.4287E-03,0.012180415846207774
 5.4444E-03,0.007276198197948462
 5.4601E-03,0.003080240633798018
 5.4758E-03,5.991705465807195e-05
 5.4915E-03,-0.0015713515061743376
 5.5072E-03,-0.00188868332704689
 5.5229E-03,-0.001203504697021461
 5.5386E-03,5.701757451895967e-05
 5.5543E-03,0.0014985851838878314
 5.5699E-03,0.0028874483036310846
 5.5856E-03,0.00421564096781454
 5.6013E-03,0.005683196642940258
 5.6170E-03,0.007604251263285921
 5.6327E-03,0.010269149291096756
 5.6484E-03,0.013809326442756991
 5.6641E-03,0.018110867289777944
 5.6798E-03,0.02280667669817918
 5.6955E-03,0.027351664235235558
 5.7112E-03,0.03115835609944544
 5.7268E-03,0.03375036564275644
 5.7425E-03,0.03488488996665477
 5.7582E-03,0.03460535105203961
 5.7739E-03,0.03320818932898159
 5.7896E-03,0.031135832992987483
 5.8053E-03,0.028831747328171738
 5.8210E-03,0.026605405382801015
 5.8367E-03,0.024551026639575306
 5.8524E-03,0.022545491006328876
 5.8681E-03,0.020324396992877768
 5.8838E-03,0.017609490237858096
 5.8994E-03,0.014243769105949895
 5.9151E-03,0.010288003683074493
 5.9308E-03,0.0060452458727086635
 5.9465E-03,0.0020038430690810446
 5.9622E-03,-0.0012836921061676254
 5.9779E-03,-0.0033477107696095014
 5.9936E-03,-0.003927791376855002
 6.0093E-03,-0.003038668198685574
 6.0250E-03,-0.000955500787324177
 6.0406E-03,0.0018759326106709156
 6.0563E-03,0.004974748390448603
 6.0720E-03,0.00796246647793846
 6.0877E-03,0.010658494418929791
 6.1034E-03,0.013103634416873431
 6.1191E-03,0.01550562676683376
 6.1348E-03,0.018126570097054095
 6.1505E-03,0.021151152410080504
 6.1662E-03,0.024580843492565715
 6.1819E-03,0.028190603755521234
 6.1975E-03,0.03156404304837905
 6.2132E-03,0.0341970607040722
 6.2289E-03,0.03563730831298731
 6.2446E-03,0.035614728265463955
 6.2603E-03,0.034120953416895666
 6.2760E-03,0.03141188213564538
 6.2917E-03,0.0279328766751134
 6.3074E-03,0.02419123298123868
 6.3231E-03,0.020617335475623805
 6.3388E-03,0.01745887715955188
 6.3545E-03,0.01474101652340148
 6.3701E-03,0.012303300087784274
 6.3858E-03,0.009898874548069342
 6.4015E-03,0.007321214252382611
 6.4172E-03,0.004514832585059078
 6.4329E-03,0.0016319884659822194
 6.4486E-03,-0.000984573665519383
 6.4643E-03,-0.00288822605965605
 6.4800E-03,-0.003656837757034694
 6.4957E-03,-0.003021656384155494
 6.5113E-03,-0.0009552136209597115
 6.5270E-03,0.002310115828745863
 6.5427E-03,0.006339152669268967
 6.5584E-03,0.010608694470606453
 6.5741E-03,0.014643789872589437
 6.5898E-03,0.018132526914601932
 6.6055E-03,0.020983558276287465
 6.6212E-03,0.02330948764365747
 6.6369E-03,0.02534370253339961
 6.6526E-03,0.027320121368788267
 6.6682E-03,0.0293573112049752
 6.6839E-03,0.03138664323709933
 6.6996E-03,0.03314933571711109
 6.7153E-03,0.03426429983425706
 6.7310E-03,0.03434510626647205
 6.7467E-03,0.03312785715767106
 6.7624E-03,0.030567802505894713
 6.7781E-03,0.026872562887801852
 6.7938E-03,0.022460500642399017
 6.8095E-03,0.01785720159404274
 6.8251E-03,0.013563008199029235
 6.8408E-03,0.009933479075001226
 6.8565E-03,0.007109801824895955
 6.8722E-03,0.005019454226936631
 6.8879E-03,0.0034444162576530556
 6.9036E-03,0.002132403493371884
 6.9193E-03,0.0009129034521563274
 6.9350E-03,-0.00022133617035058014
 6.9507E-03,-0.001094939834184874
 6.9664E-03,-0.0013994428390051122
 6.9821E-03,-0.0007956006635302697
 6.9977E-03,0.0009651857348634316
 7.0134E-03,0.003940414665755951
 7.0291E-03,0.007950455418538838
 7.0448E-03,0.012602986681674588
 7.0605E-03,0.017381363558858456
 7.0762E-03,0.021769815608851318
 7.0919E-03,0.025376445927423132
 7.1076E-03,0.028015695742548013
 7.1233E-03,0.029725200378486995
 7.1389E-03,0.030713487638770617
 7.1546E-03,0.03125759823604525
 7.1703E-03,0.03158589530820202
 7.1860E-03,0.03178573885222218
 7.2017E-03,0.03176697821488958
 7.2174E-03,0.031293363351859255
 7.2331E-03,0.03007124837159507
 7.2488E-03,0.027865790729135333
 7.2645E-03,0.024605511890813316
 7.2802E-03,0.02043970348386482
 7.2958E-03,0.01572858035931816
 7.3115E-03,0.010968130190285611
 7.3272E-03,0.006672878685595025
 7.3429E-03,0.003253246876333994
 7.3586E-03,0.0009255507514724882
 7.3743E-03,-0.0003182236482693998
 7.3900E-03,-0.0006731975534147305
 7.4057E-03,-0.0004309098211363786
 7.4214E-03,0.0001339256937034318
 7.4371E-03,0.0008614648530941551
 7.4528E-03,0.0017572934710571907
 7.4684E-03,0.0029792308209980662
 7.4841E-03,0.004765406861805084
 7.4998E-03,0.00732819054929416
 7.5155E-03,0.010749928151501017
 7.5312E-03,0.014916022312195243
 7.5469E-03,0.0195088643585883
 7.5626E-03,0.024066439883847525
 7.5783E-03,0.028088399209742584
 7.5940E-03,0.031156810066031874
 7.6096E-03,0.03303381658139771
 7.6253E-03,0.03370579152872658
 7.6410E-03,0.03336097946984818
 7.6567E-03,0.03230932086189033
 7.6724E-03,0.03087184441832943
 7.6881E-03,0.029276498190460017
 7.7038E-03,0.027594529608361514
 7.7195E-03,0.025737594185447032
 7.7352E-03,0.02351536275139779
 7.7509E-03,0.02073322734215588
 7.7665E-03,0.017296363979128326
 7.7822E-03,0.013284255098771777
 7.7979E-03,0.008969508026486956
 7.8136E-03,0.00477318523849242
 7.8293E-03,0.0011697396952852351
 7.8450E-03,-0.0014289153001062686
 7.8607E-03,-0.0027740054907191905
 7.8764E-03,-0.00283405077361656
 7.8921E-03,-0.0017864475861033922
 7.9078E-03,4.967473511272263e-05
 7.9235E-03,0.0023168916412125975
 7.9391E-03,0.00472549415279138
 7.9548E-03,0.007127986910454905
 7.9705E-03,0.00953870561872726
 7.9862E-03,0.012093520786992745
 8.0019E-03,0.014964515377224086
 8.0176E-03,0.018259447724572293
 8.0333E-03,0.021940847207818567
 8.0490E-03,0.02579315168081767
 8.0647E-03,0.029450533663101477
 8.0804E-03,0.03247810093774204
 8.0960E-03,0.0344814697523102
 8.1117E-03,0.03521010012927406
 8.1274E-03,0.03462150556435819
 8.1431E-03,0.03288603717345901
 8.1588E-03,0.03033124831915017
 8.1745E-03,0.027344403771722627
 8.1902E-03,0.02426497110108592
 8.2059E-03,0.02130158958493431
 8.2216E-03,0.018499347160811072
 8.2373E-03,0.015766229512108418
 8.2529E-03,0.012947970665078886
 8.2686E-03,0.009924628493758008
 8.2843E-03,0.00669518142924133
 8.3000E-03,0.003420562597960443
 8.3157E-03,0.00040942694382672604
 8.3314E-03,-0.0019500414258986336
 8.3471E-03,-0.003291141699361292
 8.3628E-03,-0.0033705318526187846
 8.3785E-03,-0.002138628195713822
 8.3942E-03,0.00024378722694779137
 8.4098E-03,0.0034479661260824646
 8.4255E-03,0.007065116856602804
 8.4412E-03,0.010712014344413396
 8.4569E-03,0.01412106113069888
 8.4726E-03,0.01718692698182529
 8.4883E-03,0.019956344448107084
 8.5040E-03,0.0225664505848932
 8.5197E-03,0.025154013617573082
 8.5354E-03,0.027767361664670986
 8.5511E-03,0.030311750859109227
 8.5667E-03,0.032547686948120894
 8.5824E-03,0.034144060709134755
 8.5981E-03,0.034769648580053554
 8.6138E-03,0.034193564709975706
 8.6295E-03,0.032361937207839364
 8.6452E-03,0.029425587666222587
 8.6609E-03,0.025709364258687136
 8.6766E-03,0.021632703435704836
 8.6923E-03,0.01760663683719621
 8.7080E-03,0.013939669822623476
 8.7236E-03,0.010781504864076835
 8.7393E-03,0.008120790835147159
 8.7550E-03,0.005835254749810664
 8.7707E-03,0.0037755358914981977
 8.7864E-03,0.0018532782072713707
 8.8021E-03,0.0001029914594232878
 8.8178E-03,-0.0013038298382912013
 8.8335E-03,-0.0020978164945671353
 8.8492E-03,-0.0019917871525504884
 8.8649E-03,-0.0007758296167228603
 8.8805E-03,0.0016036676352337003
 8.8962E-03,0.0050071427550516506
 8.9119E-03,0.00911988123199172
 8.9276E-03,0.013520188054523211
 8.9433E-03,0.017776970445802162
 8.9590E-03,0.021546611504474154
 8.9747E-03,0.02463935274810427
 8.9904E-03,0.027035442703761386
 9.0061E-03,0.02884780926922407
 9.0218E-03,0.030245518314068055
 9.0374E-03,0.03136496722316028
 9.0531E-03,0.03223944707703321
 9.0688E-03,0.032771241557697894
 9.0845E-03,0.03275601561976453
 9.1002E-03,0.03195165318604418
 9.1159E-03,0.030168711165835048
 9.1316E-03,0.027352205819449235
 9.1473E-03,0.023627023582930787
 9.1630E-03,0.019291017970309483
 9.1787E-03,0.014756886087102643
 9.1943E-03,0.010460510636591324
 9.2100E-03,0.006764114529596981
 9.2257E-03,0.003883898886056703
 9.2414E-03,0.001863566464358638
 9.2571E-03,0.000600117363125778
 9.2728E-03,-8.853676619695067e-05
 9.2885E-03,-0.0003778503051336638
 9.3042E-03,-0.00036196866836553073
 9.3199E-03,-1.516197406730552e-05
 9.3356E-03,0.0007978512540489285
 9.3512E-03,0.0022663313955141704
 9.3669E-03,0.004551492289312358
 9.3826E-03,0.007705747519951099
 9.3983E-03,0.01162078531998692
 9.4140E-03,0.016022873224528007
 9.4297E-03,0.02051862850250985
 9.4454E-03,0.024678190821140526
 9.4611E-03,0.028130557601230385
 9.4768E-03,0.03064178977013507
 9.4925E-03,0.03215228340671346
 9.5081E-03,0.0327626029858452
 9.5238E-03,0.032674100004945306
 9.5395E-03,0.03210512035325761
 9.5552E-03,0.03121119449466042
 9.5709E-03,0.030035754213573768
 9.5866E-03,0.028507339702833548
 9.6023E-03,0.026483513817761397
 9.6180E-03,0.023825988065907425
 9.6337E-03,0.020480942995336603
 9.6494E-03,0.016536648499331327
 9.6650E-03,0.012237869572667048
 9.6807E-03,0.007950711904568742
 9.6964E-03,0.004087782325671506
 9.7121E-03,0.0010164314795867001
 9.7278E-03,-0.001021771785411151
 9.7435E-03,-0.0019559351453003852
 9.7592E-03,-0.0018822254589295779
 9.7749E-03,-0.0010143465730611994
 9.7906E-03,0.00039479565293442927
 9.8063E-03,0.0021342775445602445
 9.8219E-03,0.004092799932351043
 9.8376E-03,0.0062745512346777145
 9.8533E-03,0.008769130722410876
 9.8690E-03,0.011686745119140448
 9.8847E-03,0.01508150285799277
 9.9004E-03,0.01888968289918285
 9.9161E-03,0.022905055761681756
 9.9318E-03,0.026801268975396423
 9.9475E-03,0.030195894764029754
 9.9632E-03,0.03273697593659515
 9.9788E-03,0.034185309214461675
 9.9945E-03,0.03446683384884921
 1.0010E-02,0.033679051443508856
 1.0026E-02,0.03205025434031961
 1.0042E-02,0.029865531919251596
 1.0057E-02,0.027383994256245325
 1.0073E-02,0.02477397594435957
 1.0089E-02,0.022086501043686788
 1.0104E-02,0.01927425306132828
 1.0120E-02,0.016248045801806416
 1.0136E-02,0.012950331985253659
 1.0151E-02,0.00941967217416953
 1.0167E-02,0.0058231284834567455
 1.0183E-02,0.002444209377966482
 1.0199E-02,-0.00037128585569587294
 1.0214E-02,-0.002295275944484119
 1.0230E-02,-0.0030984846630798726
 1.0246E-02,-0.0027073737452527934
 1.0261E-02,-0.001219338430010361
 1.0277E-02,0.001128204970171626
 1.0293E-02,0.00402468413999881
 1.0308E-02,0.007167819841681548
 1.0324E-02,0.010333974829637955
 1.0340E-02,0.013415711751555513
 1.0355E-02,0.01641590098450619
 1.0371E-02,0.01940218608830998
 1.0387E-02,0.022438746950105233
 1.0402E-02,0.02551976856583732
 1.0418E-02,0.028528388492558177
 1.0434E-02,0.031236395532873263
 1.0450E-02,0.033346384574284016
 1.0465E-02,0.034563876004246624
 1.0481E-02,0.03467674250375086
 1.0497E-02,0.033616531960227417
 1.0512E-02,0.031481897032209744
 1.0528E-02,0.028516506897026093
 1.0544E-02,0.02504847051667858
 1.0559E-02,0.02141055175780631
 1.0575E-02,0.0178662695871941
 1.0591E-02,0.014564530745137073
 1.0606E-02,0.011535674824622089
 1.0622E-02,0.008728019583879037
 1.0638E-02,0.006070707946689967
 1.0654E-02,0.0035401820873196843
 1.0669E-02,0.0012066646111195739
 1.0685E-02,-0.0007561221201261123
 1.0701E-02,-0.0021024087624421386
 1.0716E-02,-0.002577642243637446
 1.0732E-02,-0.001993538488580099
 1.0748E-02,-0.0002908022341093341
 1.0763E-02,0.002430888004436909
 1.0779E-02,0.005925748065815672
 1.0795E-02,0.0098541997492921
 1.0810E-02,0.013858765795314388
 1.0826E-02,0.017640307745977718
 1.0842E-02,0.021011468340217426
 1.0857E-02,0.02391178209536391
 1.0873E-02,0.026381563502781997
 1.0889E-02,0.028505207385744254
 1.0905E-02,0.030344461282697004
 1.0920E-02,0.03188528424514024
 1.0936E-02,0.03301711771987595
 1.0952E-02,0.033552378521343816
 1.0967E-02,0.03328038479294163
 1.0983E-02,0.03203822204329235
 1.0999E-02,0.029775116325417107
 1.1014E-02,0.026588689860270347
 1.1030E-02,0.02272045333585355
 1.1046E-02,0.01851104595158
 1.1061E-02,0.014328668375067258
 1.1077E-02,0.010492598108518915
 1.1093E-02,0.007214918406236923
 1.1109E-02,0.004577342879246769
 1.1124E-02,0.0025484426726958497
 1.1140E-02,0.0010334950554531915
 1.1156E-02,-6.120219547145196e-05
 1.1171E-02,-0.0007720488214762047
 1.1187E-02,-0.0010493319385422258
 1.1203E-02,-0.0007659029811428644
 1.1218E-02,0.0002393134435216477
 1.1234E-02,0.0020973898740126707
 1.1250E-02,0.004846453092979102
 1.1265E-02,0.008391119653114128
 1.1281E-02,0.012498718876316447
 1.1297E-02,0.0168350216982562
 1.1312E-02,0.02102955357709598
 1.1328E-02,0.02475105436340842
 1.1344E-02,0.027770363746691965
 1.1360E-02,0.02999209021451633
 1.1375E-02,0.031446576842144025
 1.1391E-02,0.032246574318199814
 1.1407E-02,0.03252439022067475
 1.1422E-02,0.03237134156851677
 1.1438E-02,0.031800128349202754
 1.1454E-02,0.030742723786554096
 1.1469E-02,0.02908424282475979
 1.1485E-02,0.02672102527657945
 1.1501E-02,0.023622876899680553
 1.1516E-02,0.01987778997063442
 1.1532E-02,0.015703048247153666
 1.1548E-02,0.01141753852762947
 1.1564E-02,0.007382699207789181
 1.1579E-02,0.003929656246214811
 1.1595E-02,0.0012944444043113497
 1.1611E-02,-0.00041953698220218794
 1.1626E-02,-0.001241527379076253
 1.1642E-02,-0.0012975662893083698
 1.1658E-02,-0.0007518027475010708
 1.1673E-02,0.0002550806051192366
 1.1689E-02,0.0016499150314110247
 1.1705E-02,0.0034393529161302165
 1.1720E-02,0.005687037306244832
 1.1736E-02,0.008464103327003432
 1.1752E-02,0.011790508429818797
 1.1768E-02,0.015587931229267285
 1.1783E-02,0.019661386415638603
 1.1799E-02,0.023717456838278004
 1.1815E-02,0.02741514223476699
 1.1830E-02,0.030434618604447856
 1.1846E-02,0.03254319689409631
 1.1862E-02,0.033638487823398774
 1.1877E-02,0.03375603770125909
 1.1893E-02,0.03304011695093758
 1.1909E-02,0.03168813778817276
 1.1924E-02,0.029887434854194372
 1.1940E-02,0.02776514487977207
 1.1956E-02,0.025367080848960392
 1.1971E-02,0.022671494594613664
 1.1987E-02,0.01963179410987712
 1.2003E-02,0.016232524986185954
 1.2019E-02,0.012538437850194789
 1.2034E-02,0.008718699254232635
 1.2050E-02,0.005036492440519299
 1.2066E-02,0.0018056608497546553
 1.2081E-02,-0.0006731087584624209
 1.2097E-02,-0.0021773324522700423
 1.2113E-02,-0.0026092872941940806
 1.2128E-02,-0.0020101992576059577
 1.2144E-02,-0.0005383881122393839
 1.2160E-02,0.001581016543261195
 1.2175E-02,0.004118408057665049
 1.2191E-02,0.006894251838249847
 1.2207E-02,0.00980898731989437
 1.2223E-02,0.01283984375955554
 1.2238E-02,0.016007253886451904
 1.2254E-02,0.019323715853560255
 1.2270E-02,0.02274382000367219
 1.2285E-02,0.026133803668965564
 1.2301E-02,0.029272551120815216
 1.2317E-02,0.031885529258009165
 1.2332E-02,0.03370215057513698
 1.2348E-02,0.03451909453795745
 1.2364E-02,0.03424984400660424
 1.2379E-02,0.03294489866860339
 1.2395E-02,0.030776449080696502
 1.2411E-02,0.02799263871192725
 1.2426E-02,0.02485613097285439
 1.2442E-02,0.021586376103100813
 1.2458E-02,0.018323261191909225
 1.2474E-02,0.015122380262607598
 1.2489E-02,0.011981499595523323
 1.2505E-02,0.00888743915090705
 1.2521E-02,0.005865918736084698
 1.2536E-02,0.0030160756111476308
 1.2552E-02,0.0005165858380244172
 1.2568E-02,-0.0014001381499746633
 1.2583E-02,-0.0024985118602188247
 1.2599E-02,-0.0025996160381165164
 1.2615E-02,-0.0016315429071516222
 1.2630E-02,0.0003457222453942658
 1.2646E-02,0.00314894435854057
 1.2662E-02,0.00651138861810986
 1.2678E-02,0.010141565382679813
 1.2693E-02,0.013783048140603296
 1.2709E-02,0.017257395524427347
 1.2725E-02,0.020477960681154428
 1.2740E-02,0.023432059025067373
 1.2756E-02,0.02613940686064509
 1.2772E-02,0.02860249320268993
 1.2787E-02,0.030767053559217758
 1.2803E-02,0.03250726855384698
 1.2819E-02,0.03364189880968109
 1.2834E-02,0.03397706847378249
 1.2850E-02,0.033362285669187634
 1.2866E-02,0.03174156210836494
 1.2881E-02,0.029182751314768263
 1.2897E-02,0.025875066452935535
 1.2913E-02,0.022094893369440524
 1.2929E-02,0.018150100438611573
 1.2944E-02,0.014319731121386714
 1.2960E-02,0.010807095367928165
 1.2976E-02,0.0077195720138099
 1.2991E-02,0.005079523012733594
 1.3007E-02,0.002860553923689962
 1.3023E-02,0.001035239155583388
 1.3038E-02,-0.00038302920819240365
 1.3054E-02,-0.001319130963741331
 1.3070E-02,-0.0016440745059896143
 1.3085E-02,-0.001209660448805755
 1.3101E-02,0.00010113138518838137
 1.3117E-02,0.0023245940700024476
 1.3133E-02,0.005384218515244959
 1.3148E-02,0.00908738727842039
 1.3164E-02,0.013153114489957658
 1.3180E-02,0.017263302520193393
 1.3195E-02,0.021122543934737614
 1.3211E-02,0.024508839984739968
 1.3227E-02,0.027300631209534142
 1.3242E-02,0.029473283875497646
 1.3258E-02,0.03106811222136093
 1.3274E-02,0.03214585744769959
 1.3289E-02,0.03274136760504306
 1.3305E-02,0.032835454089857316
 1.3321E-02,0.03235383019088106
 1.3337E-02,0.03119370101988198
 1.3352E-02,0.02926907028087286
 1.3368E-02,0.026559302270972307
 1.3384E-02,0.023144089609806268
 1.3399E-02,0.01921218945369242
 1.3415E-02,0.015039698410890562
 1.3431E-02,0.010943436772042903
 1.3446E-02,0.007222962182504395
 1.3462E-02,0.004108247249814293
 1.3478E-02,0.0017280565618442373
 1.3493E-02,0.00010728222117417727
 1.3509E-02,-0.0008078011588951869
 1.3525E-02,-0.0011062033481389272
 1.3540E-02,-0.0008661372091009666
 1.3556E-02,-0.0001219574844111425
 1.3572E-02,0.0011448302553065226
 1.3588E-02,0.0029877497080842835
 1.3603E-02,0.0054571480038513535
 1.3619E-02,0.008555044915352118
 1.3635E-02,0.012199054562186045
 1.3650E-02,0.01620870083227984
 1.3666E-02,0.020320354409063785
 1.3682E-02,0.02422781928644337
 1.3697E-02,0.027637266554641417
 1.3713E-02,0.030320473420037544
 1.3729E-02,0.03215075768275711
 1.3744E-02,0.033111499510788976
 1.3760E-02,0.033275922089022324
 1.3776E-02,0.032765958720042114
 1.3792E-02,0.03170453289817284
 1.3807E-02,0.030177287623980607
 1.3823E-02,0.028216201440195526
 1.3839E-02,0.02580986293222455
 1.3854E-02,0.022936007641876317
 1.3870E-02,0.01960428905803173
 1.3886E-02,0.015893670148332973
 1.3901E-02,0.011970451126062
 1.3917E-02,0.00807923638944856
 1.3933E-02,0.004507987992596882
 1.3948E-02,0.0015367824822629262
 1.3964E-02,-0.0006147871698568659
 1.3980E-02,-0.0018261345882011058
 1.3995E-02,-0.002089140640586732
 1.4011E-02,-0.0014934520198910915
 1.4027E-02,-0.00018929200566859014
 1.4043E-02,0.001659686655719943
 1.4058E-02,0.00391821494007673
 1.4074E-02,0.0065027963227927265
 1.4090E-02,0.00938001403408445
 1.4105E-02,0.012541652675685716
 1.4121E-02,0.015966394169045925
 1.4137E-02,0.019582441351993534
 1.4152E-02,0.02324524047788254
 1.4168E-02,0.026739576763168328
 1.4184E-02,0.02980730137649387
 1.4199E-02,0.03219342842563794
 1.4215E-02,0.03369711188400048
 1.4231E-02,0.03421214527351015
 1.4247E-02,0.03374477061815336
 1.4262E-02,0.032403723726228066
 1.4278E-02,0.030366221727586608
 1.4294E-02,0.02783110312692029
 1.4309E-02,0.024974089471312383
 1.4325E-02,0.021918955879682834
 1.4341E-02,0.018732730043886158
 1.4356E-02,0.015444807206490078
 1.4372E-02,0.012081804514712717
 1.4388E-02,0.00870472636034584
 1.4403E-02,0.005434274044805109
 1.4419E-02,0.002454119594287455
 1.4435E-02,-1.0667217987581773e-05
 1.4450E-02,-0.0017345432122469354
 1.4466E-02,-0.0025397567795944534
 1.4482E-02,-0.0023373246834978646
 1.4498E-02,-0.0011481835408287898
 1.4513E-02,0.0009019292806599914
 1.4529E-02,0.0036121901583045877
 1.4545E-02,0.006751770731312482
 1.4560E-02,0.010106480758059047
 1.4576E-02,0.01351303081658618
 1.4592E-02,0.01687132239248662
 1.4607E-02,0.02013259018337523
 1.4623E-02,0.02326927439417051
 1.4639E-02,0.026238538731293233
 1.4654E-02,0.02895338608936808
 1.4670E-02,0.03127269498091269
 1.4686E-02,0.03301507795531767
 1.4702E-02,0.03399336514550316
 1.4717E-02,0.034059413310299096
 1.4733E-02,0.03314519010202418
 1.4749E-02,0.03128694655882114
 1.4764E-02,0.028624501111521504
 1.4780E-02,0.025375494302452013
 1.4796E-02,0.02179233241843227
 1.4811E-02,0.018114826109879287
 1.4827E-02,0.014532542486572292
 1.4843E-02,0.011167357960658863
 1.4858E-02,0.008079846618315099
 1.4874E-02,0.00529525042910073
 1.4890E-02,0.0028384351667974034
 1.4906E-02,0.0007644803826656801
 1.4921E-02,-0.0008267541174028646
 1.4937E-02,-0.0017981841705906267
 1.4953E-02,-0.002003707812092734
 1.4968E-02,-0.0013285070291903147
 1.4984E-02,0.00027140204316997564
 1.5000E-02,0.002743335219921824
 1.5015E-02,0.005934700923182923
 1.5031E-02,0.009614265624579028
 1.5047E-02,0.013512221153452738
 1.5062E-02,0.017367528594782054
 1.5078E-02,0.020968861459373687
 1.5094E-02,0.02417770478078837
 1.5109E-02,0.026928074013833788
 1.5125E-02,0.029204965936785485
 1.5141E-02,0.031010524456743696
 1.5157E-02,0.032330732099757314
 1.5172E-02,0.03311497084740483
 1.5188E-02,0.03327620812824535
 1.5204E-02,0.03271238942119785
 1.5219E-02,0.031342242853887585
 1.5235E-02,0.029143572075726012
 1.5251E-02,0.026180935986889534
 1.5266E-02,0.022612784919436957
 1.5282E-02,0.018674593109045096
 1.5298E-02,0.014642144441174232
 1.5313E-02,0.01078537294640838
 1.5329E-02,0.00732600175726034
 1.5345E-02,0.004410787593475166
 1.5361E-02,0.002106995577713277
 1.5376E-02,0.00041953453908440694
 1.5392E-02,-0.0006776752557600173
 1.5408E-02,-0.0012078468141472976
 1.5423E-02,-0.0011671401933103264
 1.5439E-02,-0.0005187133735330676
 1.5455E-02,0.0007928104964988038
 1.5470E-02,0.0028113624232207705
 1.5486E-02,0.005534287310103518
 1.5502E-02,0.008884437342192028
 1.5517E-02,0.012699858941185214
 1.5533E-02,0.01674598234246384
 1.5549E-02,0.020748106023439395
 1.5564E-02,0.024435481228475227
 1.5580E-02,0.027584556851351524
 1.5596E-02,0.030049182574075916
 1.5612E-02,0.03176973527749653
 1.5627E-02,0.03275987865920035
 1.5643E-02,0.03307676933606529
 1.5659E-02,0.032785636733582035
 1.5674E-02,0.031931110093794714
 1.5690E-02,0.030524997268628708
 1.5706E-02,0.02855435519800413
 1.5721E-02,0.02600659630658579
 1.5737E-02,0.022902407503459763
 1.5753E-02,0.01932439454689125
 1.5768E-02,0.015430545658190268
 1.5784E-02,0.011446432179244523
 1.5800E-02,0.007636922061010959
 1.5816E-02,0.0042648035258089426
 1.5831E-02,0.0015479360257348532
 1.5847E-02,-0.0003729803650624245
 1.5863E-02,-0.001447301193979215
 1.5878E-02,-0.0017053716757586587
 1.5894E-02,-0.0012316900103145167
 1.5910E-02,-0.0001298568184669468
 1.5925E-02,0.0015089224059715333
 1.5941E-02,0.0036236437389274984
 1.5957E-02,0.006182394660605002
 1.5972E-02,0.009163677952972472
 1.5988E-02,0.012527599212837876
 1.6004E-02,0.016187934184485726
 1.6019E-02,0.01999600963412805
 1.6035E-02,0.023743601339625012
 1.6051E-02,0.027185883840933584
 1.6067E-02,0.03007886540133995
 1.6082E-02,0.032220869549987534
 1.6098E-02,0.03348609727429443
 1.6114E-02,0.03384065098723782
 1.6129E-02,0.03333687087145101
 1.6145E-02,0.03208862698512206
 1.6161E-02,0.03023608098269745
 1.6176E-02,0.02791144895469467
 1.6192E-02,0.025216496627463898
 1.6208E-02,0.022218191249200905
 1.6223E-02,0.018962584647704214
 1.6239E-02,0.015500726023697616
 1.6255E-02,0.011916270970449965
 1.6271E-02,0.008343812969067138
 1.6286E-02,0.004970004695426517
 1.6302E-02,0.002015234224586084
 1.6318E-02,-0.0002999155213346924
 1.6333E-02,-0.0017940893981014505
 1.6349E-02,-0.00235903198381446
 1.6365E-02,-0.001978038465456814
 1.6380E-02,-0.0007238042475522109
 1.6396E-02,0.001263210112991176
 1.6412E-02,0.0038088927927985477
 1.6427E-02,0.006741458736610027
 1.6443E-02,0.00991849227011665
 1.6459E-02,0.013237539497378669
 1.6474E-02,0.016628411412246514
 1.6490E-02,0.020031562382207137
 1.6506E-02,0.023371600948034213
 1.6522E-02,0.02653662771585746
 1.6537E-02,0.02937214033426202
 1.6553E-02,0.03169334017359612
 1.6569E-02,0.03331343184420729
 1.6584E-02,0.034079983914830046
 1.6600E-02,0.033908450134862406
 1.6616E-02,0.032802536043956075
 1.6631E-02,0.030855062661812503
 1.6647E-02,0.02822902367022796
 1.6663E-02,0.025124654562242388
 1.6678E-02,0.021742514375562013
 1.6694E-02,0.018253471877918124
 1.6710E-02,0.014783844040887732
 1.6726E-02,0.011418675407108126
 1.6741E-02,0.008220032936751599
 1.6757E-02,0.005252234821067071
 1.6773E-02,0.0026037414362870925
 1.6788E-02,0.00039670027890077557
 1.6804E-02,-0.0012205901202228385
 1.6820E-02,-0.002097173954414127
 1.6835E-02,-0.0021122542683936502
 1.6851E-02,-0.0012073312437339708
 1.6867E-02,0.0005924709983775359
 1.6882E-02,0.00317489150831262
 1.6898E-02,0.006356450310512938
 1.6914E-02,0.009913494558026526
 1.6930E-02,0.013619508299960325
 1.6945E-02,0.017278081370594185
 1.6961E-02,0.020742578112513062
 1.6977E-02,0.023918042053994594
 1.6992E-02,0.02674675146508134
 1.7008E-02,0.029184172308077228
 1.7024E-02,0.031175081162160587
 1.7039E-02,0.03263935914779935
 1.7055E-02,0.03347349319314693
 1.7071E-02,0.03356831789826192
 1.7086E-02,0.03283781574329496
 1.7102E-02,0.031249769471019966
 1.7118E-02,0.028848072583581946
 1.7133E-02,0.025758888444985112
 1.7149E-02,0.022177822462742865
 1.7165E-02,0.018341188085810735
 1.7181E-02,0.014489353438928876
 1.7196E-02,0.010832454978236776
 1.7212E-02,0.007527743853502535
 1.7228E-02,0.0046738766842621925
 1.7243E-02,0.0023219064161209765
 1.7259E-02,0.0004973911564348156
 1.7275E-02,-0.0007753563195090887
 1.7290E-02,-0.0014562283561849643
 1.7306E-02,-0.0014861084723838819
 1.7322E-02,-0.0007991882753111767
 1.7337E-02,0.0006529542360064292
 1.7353E-02,0.002873522333137677
 1.7369E-02,0.00579853037788133
 1.7385E-02,0.009288769997419259
 1.7400E-02,0.013139590883523566
 1.7416E-02,0.017106863281316567
 1.7432E-02,0.02094243082541128
 1.7447E-02,0.02442939849197072
 1.7463E-02,0.027407706005991166
 1.7479E-02,0.029783589844463016
 1.7494E-02,0.03152171386005735
 1.7510E-02,0.03262425252501027
 1.7526E-02,0.03310523075368422
 1.7541E-02,0.032969638803514965
 1.7557E-02,0.03220486585944124
 1.7573E-02,0.030787515264843728
 1.7588E-02,0.028703183861391174
 1.7604E-02,0.02597212912584722
 1.7620E-02,0.022671460751873727
 1.7636E-02,0.018945342852201872
 1.7651E-02,0.014998392755684308
 1.7667E-02,0.01107277891815974
 1.7683E-02,0.007414698984066535
 1.7698E-02,0.004239269514912387
 1.7714E-02,0.001703311329060736
 1.7730E-02,-0.00010704017960158109
 1.7745E-02,-0.001171665099040756
 1.7761E-02,-0.0015177915064407165
 1.7777E-02,-0.0011945891650523976
 1.7792E-02,-0.0002500522049380285
 1.7808E-02,0.0012820017087463295
 1.7824E-02,0.003380740688781752
 1.7840E-02,0.006023918620166397
 1.7855E-02,0.009165942348652402
 1.7871E-02,0.012716875114320743
 1.7887E-02,0.01653081904350802
 1.7902E-02,0.020409270478395712
 1.7918E-02,0.024120285270158068
 1.7934E-02,0.027429170323756486
 1.7949E-02,0.03013260456828292
 1.7965E-02,0.03208684446153372
 1.7981E-02,0.033222416153926126
 1.7996E-02,0.033541885012402975
 1.8012E-02,0.03310255111432449
 1.8028E-02,0.03199051182791974
 1.8044E-02,0.030294952522356273
 1.8059E-02,0.028090999379383287
 1.8075E-02,0.025436202134426864
 1.8091E-02,0.022380820917405862
 1.8106E-02,0.018987209666055882
 1.8122E-02,0.015350339398740125
 1.8138E-02,0.01161095535217575
 1.8153E-02,0.007955180985898137
 1.8169E-02,0.0045987905585448165
 1.8185E-02,0.0017594091577001945
 1.8200E-02,-0.0003760895923023591
 1.8216E-02,-0.0016800303962589734
 1.8232E-02,-0.0021004299766499077
 1.8247E-02,-0.0016613482181294607
 1.8263E-02,-0.0004477913470531227
 1.8279E-02,0.0014195429741152496
 1.8295E-02,0.0038115411078826823
 1.8310E-02,0.006611624980510326
 1.8326E-02,0.009724512621804324
 1.8342E-02,0.013071259594428529
 1.8357E-02,0.016573826113014965
 1.8373E-02,0.02013605238724786
 1.8389E-02,0.023629230104663508
 1.8404E-02,0.026888997859752763
 1.8420E-02,0.029726536684981056
 1.8436E-02,0.03195222748982417
 1.8451E-02,0.0334056396673031
 1.8467E-02,0.0339833724902754
 1.8483E-02,0.033656660833537036
 1.8499E-02,0.032473676198801836
 1.8514E-02,0.03054611789024072
 1.8530E-02,0.028024459225701334
 1.8546E-02,0.02506952082757611
 1.8561E-02,0.021828819289242272
 1.8577E-02,0.018424166660869882
 1.8593E-02,0.014952963355424306
 1.8608E-02,0.011500891540141571
 1.8624E-02,0.008159847935588108
 1.8640E-02,0.005043217449000676
 1.8655E-02,0.0022915316582361547
 1.8671E-02,6.484713224162589e-05
 1.8687E-02,-0.0014772791589343812
 1.8702E-02,-0.002203045488278932
 1.8718E-02,-0.0020350775771417447
 1.8734E-02,-0.0009685640146736775
 1.8750E-02,0.0009246968481649691
 1.8765E-02,0.0035077212257697606
 1.8781E-02,0.006602011246383006
 1.8797E-02,0.010016671752034934
 1.8812E-02,0.013574763219326704
 1.8828E-02,0.01712988698163712
 1.8844E-02,0.020569416737697965
 1.8859E-02,0.023805300235929017
 1.8875E-02,0.02675747786280431
 1.8891E-02,0.029337345064256608
 1.8906E-02,0.03143854025761038
 1.8922E-02,0.03293972211465728
 1.8938E-02,0.033719782332258495
 1.8954E-02,0.03368152333749673
 1.8969E-02,0.03277668208575201
 1.8985E-02,0.031024356141629662
 1.9001E-02,0.028516678841586093
 1.9016E-02,0.025409415178794872
 1.9032E-02,0.021899743448391736
 1.9048E-02,0.01819733727500805
 1.9063E-02,0.014496721928636469
 1.9079E-02,0.010958169195341112
 1.9095E-02,0.007701385268251256
 1.9110E-02,0.004811957373800193
 1.9126E-02,0.0023563792578300794
 1.9142E-02,0.0003988171985571951
 1.9157E-02,-0.000987553520286759
 1.9173E-02,-0.0017197340202141109
 1.9189E-02,-0.0017159139876788412
 1.9205E-02,-0.0009153778882079409
 1.9220E-02,0.0006989160313236154
 1.9236E-02,0.0030825714346257374
 1.9252E-02,0.006123123170257353
 1.9267E-02,0.00964761987247031
 1.9283E-02,0.013443218387199333
 1.9299E-02,0.01728563942852637
 1.9314E-02,0.02096799112681922
 1.9330E-02,0.024322486952596634
 1.9346E-02,0.027229962736317375
 1.9361E-02,0.029616065424541812
 1.9377E-02,0.03143724569686619
 1.9393E-02,0.032662834238770415
 1.9409E-02,0.03326048468280372
 1.9424E-02,0.03319081072737508
 1.9440E-02,0.03241363271242051
 1.9456E-02,0.030904024863275373
 1.9471E-02,0.02867272712903832
 1.9487E-02,0.025783666898135705
 1.9503E-02,0.022361939896991243
 1.9518E-02,0.018588430556417828
 1.9534E-02,0.01468137074923722
 1.9550E-02,0.010869185825697314
 1.9565E-02,0.00736164064284874
 1.9581E-02,0.004326724238211892
 1.9597E-02,0.0018787892553146506
 1.9612E-02,7.985034907367558e-05
 1.9628E-02,-0.0010481619279398187
 1.9644E-02,-0.0015056744055031664
 1.9660E-02,-0.0012991690366375588
 1.9675E-02,-0.00043232143091404495
 1.9691E-02,0.0010922686902987886
 1.9707E-02,0.0032614932914955697
 1.9722E-02,0.006034659869674669
 1.9738E-02,0.009327454155746538
 1.9754E-02,0.013003475044326371
 1.9769E-02,0.016877692851608186
 1.9785E-02,0.020732505023921887
 1.9801E-02,0.024343080743283216
 1.9816E-02,0.02750569489438394
 1.9832E-02,0.030061731895406504
 1.9848E-02,0.031911337646868834
 1.9864E-02,0.03301390576953768
 1.9879E-02,0.03337665581219626
 1.9895E-02,0.033036154085750655
 1.9911E-02,0.03203956337241872
 1.9926E-02,0.030432068827009995
 1.9942E-02,0.028254455460358593
 1.9958E-02,0.025551049833656185
 1.9973E-02,0.022384446956720302
 1.9989E-02,0.018850889791869635
 2.0005E-02,0.015089702183001678
 2.0020E-02,0.011281944113491631
 2.0036E-02,0.007636869040024234
 2.0052E-02,0.004368692066302301
 2.0068E-02,0.0016693384542149263
 2.0083E-02,-0.00031579136147947325
 2.0099E-02,-0.0015028581731552305
 2.0115E-02,-0.0018720135196274518
 2.0130E-02,-0.0014575988750421703
 2.0146E-02,-0.00033007538973574063
 2.0162E-02,0.001424104700474357
 2.0177E-02,0.003718260136459188
 2.0193E-02,0.0064723173828230285
 2.0209E-02,0.009609476303474768
 2.0224E-02,0.01304512311456735
 2.0240E-02,0.016673224098381734
 2.0256E-02,0.020356472552417876
 2.0271E-02,0.023925367788018473
 2.0287E-02,0.027188525560653792
 2.0303E-02,0.029952798336724366
 2.0319E-02,0.032048443097334255
 2.0334E-02,0.033352713377237594
 2.0350E-02,0.03380549997003541
 2.0366E-02,0.03341294578887981
 2.0381E-02,0.03223856875215051
 2.0397E-02,0.03038514956598429
 2.0413E-02,0.02797325689278876
 2.0428E-02,0.0251229525054299
 2.0444E-02,0.02194375164480064
 2.0460E-02,0.018534819931725476
 2.0475E-02,0.014993717983221036
 2.0491E-02,0.011428989028888618
 2.0507E-02,0.007970512274137927
 2.0523E-02,0.004772249667666255
 2.0538E-02,0.002004553920517756
 2.0554E-02,-0.00016326082879412462
 2.0570E-02,-0.0015860278028042918
 2.0585E-02,-0.00216537897770229
 2.0601E-02,-0.0018656660231566424
 2.0617E-02,-0.0007187190235405415
 2.0632E-02,0.0011837584055814719
 2.0648E-02,0.003707766931450319
 2.0664E-02,0.006699362778249054
 2.0679E-02,0.010005446209311574
 2.0695E-02,0.013487528366553557
 2.0711E-02,0.01702560450858397
 2.0726E-02,0.020512710205288276
 2.0742E-02,0.023843918931731167
 2.0758E-02,0.02690540555488577
 2.0774E-02,0.029569132826104662
 2.0789E-02,0.031696742695112606
 2.0805E-02,0.03315300748961265
 2.0821E-02,0.033825783764453554
 2.0836E-02,0.03364694414429862
 2.0852E-02,0.032608072819846345
 2.0868E-02,0.030766053525015106
 2.0883E-02,0.028236623935391145
 2.0899E-02,0.02517754100040178
 2.0915E-02,0.02176602591428639
 2.0930E-02,0.018176662819565637
 2.0946E-02,0.014565440125167509
 2.0962E-02,0.011063332173582142
 2.0978E-02,0.0077795119860391195
 2.0993E-02,0.0048110734100230736
 2.1009E-02,0.00225406426554791
 2.1025E-02,0.00021034510821515105
 2.1040E-02,-0.0012136271649376804
 2.1056E-02,-0.0019170651808315673
 2.1072E-02,-0.0018218541381852555
 2.1087E-02,-0.0008914244732597993
 2.1103E-02,0.0008543673310870229
 2.1119E-02,0.003333320515821769
 2.1134E-02,0.006406396320572186
 2.1150E-02,0.009893773947193008
 2.1166E-02,0.01359749387086162
 2.1181E-02,0.017324882960851582
 2.1197E-02,0.02090693253753907
 2.1213E-02,0.024207589112955886
 2.1229E-02,0.027122941026243973
 2.1244E-02,0.029572560008398363
 2.1260E-02,0.031487704946456446
 2.1276E-02,0.03280191019834768
 2.1291E-02,0.033448410948645625
 2.1307E-02,0.033366278084410034
 2.1323E-02,0.032513904541146034
 2.1338E-02,0.030885670652756488
 2.1354E-02,0.028526165228912232
 2.1370E-02,0.02553676189399943
 2.1385E-02,0.02207151437229802
 2.1401E-02,0.018322514808314972
 2.1417E-02,0.014498018636172463
 2.1433E-02,0.01079876388370055
 2.1448E-02,0.007398312979842543
 2.1464E-02,0.004431803254143058
 2.1480E-02,0.0019947222889890362
 2.1495E-02,0.0001501589874829375
 2.1511E-02,-0.0010595689339646848
 2.1527E-02,-0.0016021476853383594
 2.1542E-02,-0.001449959209036831
 2.1558E-02,-0.0005826379738967669
 2.1574E-02,0.0010030943517179954
 2.1589E-02,0.0032796912877843948
 2.1605E-02,0.0061761955251632365
 2.1621E-02,0.00957187949621321
 2.1637E-02,0.013299503925062557
 2.1652E-02,0.01715872111796876
 2.1668E-02,0.020937046061412952
 2.1684E-02,0.024433484773809248
 2.1699E-02,0.027479086533182432
 2.1715E-02,0.029949649510520045
 2.1731E-02,0.03176826865529599
 2.1746E-02,0.03289856419249794
 2.1762E-02,0.033332218641193595
 2.1778E-02,0.033075971432709815
 2.1793E-02,0.032143004635402865
 2.1809E-02,0.030551799010688437
 2.1825E-02,0.02833266960569397
 2.1840E-02,0.025539261821767485
 2.1856E-02,0.02226028954927777
 2.1872E-02,0.018626402040104132
 2.1888E-02,0.014808402811929787
 2.1903E-02,0.011005669520537525
 2.1919E-02,0.007426687938151525
 2.1935E-02,0.004266116960485284
 2.1950E-02,0.001683919447991085
 2.1966E-02,-0.00020852768448022924
 2.1982E-02,-0.0013525559553758764
 2.1997E-02,-0.0017366945993093732
 2.2013E-02,-0.0013844517237265228
 2.2029E-02,-0.00034009550399269946
 2.2044E-02,0.0013426427147354995
 2.2060E-02,0.003605424171528839
 2.2076E-02,0.0063827228416648545
 2.2092E-02,0.00959362023419866
 2.2107E-02,0.01313196554124558
 2.2123E-02,0.016859729408552168
 2.2139E-02,0.020607559973821785
 2.2154E-02,0.024184318696953915
 2.2170E-02,0.027394473574750156
 2.2186E-02,0.030059611740910028
 2.2201E-02,0.03203884950106139
 2.2217E-02,0.03324306893046914
 2.2233E-02,0.03363968183575468
 2.2248E-02,0.033247438035457745
 2.2264E-02,0.03212370883514732
 2.2280E-02,0.030348733525768716
 2.2295E-02,0.02801187886983645
 2.2311E-02,0.02520387300990069
 2.2327E-02,0.02201660282315121
 2.2343E-02,0.0185492155597409
 2.2358E-02,0.014916918000315903
 2.2374E-02,0.01125779173987022
 2.2390E-02,0.007733470133560606
 2.2405E-02,0.004521481728829772
 2.2421E-02,0.0017998283804189236
 2.2437E-02,-0.0002729894475650197
 2.2452E-02,-0.00157764672021902
 2.2468E-02,-0.002048391169863482
 2.2484E-02,-0.0016785977466527591
 2.2499E-02,-0.00051641226442143
 2.2515E-02,0.001347776981925216
 2.2531E-02,0.0037980852030612697
 2.2547E-02,0.006709220103328895
 2.2562E-02,0.009957667122102318
 2.2578E-02,0.013425658757628592
 2.2594E-02,0.016998240084171643
 2.2609E-02,0.020556218085748354
 2.2625E-02,0.02396927262817488
 2.2641E-02,0.027093492953156863
 2.2656E-02,0.02977610279689743
 2.2672E-02,0.03186766030185879
 2.2688E-02,0.03323936322859947
 2.2703E-02,0.03380111979302385
 2.2719E-02,0.03351545088590886
 2.2735E-02,0.03240331489304129
 2.2750E-02,0.030540248663293756
 2.2766E-02,0.02804401191477168
 2.2782E-02,0.025057305280017247
 2.2798E-02,0.02173035686186756
 2.2813E-02,0.01820783846308891
 2.2829E-02,0.014622802849083402
 2.2845E-02,0.011097772232919897
 2.2860E-02,0.007750634226292736
 2.2876E-02,0.0047013918848921
 2.2892E-02,0.002075570704263519
 2.2907E-02,1.3084579167581094e-06
 2.2923E-02,-0.0014005600926140908
 2.2939E-02,-0.0020315552301466795
 2.2954E-02,-0.0018318962128267679
 2.2970E-02,-0.0007935151077360265
 2.2986E-02,0.0010342025469024204
 2.3002E-02,0.003547935673528982
 2.3017E-02,0.00660257264432958
 2.3033E-02,0.010028945811590025
 2.3049E-02,0.013652689784619022
 2.3064E-02,0.01730970934121389
 2.3080E-02,0.02085505914604017
 2.3096E-02,0.024164310805404952
 2.3111E-02,0.027128983872519268
 2.3127E-02,0.029649514037915835
 2.3143E-02,0.031629900077181174
 2.3158E-02,0.03297741279484072
 2.3174E-02,0.033608829376189114
 2.3190E-02,0.033462194278209
 2.3206E-02,0.03251089960663317
 2.3221E-02,0.030775691331856182
 2.3237E-02,0.028330498808519573
 2.3253E-02,0.025299655789208845
 2.3268E-02,0.021846541580364795
 2.3284E-02,0.01815613713869828
 2.3300E-02,0.014415697817935622
 2.3315E-02,0.010798111086425938
 2.3331E-02,0.0074514090810160775
 2.3347E-02,0.004495783502247935
 2.3362E-02,0.0020270439282660604
 2.3378E-02,0.00012349391808496907
 2.3394E-02,-0.0011477288292629784
 2.3409E-02,-0.0017283458928965638
 2.3425E-02,-0.0015724626526309
 2.3441E-02,-0.0006554100397298631
 2.3457E-02,0.0010147377509150302
 2.3472E-02,0.003386901625670068
 2.3488E-02,0.006361950583462015
 2.3504E-02,0.009795495019621564
 2.3519E-02,0.013508873009235669
 2.3535E-02,0.01730628451552771
 2.3551E-02,0.020994283689532066
 2.3566E-02,0.02439922487001241
 2.3582E-02,0.027378958502970462
 2.3598E-02,0.029826919924666063
 2.3613E-02,0.031669141450507816
 2.3629E-02,0.03285681701799039
 2.3645E-02,0.03335819003388074
 2.3661E-02,0.03315341871892262
 2.3676E-02,0.0322347633545565
 2.3692E-02,0.03061232497493933
 2.3708E-02,0.02832332232776072
 2.3723E-02,0.025441318119848892
 2.3739E-02,0.02208146145305473
 2.3755E-02,0.018398788339733466
 2.3770E-02,0.014578591463932807
 2.3786E-02,0.010820248524533066
 2.3802E-02,0.007317915640840336
 2.3817E-02,0.0042424269928488054
 2.3833E-02,0.0017282973710195442
 2.3849E-02,-0.0001318683688092989
 2.3864E-02,-0.0012854615670269292
 2.3880E-02,-0.0017125246322677642
 2.3896E-02,-0.001416496726940926
 2.3912E-02,-0.00041679243378077327
 2.3927E-02,0.0012541030077928665
 2.3943E-02,0.0035482470307094576
 2.3959E-02,0.006395911629908267
 2.3974E-02,0.00969836713954561
 2.3990E-02,0.013323523577938482
 2.4006E-02,0.017107525399193628
 2.4021E-02,0.02086361256030561
 2.4037E-02,0.024397297187828338
 2.4053E-02,0.027524885900730447
 2.4068E-02,0.03009121627014934
 2.4084E-02,0.03198259567100953
 2.4100E-02,0.03313234503494107
 2.4116E-02,0.033518550941419055
 2.4131E-02,0.033155838459688475
 2.4147E-02,0.0320845096021534
 2.4163E-02,0.03036083468362678
 2.4178E-02,0.028051514975531704
 2.4194E-02,0.025233569485374006
 2.4210E-02,0.021998725848740016
 2.4225E-02,0.018459589264824137
 2.4241E-02,0.014754018588260647
 2.4257E-02,0.011044494300979922
 2.4272E-02,0.0075107403735652015
 2.4288E-02,0.004336036538719598
 2.4304E-02,0.001689775610197901
 2.4320E-02,-0.0002898776150926847
 2.4335E-02,-0.0015092716156719004
 2.4351E-02,-0.0019256098566253774
 2.4367E-02,-0.001545365755699392
 2.4382E-02,-0.0004159790230970706
 2.4398E-02,0.0013861873406006762
 2.4414E-02,0.003767889386906618
 2.4429E-02,0.006627732597776581
 2.4445E-02,0.00985968660529391
 2.4461E-02,0.013351472153443622
 2.4476E-02,0.016979916926086115
 2.4492E-02,0.020606664503096513
 2.4508E-02,0.024077640094127873
 2.4523E-02,0.027228451911386127
 2.4539E-02,0.029895920646237452
 2.4555E-02,0.03193379315919199
 2.4571E-02,0.03322906206423648
 2.4586E-02,0.03371480916448495
 2.4602E-02,0.033376382033660126
 2.4618E-02,0.03224963530101563
 2.4633E-02,0.03041218143913403
 2.4649E-02,0.027970436163710758
 2.4665E-02,0.02504621867800874
 2.4680E-02,0.02176641583122769
 2.4696E-02,0.018257781730753483
 2.4712E-02,0.014646919842917857
 2.4727E-02,0.011063627464040972
 2.4743E-02,0.007644569328801244
 2.4759E-02,0.004534034744541051
 2.4775E-02,0.0018795132193320844
 2.4790E-02,-0.00017830186295902765
 2.4806E-02,-0.0015194542664781208
 2.4822E-02,-0.00205950508663598
 2.4837E-02,-0.0017614685194272928
 2.4853E-02,-0.0006417222662704974
 2.4869E-02,0.0012317446261899145
 2.4884E-02,0.0037482863917776593
 2.4900E-02,0.006768425728421005
 2.4916E-02,0.010139134131184212
 2.4931E-02,0.013707032137413361
 2.4947E-02,0.017326839752034834
 2.4963E-02,0.02086411936101124
 2.4978E-02,0.02419337260735776
 2.4994E-02,0.02719411161309221
 2.5010E-02,0.02974811324866866
 2.5026E-02,0.03174057616777472
 2.5041E-02,0.03306647258394434
 2.5057E-02,0.033641384706947476
 2.5073E-02,0.033414204391138555
 2.5088E-02,0.03237803835578259
 2.5104E-02,0.030575939794930142
 2.5120E-02,0.028099489586706567
 2.5135E-02,0.025080216929362346
 2.5151E-02,0.02167582101067533
 2.5167E-02,0.01805454832807475
 2.5182E-02,0.014381338871896897
 2.5198E-02,0.01080841260771955
 2.5214E-02,0.007471337187998687
 2.5230E-02,0.0044898549169904165
 2.5245E-02,0.0019712378349117433
 2.5261E-02,1.315909772297381e-05
 2.5277E-02,-0.0012965637358996166
 2.5292E-02,-0.0018846096120612023
 2.5308E-02,-0.0017006517481035395
 2.5324E-02,-0.0007276039285187694
 2.5339E-02,0.001009478083610675
 2.5355E-02,0.0034389498945116273
 2.5371E-02,0.006444564598182482
 2.5386E-02,0.009874018949443099
 2.5402E-02,0.01355243698466954
 2.5418E-02,0.017298033470917407
 2.5433E-02,0.02093678471972607
 2.5449E-02,0.024313333759683198
 2.5465E-02,0.02729659389715407
 2.5481E-02,0.029780202833472887
 2.5496E-02,0.031679482273305824
 2.5512E-02,0.03292742973204698
 2.5528E-02,0.03347235996837009
 2.5543E-02,0.03327909011117098
 2.5559E-02,0.032334088609037366
 2.5575E-02,0.03065320175998303
 2.5590E-02,0.028289225309645463
 2.5606E-02,0.025336285211568887
 2.5622E-02,0.021928688313352384
 2.5637E-02,0.018233309570246287
 2.5653E-02,0.014436427935486173
 2.5669E-02,0.010727617576043411
 2.5685E-02,0.00728406488490216
 2.5700E-02,0.00425831091644826
 2.5716E-02,0.0017713173179145138
 2.5732E-02,-8.875169131677529e-05
 2.5747E-02,-0.0012633279977695279
 2.5763E-02,-0.001718404513404814
 2.5779E-02,-0.0014404739377027159
 2.5794E-02,-0.0004353886356367159
 2.5810E-02,0.0012693118588987513
 2.5826E-02,0.0036195798920861484
 2.5841E-02,0.00652985587776702
 2.5857E-02,0.009880742137584551
 2.5873E-02,0.013521523211098797
 2.5888E-02,0.01727817650291252
 2.5904E-02,0.02096595802133178
 2.5920E-02,0.024404399587015534
 2.5936E-02,0.027431771246309786
 2.5951E-02,0.029916155142117446
 2.5967E-02,0.03176137269091899
 2.5983E-02,0.03290754087202034
 2.5998E-02,0.03332735369475164
 2.6014E-02,0.033020092102205766
 2.6030E-02,0.03200581664937512
 2.6045E-02,0.0303219502013962
 2.6061E-02,0.028023361150983986
 2.6077E-02,0.025185488095126118
 2.6092E-02,0.021908683904880384
 2.6108E-02,0.018321206639889648
 2.6124E-02,0.01457829593195706
 2.6140E-02,0.010855727918731406
 2.6155E-02,0.007338009908584628
 2.6171E-02,0.004203187558659625
 2.6187E-02,0.0016072910327079993
 2.6202E-02,-0.0003284449237086907
 2.6218E-02,-0.0015251340749526385
 2.6234E-02,-0.0019474806874177852
 2.6249E-02,-0.0015993949960988762
 2.6265E-02,-0.0005161737952799261
 2.6281E-02,0.0012439062083075814
 2.6296E-02,0.003605986222717637
 2.6312E-02,0.0064813614887762995
 2.6328E-02,0.009766440852584048
 2.6344E-02,0.013339620740704867
 2.6359E-02,0.0170589635948456
 2.6375E-02,0.020763471082563437
 2.6391E-02,0.02427954025915529
 2.6406E-02,0.027432499011497902
 2.6422E-02,0.030061372357230796
 2.6438E-02,0.032033726318020324
 2.6453E-02,0.03325721569447016
 2.6469E-02,0.033685499578802854
 2.6485E-02,0.033317866262179814
 2.6500E-02,0.032193456282740084
 2.6516E-02,0.030382129081304724
 2.6532E-02,0.027974731801264696
 2.6547E-02,0.025075427630209184
 2.6563E-02,0.021797621008539735
 2.6579E-02,0.01826344420176702
 2.6595E-02,0.014605445316654794
 2.6610E-02,0.010968204311005003
 2.6626E-02,0.007507286516469576
 2.6642E-02,0.00438370297826538
 2.6657E-02,0.0017537493906569436
 2.6673E-02,-0.00024421494609097464
 2.6689E-02,-0.0015034815478096198
 2.6704E-02,-0.001960270662335201
 2.6720E-02,-0.0015999244951525095
 2.6736E-02,-0.00045653551192505475
 2.6751E-02,0.0013936928558871441
 2.6767E-02,0.003843516717152889
 2.6783E-02,0.00676745834912382
 2.6799E-02,0.010033311341004686
 2.6814E-02,0.013509644593542309
 2.6830E-02,0.017068099706552053
 2.6846E-02,0.020581498527627515
 2.6861E-02,0.023920435011948328
 2.6877E-02,0.02695143500787592
 2.6893E-02,0.02953919552435395
 2.6908E-02,0.03155407395045451
 2.6924E-02,0.03288393664059525
 2.6940E-02,0.03344743744983929
 2.6955E-02,0.03320501269062511
 2.6971E-02,0.0321647103118897
 2.6987E-02,0.030381573906734217
 2.7002E-02,0.027950916849974018
 2.7018E-02,0.024997374369774665
 2.7034E-02,0.021662728207526488
 2.7050E-02,0.018095361571917948
 2.7065E-02,0.0144429901003157
 2.7081E-02,0.01084905473328042
 2.7097E-02,0.007452119090796612
 2.7112E-02,0.004386493518411475
 2.7128E-02,0.0017816705765175914
 2.7144E-02,-0.00024122676741693792
 2.7159E-02,-0.001576372565970746
 2.7175E-02,-0.0021426943681209145
 2.7191E-02,-0.0018940870588251297
 2.7206E-02,-0.000827865021747864
 2.7222E-02,0.0010110726171935012
 2.7238E-02,0.0035317241542449384
 2.7254E-02,0.006603901606890913
 2.7269E-02,0.01006936969180032
 2.7285E-02,0.01375543206285854
 2.7301E-02,0.017488597345659183
 2.7316E-02,0.021105793454381884
 2.7332E-02,0.024461414069712004
 2.7348E-02,0.02742985714621895
 2.7363E-02,0.02990448808472167
 2.7379E-02,0.031794979004930515
 2.7395E-02,0.03302558396680698
 2.7410E-02,0.03353658547294112
 2.7426E-02,0.03328960643180791
 2.7442E-02,0.03227538049218266
 2.7457E-02,0.0305212237114044
 2.7473E-02,0.028095478681563056
 2.7489E-02,0.025107038985095902
 2.7505E-02,0.02169922271563742
 2.7520E-02,0.01803885050487969
 2.7536E-02,0.014302846907547162
 2.7552E-02,0.010665006369852511
 2.7567E-02,0.007284950521137541
 2.7583E-02,0.0043006929943836866
 2.7599E-02,0.0018254829949760141
 2.7614E-02,-5.181760705857291e-05
 2.7630E-02,-0.0012648830298758597
 2.7646E-02,-0.0017686958451389977
 2.7661E-02,-0.001540075724324643
 2.7677E-02,-0.0005801486206262917
 2.7693E-02,0.00108193303387322
 2.7709E-02,0.0033857385150671804
 2.7724E-02,0.006238790062005757
 2.7740E-02,0.009519154157960834
 2.7756E-02,0.013080923636843322
 2.7771E-02,0.016761914462975487
 2.7787E-02,0.020393121914604018
 2.7803E-02,0.023809051149520297
 2.7818E-02,0.026857541451010436
 2.7834E-02,0.029407920458156083
 2.7850E-02,0.03135672217143253
 2.7865E-02,0.03263030151421071
 2.7881E-02,0.03318415705928752
 2.7897E-02,0.033000078618685355
 2.7913E-02,0.03208333194779238
 2.7928E-02,0.030461744600116282
 2.7944E-02,0.028187157515389832
 2.7960E-02,0.025338489299255786
 2.7975E-02,0.02202478676707762
 2.7991E-02,0.018385869507937358
 2.8007E-02,0.014588377394735516
 2.8022E-02,0.010816706390568392
 2.8038E-02,0.0072601193287945565
 2.8054E-02,0.004098066605586659
 2.8069E-02,0.001486056077931187
 2.8085E-02,-0.0004552952112893678
 2.8101E-02,-0.0016460372864513996
 2.8116E-02,-0.002047331113538907
 2.8132E-02,-0.001658039621701679
 2.8148E-02,-0.0005094422190484221
 2.8164E-02,0.0013400215948831706
 2.8179E-02,0.0038083479075893675
 2.8195E-02,0.006791446104013759
 2.8211E-02,0.01016388537180481
 2.8226E-02,0.013781034058769905
 2.8242E-02,0.01748375425765955
 2.8258E-02,0.021105654168816764
 2.8273E-02,0.02448234938870984
 2.8289E-02,0.027461534836169577
 2.8305E-02,0.02991205503877705
 2.8320E-02,0.031730627149256514
 2.8336E-02,0.03284606044526518
 2.8352E-02,0.03322124870066841
 2.8368E-02,0.03285273812302072
 2.8383E-02,0.03176765510362045
 2.8399E-02,0.03001879098641353
 2.8415E-02,0.027679528467111848
 2.8430E-02,0.024840077998037734
 2.8446E-02,0.02160573553190701
 2.8462E-02,0.01809709663626265
 2.8477E-02,0.01445092349687636
 2.8493E-02,0.010819150936213637
 2.8509E-02,0.007363927987889282
 2.8524E-02,0.004248525880971815
 2.8540E-02,0.001625494755703726
 2.8556E-02,-0.0003760497880743005
 2.8571E-02,-0.001661753928952929
 2.8587E-02,-0.0021794081971829677
 2.8603E-02,-0.001920607213409602
 2.8619E-02,-0.0009166748871347532
 2.8634E-02,0.0007697010275647669
 2.8650E-02,0.0030548581738636124
 2.8666E-02,0.00584341210244287
 2.8681E-02,0.009032949523308045
 2.8697E-02,0.012512810338758496
 2.8713E-02,0.016159213270148007
 2.8728E-02,0.01983105338664649
 2.8744E-02,0.023370108870838475
 2.8760E-02,0.02660762596562545
 2.8775E-02,0.029377169489643633
 2.8791E-02,0.03153102844832949
 2.8807E-02,0.03295548059286506
 2.8823E-02,0.033580805490387056
 2.8838E-02,0.033384685246189906
 2.8854E-02,0.03238982925573677
 2.8870E-02,0.03065725070136621
 2.8885E-02,0.028277181721773015
 2.8901E-02,0.025360426426166635
 2.8917E-02,0.02203222567614819
 2.8932E-02,0.018428754370780037
 2.8948E-02,0.014695505883672874
 2.8964E-02,0.010986759909664207
 2.8979E-02,0.007464293092547142
 2.8995E-02,0.004292757234484237
 2.9011E-02,0.0016307973719903181
 2.9027E-02,-0.0003806572293595504
 2.9042E-02,-0.0016309593865144669
 2.9058E-02,-0.002051500428515504
 2.9074E-02,-0.0016243720607384796
 2.9089E-02,-0.0003853718234016288
 2.9105E-02,0.001579635581690668
 2.9121E-02,0.004144212858317832
 2.9136E-02,0.007155593028197806
 2.9152E-02,0.010451958925776609
 2.9168E-02,0.013878863245016675
 2.9183E-02,0.01729990761354256
 2.9199E-02,0.020599265936377037
 2.9215E-02,0.023677190659946782
 2.9230E-02,0.026441599927171926
 2.9246E-02,0.028799887033035373
 2.9262E-02,0.030655753797181204
 2.9278E-02,0.03191425481442614
 2.9293E-02,0.03249385145824935
 2.9309E-02,0.03234042962613428
 2.9325E-02,0.03143814694193095
 2.9340E-02,0.029814485252105376
 2.9356E-02,0.027538878859709917
 2.9372E-02,0.024715656473808027
 2.9387E-02,0.02147398233404968
 2.9403E-02,0.01795820371596796
 2.9419E-02,0.014319957403701835
 2.9434E-02,0.010711531335851206
 2.9450E-02,0.0072806482259456795
 2.9466E-02,0.00416727119108525
 2.9482E-02,0.0015013360767599845
 2.9497E-02,-0.000600597489441539
 2.9513E-02,-0.0020402089964351344
 2.9529E-02,-0.0027428490346627257
 2.9544E-02,-0.0026629636098084446
 2.9560E-02,-0.001788942074839324
 2.9576E-02,-0.00014580441615679026
 2.9591E-02,0.0022052450692493673
 2.9607E-02,0.0051688921998506564
 2.9623E-02,0.008617560879468
 2.9638E-02,0.012394097025253452
 2.9654E-02,0.016318148605242968
 2.9670E-02,0.020197355750527512
 2.9685E-02,0.02384197926405102
 2.9701E-02,0.027080397434667863
 2.9717E-02,0.02977202078702766
 2.9733E-02,0.03181390019168256
 2.9748E-02,0.03313953817062893
 2.9764E-02,0.03371257960983959
 2.9780E-02,0.033520495987242604
 2.9795E-02,0.032571775753509544
 2.9811E-02,0.030896860652879256
 2.9827E-02,0.02855164704796359
 2.9842E-02,0.025622109629230738
 2.9858E-02,0.02222742365145281
 2.9874E-02,0.01851869485078561
 2.9889E-02,0.014672687212913432
 2.9905E-02,0.010881630062051041
 2.9921E-02,0.007339529691236058
 2.9937E-02,0.00422585452398843
 2.9952E-02,0.0016900892613781636
 2.9968E-02,-0.00015885098867845647
 2.9984E-02,-0.0012574050512902132
 2.9999E-02,-0.0015876515003156702
 3.0015E-02,-0.0011737691565405894
 3.0031E-02,-7.504632675380701e-05
 3.0046E-02,0.0016229543163816154
 3.0062E-02,0.003817806483327384
 3.0078E-02,0.006400603334318468
 3.0093E-02,0.009266233222444973
 3.0109E-02,0.01231898511298951
 3.0125E-02,0.015470082841671862
 3.0140E-02,0.018629405002257925
 3.0156E-02,0.021696702892785313
 3.0172E-02,0.024556564554995122
 3.0188E-02,0.027080413547290325
 3.0203E-02,0.029137611604543576
 3.0219E-02,0.030612985310908225
 3.0235E-02,0.03142294297896518
 3.0250E-02,0.03152322895282289
 3.0266E-02,0.030907434364828627
 3.0282E-02,0.029599764340019003
 3.0297E-02,0.027646172268789328
 3.0313E-02,0.02510826067186684
 3.0329E-02,0.022063864826246726
 3.0344E-02,0.018613650010164864
 3.0360E-02,0.01488793386620458
 3.0376E-02,0.011048573017503806
 3.0392E-02,0.007284531824633187
 3.0407E-02,0.003800754906075957
 3.0423E-02,0.0008002591407970704
 3.0439E-02,-0.0015372341169348166
 3.0454E-02,-0.003073958199726619
 3.0470E-02,-0.0037257164931827026
 3.0486E-02,-0.003465509267259157
 3.0501E-02,-0.0023195097758772413
 3.0517E-02,-0.00035717843830085187
 3.0533E-02,0.0023193795946518324
 3.0548E-02,0.005581309074398722
 3.0564E-02,0.009274286227375245
 3.0580E-02,0.013220749213254633
 3.0596E-02,0.017227431171627394
 3.0611E-02,0.021098114774971997
 3.0627E-02,0.024649363231571846
 3.0643E-02,0.027725826235645866
 3.0658E-02,0.03021003842656116
 3.0674E-02,0.032023067311783227
 3.0690E-02,0.03311823359692375
 3.0705E-02,0.033474501689444894
 3.0721E-02,0.03309377553895965
 3.0737E-02,0.032000781088114286
 3.0752E-02,0.03024277396861878
 3.0768E-02,0.02788882735206459
 3.0784E-02,0.025029027101903897
 3.0799E-02,0.021772728571213727
 3.0815E-02,0.018246444154465993
 3.0831E-02,0.014592986406742066
 3.0847E-02,0.010969859725460988
 3.0862E-02,0.007542392685054744
 3.0878E-02,0.004471381124083862
 3.0894E-02,0.0018994811568258806
 3.0909E-02,-6.118736132260669e-05
 3.0925E-02,-0.0013402417853046998
 3.0941E-02,-0.0019166992209739876
 3.0956E-02,-0.0018187158260806336
 3.0972E-02,-0.0011141046405584042
 3.0988E-02,0.00010639189644388392
 3.1003E-02,0.0017512018315120302
 3.1019E-02,0.003750930075009004
 3.1035E-02,0.006071058661133706
 3.1051E-02,0.008703723289530266
 3.1066E-02,0.01164071392441357
 3.1082E-02,0.014841444112177797
 3.1098E-02,0.018209693243586577
 3.1113E-02,0.02158778579008421
 3.1129E-02,0.02477250318839939
 3.1145E-02,0.02754910938430674
 3.1160E-02,0.029729277410762183
 3.1176E-02,0.03117689756004419
 3.1192E-02,0.03181615329663345
 3.1207E-02,0.031626269623507716
 3.1223E-02,0.030628150678949775
 3.1239E-02,0.02886823705408946
 3.1254E-02,0.026408516679064915
 3.1270E-02,0.023328258672356814
 3.1286E-02,0.019732968567810476
 3.1302E-02,0.01576329025252236
 3.1317E-02,0.01160133999975287
 3.1333E-02,0.007471483062074272
 3.1349E-02,0.00362879387227462
 3.1364E-02,0.00033385197820854935
 3.1380E-02,-0.0021777944890241045
 3.1396E-02,-0.0037229708386227935
 3.1411E-02,-0.0041922202062767405
 3.1427E-02,-0.003562790795070467
 3.1443E-02,-0.0018994086889202418
 3.1458E-02,0.0006556610984880587
 3.1474E-02,0.0038967115648315563
 3.1490E-02,0.007572221179726696
 3.1506E-02,0.011412219795943257
 3.1521E-02,0.015165012285870045
 3.1537E-02,0.018631771615214204
 3.1553E-02,0.02168740899162246
 3.1568E-02,0.024282739130991868
 3.1584E-02,0.026426428584032137
 3.1600E-02,0.02814998339340418
 3.1615E-02,0.02946953702548042
 3.1631E-02,0.030363767496625754
 3.1647E-02,0.030777468818577337
 3.1662E-02,0.03064309268340285
 3.1678E-02,0.029905501865662515
 3.1694E-02,0.0285414254137389
 3.1709E-02,0.026570648151386156
 3.1725E-02,0.024055830778780277
 3.1741E-02,0.021092826583595004
 3.1757E-02,0.017801092285473705
 3.1772E-02,0.014318634747487905
 3.1788E-02,0.010794684420390867
 3.1804E-02,0.007376825026626043
 3.1819E-02,0.004200158393978358
 3.1835E-02,0.0013825328580616852
 3.1851E-02,-0.0009802250537926716
 3.1866E-02,-0.002821500814482656
 3.1882E-02,-0.004106477091187962
 3.1898E-02,-0.004825984788652459
 3.1913E-02,-0.004985109767801304
 3.1929E-02,-0.004587564973273672
 3.1945E-02,-0.0036155071807667397
 3.1961E-02,-0.002017702884921007
 3.1976E-02,0.0002736929819490692
 3.1992E-02,0.0032974279757495466
 3.2008E-02,0.007013397490083489
 3.2023E-02,0.011274075242318035
 3.2039E-02,0.01582772452363087
 3.2055E-02,0.02035486580006697
 3.2070E-02,0.02452964885897076
 3.2086E-02,0.02808193141085738
 3.2102E-02,0.030832516526936433
 3.2117E-02,0.03269346195184333
 3.2133E-02,0.033646252621119824
 3.2149E-02,0.0337118834001355
 3.2164E-02,0.03292084827720693
 3.2180E-02,0.03129474091430355
 3.2196E-02,0.028851091127180678
 3.2212E-02,0.02562762855766586
 3.2227E-02,0.021711847744551867
 3.2243E-02,0.01726699646051868
 3.2259E-02,0.012547459811442094
 3.2274E-02,0.00788997181920174
 3.2290E-02,0.0036728499164727386
 3.2306E-02,0.0002562942322615904
 3.2321E-02,-0.0020749876951370954
 3.2337E-02,-0.0031561154166800916
 3.2353E-02,-0.002968483035427795
 3.2368E-02,-0.0016416594564031119
 3.2384E-02,0.0005694168411702007
 3.2400E-02,0.003322749302523468
 3.2416E-02,0.006239801458740212
 3.2431E-02,0.008973796287798631
 3.2447E-02,0.011286589087808375
 3.2463E-02,0.01310104206942621
 3.2478E-02,0.014501256200809621
 3.2494E-02,0.0156832060748973
 3.2510E-02,0.016875900873870645
 3.2525E-02,0.018253760589296425
 3.2541E-02,0.01986817931092305
 3.2557E-02,0.021631310135174376
 3.2572E-02,0.023358058596831065
 3.2588E-02,0.024832096885077398
 3.2604E-02,0.025859028713698627
 3.2620E-02,0.026299202346120657
 3.2635E-02,0.026081251617361606
 3.2651E-02,0.025186900096663106
 3.2667E-02,0.023617092646115886
 3.2682E-02,0.021377127979688073
 3.2698E-02,0.018492461435528445
 3.2714E-02,0.015026052877940753
 3.2729E-02,0.011083932611230841
 3.2745E-02,0.00682530990185306
 3.2761E-02,0.0024723162341735968
 3.2776E-02,-0.0017094040319621858
 3.2792E-02,-0.0054567571346204324
 3.2808E-02,-0.008548677479185699
 3.2823E-02,-0.010826678970581488
 3.2839E-02,-0.012202753534130268
 3.2855E-02,-0.01264293906553398
 3.2871E-02,-0.012116967144550392
 3.2886E-02,-0.010553579085125926
 3.2902E-02,-0.00785890090429237
 3.2918E-02,-0.003995860513358002
 3.2933E-02,0.0009348078084097135
 3.2949E-02,0.006659778412955456
 3.2965E-02,0.012753967364660421
 3.2980E-02,0.018714592793165907
 3.2996E-02,0.02407438318521521
 3.3012E-02,0.028505832562749977
 3.3027E-02,0.031862594340092414
 3.3043E-02,0.03415199613397785
 3.3059E-02,0.03547621228550678
 3.3075E-02,0.03597004100162091
 3.3090E-02,0.035739672947296235
 3.3106E-02,0.034817822292473107
 3.3122E-02,0.033162819486512354
 3.3137E-02,0.03070146613266738
 3.3153E-02,0.027388946770401077
 3.3169E-02,0.02327088685013069
 3.3184E-02,0.01853737842127511
 3.3200E-02,0.013535587916550598
 3.3216E-02,0.008714834913516229
 3.3231E-02,0.0045294481106107
 3.3247E-02,0.001345577673537505
 3.3263E-02,-0.0006307425424885299
 3.3278E-02,-0.001402287152379947
 3.3294E-02,-0.0011921094155620722
 3.3310E-02,-0.0004073827769213576
 3.3326E-02,0.0004368172109053114
 3.3341E-02,0.0008306181497418539
 3.3357E-02,0.00042146639075094533
 3.3373E-02,-0.0008387341762669926
 3.3388E-02,-0.0026446260790019393
 3.3404E-02,-0.004432075440784867
 3.3420E-02,-0.0055599832563377185
 3.3435E-02,-0.005496522682310887
 3.3451E-02,-0.003965747187031003
 3.3467E-02,-0.0010122436594565526
 3.3482E-02,0.003055941601599979
 3.3498E-02,0.007799316721432989
 3.3514E-02,0.012748282902729516
 3.3530E-02,0.017453592130038924
 3.3545E-02,0.02154284810807654
 3.3561E-02,0.024764280919218645
 3.3577E-02,0.02694648554017463
 3.3592E-02,0.027924709290831923
 3.3608E-02,0.027547974625643273
 3.3624E-02,0.025730965658839703
 3.3639E-02,0.022449968611871596
 3.3655E-02,0.01774374725350649
 3.3671E-02,0.011806482950734384
 3.3686E-02,0.0050612492400583416
 3.3702E-02,-0.001908621167268974
 3.3718E-02,-0.008482333406275003
 3.3733E-02,-0.014069617194532348
 3.3749E-02,-0.018179811960058672
 3.3765E-02,-0.020517398979732326
 3.3781E-02,-0.020978511452684246
 3.3796E-02,-0.019525658755507432
 3.3812E-02,-0.016123841524359847
 3.3828E-02,-0.01084812645041527
 3.3843E-02,-0.004031308306197248
 3.3859E-02,0.0037082420477232833
 3.3875E-02,0.01154956740948233
 3.3890E-02,0.01860702701331086
 3.3906E-02,0.024132089432272116
 3.3922E-02,0.027739066297013237
 3.3937E-02,0.029517048947680865
 3.3953E-02,0.02994990248009547
 3.3969E-02,0.02971678669522141
 3.3985E-02,0.02947890430075368
 3.4000E-02,0.029692318076816854
 3.4016E-02,0.03047022708924101
 3.4032E-02,0.03155135437838441
 3.4047E-02,0.03240692868967373
 3.4063E-02,0.03243248782494605
 3.4079E-02,0.031137070065244837
 3.4094E-02,0.028294040251371097
 3.4110E-02,0.024036854613281963
 3.4126E-02,0.01883763010710896
 3.4141E-02,0.013338284317400514
 3.4157E-02,0.00812943147015592
 3.4173E-02,0.0036066524945247503
 3.4189E-02,-7.983769647713912e-05
 3.4204E-02,-0.003048764652425709
 3.4220E-02,-0.00569241809870448
 3.4236E-02,-0.00860184951463805
 3.4251E-02,-0.012393478366797862
 3.4267E-02,-0.01748081295859436
 3.4283E-02,-0.0238476474523696
 3.4298E-02,-0.030919548766049323
 3.4314E-02,-0.037657868325870376
 3.4330E-02,-0.042862440452469605
 3.4345E-02,-0.04550315669265217
 3.4361E-02,-0.0449497081305416
 3.4377E-02,-0.04107874528372558
 3.4392E-02,-0.034222731598550646
 3.4408E-02,-0.024991047380864613
 3.4424E-02,-0.01415387363620659
 3.4440E-02,-0.002654852213867102
 3.4455E-02,0.008473603954491087
 3.4471E-02,0.018382473500782093
 3.4487E-02,0.026570076282282692
 3.4502E-02,0.032783574116424984
 3.4518E-02,0.03692685843927508
 3.4534E-02,0.039068553844952184
 3.4549E-02,0.039270596339137216
 3.4565E-02,0.03731784494745331
 3.4581E-02,0.03284078703111366
 3.4596E-02,0.025772216975052508
 3.4612E-02,0.016548091557426273
 3.4628E-02,0.005998391962787302
 3.4644E-02,-0.00468819314523349
 3.4659E-02,-0.014041488095339155
 3.4675E-02,-0.0207239299278178
 3.4691E-02,-0.02394450866427647
 3.4706E-02,-0.023433533393130784
 3.4722E-02,-0.019251385163014098
 3.4738E-02,-0.011881379773047087
 3.4753E-02,-0.00243264052910285
 3.4769E-02,0.007459194880506181
 3.4785E-02,0.01601959307381851
 3.4800E-02,0.02175512486751075
 3.4816E-02,0.023783790653322933
 3.4832E-02,0.02202433014704988
 3.4847E-02,0.017214520800875023
 3.4863E-02,0.010789307801962831
 3.4879E-02,0.004571283596529803
 3.4895E-02,0.00024883351701187034
 3.4910E-02,-0.0010845291701623767
 3.4926E-02,0.0009419365256722908
 3.4942E-02,0.006002546834498411
 3.4957E-02,0.013017715667794316
 3.4973E-02,0.020304131821878357
 3.4989E-02,0.026193201165846322
 3.5004E-02,0.02958138936260772
 3.5020E-02,0.02992086892656529
 3.5036E-02,0.02711439324164459
 3.5051E-02,0.02166143004232258
 3.5067E-02,0.014480586435037836
 3.5083E-02,0.006293108704648699
 3.5099E-02,-0.0025082495585606567
 3.5114E-02,-0.011381891318915897
 3.5130E-02,-0.01965594738038993
 3.5146E-02,-0.027165008459810416
 3.5161E-02,-0.03439523956912173
 3.5177E-02,-0.042039906621879244
 3.5193E-02,-0.05079002266781163
 3.5208E-02,-0.06113907245624503
 3.5224E-02,-0.07260413746142436
 3.5240E-02,-0.08320212282446057
 3.5255E-02,-0.09023897775390109
 3.5271E-02,-0.09171221482445893
 3.5287E-02,-0.08700849803377632
 3.5303E-02,-0.07676443586396553
 3.5318E-02,-0.062303782541314454
 3.5334E-02,-0.04484799896230931
 3.5350E-02,-0.025260382770701036
 3.5365E-02,-0.004890578066377934
 3.5381E-02,0.013962009638380877
 3.5397E-02,0.02933176650041061
 3.5412E-02,0.04073751637162924
 3.5428E-02,0.04836795325034067
 3.5444E-02,0.05238198123138278
 3.5459E-02,0.05384100547628225
 3.5475E-02,0.054441497096857486
 3.5491E-02,0.054197043641257506
 3.5506E-02,0.05132774139859425
 3.5522E-02,0.04499126842253324
 3.5538E-02,0.035864600507833654
 3.5554E-02,0.024400776119935588
 3.5569E-02,0.011309181494951092
 3.5585E-02,-0.0010392332778242069
 3.5601E-02,-0.010249365207785554
 3.5616E-02,-0.01575888819939762
 3.5632E-02,-0.01750484576105463
 3.5648E-02,-0.014958531781117073
 3.5663E-02,-0.009042250574079324
 3.5679E-02,-0.0030847761986188653
 3.5695E-02,-0.0005404109505296427
 3.5710E-02,-0.002783955011051224
 3.5726E-02,-0.009610655817830301
 3.5742E-02,-0.020355997129853504
 3.5758E-02,-0.03346638713365921
 3.5773E-02,-0.04639964309230515
 3.5789E-02,-0.057351276820878413
 3.5805E-02,-0.06593473689656604
 3.5820E-02,-0.07122245202805419
 3.5836E-02,-0.07085810660472441
 3.5852E-02,-0.06346610332139964
 3.5867E-02,-0.05055898631828044
 3.5883E-02,-0.03469530626654572
 3.5899E-02,-0.017101196473451288
 3.5914E-02,0.0011479274593064331
 3.5930E-02,0.01705276284147155
 3.5946E-02,0.027256411539066737
 3.5961E-02,0.030817380386523586
 3.5977E-02,0.028343037916513873
 3.5993E-02,0.01968221035480518
 3.6009E-02,0.0050726860728506976
 3.6024E-02,-0.012714791348883241
 3.6040E-02,-0.03017305963069818
 3.6056E-02,-0.04567236914146736
 3.6071E-02,-0.058479142577715096
 3.6087E-02,-0.06836559822900823
 3.6103E-02,-0.07791426033658136
 3.6118E-02,-0.09073917476387526
 3.6134E-02,-0.1059117785782279
 3.6150E-02,-0.1178274637822798
 3.6165E-02,-0.12151700976316102
 3.6181E-02,-0.11567837178755778
 3.6197E-02,-0.10182645064301815
 3.6213E-02,-0.08315373797579054
 3.6228E-02,-0.06352351367259632
 3.6244E-02,-0.04423722384095437
 3.6260E-02,-0.022722120364900927
 3.6275E-02,0.0017285706528727407
 3.6291E-02,0.024103389872648644
 3.6307E-02,0.040199767879794686
 3.6322E-02,0.05144177162852481
 3.6338E-02,0.0589213915212515
 3.6354E-02,0.060815053099233775
 3.6369E-02,0.058936814380820934
 3.6385E-02,0.05818142800820618
 3.6401E-02,0.05794106662109778
 3.6416E-02,0.0543113491013226
 3.6432E-02,0.04944479304232365
 3.6448E-02,0.047038834487805575
 3.6464E-02,0.04365100577146308
 3.6479E-02,0.03623366922683874
 3.6495E-02,0.028558357993670618
 3.6511E-02,0.021700333881114305
 3.6526E-02,0.011124243688431013
 3.6542E-02,-0.003531611817777546
 3.6558E-02,-0.01882201068723801
 3.6573E-02,-0.035744310521412845
 3.6589E-02,-0.056194377567258785
 3.6605E-02,-0.07644401924453208
 3.6620E-02,-0.09364531872849412
 3.6636E-02,-0.11198138137038927
 3.6652E-02,-0.1342930054330309
 3.6668E-02,-0.1555989569092488
 3.6683E-02,-0.17203274225767545
 3.6699E-02,-0.18635382706525225
 3.6715E-02,-0.19937870496614699
 3.6730E-02,-0.20707810661910234
 3.6746E-02,-0.20810547833249138
 3.6762E-02,-0.2041450752875152
 3.6777E-02,-0.19329761080364385
 3.6793E-02,-0.17098122168911148
 3.6809E-02,-0.13644430443896366
 3.6824E-02,-0.09304901627372342
 3.6840E-02,-0.04478771138600276
 3.6856E-02,0.0031717557976525743
 3.6872E-02,0.043747086864750526
 3.6887E-02,0.0713636770276004
 3.6903E-02,0.08357573828769421
 3.6919E-02,0.07824260369564204
 3.6934E-02,0.055122422443383515
 3.6950E-02,0.020592040837848553
 3.6966E-02,-0.01624062286740032
 3.6981E-02,-0.05011940038485157
 3.6997E-02,-0.0785134813882882
 3.7013E-02,-0.0993253099536401
 3.7028E-02,-0.11310553401402625
 3.7044E-02,-0.12381735266872831
 3.7060E-02,-0.132493331635909
 3.7075E-02,-0.1338746640605017
 3.7091E-02,-0.12522758481597435
 3.7107E-02,-0.10999146551798292
 3.7123E-02,-0.09003436483625946
 3.7138E-02,-0.06542605576535795
 3.7154E-02,-0.039045803202442865
 3.7170E-02,-0.01324918327271074
 3.7185E-02,0.013279594556485225
 3.7201E-02,0.03985018297864138
 3.7217E-02,0.058266826346925336
 3.7232E-02,0.060825402595228235
 3.7248E-02,0.050739282626855134
 3.7264E-02,0.034666507291839024
 3.7279E-02,0.013946715965863846
 3.7295E-02,-0.006741378795517658
 3.7311E-02,-0.01689040479157989
 3.7327E-02,-0.012886779284407571
 3.7342E-02,-3.2707767023430756e-05
 3.7358E-02,0.01891436420045072
 3.7374E-02,0.044529541068783846
 3.7389E-02,0.06919226023528988
 3.7405E-02,0.07989570219053109
 3.7421E-02,0.07323337294181362
 3.7436E-02,0.054203844766063894
 3.7452E-02,0.024383082814811843
 3.7468E-02,-0.015733181741904093
 3.7483E-02,-0.05591272957783109
 3.7499E-02,-0.08567466918070307
 3.7515E-02,-0.11123438295094124
 3.7530E-02,-0.1431818076394833
 3.7546E-02,-0.178806907503333
 3.7562E-02,-0.21217839109040854
 3.7578E-02,-0.24607782257573532
 3.7593E-02,-0.283306384309448
 3.7609E-02,-0.32036412715145157
 3.7625E-02,-0.3540956586346043
 3.7640E-02,-0.3800778764517445
 3.7656E-02,-0.39003091103481624
 3.7672E-02,-0.3807244567725906
 3.7687E-02,-0.357011774590834
 3.7703E-02,-0.32572008637103533
 3.7719E-02,-0.288274809590778
 3.7734E-02,-0.24171885991702963
 3.7750E-02,-0.18751369837322768
 3.7766E-02,-0.130493526754957
 3.7782E-02,-0.0711438344847625
 3.7797E-02,-0.00926130635804498
 3.7813E-02,0.046186623431547724
 3.7829E-02,0.08344922570436945
 3.7844E-02,0.10140542305554108
 3.7860E-02,0.10420052293160993
 3.7876E-02,0.09154795504881788
 3.7891E-02,0.06540723679481375
 3.7907E-02,0.03250495393203974
 3.7923E-02,-0.005419370127034674
 3.7938E-02,-0.04609002821704063
 3.7954E-02,-0.07800276476117349
 3.7970E-02,-0.09674689061280939
 3.7985E-02,-0.11305550799788638
 3.8001E-02,-0.13091553838895229
 3.8017E-02,-0.13820937436648173
 3.8033E-02,-0.12721588491455305
 3.8048E-02,-0.1037692318913667
 3.8064E-02,-0.07184431873428374
 3.8080E-02,-0.03294811468215245
 3.8095E-02,0.0016054236363288593
 3.8111E-02,0.022358557437728268
 3.8127E-02,0.03703429899403655
 3.8142E-02,0.051914313694835665
 3.8158E-02,0.05246602622857376
 3.8174E-02,0.02823839835834817
 3.8189E-02,-0.006876931229863194
 3.8205E-02,-0.04119631611444975
 3.8221E-02,-0.07673198142154358
 3.8237E-02,-0.10438440411756474
 3.8252E-02,-0.10762541462577412
 3.8268E-02,-0.09120888108404597
 3.8284E-02,-0.07117450168656918
 3.8299E-02,-0.04785432173585134
 3.8315E-02,-0.015692451770027142
 3.8331E-02,0.01739866256820511
 3.8346E-02,0.037900256711919426
 3.8362E-02,0.0432715649593558
 3.8378E-02,0.038174351208862985
 3.8393E-02,0.015636518266849243
 3.8409E-02,-0.030794527655088378
 3.8425E-02,-0.07852028932091687
 3.8441E-02,-0.10491999591916372
 3.8456E-02,-0.1218997188575418
 3.8472E-02,-0.14408230824174198
 3.8488E-02,-0.16834104218324483
 3.8503E-02,-0.198456241593626
 3.8519E-02,-0.24284043626620938
 3.8535E-02,-0.2892709086939077
 3.8550E-02,-0.3202580592243926
 3.8566E-02,-0.3375051570109523
 3.8582E-02,-0.3451044720984039
 3.8597E-02,-0.341151676468334
 3.8613E-02,-0.3278761890145983
 3.8629E-02,-0.3036876024425224
 3.8644E-02,-0.26593533484662457
 3.8660E-02,-0.22408241762122139
 3.8676E-02,-0.18700859276968454
 3.8692E-02,-0.14895193816037902
 3.8707E-02,-0.10272869180371415
 3.8723E-02,-0.0483931789660335
 3.8739E-02,0.01340345889449785
 3.8754E-02,0.07196270259801069
 3.8770E-02,0.10827428064430428
 3.8786E-02,0.11751937811546269
 3.8801E-02,0.10962348607285968
 3.8817E-02,0.09342875288657183
 3.8833E-02,0.06811156605383115
 3.8848E-02,0.028613523822019427
 3.8864E-02,-0.020337139622197825
 3.8880E-02,-0.06257568552275403
 3.8896E-02,-0.08568032337912287
 3.8911E-02,-0.09127124343942683
 3.8927E-02,-0.08900216947386543
 3.8943E-02,-0.08408742844745576
 3.8958E-02,-0.07252119834624596
 3.8974E-02,-0.049337822062721054
 3.8990E-02,-0.019531513278473567
 3.9005E-02,0.00545966945740824
 3.9021E-02,0.018195259994345955
 3.9037E-02,0.014462945305776354
 3.9052E-02,-0.006563719415617696
 3.9068E-02,-0.03501922714545911
 3.9084E-02,-0.060753350608948084
 3.9099E-02,-0.08964908687235218
 3.9115E-02,-0.12978514267692445
 3.9131E-02,-0.16854636886169505
 3.9147E-02,-0.18873625046526069
 3.9162E-02,-0.19343962064910822
 3.9178E-02,-0.19200256580334357
 3.9194E-02,-0.1826385288315149
 3.9209E-02,-0.1603953373412994
 3.9225E-02,-0.1253414291837379
 3.9241E-02,-0.0818084746294238
 3.9256E-02,-0.038868069695112036
 3.9272E-02,-0.004827642739175068
 3.9288E-02,0.019258329989512855
 3.9303E-02,0.032135561721124264
 3.9319E-02,0.02811606857112513
 3.9335E-02,0.009189269302361004
 3.9351E-02,-0.014279993549569325
 3.9366E-02,-0.03813173898610374
 3.9382E-02,-0.06445870374702374
 3.9398E-02,-0.09486275696233136
 3.9413E-02,-0.1318247123581786
 3.9429E-02,-0.18208291810701863
 3.9445E-02,-0.2425744459120296
 3.9460E-02,-0.29071919693113124
 3.9476E-02,-0.31376109596944307
 3.9492E-02,-0.3194886339120986
 3.9507E-02,-0.3106937181934727
 3.9523E-02,-0.28658983612365396
 3.9539E-02,-0.2539655080611653
 3.9554E-02,-0.2171029732587765
 3.9570E-02,-0.1773561616406438
 3.9586E-02,-0.13946994804861643
 3.9602E-02,-0.10851646229120701
 3.9617E-02,-0.08345346778834617
 3.9633E-02,-0.05932787393644631
 3.9649E-02,-0.03518779838616752
 3.9664E-02,-0.008113888229132948
 3.9680E-02,0.025312733347166078
 3.9696E-02,0.05664118358331663
 3.9711E-02,0.07467162296199606
 3.9727E-02,0.08111018787939304
 3.9743E-02,0.08427814845822802
 3.9758E-02,0.08341091084706705
 3.9774E-02,0.07131299716287509
 3.9790E-02,0.04482395711609151
 3.9806E-02,0.006951422298011503
 3.9821E-02,-0.0318544464651107
 3.9837E-02,-0.06188178592630791
 3.9853E-02,-0.08286074041972885
 3.9868E-02,-0.09815917010880186
 3.9884E-02,-0.11138038520423181
 3.9900E-02,-0.12510508615476457
 3.9915E-02,-0.13661461396351943
 3.9931E-02,-0.14380915686428455
 3.9947E-02,-0.15240097994018773
 3.9962E-02,-0.17002326763469094
 3.9978E-02,-0.1989174984937337
 3.9994E-02,-0.23152948731238332
 4.0010E-02,-0.2562800156197117
 4.0025E-02,-0.2725075640991231
 4.0041E-02,-0.2866152699172758
 4.0057E-02,-0.301106730457133
 4.0072E-02,-0.31640945705454104
 4.0088E-02,-0.3291222713519835
 4.0104E-02,-0.3297634122269101
 4.0119E-02,-0.3113826655279521
 4.0135E-02,-0.27656871373684844
 4.0151E-02,-0.23092393202760012
 4.0166E-02,-0.1732552133820425
 4.0182E-02,-0.0981654346935629
 4.0198E-02,-0.013096359398712093
 4.0213E-02,0.05766941378528827
 4.0229E-02,0.10019084559553901
 4.0245E-02,0.11610467759181341
 4.0261E-02,0.10017417099542658
 4.0276E-02,0.048226783840600536
 4.0292E-02,-0.02079734009567933
 4.0308E-02,-0.07834758476331656
 4.0323E-02,-0.11537687879345619
 4.0339E-02,-0.13623858007990305
 4.0355E-02,-0.14275602120079858
 4.0370E-02,-0.149221915665206
 4.0386E-02,-0.17966908087970035
 4.0402E-02,-0.22493817257311652
 4.0417E-02,-0.24546185466985687
 4.0433E-02,-0.23094862528728988
 4.0449E-02,-0.20186663318125295
 4.0465E-02,-0.16106886378755278
 4.0480E-02,-0.10571825970486351
 4.0496E-02,-0.052735281940395826
 4.0512E-02,-0.01615505646091161
 4.0527E-02,0.0075728250320537295
 4.0543E-02,0.0246277642020025
 4.0559E-02,0.028828458125824092
 4.0574E-02,0.014102372192359653
 4.0590E-02,-0.006579694853038902
 4.0606E-02,-0.017469363051151134
 4.0621E-02,-0.024163892822536157
 4.0637E-02,-0.032475752402569696
 4.0653E-02,-0.029068220848132452
 4.0668E-02,-0.012999375888099993
 4.0684E-02,0.0040921157778309875
 4.0700E-02,0.027661310769824365
 4.0716E-02,0.05588448339194402
 4.0731E-02,0.0657914261027226
 4.0747E-02,0.04385999062230472
 4.0763E-02,0.004622468258869271
 4.0778E-02,-0.04602372476899941
 4.0794E-02,-0.10930938298303211
 4.0810E-02,-0.16038855802412227
 4.0825E-02,-0.20131647837493918
 4.0841E-02,-0.23592132241401834
 4.0857E-02,-0.2713786005598285
 4.0872E-02,-0.3043497768304023
 4.0888E-02,-0.33790162105214877
 4.0904E-02,-0.38073469003537236
 4.0920E-02,-0.4287386468343827
 4.0935E-02,-0.4758114745564827
 4.0951E-02,-0.5194914056081474
 4.0967E-02,-0.5564019413645669
 4.0982E-02,-0.5769293603213682
 4.0998E-02,-0.5711521217699256
 4.1014E-02,-0.5409873415747644
 4.1029E-02,-0.4921851168967242
 4.1045E-02,-0.42777719717432666
 4.1061E-02,-0.3535237869691448
 4.1076E-02,-0.27045927842468026
 4.1092E-02,-0.17924008961041554
 4.1108E-02,-0.0906796363836002
 4.1123E-02,-0.010618646082988237
 4.1139E-02,0.06071309479763805
 4.1155E-02,0.11164217998394196
 4.1171E-02,0.13023589766346502
 4.1186E-02,0.12209652495100011
 4.1202E-02,0.09146096604791579
 4.1218E-02,0.03339476914438698
 4.1233E-02,-0.03602127295826188
 4.1249E-02,-0.09349149603104047
 4.1265E-02,-0.13649619685670622
 4.1280E-02,-0.1636803449512967
 4.1296E-02,-0.17714312853232683
 4.1312E-02,-0.19177371411964936
 4.1327E-02,-0.21031780556333785
 4.1343E-02,-0.21809474839348614
 4.1359E-02,-0.20624967668884986
 4.1375E-02,-0.1820353914605999
 4.1390E-02,-0.1526475532651346
 4.1406E-02,-0.11516861405291305
 4.1422E-02,-0.07205502378460985
 4.1437E-02,-0.034553931591149625
 4.1453E-02,-0.0030478034182377586
 4.1469E-02,0.0317895818130112
 4.1484E-02,0.06310480411864189
 4.1500E-02,0.06724020933919321
 4.1516E-02,0.038201524108525974
 4.1531E-02,-0.002903538830245758
 4.1547E-02,-0.04368397250017127
 4.1563E-02,-0.0840317586147794
 4.1578E-02,-0.10946938083065717
 4.1594E-02,-0.11053937598395273
 4.1610E-02,-0.10181904773726956
 4.1626E-02,-0.08914285627829185
 4.1641E-02,-0.05852738492837406
 4.1657E-02,-0.00933027408621323
 4.1673E-02,0.03776292255814675
 4.1688E-02,0.0638535904873923
 4.1704E-02,0.06334752086246687
 4.1720E-02,0.03587558471450665
 4.1735E-02,-0.020394982309729165
 4.1751E-02,-0.09314274330683497
 4.1767E-02,-0.15938849941249575
 4.1782E-02,-0.21720751230614685
 4.1798E-02,-0.2723286266016316
 4.1814E-02,-0.32313694024818573
 4.1830E-02,-0.38266495260783223
 4.1845E-02,-0.4550996381362562
 4.1861E-02,-0.5133686983380316
 4.1877E-02,-0.5449173782266906
 4.1892E-02,-0.5622610138108359
 4.1908E-02,-0.564696632746009
 4.1924E-02,-0.5491621350333932
 4.1939E-02,-0.5276882735525779
 4.1955E-02,-0.5010916270780541
 4.1971E-02,-0.4612284403551758
 4.1986E-02,-0.4169395947332896
 4.2002E-02,-0.3753191464999045
 4.2018E-02,-0.32163358590101554
 4.2034E-02,-0.24542217987453446
 4.2049E-02,-0.15753775795372482
 4.2065E-02,-0.06871223718027593
 4.2081E-02,0.015746680570268512
 4.2096E-02,0.08282465626394679
 4.2112E-02,0.12346037116738723
 4.2128E-02,0.1354607677791418
 4.2143E-02,0.11760713516020152
 4.2159E-02,0.08050968932022694
 4.2175E-02,0.03334990781346502
 4.2190E-02,-0.02259949226633997
 4.2206E-02,-0.07201049020707034
 4.2222E-02,-0.09773675644136294
 4.2237E-02,-0.10350858075001534
 4.2253E-02,-0.10107581767370061
 4.2269E-02,-0.09445080344188553
 4.2285E-02,-0.086971446601982
 4.2300E-02,-0.08109695460504338
 4.2316E-02,-0.06753938455467431
 4.2332E-02,-0.03898078565521779
 4.2347E-02,-0.009027143849515699
 4.2363E-02,0.0027512329607490837
 4.2379E-02,-0.0022641219612974384
 4.2394E-02,-0.004908082844864596
 4.2410E-02,0.0044018998003295465
 4.2426E-02,0.013730911752650411
 4.2441E-02,0.003918129203416448
 4.2457E-02,-0.028771248985782386
 4.2473E-02,-0.07152954083669144
 4.2489E-02,-0.11651797341020291
 4.2504E-02,-0.1541778363337403
 4.2520E-02,-0.16438891519416288
 4.2536E-02,-0.14449835393203797
 4.2551E-02,-0.11066931322951941
 4.2567E-02,-0.07144340607585453
 4.2583E-02,-0.03273619835535663
 4.2598E-02,-0.005328448932523183
 4.2614E-02,0.007955254851654173
 4.2630E-02,0.0052362543155757
 4.2645E-02,-0.021493910271195057
 4.2661E-02,-0.06405670984033321
 4.2677E-02,-0.1037563558305378
 4.2692E-02,-0.13616792280548368
 4.2708E-02,-0.1576482903019138
 4.2724E-02,-0.16257675603603172
 4.2740E-02,-0.1636355600716477
 4.2755E-02,-0.18423595742450738
 4.2771E-02,-0.23577255127512442
 4.2787E-02,-0.30740695582718935
 4.2802E-02,-0.37792890532726864
 4.2818E-02,-0.43302513024921047
 4.2834E-02,-0.4653817160009226
 4.2849E-02,-0.4667318584016668
 4.2865E-02,-0.4320502989366617
 4.2881E-02,-0.37421225767497224
 4.2896E-02,-0.3120685322106672
 4.2912E-02,-0.24751818133188808
 4.2928E-02,-0.18000832045556736
 4.2944E-02,-0.12250068057027705
 4.2959E-02,-0.08487484703515225
 4.2975E-02,-0.06404482831051583
 4.2991E-02,-0.054974685388852196
 4.3006E-02,-0.05172497865373327
 4.3022E-02,-0.043917989959885384
 4.3038E-02,-0.0317451392181852
 4.3053E-02,-0.028102960102523226
 4.3069E-02,-0.03712144458542164
 4.3085E-02,-0.04740247810756644
 4.3100E-02,-0.04998841659954825
 4.3116E-02,-0.050284956134727936
 4.3132E-02,-0.05764162883905033
 4.3147E-02,-0.07111922313100175
 4.3163E-02,-0.0792140655264521
 4.3179E-02,-0.07831047852472593
 4.3195E-02,-0.07937814104479841
 4.3210E-02,-0.08561287769975622
 4.3226E-02,-0.0917819715343185
 4.3242E-02,-0.09575856151527005
 4.3257E-02,-0.09785697763366115
 4.3273E-02,-0.10611444638347438
 4.3289E-02,-0.12991874870656847
 4.3304E-02,-0.16403119818398312
 4.3320E-02,-0.19526818635814924
 4.3336E-02,-0.21475678612172672
 4.3351E-02,-0.22545956275498638
 4.3367E-02,-0.2427972941713184
 4.3383E-02,-0.2693512018299135
 4.3399E-02,-0.28670526531683993
 4.3414E-02,-0.2849301816936377
 4.3430E-02,-0.26980459108944504
 4.3446E-02,-0.23828538961216222
 4.3461E-02,-0.18190829870981948
 4.3477E-02,-0.11091741748463549
 4.3493E-02,-0.04261374373998651
 4.3508E-02,0.011730370291244921
 4.3524E-02,0.0482143299768262
 4.3540E-02,0.06541611507474142
 4.3555E-02,0.05203339559727915
 4.3571E-02,0.0073956102390359615
 4.3587E-02,-0.04928564652268091
 4.3603E-02,-0.10543660687678064
 4.3618E-02,-0.15996108317702984
 4.3634E-02,-0.20170492122383754
 4.3650E-02,-0.21932560326363454
 4.3665E-02,-0.23343020154928293
 4.3681E-02,-0.26966352152485706
 4.3697E-02,-0.3151554953086264
 4.3712E-02,-0.35101762658332786
 4.3728E-02,-0.3860445488722157
 4.3744E-02,-0.42387794018715663
 4.3759E-02,-0.4467750523076698
 4.3775E-02,-0.44558618744072664
 4.3791E-02,-0.4301823889942204
 4.3806E-02,-0.4075521832588979
 4.3822E-02,-0.3718889139591494
 4.3838E-02,-0.32389528088251274
 4.3854E-02,-0.2770273945439442
 4.3869E-02,-0.23442218860664535
 4.3885E-02,-0.18664541332263895
 4.3901E-02,-0.13523331655170534
 4.3916E-02,-0.08814490488144286
 4.3932E-02,-0.04052330495999371
 4.3948E-02,0.009012786083473494
 4.3963E-02,0.042791539746372176
 4.3979E-02,0.04643561005605848
 4.3995E-02,0.02440099935536748
 4.4010E-02,-0.012090357579963077
 4.4026E-02,-0.05261506177403889
 4.4042E-02,-0.08743717538612221
 4.4058E-02,-0.1126431790660893
 4.4073E-02,-0.12805340438798385
 4.4089E-02,-0.13068469547124667
 4.4105E-02,-0.12067508298821941
 4.4120E-02,-0.10815038291817822
 4.4136E-02,-0.10896803785858511
 4.4152E-02,-0.1361060669691747
 4.4167E-02,-0.18190527134647205
 4.4183E-02,-0.22498938114713732
 4.4199E-02,-0.2666795374058603
 4.4214E-02,-0.3223872593246312
 4.4230E-02,-0.38345588443069734
 4.4246E-02,-0.4241133780450778
 4.4261E-02,-0.4318368471953459
 4.4277E-02,-0.41231952973842834
 4.4293E-02,-0.3844554085333331
 4.4309E-02,-0.3692754016143308
 4.4324E-02,-0.36775661985438707
 4.4340E-02,-0.36350323520195155
 4.4356E-02,-0.3511654307527934
 4.4371E-02,-0.3304693675328204
 4.4387E-02,-0.28800782687301923
 4.4403E-02,-0.22172272289797923
 4.4418E-02,-0.14544193299151545
 4.4434E-02,-0.06248651726903133
 4.4450E-02,0.020888689136768848
 4.4465E-02,0.07785346100218526
 4.4481E-02,0.08724743135956307
 4.4497E-02,0.057069267220376634
 4.4513E-02,0.01030454151692526
 4.4528E-02,-0.04418100031752298
 4.4544E-02,-0.1114532918783168
 4.4560E-02,-0.18542193687302966
 4.4575E-02,-0.24697506262590657
 4.4591E-02,-0.2872806188046815
 4.4607E-02,-0.3136880499821563
 4.4622E-02,-0.3389452152060628
 4.4638E-02,-0.37371777762127223
 4.4654E-02,-0.41496829993619544
 4.4669E-02,-0.4486822640264124
 4.4685E-02,-0.4695762130542109
 4.4701E-02,-0.48037283322078944
 4.4716E-02,-0.4738312856514509
 4.4732E-02,-0.44157610991913154
 4.4748E-02,-0.38957711961792824
 4.4764E-02,-0.3286756988656194
 4.4779E-02,-0.2690464868168582
 4.4795E-02,-0.21360034601154604
 4.4811E-02,-0.1510443542660011
 4.4826E-02,-0.07788985177151203
 4.4842E-02,-0.007052785886101073
 4.4858E-02,0.04822898849186863
 4.4873E-02,0.08020015680025161
 4.4889E-02,0.08848209050196142
 4.4905E-02,0.079422174861435
 4.4920E-02,0.060513561417627454
 4.4936E-02,0.03218298153061753
 4.4952E-02,-0.006182232821699107
 4.4968E-02,-0.046926150669345745
 4.4983E-02,-0.0861799077595292
 4.4999E-02,-0.12612954882024935
 4.5015E-02,-0.16238447123002264
 4.5030E-02,-0.1862690104641053
 4.5046E-02,-0.19811847586235087
 4.5062E-02,-0.20992628953503126
 4.5077E-02,-0.23002825278061012
 4.5093E-02,-0.25703925209727485
 4.5109E-02,-0.28516817514134196
 4.5124E-02,-0.3111786677190791
 4.5140E-02,-0.340230673732308
 4.5156E-02,-0.38055494267571527
 4.5172E-02,-0.43351901943205856
 4.5187E-02,-0.48160098585152644
 4.5203E-02,-0.5000440570936702
 4.5219E-02,-0.48973100848670725
 4.5234E-02,-0.4650057536512738
 4.5250E-02,-0.42409983019572506
 4.5266E-02,-0.374940085906795
 4.5281E-02,-0.33978198754316713
 4.5297E-02,-0.310140096887311
 4.5313E-02,-0.261793814725298
 4.5328E-02,-0.2056635969491712
 4.5344E-02,-0.1616796257583598
 4.5360E-02,-0.11457077461041726
 4.5375E-02,-0.048585978425982196
 4.5391E-02,0.024979097761654925
 4.5407E-02,0.07905093734684557
 4.5423E-02,0.08311873823612029
 4.5438E-02,0.04301365319007506
 4.5454E-02,-0.005608882447617626
 4.5470E-02,-0.050611432473775204
 4.5485E-02,-0.10111494091704018
 4.5501E-02,-0.1576772165265072
 4.5517E-02,-0.22131717577448412
 4.5532E-02,-0.2972130716248817
 4.5548E-02,-0.35749084778225215
 4.5564E-02,-0.3771175384965566
 4.5579E-02,-0.38566355596900503
 4.5595E-02,-0.4093809776330829
 4.5611E-02,-0.430904212457801
 4.5627E-02,-0.43552084857854184
 4.5642E-02,-0.42756265112540653
 4.5658E-02,-0.40677172359177494
 4.5674E-02,-0.3680788744893851
 4.5689E-02,-0.3128779398916706
 4.5705E-02,-0.24329082534518864
 4.5721E-02,-0.16371820655513225
 4.5736E-02,-0.08897553265068114
 4.5752E-02,-0.01807807496870166
 4.5768E-02,0.061152668446102496
 4.5783E-02,0.12904579462446902
 4.5799E-02,0.15492970160502995
 4.5815E-02,0.1391566776115694
 4.5830E-02,0.1026783397010731
 4.5846E-02,0.06302278235580133
 4.5862E-02,0.029307469009953797
 4.5878E-02,0.006838898871800392
 4.5893E-02,-0.011548560250203895
 4.5909E-02,-0.043562506881841365
 4.5925E-02,-0.08897940414502792
 4.5940E-02,-0.13425894782857395
 4.5956E-02,-0.17426999640450835
 4.5972E-02,-0.20926709066697993
 4.5987E-02,-0.24090432830309416
 4.6003E-02,-0.26817047682527795
 4.6019E-02,-0.29218902912997785
 4.6034E-02,-0.3158222864971944
 4.6050E-02,-0.333217013716341
 4.6066E-02,-0.336780302920081
 4.6082E-02,-0.3380543689306276
 4.6097E-02,-0.35643786289285645
 4.6113E-02,-0.383834180355019
 4.6129E-02,-0.3918894640787039
 4.6144E-02,-0.3815252320218713
 4.6160E-02,-0.3548923179275565
 4.6176E-02,-0.3263988425627166
 4.6191E-02,-0.3033253940330761
 4.6207E-02,-0.2835815606349216
 4.6223E-02,-0.26407312984023007
 4.6238E-02,-0.2168850957537648
 4.6254E-02,-0.14979952715354047
 4.6270E-02,-0.08585631386118797
 4.6286E-02,-0.0484708951039256
 4.6301E-02,0.005812334585287423
 4.6317E-02,0.0518037852894795
 4.6333E-02,0.04753946259418779
 4.6348E-02,0.007849638968380299
 4.6364E-02,-0.04348794583946212
 4.6380E-02,-0.09424761565940735
 4.6395E-02,-0.11985626305132688
 4.6411E-02,-0.12362270196498061
 4.6427E-02,-0.13774614437118365
 4.6442E-02,-0.16363981419644302
 4.6458E-02,-0.1662655769404896
 4.6474E-02,-0.13340048438824592
 4.6489E-02,-0.09214228738405153
 4.6505E-02,-0.06617700094367236
 4.6521E-02,-0.057766258967345455
 4.6537E-02,-0.05544520286553058
 4.6552E-02,-0.060261752977517236
 4.6568E-02,-0.07309859247110197
 4.6584E-02,-0.0718934766389669
 4.6599E-02,-0.04623456632013653
 4.6615E-02,-0.01588284837379259
 4.6631E-02,-0.004786817139820366
 4.6646E-02,-0.011871378033566882
 4.6662E-02,-0.010915914606670041
 4.6678E-02,0.01044909126024828
 4.6693E-02,0.033563817458365584
 4.6709E-02,0.04793784375276269
 4.6725E-02,0.07150850598228092
 4.6741E-02,0.0952319287640154
 4.6756E-02,0.08705706575754829
 4.6772E-02,0.0689180755182607
 4.6788E-02,0.06343715500792563
 4.6803E-02,0.035441824142290884
 4.6819E-02,-0.019177595750588812
 4.6835E-02,-0.06122624583678653
 4.6850E-02,-0.09990066973011164
 4.6866E-02,-0.1636592502511058
 4.6882E-02,-0.23154342451887056
 4.6897E-02,-0.28041670055002926
 4.6913E-02,-0.32526804954762994
 4.6929E-02,-0.3763480220699621
 4.6944E-02,-0.42351326987835375
 4.6960E-02,-0.4616770044878941
 4.6976E-02,-0.49660957894210844
 4.6992E-02,-0.5304447830580835
 4.7000E-02,-0.5448891526257519
