67,0.0
67,5.35883123787149e-05
67,5.35883123787149e-05
67,5.35877427939273e-05
67,5.355822389657097e-05
67,5.347006846378761e-05
67,5.331174758135263e-05
67,5.312722310242094e-05
67,5.3107623973974965e-05
67,5.3485090199993085e-05
67,5.438696963510775e-05
67,5.5895051972202644e-05
67,5.814959791029595e-05
67,6.128843007992786e-05
67,6.530908366536697e-05
67,7.000287663540986e-05
67,7.500263857158444e-05
67,7.990982560421467e-05
67,8.441214050219148e-05
67,8.829826787648108e-05
67,9.140297331478088e-05
67,9.364073566231095e-05
67,9.503853545794913e-05
67,9.560093340301384e-05
67,9.521983872824287e-05
67,9.377968289229693e-05
67,9.133020981935608e-05
67,8.819880446299992e-05
67,8.486398619605972e-05
67,8.164149253724988e-05
67,7.856104599810632e-05
67,7.552463265665343e-05
67,7.249397659863247e-05
67,6.956316054806708e-05
67,6.698016902395747e-05
67,6.516294424010476e-05
67,6.45725557605096e-05
67,6.541807563981791e-05
67,6.747996668621068e-05
67,7.028427921742761e-05
67,7.345604278120234e-05
67,7.682395296598322e-05
67,8.023081886616548e-05
67,8.35002491805943e-05
67,8.667315283651253e-05
67,9.009472259397404e-05
67,9.409848453699419e-05
67,9.848649992286484e-05
67,0.00010232032836283808
67,0.0001044245031199624
67,0.00010419231654372849
67,0.00010181888231450406
67,9.788545700148998e-05
67,9.29423639295466e-05
67,8.736073633248533e-05
67,8.132065723170058e-05
67,7.487714870825167e-05
67,6.808528117031085e-05
67,6.11562953557979e-05
67,5.4583315922191994e-05
67,4.9085056026189874e-05
67,4.530310775048147e-05
67,4.345673095165243e-05
67,4.3234257412178866e-05
67,4.40198837264471e-05
67,4.531321216996527e-05
67,4.698389156281397e-05
67,4.917295986883226e-05
67,5.207833192478882e-05
67,5.582346738361815e-05
67,6.032950852532789e-05
67,6.524971656752228e-05
67,7.015168214480843e-05
67,7.477468122082523e-05
67,7.900047929328946e-05
67,8.261052586964542e-05
67,8.528579493169501e-05
67,8.693667003970717e-05
67,8.787997548024301e-05
67,8.853911557170913e-05
67,8.893105545742566e-05
67,8.847018497103802e-05
67,8.636189945482801e-05
67,8.220901834140745e-05
67,7.616998409286676e-05
67,6.86628078213699e-05
67,6.0161393699713146e-05
67,5.1227653706854506e-05
67,4.2522849867972774e-05
67,3.472008706441949e-05
67,2.8401866990579516e-05
67,2.4010761991881548e-05
67,2.1879041731474916e-05
67,2.225439223155737e-05
67,2.52260102157086e-05
67,3.060529205216819e-05
67,3.785120111017344e-05
67,4.608442091935971e-05
67,5.4299720088280877e-05
67,6.178368788591228e-05
67,6.841389929142397e-05
67,7.448465252709684e-05
67,8.020649701865828e-05
67,8.546022808829722e-05
67,9.00645157485855e-05
67,9.415016942837771e-05
67,9.807601768988966e-05
67,0.00010183976081242364
67,0.00010468932999479757
67,0.00010559001830849395
67,0.00010405210210189802
67,0.00010027214633720249
67,9.461931412364979e-05
67,8.733111742934725e-05
67,7.86300595543284e-05
67,6.89017778601361e-05
67,5.873785879509493e-05
67,4.8809788544327355e-05
67,3.973011373726639e-05
67,3.2075540051984056e-05
67,2.6434011811716682e-05
67,2.3284145630211e-05
67,2.2797930042348587e-05
67,2.4765065684401377e-05
67,2.875382539234563e-05
67,3.4465436061104735e-05
67,4.193807529268158e-05
67,5.1323055529940777e-05
67,6.247754152128332e-05
67,7.473536229986644e-05
67,8.693081355501912e-05
67,9.775512821788478e-05
67,0.00010644879178363842
67,0.0001132321637744801
67,0.00011882382113436563
67,0.00012352387973840688
67,0.00012700760627984347
67,0.00012893112221246204
67,0.00012937739574034944
67,0.00012865398097542866
67,0.00012685215939306998
67,0.00012370808806159167
67,0.00011889975327446529
67,0.00011237238409173148
67,0.00010426371329741473
67,9.46860564956016e-05
67,8.381312630638911e-05
67,7.210375451144189e-05
67,6.034027049196898e-05
67,4.9534729556883774e-05
67,4.08123695496524e-05
67,3.527357480224648e-05
67,3.3824946968388314e-05
67,3.697417777182613e-05
67,4.4686552736083614e-05
67,5.64105706041284e-05
67,7.116332966280007e-05
67,8.758128214386373e-05
67,0.00010413413600930465
67,0.00011961119836974814
67,0.00013348581104962717
67,0.0001456654614622503
67,0.00015582652522784548
67,0.00016318796591023254
67,0.00016718195256479172
67,0.00016834955354035042
67,0.00016826904050268898
67,0.0001682732047213333
67,0.00016829074210749815
67,0.00016717400453204073
67,0.00016394294972210186
67,0.00015831247423048054
67,0.00015025134546974616
67,0.0001396204394488565
67,0.00012637082806122546
67,0.00011092355905665123
67,9.428164368310682e-05
67,7.77303884436373e-05
67,6.246036907884153e-05
67,4.952520629691571e-05
67,3.995795835472093e-05
67,3.465388607771896e-05
67,3.407047594898066e-05
67,3.8034182117113994e-05
67,4.586352910833188e-05
67,5.679661892992634e-05
67,7.031456917071954e-05
67,8.600126132275424e-05
67,0.00010317622540111188
67,0.0001207050943465642
67,0.00013709775082915856
67,0.00015098069362049133
67,0.0001618401354129948
67,0.00017022218601815946
67,0.00017677895833734348
67,0.00018115598221358811
67,0.00018224617819727527
67,0.00017950243544843336
67,0.00017360051772932533
67,0.0001658037505843716
67,0.0001569349023406106
67,0.0001470073061618483
67,0.00013568860795742132
67,0.00012285729543940144
67,0.00010860760170226806
67,9.306495437648194e-05
67,7.653681900601318e-05
67,5.9698410953817556e-05
67,4.3467598580280315e-05
67,2.882144331474011e-05
67,1.6797735628374617e-05
67,8.592424775295874e-06
67,5.530681268870847e-06
67,8.77308467795011e-06
67,1.892964151268839e-05
67,3.585720568523326e-05
67,5.8599478363231696e-05
67,8.533721499709294e-05
67,0.00011353973165495194
67,0.00014054114985404155
67,0.0001642596701506802
67,0.0001834279908965102
67,0.00019720611841262084
67,0.00020494367878835275
67,0.00020674635874127847
67,0.00020419413713344134
67,0.00019986441387926683
67,0.00019559605652208609
67,0.00019127600118404756
67,0.00018556308946221354
67,0.00017753228103140113
67,0.0001672524972009967
67,0.0001550672625327532
67,0.00014090507825678596
67,0.00012443887075904003
67,0.00010571633240529261
67,8.551539811673027e-05
67,6.515972300540487e-05
67,4.616993358964271e-05
67,3.018937374656399e-05
67,1.901135559551902e-05
67,1.428904696016458e-05
67,1.6987104947890397e-05
67,2.697605862453569e-05
67,4.3123067257171634e-05
67,6.384981605567321e-05
67,8.770477963843608e-05
67,0.00011357593255457616
67,0.00014051545578906984
67,0.00016738076947159269
67,0.00019259016861179057
67,0.0002143740244177561
67,0.00023157134774869862
67,0.00024409095405794693
67,0.000252237755047148
67,0.000255726942446543
67,0.00025390199909919477
67,0.0002469971861703976
67,0.0002366511347375064
67,0.00022484662130560005
67,0.000212493731057165
67,0.00019916700505681373
67,0.00018405015908701407
67,0.00016685290010106746
67,0.0001478263288488745
67,0.00012738321998259018
67,0.00010613100142438633
67,8.510824729092835e-05
67,6.563349786688788e-05
67,4.8922274414874643e-05
67,3.598854368895717e-05
67,2.7905297800283786e-05
67,2.6059399077983166e-05
67,3.199933133106374e-05
67,4.6895916725729626e-05
67,7.101104535883561e-05
67,0.00010335626257498636
67,0.00014154930402394706
67,0.00018206490303637122
67,0.00022103364662097956
67,0.0002553147738657538
67,0.00028301929153552865
67,0.00030305468337497355
67,0.00031463611922799074
67,0.0003177668033075184
67,0.00031404472410597584
67,0.00030626669855767397
67,0.00029664507483101427
67,0.000285483183672298
67,0.00027188228995853416
67,0.00025545871901496667
67,0.0002368779625309547
67,0.00021693288471151745
67,0.00019572403333722693
67,0.00017284224493715247
67,0.00014809030544232147
67,0.00012198405839482956
67,9.573174967031746e-05
67,7.09939125809068e-05
67,4.9821248263733474e-05
67,3.4620346930904487e-05
67,2.7755724395681848e-05
67,3.082114345796722e-05
67,4.403510134813824e-05
67,6.625279967961452e-05
67,9.560868388010501e-05
67,0.00013019671165409783
67,0.00016827783684724635
67,0.00020804315957341672
67,0.00024724002505020635
67,0.0002830331095637418
67,0.0003125614551743779
67,0.0003341410751144098
67,0.0003479053341008197
67,0.00035483522695765424
67,0.0003552246967469922
67,0.0003486652059653395
67,0.0003355307305485392
67,0.00031774261350968547
67,0.0002977061753765876
67,0.0002767128934810087
67,0.000254528368101223
67,0.0002304085891022032
67,0.00020418239732632767
67,0.0001762472519334881
67,0.00014709430030798276
67,0.00011742796093428416
67,8.856695671891938e-05
67,6.233500104732018e-05
67,4.058997991929602e-05
67,2.4919859043151077e-05
67,1.6714704361409662e-05
67,1.7450359579008757e-05
67,2.865745407159515e-05
67,5.1363240404353735e-05
67,8.544921625609267e-05
67,0.00012932105554710568
67,0.00017993806397560943
67,0.00023323722435149026
67,0.00028493863748859977
67,0.0003314004852862367
67,0.0003699159040943818
67,0.0003982815282200555
67,0.00041461997064082316
67,0.0004183706222320821
67,0.0004114470278184515
67,0.0003976497401673712
67,0.0003803279804149698
67,0.00036062302102629146
67,0.000338095684886618
67,0.0003125823706711947
67,0.0002848141216732129
67,0.000255526367118036
67,0.00022481795281739043
67,0.00019253078147624916
67,0.00015893505537031467
67,0.00012503616723980832
67,9.23885219057783e-05
67,6.280772177930148e-05
67,3.839523779091191e-05
67,2.1656624089487616e-05
67,1.5206488025824752e-05
67,2.106281404162907e-05
67,3.99840479889851e-05
67,7.127913021185392e-05
67,0.00011319306701122495
67,0.00016340290145571744
67,0.00021912232909122916
67,0.0002769739760010803
67,0.00033300390455621846
67,0.0003829886032906278
67,0.0004233114380866291
67,0.00045228056099221996
67,0.0004705063403155231
67,0.0004793530502546189
67,0.00047906566089553083
67,0.0004690069856314453
67,0.00044962402819373335
67,0.0004234088058394075
67,0.0003936204896927093
67,0.00036234236444423063
67,0.0003299364854392779
67,0.0002960768589559085
67,0.00026077024115920313
67,0.00022430665054073312
67,0.0001869401186780733
67,0.00014925765601590834
67,0.00011275930077228174
67,7.98351935509349e-05
67,5.3205009676996254e-05
67,3.535995527651868e-05
67,2.838189529082358e-05
67,3.405604785931728e-05
67,5.381502467601099e-05
67,8.830080274807195e-05
67,0.000136853330199287
67,0.00019724963771005106
67,0.00026574317577326474
67,0.00033743678772889057
67,0.0004070484282285754
67,0.00046978652799481907
67,0.0005217201909905663
67,0.0005595620924349771
67,0.0005808322171153597
67,0.0005851010150569411
67,0.0005750972141053618
67,0.0005556938628307441
67,0.0005310367269033556
67,0.0005026319275134004
67,0.0004702284522511344
67,0.0004338700234588288
67,0.00039447703195191774
67,0.0003529260920026987
67,0.0003094619917268299
67,0.00026417786221787396
67,0.0002177951873786161
67,0.00017190758331995186
67,0.00012863677199096064
67,9.030537514561418e-05
67,5.952828890462756e-05
67,3.9345575668923626e-05
67,3.287090769646766e-05
67,4.25103021260425e-05
67,6.920328501587934e-05
67,0.00011215811474294531
67,0.0001691939823597627
67,0.0002372289079057164
67,0.000312468293376396
67,0.00039038326555525455
67,0.0004657509830414923
67,0.0005330040428837455
67,0.0005872963651775315
67,0.0006260745432510414
67,0.0006495719632822341
67,0.0006591628742603328
67,0.000655339979943806
67,0.000637951345655391
67,0.0006082345396837665
67,0.0005696492371889665
67,0.0005262610158646834
67,0.0004805810689458882
67,0.0004331416376417214
67,0.00038380044338539655
67,0.0003328922851293697
67,0.00028111645869689393
67,0.0002291147860865512
67,0.00017783948895055057
67,0.00012921029955860288
67,8.612921096331286e-05
67,5.189066082353227e-05
67,2.959237052536053e-05
67,2.1949040968978867e-05
67,3.137827310362265e-05
67,5.983053939467201e-05
67,0.00010814426964015958
67,0.0001753171762434566
67,0.0002581232283049541
67,0.0003511916991840073
67,0.00044760760554787935
67,0.0005400702982524717
67,0.0006221918182847614
67,0.0006890770085053236
67,0.0007369992222253252
67,0.0007633599944317204
67,0.0007678919874230079
67,0.0007538178027058097
67,0.0007267286218616122
67,0.000691480764699744
67,0.0006502109072779365
67,0.0006033359005656009
67,0.0005516462607233236
67,0.0004967204685990546
67,0.00043975783639801913
67,0.0003809250882073048
67,0.00032009839165489195
67,0.0002580331375560464
67,0.00019680647620800505
67,0.00013942271792256755
67,8.933540284372433e-05
67,5.037315574092423e-05
67,2.6684885186061512e-05
67,2.21748340571123e-05
67,3.9525106824456695e-05
67,7.938793203835932e-05
67,0.00014028583746884078
67,0.00021919167462538288
67,0.00031212896440427633
67,0.0004142844620347365
67,0.0005198231680737387
67,0.0006218328862802778
67,0.0007127871489883133
67,0.0007859978395764469
67,0.000837695672525378
67,0.0008678183394325488
67,0.0008782208287682667
67,0.0008702438928316806
67,0.0008446596716716673
67,0.000803652858323077
67,0.000751612211731199
67,0.0006933294430700752
67,0.0006316882349062473
67,0.0005673467389329912
67,0.0005003196964263604
67,0.0004312988952801309
67,0.00036149546565145477
67,0.0002920988241665458
67,0.00022460923278508804
67,0.00016155093989976018
67,0.00010653352599630016
67,6.364382455079007e-05
67,3.681795921305353e-05
67,2.9634897268912075e-05
67,4.535207396427116e-05
67,8.65681769474858e-05
67,0.00015428997834928722
67,0.0002469329810965263
67,0.00035986304222903275
67,0.000485652262872834
67,0.0006150168003140158
67,0.0007383366807039046
67,0.0008472402815691243
67,0.0009353311663907178
67,0.0009978826799049952
67,0.0010318252045842034
67,0.0010370695870895062
67,0.0010177045044882638
67,0.0009806079611711157
67,0.0009318874478494142
67,0.0008746169887293944
67,0.0008098869664125535
67,0.0007390634313199496
67,0.0006642332381204088
67,0.000586938815151326
67,0.0005074981651094009
67,0.00042590219025419253
67,0.0003432001151438545
67,0.00026204962626453165
67,0.00018631620460844115
67,0.00012055930919965084
67,6.990591702567836e-05
67,3.9873221692842296e-05
67,3.5582142267487e-05
67,6.051367710093422e-05
67,0.00011551410778767313
67,0.00019866643657745915
67,0.0003059446424157641
67,0.00043188444366406436
67,0.0005697369877534312
67,0.0007113580636476651
67,0.0008473287003456921
67,0.0009677230307138967
67,0.001063955181554974
67,0.001131186352254241
67,0.001169153637798366
67,0.0011801002143920292
67,0.0011660220159241173
67,0.0011285524902789159
67,0.0010710703500524715
67,0.0009994376145975679
67,0.0009198159850030739
67,0.0008359497860017798
67,0.0007487864242150729
67,0.000658321719202819
67,0.0005652199146810641
67,0.00047083388771986396
67,0.0003767743631139155
67,0.0002853401934222092
67,0.00020026063191009257
67,0.0001266374823093318
67,7.00967711665888e-05
67,3.593239992266611e-05
67,2.877707583135815e-05
67,5.259430740534938e-05
67,0.00011029730226295574
67,0.00020271675246004152
67,0.0003274623416189527
67,0.0004783752904851464
67,0.0006458100256502946
67,0.0008177076486346897
67,0.0009813687883076746
67,0.00112541953218017
67,0.0012409731585900734
67,0.0013216854301197215
67,0.0013639672494363678
67,0.0013683615168006132
67,0.0013404933672761395
67,0.0012891007581122126
67,0.0012218695191530738
67,0.0011429479373312834
67,0.0010541834959665584
67,0.0009576277786625733
67,0.0008560213241615055
67,0.0007514303772240861
67,0.0006445375374889211
67,0.0005356556991360426
67,0.00042627365879313237
67,0.0003197008397759535
67,0.00022071511341946004
67,0.00013509549941018346
67,6.949479843699374e-05
67,3.1148685379044785e-05
67,2.6850544342208734e-05
67,6.137921642580788e-05
67,0.0001361774219578413
67,0.0002490093049837378
67,0.0003945620984997028
67,0.0005652132091911685
67,0.0007513921254307535
67,0.0009417354621430458
67,0.0011234945286174975
67,0.001283635619058263
67,0.0014110927996180112
67,0.0014995469579641091
67,0.0015483662955732504
67,0.001560305228110297
67,0.0015384034032631555
67,0.0014856929701405387
67,0.0014072727933295776
67,0.0013108761908115975
67,0.001204292493111497
67,0.001092315316597276
67,0.0009763665811750005
67,0.0008565981248050926
67,0.0007337558569591244
67,0.0006093498743717262
67,0.00048537669371967376
67,0.0003649405695141041
67,0.00025311513220166443
67,0.0001568082118820013
67,8.364981322092269e-05
67,4.0828372079896214e-05
67,3.453537109203305e-05
67,6.981957041194515e-05
67,0.00015009017077882714
67,0.00027594027671167193
67,0.00044385822338010515
67,0.0006456038561309871
67,0.0008685463521168378
67,0.0010969444631647363
67,0.001314099403486585
67,0.0015048480471979715
67,0.0016572408093497146
67,0.0017629349778192957
67,0.0018175740565937223
67,0.0018222222925055843
67,0.0017841558438309328
67,0.0017143995803323574
67,0.0016229282946772442
67,0.0015157698459491546
67,0.0013961620361887437
67,0.0012671303903092459
67,0.0011320226636314927
67,0.0009931794485320662
67,0.0008513771621746043
67,0.0007071430144803243
67,0.0005625742755743528
67,0.000422071476239885
67,0.0002919268803282328
67,0.00017975713609040284
67,9.427061839385612e-05
67,4.483320670083327e-05
67,4.020809019946338e-05
67,8.666003043362208e-05
67,0.00018631681264618722
67,0.00033661584642121503
67,0.0005308267578877719
67,0.0007588469427854331
67,0.0010076776677949825
67,0.00126178389684603
67,0.0015038433856694896
67,0.001716391135172865
67,0.00188479179719242
67,0.0020006653623674763
67,0.002063016688644714
67,0.002075526333115183
67,0.0020427980972587624
67,0.0019696760047309223
67,0.0018632712872181099
67,0.0017334678426456276
67,0.0015900341520258398
67,0.0014392331657858315
67,0.0012833924234220604
67,0.0011232028369094363
67,0.0009597782938157046
67,0.0007949422236932803
67,0.0006311173575496476
67,0.00047222465958759763
67,0.0003247878757083583
67,0.00019781310060301648
67,0.00010143662187539642
67,4.541170739075444e-05
67,3.8226507743135727e-05
67,8.666559822250574e-05
67,0.00019501555107977905
67,0.00036360074196165255
67,0.0005873070063626424
67,0.0008549645499717236
67,0.0011498952231057517
67,0.0014515445372722251
67,0.0017380992372565888
67,0.001989546812846721
67,0.0021899227826212204
67,0.0023281468406798405
67,0.0023987014427026506
67,0.0024032169294683214
67,0.0023510887848859257
67,0.002256373696250961
67,0.0021321332225697686
67,0.001986947850570524
67,0.001825946731739968
67,0.0016534926915424443
67,0.0014737876185050415
67,0.0012895766997098675
67,0.0011017678314772798
67,0.0009111190431963033
67,0.000720436587758881
67,0.000535486609662937
67,0.00036455142857115357
67,0.000217722184521934
67,0.00010647382358501455
67,4.297704050052334e-05
67,3.8504167175616973e-05
67,0.00010114825478858415
67,0.00023384028315476247
67,0.0004335722560493558
67,0.0006918160758869608
67,0.0009953029780068515
67,0.001326589527195339
67,0.0016646805563388458
67,0.0019862751358395245
67,0.0022681526524965566
67,0.0024910332744074288
67,0.0026437529785128164
67,0.0027246250901181777
67,0.002738329530321645
67,0.0026914867934596733
67,0.0025915142675775084
67,0.0024484611729594387
67,0.0022752469124101265
67,0.0020842755141309514
67,0.0018836279544405135
67,0.0016766363196029806
67,0.0014645207553175225
67,0.0012487851976840324
67,0.0010317091453377256
67,0.0008164360693447659
67,0.0006081363121071188
67,0.00041531147969093836
67,0.00024964119452342096
67,0.00012436219067306738
67,5.239176688937258e-05
67,4.5091619111840366e-05
67,0.00011147483430862636
67,0.0002570225465505276
67,0.000481833371919504
67,0.000778874871974006
67,0.0011333160428423175
67,0.0015232664474702211
67,0.0019218112502591683
67,0.0023002587550097152
67,0.0026320549865596118
67,0.002895929179263496
67,0.003077389660298915
67,0.003169697967019056
67,0.003175407210453265
67,0.003106557361593842
67,0.0029807796568773245
67,0.00281477332925619
67,0.0026202852703181836
67,0.002405021967743795
67,0.002175369515447654
67,0.0019369624011081543
67,0.0016933397779007318
67,0.0014457196636411568
67,0.001195112882739558
67,0.0009450297950379714
67,0.0007027379431373171
67,0.000478915683026391
67,0.00028683262437366713
67,0.00014165378242094522
67,5.9355450674481597e-05
67,5.463315168200919e-05
67,0.00013807224935600008
67,0.00031368080774949646
67,0.0005778085405928577
67,0.0009194705694342163
67,0.0013211967923035376
67,0.0017597953843492017
67,0.0022073169406158044
67,0.002632852479621827
67,0.0030057520559793223
67,0.003300550939511264
67,0.0035021434513834884
67,0.0036076047758334495
67,0.0036227648261870065
67,0.00355699344413617
67,0.0034213351067250626
67,0.0032298725188203464
67,0.0029995009953244947
67,0.002745954179229695
67,0.0024795680746248494
67,0.0022049050035008143
67,0.0019238188909029403
67,0.001638302086138483
67,0.0013512885656391505
67,0.0010670111742684934
67,0.0007924553606633671
67,0.0005388490955652889
67,0.00032142431700082864
67,0.0001574477806534001
67,6.389538095338908e-05
67,5.5785387446792594e-05
67,0.00014495970641978595
67,0.00033842668154926154
67,0.0006360149855531294
67,0.0010282395204557443
67,0.0014955144536793028
67,0.002009112093712028
67,0.002533751692080532
67,0.003031729146483882
67,0.003467976374800676
67,0.0038143563177387117
67,0.004051976095653149
67,0.0041725021171296305
67,0.004179603677569392
67,0.004088620253306783
67,0.0039217308244042
67,0.0037003855265184847
67,0.0034405599756484953
67,0.0031534033761087678
67,0.002847941858118348
67,0.0025316475424890287
67,0.0022091247370213955
67,0.0018821174964265748
67,0.0015521218021935222
67,0.0012236747870072427
67,0.0009060283770448425
67,0.0006129413089283903
67,0.00036174167326354995
67,0.00017231031002800713
67,6.551246824710448e-05
67,6.0480844721850394e-05
67,0.00017107944239819483
67,0.00040279242968426193
67,0.0007512190420887981
67,0.0012022437859955722
67,0.0017329478671152109
67,0.002312599652427954
67,0.0029040519180985633
67,0.0034662997612164566
67,0.003958871570374666
67,0.004348214039171938
67,0.004614157166367132
67,0.004752258296517463
67,0.004769892659631615
67,0.00467998820721108
67,0.004498235380904445
67,0.004243873877481519
67,0.0039389264954769
67,0.0036035253162498187
67,0.003251121390858129
67,0.0028880826840411177
67,0.002517197704608526
67,0.0021410569205429593
67,0.0017633042405874536
67,0.0013894393498454286
67,0.001028734089464261
67,0.0006959970859508947
67,0.0004112072565305381
67,0.00019704656948329552
67,7.593239239596562e-05
67,6.772962100280818e-05
67,0.00018793152802918043
67,0.000445381081889911
67,0.0008393370375487199
67,0.0013569413660256921
67,0.0019723679549880826
67,0.0026480863535220016
67,0.0033381006854867287
67,0.003993100847911336
67,0.004566904484251284
67,0.005022245865811475
67,0.00533427323984662
67,0.005492454412502118
67,0.00550194835059226
67,0.005382526784328844
67,0.0051624398425732096
67,0.00486942979044424
67,0.004525005716146857
67,0.0041447272725226745
67,0.00374090335698726
67,0.0033232334670410665
67,0.002897628604211314
67,0.0024665731674599883
67,0.0020323525426404663
67,0.0016010209962892825
67,0.001184552686986992
67,0.0008007850119806103
67,0.0004723233961735933
67,0.00022512259477256927
67,8.632642286143964e-05
67,8.07947483216549e-05
67,0.0002266980279728706
67,0.0005315692499719463
67,0.0009901802934955924
67,0.0015844140217062576
67,0.002284193824616784
67,0.0030487881273773996
67,0.0038288635475314217
67,0.004570141456808514
67,0.005219369017501057
67,0.005732558021404447
67,0.006083016350942438
67,0.006264288390041687
67,0.00628564247037845
67,0.006164535248301046
67,0.005922670524717526
67,0.005586001467456243
67,0.005183217576771776
67,0.0047401816386915445
67,0.00427446657504239
67,0.0037949130566827384
67,0.003305638321370165
67,0.0028100599679430206
67,0.002312735661769878
67,0.0018207860910091122
67,0.0013464456094226347
67,0.0009091930023257017
67,0.0005352232796857361
67,0.0002543426698687472
67,9.61606871859015e-05
67,8.69578127040351e-05
67,0.000247037752078959
67,0.0005876217499611088
67,0.0011071794598591085
67,0.0017884278234984452
67,0.002597412768918778
67,0.0034851311488485488
67,0.004391558850047901
67,0.005252112864956455
67,0.006005937536416021
67,0.006603726406546601
67,0.0070128355581243135
67,0.007219949065625173
67,0.00723225682782486
67,0.0070753115436493355
67,0.006785214912408184
67,0.0063978865230850225
67,0.005942116877144332
67,0.005439322232590362
67,0.004906148103524019
67,0.004355178419157197
67,0.003793975591217083
67,0.003225951319646471
67,0.002654407032160883
67,0.0020873882380555314
67,0.001540478008591777
67,0.0010369509317634217
67,0.0006064470078369298
67,0.000282977424090988
67,0.00010195205522511982
67,9.571212307058663e-05
67,0.0002880065032044517
67,0.0006889692189053898
67,0.0012922002120326842
67,0.00207426709758888
67,0.002995688731837967
67,0.004002669682486075
67,0.005029994530453225
67,0.006006071946845609
67,0.0068609191212781325
67,0.007536799349255693
67,0.007998327892500993
67,0.008236279442791213
67,0.008262395317961873
67,0.008100219506611528
67,0.0077795501088720066
67,0.00733525340652601
67,0.006804702661021226
67,0.006221124710386782
67,0.005607374656923959
67,0.00497549055017774
67,0.004331344105444411
67,0.0036794811574540577
67,0.0030257221177731413
67,0.0023793757392084167
67,0.001756579759797366
67,0.001182885772057679
67,0.0006925404324287511
67,0.0003246023604041458
67,0.00011808469940029171
67,0.00010773021668695954
67,0.00032025316930161163
67,0.0007701041667607124
67,0.0014547916612783157
67,0.0023512364857833207
67,0.003414760003045789
67,0.0045812017228076835
67,0.005772037488437682
67,0.00690261591362256
67,0.007892883122763249
67,0.008677852542936288
67,0.009214797197965122
67,0.009486846246758433
67,0.009503830765518704
67,0.009298726566016548
67,0.008917733818969148
67,0.008407395945356432
67,0.007806099189129884
67,0.007143063349837362
67,0.0064407235739537124
67,0.0057154908300883975
67,0.004977093381756244
67,0.004230124155799325
67,0.0034791379015206955
67,0.0027346819908043466
67,0.002016987775449778
67,0.0013564521957368067
67,0.0007920078556269669
67,0.000368324723776593
67,0.0001317156563375904
67,0.00012433910822389445
67,0.0003772259759308626
67,0.000903890186959845
67,0.0016964050651298778
67,0.0027244353159423954
67,0.003936273910847288
67,0.00526109180482347
67,0.006612881343420592
67,0.00789729813767045
67,0.00902230835670707
67,0.009912011891636981
67,0.01051950174030333
67,0.010831848816669038
67,0.01086407099900586
67,0.010647846532677783
67,0.010223773329512013
67,0.009638493535510842
67,0.008940703898046427
67,0.00817314241656516
67,0.0073654686770218795
67,0.006533853902946456
67,0.005686450327373262
67,0.004829282332140419
67,0.003969849966284179
67,0.0031203813334977105
67,0.002302186850070606
67,0.0015488122425733122
67,0.0009050677506662191
67,0.0004221499075044923
67,0.00015143133821357764
67,0.000138798811441594
67,0.00041940982369262055
67,0.0010119489411192732
67,0.0019126265988969968
67,0.003090720084463887
67,0.004487475848542611
67,0.006018892542246397
67,0.007582252754153376
67,0.009066644161785565
67,0.010366839588621633
67,0.01139723975050988
67,0.012101842167150522
67,0.01245909459638671
67,0.012482273046001122
67,0.012214021217623314
67,0.011713691105920545
67,0.011041721694714271
67,0.010249133448678376
67,0.00937546404223921
67,0.008450794348430457
67,0.0074965736620475005
67,0.006525398241421267
67,0.0055434572244570735
67,0.0045569717752750455
67,0.003579726924919064
67,0.0026379544052892506
67,0.001771295310775382
67,0.0010308098624633934
67,0.00047513080960320353
67,0.00016488946433983079
67,0.00015517398270312497
67,0.0004866619146735112
67,0.0011774286028005405
67,0.00221766775427424
67,0.0035680589942178615
67,0.00516084842143009
67,0.006902784577391986
67,0.0086804778780963
67,0.010369651162566742
67,0.01184931213637838
67,0.013019740222030153
67,0.013818906365806162
67,0.014228978971127236
67,0.014269241430684428
67,0.013982081786512843
67,0.01342235555683908
67,0.012652204272778262
67,0.011735149453089082
67,0.010726356271171139
67,0.009664420942437767
67,0.008571002668114452
67,0.007457291332093889
67,0.0063312253783735055
67,0.0052024311642485735
67,0.0040868914863939265
67,0.0030126624236012697
67,0.0020237735084132373
67,0.0011789191146988147
67,0.0005452673994330581
67,0.00019045510037789297
67,0.00017500509071578893
67,0.0005451104668071176
67,0.0013249300872724657
67,0.002508913151504831
67,0.004056335544896518
67,0.005890100803142483
67,0.007900340782633849
67,0.009952715079456734
67,0.011901861435599086
67,0.013609404530771542
67,0.014962522106248034
67,0.015887672062038467
67,0.016357164910470248
67,0.016388885118098342
67,0.01603823534004105
67,0.015381844725931376
67,0.014498386676407786
67,0.013455463964733929
67,0.012306130848869981
67,0.011090433893506451
67,0.009836369875641083
67,0.008560308677550123
67,0.00727062157518576
67,0.005975799759905282
67,0.004693872724012326
67,0.003458848746957027
67,0.002322368642718779
67,0.001351304871072895
67,0.0006225659684521484
67,0.00021557802267526923
67,0.00020244334483963646
67,0.000636578946443699
67,0.0015421452214113957
67,0.00290696177632282
67,0.004679981107099177
67,0.0067724233545321255
67,0.009061624996638786
67,0.011398269935947522
67,0.013618808426339127
67,0.01556425257979155
67,0.017103604105699912
67,0.018154914292143907
67,0.018693795034406855
67,0.018745032816518466
67,0.01836507737550239
67,0.017627574206010976
67,0.016615044997281298
67,0.01541040939644838
67,0.01408505926119451
67,0.012689322788011577
67,0.011252170836997758
67,0.00978891211741746
67,0.008310062860320185
67,0.006828013477692218
67,0.005363581954029672
67,0.003953557234686792
67,0.0026556160812978248
67,0.0015466081431292484
67,0.0007146668543859436
67,0.00024883668080323486
67,0.00022892212830974087
67,0.000715635422515878
67,0.0017403131185008698
67,0.0032950875483516245
67,0.005326159649887394
67,0.0077324788094186355
67,0.010370368399774066
67,0.013064070658933719
67,0.015622988675943444
67,0.017865116003284155
67,0.01964174146044087
67,0.02085621487346382
67,0.021472826605681897
67,0.021515603904210086
67,0.021056740502568255
67,0.020195504862815072
67,0.019034438745129587
67,0.01766286458797541
67,0.016151544858257
67,0.014553578554691787
67,0.012905572471178853
67,0.011228950170773057
67,0.009535096442564166
67,0.007835575920598796
67,0.006153954121533002
67,0.004534310886396754
67,0.003043895726158519
67,0.0017702611494253096
67,0.0008143015357132332
67,0.0002801369871033463
67,0.0002622085852750581
67,0.0008306360676653302
67,0.0020175524821429928
67,0.0038076895901866734
67,0.006134697770178868
67,0.008882336366473785
67,0.011889469871618458
67,0.014959693301364362
67,0.01787787380287776
67,0.020435025485966873
67,0.022458920860663843
67,0.023841293478268674
67,0.024549051805210872
67,0.024614264510234005
67,0.024112065280466333
67,0.023141022209296546
67,0.021810494021630603
67,0.020228698249899976
67,0.018488054506098014
67,0.01665414129113599
67,0.014765609391176276
67,0.01284341361625204
67,0.010901690361852914
67,0.00895656593396145
67,0.007035141148690334
67,0.0051854668852551605
67,0.003482888445514678
67,0.0020279120141994626
67,0.0009361606094918657
67,0.0003248751176813066
67,0.00029929316712106607
67,0.000939234378602304
67,0.0022854068931402044
67,0.004326821278411008
67,0.006992504962255555
67,0.010150066534548124
67,0.013611617603632846
67,0.017147163931132154
67,0.020506740541274555
67,0.02345094447337597
67,0.025783777623595548
67,0.027378156624099193
67,0.02818789160330708
67,0.028245208018595456
67,0.02764443926841662
67,0.02651457419034227
67,0.024989417943023916
67,0.023186703320884256
67,0.021200329163472066
67,0.01910046830571552
67,0.01693510885399591
67,0.014732553488443585
67,0.01250843959215005
67,0.010278519665691294
67,0.008073524353788164
67,0.005950464417118635
67,0.003996783107683052
67,0.0023270293043294848
67,0.0010736033827625452
67,0.0003731397056018299
67,0.00034946127574580213
67,0.0010945771100278863
67,0.002651000134927708
67,0.004999375270385027
67,0.008053363553813711
67,0.011660893636018223
67,0.015610553186247714
67,0.01964421321543908
67,0.02347890481668232
67,0.026839719027183358
67,0.029499979741447798
67,0.031316653956025224
67,0.032245228050541905
67,0.03232760855625465
67,0.03166392893360374
67,0.030385886059328297
67,0.02863812601662496
67,0.026561704495802255
67,0.024276101589870085
67,0.021866595178873408
67,0.019384664359175758
67,0.016859139157345954
67,0.014309415871428723
67,0.011756797547718611
67,0.009236554827877979
67,0.006811171626573802
67,0.004578774774030075
67,0.002670678293091981
67,0.0012386178861419177
67,0.0004370644838073213
67,0.00040483506230225345
67,0.0012468227918255924
67,0.003015822940500272
67,0.005696500516567319
67,0.009195269002052222
67,0.013338776977085
67,0.017881408689568987
67,0.022522182757265814
67,0.026933134243744522
67,0.030799168705839715
67,0.03386178330001165
67,0.03595371799761117
67,0.0370151791489807
67,0.037089611218155655
67,0.036300906218574076
67,0.03481734200256583
67,0.03281369235809162
67,0.030444601591569816
67,0.02783383831433789
67,0.025073679928406922
67,0.02222720694157099
67,0.019332368099169252
67,0.01641113536056978
67,0.013485193435942504
67,0.010594546728983925
67,0.007812610116151399
67,0.005252712067123737
67,0.003064518709874821
67,0.001421867699208712
67,0.0005043715425112271
67,0.00047464039046810953
67,0.0014533706587833524
67,0.0034964390982909085
67,0.006578876056282141
67,0.010588085368683607
67,0.015325209044459616
67,0.02051315410874268
67,0.025812865578509956
67,0.030852041008423817
67,0.035268646230375386
67,0.03876391534584546
67,0.041148845691946996
67,0.04236409264496723
67,0.04246516425561833
67,0.04158599841862045
67,0.039902588342698955
67,0.0376060313444078
67,0.03487982136851789
67,0.0318779483178999
67,0.028710930246135646
67,0.025447322538875168
67,0.02212724389917171
67,0.018778065865224947
67,0.01542846573740225
67,0.012124263012639747
67,0.008946145206390385
67,0.0060213197470670235
67,0.003521117033597346
67,0.0016448341256899406
67,0.0005963197933165439
67,0.0005588529824975609
67,0.0016701402180038568
67,0.003998290477112169
67,0.007521654254287181
67,0.012116734053698447
67,0.017556696814323935
67,0.023520653246761364
67,0.029614667710406817
67,0.035408009547590796
67,0.0404853212672633
67,0.044505100027582234
67,0.047246961455469215
67,0.048633781461140765
67,0.04872499860874677
67,0.047684718502888065
67,0.04573367561215776
67,0.04310035696349382
67,0.039986894701679085
67,0.03655495933877425
67,0.03292503407546456
67,0.029180320392477265
67,0.025372794735094337
67,0.02153438852405864
67,0.017695517171123505
67,0.013908096041773885
67,0.0102658899744646
67,0.006914924241341894
67,0.004050349479354947
67,0.001900672166100102
67,0.0007026713901506234
67,0.0006704016418702695
67,0.001962064042475474
67,0.004650334727029491
67,0.008702085319648481
67,0.013969979248343867
67,0.02019411310030656
67,0.027011769637802153
67,0.033977821763213914
67,0.04060202314535748
67,0.04640662803110727
67,0.050996883850593595
67,0.05412284020703024
67,0.05570630303140208
67,0.05582241701738983
67,0.05465178624263662
67,0.05243027182694461
67,0.04941011825679746
67,0.04582900302377333
67,0.04188399694197875
67,0.03771740351434065
67,0.03342072932219405
67,0.029051053249908504
67,0.02464865396659114
67,0.020253220603037372
67,0.01592402506715013
67,0.0117639717153366
67,0.007936617495520066
67,0.0046649473518493075
67,0.0022111347134904772
67,0.0008450379041876582
67,0.0008091679204883709
67,0.0022840678430483857
67,0.005356700045691951
67,0.0099957393677787
67,0.016037845800157845
67,0.023186462459046847
67,0.03102278029868878
67,0.03903109340889091
67,0.04664471786453029
67,0.053314567136011376
67,0.05858809085144026
67,0.06217440443071498
67,0.06397492574285986
67,0.06407308449830287
67,0.06268918365171061
67,0.06011504879052012
67,0.0566496382517232
67,0.05255517947670016
67,0.04804003277466737
67,0.04325985274587438
67,0.03832500539067322
67,0.033308981966982905
67,0.028260431190657277
67,0.023223278583279154
67,0.018264489755683753
67,0.013501989266111566
67,0.00912200689733099
67,0.005378197571007044
67,0.002571602748563611
67,0.0010158320566886268
67,0.000993672416923169
67,0.0027121078475598297
67,0.006263990640036246
67,0.011603468695195237
67,0.018536772439911427
67,0.0267245167534175
67,0.03569274230714421
67,0.04485723594073662
67,0.05357119377752838
67,0.0612017991755203
67,0.06722526021657518
67,0.07131052959283996
67,0.07335653468161535
67,0.07346864936425408
67,0.07189405707073536
67,0.0689509372755135
67,0.06497195301459519
67,0.06026238657789291
67,0.05507096824681589
67,0.04957886832602283
67,0.04390904120125297
67,0.038145671516052575
67,0.03235142500164983
67,0.026583362256600712
67,0.020917442338661472
67,0.01548193849982198
67,0.01048412707361868
67,0.006213043316074878
67,0.003014598304855251
67,0.0012480632103097132
67,0.0012355840876044594
67,0.0032132455884843003
67,0.007289797182163116
67,0.013417983308586312
67,0.02138075751027295
67,0.030790952542769867
67,0.04110296071835289
67,0.0516414593336853
67,0.06165861883786267
67,0.07042487562126379
67,0.0773372390864806
67,0.08201081543227572
67,0.08432215418096763
67,0.08439335380925904
67,0.08252650525881126
67,0.0791118655166956
67,0.0745405782781012
67,0.0691483519137061
67,0.06319781405917893
67,0.05688688072303737
67,0.05036370996865588
67,0.043737271528148436
67,0.03708627595186904
67,0.030476703165770544
67,0.023993693834873844
67,0.01778106120443173
67,0.01207183169671637
67,0.007194022120340265
67,0.003545899467305836
67,0.001546092010123456
67,0.001570252069343747
67,0.003888159416152278
67,0.00861465611761417
67,0.01568246648620551
67,0.024834920884656025
67,0.03562969545875337
67,0.047449219930528516
67,0.05952670842786535
67,0.07100551545558285
67,0.08104176280389845
67,0.08893539557597982
67,0.0942469228552708
67,0.09685032353723738
67,0.0969015415737139
67,0.09474745444522518
67,0.09082227428698458
67,0.08556374758563114
67,0.07935738954027284
67,0.07250880506189251
67,0.06524436954629663
67,0.057731958654743405
67,0.050102537063719636
67,0.042460252269043895
67,0.03489109004679173
67,0.027490275844261197
67,0.020410652557119897
67,0.013908115245710617
67,0.00835498855820065
67,0.0042103257230031495
67,0.0019571456224158597
67,0.002026073756836154
67,0.00472402769988536
67,0.01018128226107409
67,0.018322318054585153
67,0.028856580167403736
67,0.04128011305737975
67,0.054884552307262253
67,0.06878499571742233
67,0.0819890917708133
67,0.09351878710164693
67,0.10256318747487082
67,0.10861148231513663
67,0.11151624898252503
67,0.11146765315769147
67,0.10889362426061296
67,0.10432446515014047
67,0.09827014154411977
67,0.09114940078328278
67,0.08328027857404634
67,0.0749086447365716
67,0.06623865026190363
67,0.05744289502729666
67,0.04865743777174354
67,0.0399858637730503
67,0.03153260008810529
67,0.023461930302025286
67,0.016055237560787465
67,0.009733578644796997
67,0.0050282231398901195
67,0.0025052793161742587
67,0.002667748950047417
67,0.005864147787789299
67,0.012227360829050155
67,0.02165127932293901
67,0.033792727260631
67,0.0480778325288881
67,0.06370583023636746
67,0.07966946898874602
67,0.09482567285862174
67,0.10803559258737705
67,0.11835229388209251
67,0.12519096996963627
67,0.12840696728642728
67,0.12824952257122207
67,0.1252245141832591
67,0.11993431208536406
67,0.1129500719624819
67,0.1047411216584071
67,0.09566361784393823
67,0.08599309998107398
67,0.0759677011602268
67,0.06580631268172966
67,0.05569390539474739
67,0.04576610694795584
67,0.036135412751155525
67,0.026966285174823003
67,0.01855931157271593
67,0.011390217002618861
67,0.00607546389842331
67,0.0032752004109405314
67,0.00357012727918121
67,0.007353630991654753
67,0.014767172640144599
67,0.02568188926224258
67,0.03970530922387396
67,0.05618616294383341
67,0.07421060384449778
67,0.09261691863087854
67,0.11007432471064482
67,0.12525078083719088
67,0.1370392488811175
67,0.1447608833737043
67,0.14826100289061397
67,0.1478620637845672
67,0.14419929929201744
67,0.1380072585490792
67,0.1299405314611806
67,0.12049223919331217
67,0.11001852356955716
67,0.09881690394509549
67,0.08718532441119457
67,0.07542058541956587
67,0.06377224183699315
67,0.05240836688160451
67,0.041444407732096275
67,0.03103946033811192
67,0.021510374794212653
67,0.013393432109684845
67,0.0074095460879517894
67,0.0043404688654210995
67,0.004866162001380183
67,0.00942662597423094
67,0.018151993479792013
67,0.030861924195789838
67,0.04709377007050555
67,0.0661115942961581
67,0.0868861964810532
67,0.10809011803691382
67,0.12817542418315242
67,0.14557258551548874
67,0.15897639589413076
67,0.16761069143816804
67,0.17134757739333725
67,0.17062664735078245
67,0.1662252938604308
67,0.1589925142513425
67,0.14965085301808262
67,0.13872347041613006
67,0.12658250725819328
67,0.11355744067381347
67,0.10001541767906842
67,0.08635383021538659
67,0.07291827505999421
67,0.059927088027787484
67,0.047489664879885284
67,0.03573623557152662
67,0.024985932722171894
67,0.015843557564180093
67,0.009157738775973374
67,0.005854350491066867
67,0.0067229471357310435
67,0.012248799046683446
67,0.02254639380381933
67,0.037383262486909284
67,0.056227787636955795
67,0.07825415981644154
67,0.10229693611672794
67,0.12682126074291006
67,0.15000441801303685
67,0.16998139709876325
67,0.18520654562616287
67,0.19478705416409847
67,0.198631445812968
67,0.19734508654550903
67,0.1919267009937038
67,0.1834041988878801
67,0.17257042863378635
67,0.15992529507515393
67,0.1458071333420994
67,0.13058065220709142
67,0.11473335147378563
67,0.09882081991464317
67,0.08331647789105907
67,0.06848975570578378
67,0.05442419223116374
67,0.04119538617397127
67,0.02911063156249697
67,0.01885526418650954
67,0.011442975048850022
67,0.007987148039372137
67,0.009410557955479256
67,0.01623314097163029
67,0.028516760927609373
67,0.045938532027177466
67,0.06787978640688348
67,0.09342586822265742
67,0.12127348254521174
67,0.14965256672210828
67,0.1764029642727806
67,0.19928243697872497
67,0.2164457420314967
67,0.2268914600224026
67,0.23064219459103913
67,0.2285611401105836
67,0.2219100648401918
67,0.2118739178158665
67,0.1992699153455877
67,0.18454720645189354
67,0.1680136377178818
67,0.1500967653018822
67,0.13145178528220477
67,0.11285354109925186
67,0.09495555053657641
67,0.0780908147916122
67,0.06228176657224651
67,0.047496610007249
67,0.03400429976477891
67,0.02259048756395785
67,0.014483324656382936
67,0.011026513863234541
67,0.01328529162085585
67,0.02179127890390639
67,0.03652381900539171
67,0.057057982554613654
67,0.08269748574093493
67,0.11244798669290451
67,0.14484799828493944
67,0.17782422788599153
67,0.20877027319167848
67,0.2349537408053192
67,0.2541626360715457
67,0.2652972836180077
67,0.268580470161695
67,0.2652634993847542
67,0.2569855623749735
67,0.24511788474370183
67,0.23042750918294805
67,0.21320342864885428
67,0.1936795428420102
67,0.17240675426123464
67,0.15032550015951096
67,0.12853247173828708
67,0.10790688356821689
67,0.08882703888878181
67,0.07118974743268985
67,0.05478583497909008
67,0.03982028482357002
67,0.027220313994074458
67,0.018509459710668273
67,0.01532557894457751
67,0.018880452321153294
67,0.029662761306722386
67,0.047497897508392325
67,0.07182101615028848
67,0.10187135852255419
67,0.13660405163005768
67,0.1743886323166386
67,0.21276697930771143
67,0.24854244946355863
67,0.2783386516770516
67,0.2994967862919794
67,0.3108927868765988
67,0.313165959993248
67,0.30816130603507874
67,0.2979401997954028
67,0.2839429548695154
67,0.2667322636113415
67,0.24636571318904957
67,0.22304246608077666
67,0.197550574847496
67,0.17124700969359544
67,0.1456646254651121
67,0.12197827677615186
67,0.1005798394427169
67,0.08111785808116247
67,0.0630999899970471
67,0.04665774060040785
67,0.032935711021346334
67,0.023847384151702476
67,0.02137448160034789
67,0.026847675392103067
67,0.04062821775826771
67,0.06231518409765617
67,0.09120158467890016
67,0.1265276793885279
67,0.16725407518501087
67,0.21153726381323862
67,0.2563632561785103
67,0.2977028748372214
67,0.33132665329847644
67,0.35408631192796597
67,0.3650255696356827
67,0.36551086753337314
67,0.35821799900830714
67,0.3456677015769182
67,0.3292000165569675
67,0.3089137697884938
67,0.2844883237522778
67,0.2561932704483125
67,0.22531757550211143
67,0.19387201350589534
67,0.16394015594640166
67,0.13697232696606018
67,0.11327082505841261
67,0.09209632652115543
67,0.07253561060091161
67,0.05462033800156789
67,0.03986774085533768
67,0.030789646172479604
67,0.029757399120243597
67,0.03806829634514533
67,0.055766012592007266
67,0.08215078814388681
67,0.11645332650535506
67,0.15804975161072324
67,0.20596174497453493
67,0.258024953640194
67,0.31039979207846513
67,0.3578816482438678
67,0.3951539159432657
67,0.4186565167738087
67,0.42800497353116307
67,0.42580171309639164
67,0.4158220775354803
67,0.4008360477515421
67,0.38154379899947155
67,0.3572082508463966
67,0.3272509394244759
67,0.29242865054361045
67,0.2548630964237118
67,0.21734735890483511
67,0.18255246072731657
67,0.15220355581866665
67,0.12639016148174162
67,0.10372452035644562
67,0.08270848462597465
67,0.06340706626674747
67,0.047979942399635565
67,0.03965324655378923
67,0.041069522325265985
67,0.053252977459432624
67,0.07574331507874339
67,0.10757091900830662
67,0.14815440237498345
67,0.1972377396082829
67,0.25386789011489264
67,0.3152699818495372
67,0.37636392401615393
67,0.43032732719790934
67,0.4705450171616571
67,0.4933686571866133
67,0.49973348251182836
67,0.49410797920848426
67,0.4813842105691049
67,0.46395685451609914
67,0.44114943552587177
67,0.41119067649797975
67,0.37369623651123096
67,0.330533631436575
67,0.2849900052035108
67,0.2406573561800949
67,0.20072323248465362
67,0.1671144376566953
67,0.13951732379576876
67,0.11562285502048056
67,0.09327093007035014
67,0.07281116919896484
67,0.05736272115143142
67,0.050878017049598816
67,0.05594417057021219
67,0.0729520116692832
67,0.10087087305454741
67,0.1387793790480684
67,0.18671776888761152
67,0.24492666196752663
67,0.312154710160135
67,0.38443356860905764
67,0.4548634417430555
67,0.5146953825464495
67,0.5562523480856145
67,0.5765896540298391
67,0.5788901820079599
67,0.5699050549051918
67,0.5550685854873559
67,0.5351521000248078
67,0.5073428215104672
67,0.4693181549917049
67,0.42201912706341693
67,0.36906985689502975
67,0.31475593736724206
67,0.263095795759976
67,0.21775843808806866
67,0.18099577520031715
67,0.15193697269846473
67,0.12703000322776906
67,0.10350136427883784
67,0.08243104254360427
67,0.06810306963895135
67,0.06480246297255807
67,0.0744298521333906
67,0.09647461086035596
67,0.129764904767796
67,0.17429662404615812
67,0.23121543857883853
67,0.30081314568857875
67,0.3805836177603848
67,0.4646193000495904
67,0.5439132652989268
67,0.6079990454029581
67,0.6488896026810445
67,0.665354463762707
67,0.663506546839675
67,0.652127741524406
67,0.6358530363217545
67,0.6124806680860025
67,0.577218955074871
67,0.5286860651787035
67,0.47024538596292487
67,0.40701630523358356
67,0.34343175401329507
67,0.28367206956235125
67,0.23236181184806612
67,0.19246006887668493
67,0.1622505064635149
67,0.13655944215740157
67,0.11229251405642916
67,0.09171994796723248
67,0.07996279393760922
67,0.08071081483418646
67,0.09461671668408343
67,0.1207348317811637
67,0.15912514393378285
67,0.21178567560971012
67,0.2804780378560555
67,0.36389437782094913
67,0.45702582328817365
67,0.5518871676936662
67,0.6380704385984473
67,0.7044839361193107
67,0.7436980780237243
67,0.7564572905100907
67,0.7515309378777382
67,0.738794618042286
67,0.7207617420366917
67,0.6920553600936972
67,0.6474059645175655
67,0.5877549482620464
67,0.5184950349824619
67,0.4448156466403215
67,0.37067278836951423
67,0.3012420691284992
67,0.24332152270855714
67,0.20069383091864007
67,0.16989387000821318
67,0.14378816483262777
67,0.11956422246675984
67,0.10075185758026253
67,0.09230314116985519
67,0.09637391881230288
67,0.11261305073817125
67,0.141420227835908
67,0.18612335273777975
67,0.2504882567625039
67,0.3342206718801874
67,0.4321448559476737
67,0.5367074111299331
67,0.6394818776368992
67,0.7307055626061227
67,0.7995998488579685
67,0.8384342362515964
67,0.8485502365683247
67,0.8407818177253353
67,0.8261272007186864
67,0.8054763626023328
67,0.7712888545702625
67,0.7182744939838137
67,0.6486979410730789
67,0.5684059251627421
67,0.4821909946067529
67,0.39492324701929016
67,0.31482589338476985
67,0.25128846971671176
67,0.2071686501048559
67,0.17576822127618572
67,0.14871684450136233
67,0.12478641262853146
67,0.10844162118843945
67,0.10296720396243957
67,0.10810914813926382
67,0.12399568730106264
67,0.15565879818275913
67,0.21054659828835587
67,0.29069168687133207
67,0.3900235653388404
67,0.49929049512652657
67,0.6110423801826598
67,0.719719660706496
67,0.8176068565037685
67,0.892172895431014
67,0.9321662263602254
67,0.9386596284199007
67,0.9263864839968321
67,0.9099580623317488
67,0.8893456361423606
67,0.8528391662604974
67,0.7926604515403672
67,0.7118414310438941
67,0.6175840431908092
67,0.5161182481346825
67,0.41569166288414044
67,0.32787651544209856
67,0.26118641470095544
67,0.2141634271186049
67,0.17805000837322382
67,0.14738098059144836
67,0.12449239514151605
67,0.1126014165232197
67,0.10938903103150245
67,0.11164501069599118
67,0.12479076660683759
67,0.1619560470008155
67,0.23129322695868887
67,0.3279471873138308
67,0.439358188782733
67,0.555307892982964
67,0.6724182813685871
67,0.7896351929398898
67,0.8986069262081505
67,0.9810222560991113
67,1.0212950528805678
67,1.0226654431948448
67,1.0068909659182805
67,0.9929398873552642
67,0.976171188501861
67,0.9371070795579819
67,0.8672498579913339
67,0.7738323263075765
67,0.6662998397816203
67,0.5528183745272474
67,0.4444794313757438
67,0.35145763614602776
67,0.27665402769524705
67,0.2167043791383045
67,0.16892851199006212
67,0.13613024317324288
67,0.12106780937079636
67,0.11654765486671444
67,0.11008465847150722
67,0.10256348817528348
67,0.11297214869265704
67,0.15998143902850123
67,0.2454830241145547
67,0.35628123271273193
67,0.47618939029369456
67,0.5974527672813146
67,0.7222041866780226
67,0.8515913282450245
67,0.9738683937271337
67,1.0655541209806205
67,1.1085095593865981
67,1.1082336690243615
67,1.0919849676363265
67,1.0805568923552276
67,1.0648225931429034
67,1.0227201808348658
67,0.9484327817381929
67,0.8503364198368053
67,0.7362929540023389
67,0.6144577167194492
67,0.49579389122929773
67,0.3874316163593827
67,0.2911433355644025
67,0.2103590801151064
67,0.15376067299206775
67,0.12797284848973403
67,0.12419189163256912
67,0.11867318749187783
67,0.09839780555266968
67,0.08045474788975314
67,0.09410615466635897
67,0.15299192079288765
67,0.2510097193217041
67,0.3718015115857053
67,0.49885888792028316
67,0.6264544565205012
67,0.7602414286851527
67,0.9030942953283869
67,1.0422123092223796
67,1.1497635149761174
67,1.2013849587835768
67,1.2000138151455164
67,1.1776939341346608
67,1.1643622927024682
67,1.155286868261122
67,1.1234743433189431
67,1.0556480708024558
67,0.9565721445273309
67,0.8326953257024093
67,0.6924725734129086
67,0.5509061277808527
67,0.41996387771015853
67,0.3037512369780885
67,0.20781662411127955
67,0.14344025003569788
67,0.11521243827793504
67,0.10737574043203355
67,0.09370280808341348
67,0.0670188594153426
67,0.048478459142038396
67,0.06296630179745197
67,0.12050786317103984
67,0.22018861692974004
67,0.35038399932174635
67,0.4899205940062234
67,0.6280115738548824
67,0.7729407648983779
67,0.9314986321335996
67,1.0901191925981553
67,1.2158743695911454
67,1.2782272537614014
67,1.2780744496325105
67,1.25311363432026
67,1.2439507186720689
67,1.2491337650372263
67,1.2320384925459498
67,1.1704939507480836
67,1.0689196630043902
67,0.9341379544290197
67,0.7757497643840395
67,0.6156820923885633
67,0.46970875755338404
67,0.3349858745487241
67,0.21079493089204668
67,0.11595845179681517
67,0.0691994123287468
67,0.05994189426987748
67,0.05396777071957621
67,0.03002060594123984
67,0.0015964939910069614
67,-0.0018952802193580756
67,0.04196599893256752
67,0.1451783696055887
67,0.296658829973925
67,0.4580898119343082
67,0.6050740253824337
67,0.7524903344651874
67,0.9187023338485785
67,1.0943739256922418
67,1.246529626397705
67,1.3375876823375328
67,1.3564158162154825
67,1.332986015418244
67,1.3160078481134394
67,1.32631878787555
67,1.3343083964288143
67,1.3003519414157352
67,1.2132250143141106
67,1.0770628090818561
67,0.9036624913634205
67,0.7217111186252166
67,0.5533225734077142
67,0.39042835239735324
67,0.22620521297431964
67,0.09122329997851233
67,0.02208534146595391
67,0.009769856613580201
67,0.009259502836112973
67,-0.011311675463690805
67,-0.04585646361032163
67,-0.06822014282802419
67,-0.04937264676290627
67,0.04279452574832121
67,0.20893681193376482
67,0.39011723755675765
67,0.5384172780072441
67,0.6791478558422697
67,0.8514389184670628
67,1.0492986889703502
67,1.2368638058932262
67,1.368092038329313
67,1.4180910713569808
67,1.4047580543533844
67,1.3767995354005378
67,1.3856558031153847
67,1.4283308998929465
67,1.4421100444664767
67,1.3816402580091722
67,1.2494073269936643
67,1.0665036758006898
67,0.865283786966297
67,0.672559619217538
67,0.480002328458991
67,0.27254778558976095
67,0.08618998207451803
67,-0.022837094605325917
67,-0.054211487746845255
67,-0.05223158155765411
67,-0.05448518909126807
67,-0.08142199128141635
67,-0.1318857745813944
67,-0.16267121865054396
67,-0.10164633394954228
67,0.07153047646773736
67,0.27409823996842964
67,0.4228245691180953
67,0.5457516850945344
67,0.709994306164814
67,0.9169084614117063
67,1.1298237401468538
67,1.30508998764961
67,1.4085750698793291
67,1.4363796154689301
67,1.4082982072682737
67,1.387567075813962
67,1.4384338113699628
67,1.515612683221947
67,1.5142405252883415
67,1.4041510752654234
67,1.2228022118115165
67,1.00646312926087
67,0.7827830763662742
67,0.5658035440268979
67,0.33543503218684523
67,0.10230897396562386
67,-0.06737266534168232
67,-0.1459445116682707
67,-0.1657318355557274
67,-0.15572067245120474
67,-0.14846882194608738
67,-0.18707314048114818
67,-0.252018138156305
67,-0.24579150332356478
67,-0.10612810115574806
67,0.10033832491752068
67,0.26405882240348394
67,0.3805948928441313
67,0.5224174712918244
67,0.7119833849578617
67,0.9223407917546418
67,1.1199831969996523
67,1.271481367487057
67,1.3577179319637327
67,1.37194473324921
67,1.343134879711613
67,1.3588606464872697
67,1.453540532485963
67,1.5294785837801528
67,1.4905542986210831
67,1.3345073661704068
67,1.1019996638019776
67,0.8436401106039555
67,0.600632515326276
67,0.35962942748512405
67,0.09891010748608625
67,-0.12824508992025102
67,-0.2657343788191404
67,-0.32443109547755156
67,-0.3259625608491308
67,-0.2895615496651996
67,-0.2731407118036813
67,-0.31733892859636226
67,-0.3551445615075323
67,-0.2828191721186074
67,-0.10962332266194896
67,0.06180836710524257
67,0.1914169343053283
67,0.3243399364748017
67,0.48715322419582785
67,0.6654490904379982
67,0.8431387362235456
67,1.0084582673820994
67,1.1444620416149984
67,1.222492737811512
67,1.2343484623142202
67,1.235777341686948
67,1.2874434654295064
67,1.3669032124937446
67,1.397166317020924
67,1.3130405326061128
67,1.101215040677114
67,0.8185093459096859
67,0.5436729891804095
67,0.2942511619072813
67,0.03989628818373975
67,-0.19637480540779736
67,-0.36354809662466414
67,-0.4553531790279415
67,-0.48271384521937094
67,-0.457670147766769
67,-0.4149149215131012
67,-0.40029384015405445
67,-0.4119054457754332
67,-0.3761013792743811
67,-0.2482118671572385
67,-0.08146568769263232
67,0.07571677384917211
67,0.23410760744744738
67,0.3999240972981181
67,0.555513409218621
67,0.6832420957669307
67,0.7864549656085855
67,0.8927454947610377
67,0.9978641992625177
67,1.06766240727725
67,1.1155396544683465
67,1.1746433498143223
67,1.224819056201364
67,1.2308455276543735
67,1.1715761391084274
67,1.0158997719173457
67,0.7635997580774964
67,0.4741141049311433
67,0.1976870281002775
67,-0.061301325890206315
67,-0.2783346620825424
67,-0.4200959022609245
67,-0.4936194753027524
67,-0.5103451672824384
67,-0.49178781995069953
67,-0.47841538802824474
67,-0.4750760884354242
67,-0.45639966466187976
67,-0.3979046977757611
67,-0.28224313640286003
67,-0.12509816925969652
67,0.04212500985994569
67,0.2076561462021953
67,0.37139319187379605
67,0.5177520206876469
67,0.6104417244203837
67,0.654751594294221
67,0.7087285254039623
67,0.7784836910088054
67,0.8270486424679977
67,0.876530380019355
67,0.9528561235915106
67,0.9990965587909673
67,0.9633411902771013
67,0.8653069694438784
67,0.7178329252410425
67,0.5034305670610099
67,0.24156809156719833
67,-0.025091278877306555
67,-0.27414601864838556
67,-0.45841261127684657
67,-0.54126287773606
67,-0.5562015197138873
67,-0.5381551445344409
67,-0.515651084467469
67,-0.532734938701776
67,-0.5725571475517615
67,-0.5653430455118783
67,-0.47533171538617613
67,-0.3129709613308844
67,-0.11492598615742569
67,0.08042356260278954
67,0.2601033990543303
67,0.43797415919305605
67,0.5911935972876561
67,0.6469389123696443
67,0.6228103687292929
67,0.6354855238243458
67,0.7048989205106245
67,0.7571766578136401
67,0.7912204996573851
67,0.8377064054252316
67,0.8458201475567524
67,0.7657438863235986
67,0.6343264509203405
67,0.49536983665480205
67,0.3298212352027677
67,0.1079107877224886
67,-0.1361786971656309
67,-0.32351978584074687
67,-0.39445519936799045
67,-0.3628539601393964
67,-0.30800882838707944
67,-0.2755734627973979
67,-0.25696354300915364
67,-0.26232484147197566
67,-0.2935212604228302
67,-0.2787658563318961
67,-0.15049482054223476
67,0.05524579043645936
67,0.26454510741737536
67,0.4678412297426701
67,0.6841423321407759
67,0.8951650181896433
67,1.0471335266256454
67,1.0878843741808644
67,1.05240577237557
67,1.05300276486969
67,1.1103692661824338
67,1.1564540707779303
67,1.1855995816557232
67,1.20739355960272
67,1.1707619650810732
67,1.0613351890337468
67,0.9254479727234772
67,0.7723667380341901
67,0.5637992305101748
67,0.29099688970702725
67,0.017440171568731844
67,-0.1640772776330792
67,-0.20865626146159594
67,-0.15629816797843762
67,-0.0929971620247568
67,-0.054955727524205904
67,-0.017820987199667647
67,0.009566453598230558
67,0.005311269885693794
67,0.027973710849480072
67,0.14324990606256882
67,0.322062046438763
67,0.49816429536989293
67,0.6567941327290557
67,0.8356600148214343
67,1.0595069828889045
67,1.2908133308998686
67,1.4452366594933528
67,1.4940624249591632
67,1.5083386231010854
67,1.5343047907390353
67,1.562652698488595
67,1.6178882597435706
67,1.6877216334915768
67,1.6844676075886575
67,1.5770158322198922
67,1.4041360839482988
67,1.198454531221903
67,0.9662866832896884
67,0.6966502068877978
67,0.40180602187196474
67,0.1434271906184199
67,-0.0010443615741181356
67,-0.0217284187747965
67,0.022308581301006682
67,0.0885097269886527
67,0.13089928964684874
67,0.09695595481607626
67,0.027556459278331155
67,0.03044350346003426
67,0.149638367722778
67,0.33742070624279874
67,0.5137599739804546
67,0.6474488038177206
67,0.7833775498276513
67,0.9516070133828392
67,1.1226896187389583
67,1.257137829651562
67,1.338109123720562
67,1.3880479375943278
67,1.412919865431883
67,1.3919144339842466
67,1.3844266324739956
67,1.449783002621265
67,1.495829123180369
67,1.4272887140621016
67,1.2579082277165816
67,1.0210485237557754
67,0.7466930697933999
67,0.4569752554602036
67,0.15561415634337622
67,-0.12606818095868166
67,-0.3072385620486293
67,-0.3827172237963399
67,-0.42146290083623367
67,-0.4138710682904821
67,-0.3549714333125838
67,-0.33693005111904595
67,-0.38605839070125225
67,-0.3885088471769204
67,-0.26487535169342635
67,-0.0680244655554181
67,0.11741299951729908
67,0.2727382637646224
67,0.4276055871751394
67,0.5811171116548955
67,0.6981417885738891
67,0.7619207837614652
67,0.7947883834692927
67,0.8680614468395342
67,1.0029485388775452
67,1.1098967723829098
67,1.150894360970225
67,1.164263333068416
67,1.147092247931779
67,1.0833509453276922
67,0.972579600949926
67,0.8032749703869315
67,0.5669013378680943
67,0.2668439027887132
67,-0.059307726797640126
67,-0.31414832464001047
67,-0.433107308495982
67,-0.44951242307326067
67,-0.4287380871020135
67,-0.41442724035122613
67,-0.4254800827922222
67,-0.44984150594834804
67,-0.45270353880194325
67,-0.40238258011721595
67,-0.2719728721977463
67,-0.08653375678210287
67,0.079191491284657
67,0.21933122407434164
67,0.38551028979107255
67,0.558007779488813
67,0.656176391674511
67,0.6553394620812437
67,0.627984602910255
67,0.6597487530717598
67,0.7392572719455265
67,0.8091831728961183
67,0.8653392121875463
67,0.9001913859435831
67,0.8750353196499504
67,0.7876885563054321
67,0.6670654472149433
67,0.5198958646711722
67,0.3150093602241464
67,0.036626226096104775
67,-0.2515017912134077
67,-0.44782264458199933
67,-0.5070707708612496
67,-0.4772038497084787
67,-0.44251105990135975
67,-0.4316479406756374
67,-0.4250106778264495
67,-0.4225633663990831
67,-0.41715033665189094
67,-0.35431637647548214
67,-0.2027192407558385
67,-0.009971738764894239
67,0.16580564937680914
67,0.323390264934034
67,0.4953123173057435
67,0.6687790636934781
67,0.7590947032193456
67,0.738753978353042
67,0.7206686625997145
67,0.8030477648004524
67,0.9176838603078692
67,0.9626728758099476
67,0.9553762414913086
67,0.9263376782332755
67,0.8435498308245306
67,0.7193776414532778
67,0.6111374979683402
67,0.5191630796248227
67,0.38965758782444093
67,0.19291188660488123
67,-0.01833826282575879
67,-0.1523808923535024
67,-0.16343564585899886
67,-0.09813410326901131
67,-0.05201247492084952
67,-0.05329352124527755
67,-0.06405604416014701
67,-0.06572840970070667
67,-0.04570316984628589
67,0.03503929506819417
67,0.1943748364626681
67,0.4047111767785253
67,0.628180482677117
67,0.8366791670859834
67,1.0149902851830919
67,1.1538050938767093
67,1.2212837608003853
67,1.199557647218471
67,1.153904608172477
67,1.1674007467278935
67,1.2318474290186414
67,1.291355704223113
67,1.3071969107452848
67,1.2585228672771656
67,1.1666347076583836
67,1.0585115788289912
67,0.9051738459302631
67,0.6729106787268349
67,0.3789251580993663
67,0.0744173121968349
67,-0.16776422208748049
67,-0.289686988999568
67,-0.2925905643516317
67,-0.2447109881035435
67,-0.21948794922945777
67,-0.20714474037874958
67,-0.17667036133363015
67,-0.16095466725047303
67,-0.16531526683295125
67,-0.12734678687318085
67,-0.03032737864245373
67,0.08415113937151722
67,0.20803954970237626
67,0.38228940622388746
67,0.6245448433470452
67,0.8964285019330237
67,1.1312437023720723
67,1.2609361487816406
67,1.2858764600734023
67,1.2751710579905184
67,1.2796567218110055
67,1.3328184576398996
67,1.4296189780420618
67,1.4751350258927431
67,1.4140702738406206
67,1.2819593399987972
67,1.1052521634279138
67,0.9200028499954089
67,0.7542536134605847
67,0.5755476432052872
67,0.3544429337336382
67,0.15099380278711713
67,0.07857147544237189
67,0.156195909114282
67,0.28084106158380895
67,0.3550290101695086
67,0.35493379406741954
67,0.30419521432485125
67,0.27324288682682696
67,0.3478454988227135
67,0.5430064705194901
67,0.7893795143266756
67,0.9950870721013069
67,1.1474791652679386
67,1.3093090505644889
67,1.485070893087368
67,1.6334311992375512
67,1.7334418128862774
67,1.7781572817327778
67,1.7717607272463891
67,1.7231717403971085
67,1.6988785572881906
67,1.7758181826279638
67,1.868837845682885
67,1.8508578007889198
67,1.732719787745032
67,1.5564405315695193
67,1.333354477630502
67,1.0986648818471196
67,0.8296628183219746
67,0.46690157249175984
67,0.09289229750472283
67,-0.17504170118604684
67,-0.3244140711104231
67,-0.36124010283877367
67,-0.2809792816734367
67,-0.1884716647556115
67,-0.20328297004936174
67,-0.25540037145107697
67,-0.24114219143287294
67,-0.17076320758830343
67,-0.08577933591235168
67,0.0019155902557952686
67,0.11611877404470705
67,0.25567562868536614
67,0.35634788056944033
67,0.3990360934935564
67,0.4577954564052145
67,0.599528117748604
67,0.8104150277149588
67,0.9713326239733061
67,0.9929701995382864
67,0.9447351167897392
67,0.9058065984833183
67,0.8773540141215015
67,0.8496225195333129
67,0.764276678935273
67,0.5656518895477763
67,0.31029842199425023
67,0.07468340375762536
67,-0.11375490382143796
67,-0.23962749968999064
67,-0.29287564218384904
67,-0.2979631767443823
67,-0.3133510717650752
67,-0.37534462634232246
67,-0.4526372826145842
67,-0.47639905254364595
67,-0.4185987751797287
67,-0.3042858755217642
67,-0.16242935166869205
67,-0.0043578130436428275
67,0.19180161965890208
67,0.4567084188985433
67,0.756394870558929
67,0.9926161195503682
67,1.0807939789324958
67,1.0338539231267831
67,0.9570225722069939
67,0.9511191966470277
67,1.0377459340527582
67,1.1678198452350363
67,1.2576690420103223
67,1.2441463291753332
67,1.140611832732779
67,1.0132770105242792
67,0.9164689033563695
67,0.8247751670129454
67,0.6420069361905141
67,0.33134515358243105
67,-0.020161618026711625
67,-0.2832442480559951
67,-0.40795205628288594
67,-0.44338424946969307
67,-0.4465298666520491
67,-0.4636773059637164
67,-0.512233687548517
67,-0.5208227461310585
67,-0.43420667738946417
67,-0.30456196808
67,-0.180683124646032
67,-0.05758042882668722
67,0.05517916876413313
67,0.15409633475981147
67,0.27705379321424617
67,0.45139731280151296
67,0.6690718898773901
67,0.8923001033385742
67,1.0499153138719581
67,1.0920446670010584
67,1.0619803226523876
67,1.068448564829003
67,1.1551602597030899
67,1.267447642777962
67,1.3338663750278499
67,1.2869863859175148
67,1.096685627824061
67,0.8378642667501026
67,0.641341901873869
67,0.5141883563911549
67,0.3435675081316574
67,0.13456016587026803
67,-0.004677432043389357
67,-0.048546828747760645
67,-0.03779513472734542
67,-0.0008561934303843999
67,0.048153759477851346
67,0.08403719557820352
67,0.07550081364773606
67,0.05269910101383447
67,0.11291167077349021
67,0.2857860428388053
67,0.5105050693348392
67,0.7388685097832866
67,0.941159433403312
67,1.1131890049356392
67,1.2643741207935133
67,1.361008073505157
67,1.403767892148625
67,1.471594664540311
67,1.5805351109713455
67,1.6472758303418518
67,1.6286935307391222
67,1.582391494156192
67,1.5542339031369
67,1.4933839758533778
67,1.3534277173422546
67,1.138814053524806
67,0.8404369469496819
67,0.4862905329918636
67,0.18069812561227283
67,-0.01369865730386971
67,-0.11827249937571829
67,-0.1688538370436729
67,-0.21904604845961945
67,-0.2970317076726353
67,-0.34699931846376425
67,-0.33684246351609853
67,-0.3160480087952262
67,-0.2882284335855291
67,-0.19458881131489347
67,-0.06343169704575446
67,0.042257398302014096
67,0.16938514054021947
67,0.3673484865340154
67,0.5920232819007153
67,0.7919628476302141
67,0.94186047710915
67,1.0303258109797473
67,1.0710484257914106
67,1.0845852959059785
67,1.1185786489146028
67,1.2375969438915033
67,1.385514472202642
67,1.4225620090866602
67,1.3247489745678978
67,1.1603626497898907
67,0.974998020485972
67,0.7838862898653369
67,0.5628527820868461
67,0.2812088862599594
67,-0.025236744100927577
67,-0.2639484663885572
67,-0.3675402790403647
67,-0.33340905455488684
67,-0.2158627650916377
67,-0.1362008936256932
67,-0.16594493076057
67,-0.2254686600318914
67,-0.2147296352985742
67,-0.10516816880118177
67,0.07701906579543485
67,0.26507194360377606
67,0.4107529491103529
67,0.5278104863185904
67,0.659925250846101
67,0.8013585560630169
67,0.8996889321837546
67,0.9581149704185646
67,1.0276444184421933
67,1.1011566828712087
67,1.1456575591276463
67,1.177779862900881
67,1.2147406826049378
67,1.2437843961049369
67,1.2469263190177968
67,1.1717521967904492
67,0.9690802944581315
67,0.6809064238129429
67,0.37085371853071974
67,0.05309167427549144
67,-0.23889919774311247
67,-0.42962550211611594
67,-0.5084688198806244
67,-0.5356756130221161
67,-0.5318923227725758
67,-0.4792944233948155
67,-0.40398607995749364
67,-0.3688149941789723
67,-0.38829490399609073
67,-0.39564594598068703
67,-0.32028774763061635
67,-0.17575595678041528
67,-0.01431127001604307
67,0.14038108332311725
67,0.2710528442581464
67,0.34959665184939714
67,0.3698009815511884
67,0.3808547789998078
67,0.4464225712858872
67,0.5409005115859217
67,0.5921489714259252
67,0.5994932297888386
67,0.5840413548029405
67,0.5346349300808718
67,0.4603517949078466
67,0.37682586857747014
67,0.25551544562100137
67,0.06949372405237686
67,-0.14442139960995565
67,-0.3203384794434251
67,-0.4377856015482511
67,-0.4960470474347676
67,-0.4838232062184214
67,-0.43746923484740463
67,-0.42789035514575996
67,-0.4683587208267668
67,-0.4988505056030298
67,-0.4630033145088983
67,-0.3522294568265191
67,-0.17039171635938805
67,0.0641597311738343
67,0.29733858968525917
67,0.49336967496421713
67,0.6757674007745899
67,0.8505196157051798
67,0.9314994404058307
67,0.8679993041881857
67,0.7565311984828438
67,0.7276944031838687
67,0.8228799196695387
67,0.9794521953956721
67,1.0595466010706474
67,1.000430306332856
67,0.885846920570224
67,0.7841019738747158
67,0.7077552433828624
67,0.6474782587451376
67,0.5224506260569208
67,0.2799166303308216
67,-0.007473226883348838
67,-0.2262560884728428
67,-0.3068695410887956
67,-0.24480347565135746
67,-0.0854010157529424
67,0.04584857300246972
67,0.06120803616314394
67,0.052747618738704684
67,0.10780803123363436
67,0.18716615290449123
67,0.252459063377787
67,0.3338234318776333
67,0.4405712763299961
67,0.5302571052269214
67,0.6154438524337854
67,0.7739375433744835
67,1.0149347382268883
67,1.2140736750430274
67,1.2591838000474116
67,1.1778294101100244
67,1.0879140696770337
67,1.071758784747324
67,1.0969753720022009
67,1.079675818875736
67,0.9985881436194408
67,0.8914758761901591
67,0.7634749068055502
67,0.6090836360486688
67,0.45815605079115057
67,0.3219789227801455
67,0.18876846342908415
67,0.07257513007882932
67,0.008615328897758581
67,0.022966723501959704
67,0.10243944402674987
67,0.19101077624375562
67,0.24353905056172942
67,0.27057274970973233
67,0.31619685670649916
67,0.4075514071877957
67,0.5544590243293075
67,0.7628301644018018
67,1.0077684400994342
67,1.2362916353624511
67,1.4099377964525348
67,1.5257832432594527
67,1.6158458553575819
67,1.70814498892604
67,1.7850466226073183
67,1.828138165457114
67,1.8523207975532594
67,1.850935441685852
67,1.7995671086903133
67,1.7238809903072592
67,1.6477156747163788
67,1.5331944573516179
67,1.3670907261234062
67,1.1873029477478105
67,1.0028910077371114
67,0.7942639902148589
67,0.5670096191696776
67,0.36056486398986476
67,0.2177552347824431
67,0.14953226938548375
67,0.13179198313253893
67,0.13728416241909802
67,0.15590465259474098
67,0.1773159891135909
67,0.20563198769289143
67,0.272455087138801
67,0.3841934216257463
67,0.5217202635314748
67,0.6744829800022613
67,0.828117402110348
67,0.9750505697915783
67,1.128490545797159
67,1.2805775471890841
67,1.3829498706600472
67,1.4057528246775028
67,1.3867815558950376
67,1.392707896669914
67,1.4279661037440312
67,1.4349660114894014
67,1.3760341549751223
67,1.254582720620892
67,1.0937342935432695
67,0.92025900696673
67,0.7459172104200154
67,0.5563182316992501
67,0.33065985998930514
67,0.0773246884105519
67,-0.15632547882317255
67,-0.3098515675022216
67,-0.3631886078222327
67,-0.35457993339664584
67,-0.3369505015692757
67,-0.3546879453584182
67,-0.4219681068422645
67,-0.4743096792978231
67,-0.4227351046741536
67,-0.26668828379957166
67,-0.07519691483594551
67,0.10556876470224436
67,0.2800981730848413
67,0.47291144438790805
67,0.6894840003111682
67,0.9036750722057285
67,1.0684872931439524
67,1.1525250505023372
67,1.174491897842037
67,1.1683414891074793
67,1.1571525763522097
67,1.170958401326657
67,1.2021991140250834
67,1.1817139130118899
67,1.0727053684360357
67,0.9051292369826447
67,0.7119769078450762
67,0.5169507752718456
67,0.3305726305335469
67,0.13920357684268622
67,-0.0567469567944025
67,-0.21910865588354841
67,-0.3134119486547424
67,-0.35803336269944935
67,-0.3867183506262398
67,-0.3954621458648131
67,-0.397241166910924
67,-0.42592900660491884
67,-0.42139326153867973
67,-0.2770394894499679
67,-0.016083878395499906
67,0.23585753947176424
67,0.4353483987001208
67,0.6432730441462041
67,0.8791841846258834
67,1.096052281732961
67,1.2567571665878812
67,1.341090106030422
67,1.3538245029761677
67,1.3345979583124916
67,1.3312820680477189
67,1.3842946215360263
67,1.47273921648501
67,1.4989936122799152
67,1.4205475022833016
67,1.2745525452682287
67,1.0808457469841322
67,0.8599859899801121
67,0.6837577461812365
