  0.000,0.0
  1.000,0.01985869689234798
  0.000,0.01985869689234798
 1.3470E-05,0.020482336530156745
 2.6940E-05,0.022621383102960503
 4.0410E-05,0.025605393931902913
 5.3880E-05,0.02971138751520894
 6.7350E-05,0.03521751509059971
 8.0820E-05,0.04118557408911096
 9.4290E-05,0.04609644760228211
 1.0776E-04,0.04894386085619196
 1.2123E-04,0.049426814411824734
 1.3470E-04,0.047379863360511934
 1.4817E-04,0.042460403241074494
 1.6164E-04,0.03511557943391165
 1.7511E-04,0.02692316238212166
 1.8858E-04,0.019259903621637254
 2.0205E-04,0.012638527696684887
 2.1552E-04,0.0074832628041419475
 2.2899E-04,0.004478418413623127
 2.4246E-04,0.0036951508823731077
 2.5593E-04,0.004094107842323352
 2.6940E-04,0.004542108415932327
 2.8287E-04,0.004710751013693331
 2.9634E-04,0.004457744171416611
 3.0981E-04,0.0033200635575818043
 3.2328E-04,0.001296006089093641
 3.3675E-04,-0.0006374805824807706
 3.5022E-04,-0.0013097999034445587
 3.6369E-04,-0.0002030733996903119
 3.7716E-04,0.002844610335321353
 3.9063E-04,0.00811121859296085
 4.0410E-04,0.015500953069130855
 4.1757E-04,0.024039918884283886
 4.3104E-04,0.0323296873376602
 4.4451E-04,0.03930855024182159
 4.5798E-04,0.044383368893527356
 4.7145E-04,0.047033893984434166
 4.8492E-04,0.046886905857847445
 4.9839E-04,0.04436050534146566
 5.1186E-04,0.040606340666057616
 5.2533E-04,0.036595892393915724
 5.3880E-04,0.03280541273036681
 5.5227E-04,0.02972127752947899
 5.6574E-04,0.027820519097564545
 5.7921E-04,0.026891286832537553
 5.9268E-04,0.026029796430723454
 6.0615E-04,0.024451286790563034
 6.1962E-04,0.021811936643806686
 6.3309E-04,0.017858767014692446
 6.4656E-04,0.012434660760124738
 6.6003E-04,0.005941250768997835
 6.7350E-04,-0.000576523465985487
 6.8697E-04,-0.005969529057885899
 7.0044E-04,-0.009455661584064719
 7.1391E-04,-0.010525102274980458
 7.2738E-04,-0.008794929211946668
 7.4085E-04,-0.004339052524970052
 7.5432E-04,0.0020323448112158507
 7.6779E-04,0.009158789237569596
 7.8126E-04,0.01610257209030999
 7.9473E-04,0.022175906162675688
 8.0820E-04,0.02674348733627182
 8.2167E-04,0.02948612140214009
 8.3514E-04,0.03077169434358813
 8.4861E-04,0.03139489202548555
 8.6208E-04,0.03200953650572721
 8.7555E-04,0.033026668441800563
 8.8902E-04,0.03480042654555834
 9.0249E-04,0.03744807566216215
 9.1596E-04,0.04049597134827029
 9.2943E-04,0.043032876063276625
 9.4290E-04,0.044227964681667675
 9.5637E-04,0.04352534721334495
 9.6984E-04,0.04053449130300396
 9.8331E-04,0.035143199082059644
 9.9678E-04,0.02781308241701394
 1.0103E-03,0.019543024662023158
 1.0237E-03,0.011444396099475035
 1.0372E-03,0.004430757528132825
 1.0507E-03,-0.000763902988696912
 1.0641E-03,-0.0036169488744029837
 1.0776E-03,-0.004094134171536932
 1.0911E-03,-0.00275365122648947
 1.1045E-03,-0.00040482109390331924
 1.1180E-03,0.0022547302878112014
 1.1315E-03,0.004652011188497292
 1.1450E-03,0.0063267499630318535
 1.1584E-03,0.007190894964503742
 1.1719E-03,0.0076837430611797234
 1.1854E-03,0.00849913563683421
 1.1988E-03,0.010232601339482611
 1.2123E-03,0.013311032496066997
 1.2258E-03,0.017993326705814952
 1.2392E-03,0.024175869369665377
 1.2527E-03,0.031229824271429635
 1.2662E-03,0.03817990712143759
 1.2797E-03,0.0440555171909049
 1.2931E-03,0.0480587966716292
 1.3066E-03,0.04959053999493547
 1.3201E-03,0.0484023068863362
 1.3335E-03,0.04479553467843773
 1.3470E-03,0.039540651844950744
 1.3605E-03,0.033546977762244724
 1.3739E-03,0.027644559204255542
 1.3874E-03,0.022546291507302037
 1.4009E-03,0.018725316522133884
 1.4143E-03,0.016201174037912377
 1.4278E-03,0.014546951355958564
 1.4413E-03,0.013167059913058523
 1.4548E-03,0.011527736081412004
 1.4682E-03,0.009210731666844734
 1.4817E-03,0.006005801713545386
 1.4952E-03,0.002101919079523393
 1.5086E-03,-0.0018821686105727096
 1.5221E-03,-0.005131469385661912
 1.5356E-03,-0.006886917378657022
 1.5490E-03,-0.006548260574455983
 1.5625E-03,-0.0037651561594519967
 1.5760E-03,0.0013890341557422441
 1.5895E-03,0.008340579891926974
 1.6029E-03,0.01618350575849671
 1.6164E-03,0.023940795118344106
 1.6299E-03,0.030717720871578025
 1.6433E-03,0.03580103922497424
 1.6568E-03,0.038829876516783005
 1.6703E-03,0.03992642096727434
 1.6837E-03,0.03959867732394546
 1.6972E-03,0.03849752778005922
 1.7107E-03,0.03725126225282698
 1.7242E-03,0.036375808213741985
 1.7376E-03,0.036123713925605955
 1.7511E-03,0.03634241266718719
 1.7646E-03,0.03653089732682494
 1.7780E-03,0.03605891398805586
 1.7915E-03,0.03434746918639304
 1.8050E-03,0.030972851128769657
 1.8184E-03,0.025802753839640938
 1.8319E-03,0.019134762221981728
 1.8454E-03,0.011675891974060836
 1.8589E-03,0.004347297627920878
 1.8723E-03,-0.0019228006947997513
 1.8858E-03,-0.006334467637428241
 1.8993E-03,-0.008354710430621057
 1.9127E-03,-0.007873179823599237
 1.9262E-03,-0.005240433491732719
 1.9397E-03,-0.0011248915511944142
 1.9531E-03,0.003686214421543539
 1.9666E-03,0.008429631367597851
 1.9801E-03,0.012499210208235058
 1.9936E-03,0.015606860608695863
 2.0070E-03,0.01786020339759696
 2.0205E-03,0.019665289359853788
 2.0340E-03,0.021543706350418794
 2.0474E-03,0.023987804339747083
 2.0609E-03,0.02733754339756366
 2.0744E-03,0.03163365182331241
 2.0878E-03,0.03652993018225455
 2.1013E-03,0.041365298133165904
 2.1148E-03,0.04534372108109132
 2.1283E-03,0.04770226106871795
 2.1417E-03,0.04785214191663733
 2.1552E-03,0.04553251320678535
 2.1687E-03,0.04092192329849646
 2.1821E-03,0.03460683427939542
 2.1956E-03,0.02742216842125257
 2.2091E-03,0.02027374205323429
 2.2225E-03,0.013986976264311264
 2.2360E-03,0.009149628603319354
 2.2495E-03,0.005976762989185593
 2.2630E-03,0.0042942197684288546
 2.2764E-03,0.0036566438476938086
 2.2899E-03,0.0035063447084134006
 2.3034E-03,0.0033125397217605643
 2.3168E-03,0.0027141122701898395
 2.3303E-03,0.0016533577144663902
 2.3438E-03,0.0004127509884363479
 2.3572E-03,-0.0004814812663079071
 2.3707E-03,-0.0004156208757122513
 2.3842E-03,0.001164613276189041
 2.3977E-03,0.00461002252746516
 2.4111E-03,0.009930639369985467
 2.4246E-03,0.016737596213041668
 2.4381E-03,0.024314717089706728
 2.4515E-03,0.031772544198309154
 2.4650E-03,0.03821228659300397
 2.4785E-03,0.04288725679825379
 2.4919E-03,0.04536163116833079
 2.5054E-03,0.045607388409677714
 2.5189E-03,0.043977156508890274
 2.5324E-03,0.04107710029808871
 2.5458E-03,0.03761249003200696
 2.5593E-03,0.03423351368484831
 2.5728E-03,0.03138013803949663
 2.5862E-03,0.029171488940558384
 2.5997E-03,0.0274047809908804
 2.6132E-03,0.025658628796482313
 2.6266E-03,0.023435829132301775
 2.6401E-03,0.02030876375062085
 2.6536E-03,0.01606557711898198
 2.6671E-03,0.010822130880848338
 2.6805E-03,0.005036322695797983
 2.6940E-03,-0.0005861364478101875
 2.7075E-03,-0.00524031431927345
 2.7209E-03,-0.008180304626651157
 2.7344E-03,-0.008878493104933735
 2.7479E-03,-0.007159318532105925
 2.7613E-03,-0.003249008666263129
 2.7748E-03,0.0022842966435791283
 2.7883E-03,0.00866166911950464
 2.8018E-03,0.015048717732908428
 2.8152E-03,0.020719740965083708
 2.8287E-03,0.025209203580522588
 2.8422E-03,0.028395581579258932
 2.8556E-03,0.03047953092177215
 2.8691E-03,0.03188012039705212
 2.8826E-03,0.03309672354261056
 2.8960E-03,0.034558799427037344
 2.9095E-03,0.03648227472316688
 2.9230E-03,0.038780975078019385
 2.9365E-03,0.04107614662945215
 2.9499E-03,0.04279313243041627
 2.9634E-03,0.04330150249713572
 2.9769E-03,0.04207047597659361
 2.9903E-03,0.03882014137512391
 3.0038E-03,0.033625631006937426
 3.0173E-03,0.026928144836685514
 3.0307E-03,0.01945122731255085
 3.0442E-03,0.012060793009687779
 3.0577E-03,0.005602537590290164
 3.0712E-03,0.0007375266888427967
 3.0846E-03,-0.002187520205333663
 3.0981E-03,-0.003188757629055476
 3.1116E-03,-0.002599374442332134
 3.1250E-03,-0.0009585843055671282
 3.1385E-03,0.001131045067582851
 3.1520E-03,0.003157268172044928
 3.1654E-03,0.004831047140430391
 3.1789E-03,0.0061519478013270165
 3.1924E-03,0.007382914265175969
 3.2059E-03,0.008954437207598268
 3.2193E-03,0.011331506848219227
 3.2328E-03,0.01486616322289843
 3.2463E-03,0.019664602209166354
 3.2597E-03,0.025513492745661812
 3.2732E-03,0.03189491851252061
 3.2867E-03,0.038079308668105556
 3.3001E-03,0.04326554147919583
 3.3136E-03,0.046742691614827296
 3.3271E-03,0.048044555263898565
 3.3406E-03,0.04705332332219819
 3.3540E-03,0.044016992679333046
 3.3675E-03,0.03948132512460437
 3.3810E-03,0.034163902066044034
 3.3944E-03,0.028798424696198723
 3.4079E-03,0.023977493023973496
 3.4214E-03,0.020033790476682616
 3.4348E-03,0.016997012313137397
 3.4483E-03,0.014633982371686885
 3.4618E-03,0.012550343861875934
 3.4753E-03,0.010326507528869516
 3.4887E-03,0.007661454403017319
 3.5022E-03,0.004488254376531012
 3.5157E-03,0.0010225099658566828
 3.5291E-03,-0.002271382618876005
 3.5426E-03,-0.0047801272654487146
 3.5561E-03,-0.005880459306812949
 3.5695E-03,-0.005090939107537532
 3.5830E-03,-0.0022028522606311824
 3.5965E-03,0.0026492743161563165
 3.6100E-03,0.008999248306478018
 3.6234E-03,0.016134484392976843
 3.6369E-03,0.02323136641045328
 3.6504E-03,0.0295151456603136
 3.6638E-03,0.03441135842706501
 3.6773E-03,0.03764786051856929
 3.6908E-03,0.03927882579558866
 3.7042E-03,0.03963078025125909
 3.7177E-03,0.03919100901358979
 3.7312E-03,0.03846404248746682
 3.7447E-03,0.03782795486083034
 3.7581E-03,0.037429882053079566
 3.7716E-03,0.03715196211264077
 3.7851E-03,0.03665350650612077
 3.7985E-03,0.035473220649684216
 3.8120E-03,0.033166848074077986
 3.8255E-03,0.029449841936114263
 3.8389E-03,0.024307175304677676
 3.8524E-03,0.018036655055738177
 3.8659E-03,0.011213909673470648
 3.8794E-03,0.004591157841785888
 3.8928E-03,-0.0010461450939857706
 3.9063E-03,-0.005035374159635847
 3.9198E-03,-0.006969547719400085
 3.9332E-03,-0.006771678324060875
 3.9467E-03,-0.004692957677932412
 3.9602E-03,-0.001240546420409769
 3.9736E-03,0.002945316958822131
 3.9871E-03,0.007238701678966609
 4.0006E-03,0.0111661379107354
 4.0141E-03,0.014498682624667131
 4.0275E-03,0.0172738392563593
 4.0410E-03,0.019746700838452123
 4.0545E-03,0.02228682749004878
 4.0679E-03,0.025245217357549386
 4.0814E-03,0.02882337704316541
 4.0949E-03,0.032981528053863333
 4.1083E-03,0.037413255117633194
 4.1218E-03,0.04159181363389039
 4.1353E-03,0.04487508724225013
 4.1488E-03,0.04664657257633718
 4.1622E-03,0.046460894670735615
 4.1757E-03,0.044155950508239505
 4.1892E-03,0.03990085281060262
 4.2026E-03,0.034168919358672854
 4.2161E-03,0.02764482309039037
 4.2296E-03,0.02108745140173517
 4.2430E-03,0.015178872916298203
 4.2565E-03,0.010395919431632265
 4.2700E-03,0.006936679419606641
 4.2835E-03,0.004717269665023744
 4.2969E-03,0.0034346631761620217
 4.3104E-03,0.0026779923953598496
 4.3239E-03,0.002061684536740438
 4.3373E-03,0.0013466333436748983
 4.3508E-03,0.0005161266572133209
 4.3643E-03,-0.0002135476693276735
 4.3777E-03,-0.00044826810487071924
 4.3912E-03,0.0002779176597760925
 4.4047E-03,0.0023704893097752696
 4.4182E-03,0.0060479805647855305
 4.4316E-03,0.011255523793169159
 4.4451E-03,0.017642332977139415
 4.4586E-03,0.02460827235774843
 4.4720E-03,0.031408478798213894
 4.4855E-03,0.037294187926752737
 4.4990E-03,0.041658361963892505
 4.5124E-03,0.04414996328043911
 4.5259E-03,0.044728357593818005
 4.5394E-03,0.04364696362653178
 4.5529E-03,0.04137296773826877
 4.5663E-03,0.03846291966832896
 4.5798E-03,0.03542428126631311
 4.5933E-03,0.03259851786873496
 4.6067E-03,0.03009562186734579
 4.6202E-03,0.027794262463677024
 4.6337E-03,0.025404693009417438
 4.6472E-03,0.022577859362992465
 4.6606E-03,0.01903321686779254
 4.6741E-03,0.014671277027681931
 4.6876E-03,0.009639986717247778
 4.7010E-03,0.004337145011813394
 4.7145E-03,-0.000651978189086834
 4.7280E-03,-0.004667552464120464
 4.7414E-03,-0.007112867632111268
 4.7549E-03,-0.007584156239905529
 4.7684E-03,-0.005960651074098024
 4.7818E-03,-0.0024332053104738553
 4.7953E-03,0.0025342273150938213
 4.8088E-03,0.008300707312828337
 4.8223E-03,0.014180342132411664
 4.8357E-03,0.01957959166439282
 4.8492E-03,0.024106505010399466
 4.8627E-03,0.02762576108909497
 4.8761E-03,0.030248411811887185
 4.8896E-03,0.032261480164961644
 4.9031E-03,0.03401609660988863
 4.9165E-03,0.03580304912870016
 4.9300E-03,0.037748935449370025
 4.9435E-03,0.03976077514880339
 4.9570E-03,0.04153312677519789
 4.9704E-03,0.04261569941848938
 4.9839E-03,0.042525534115511424
 4.9974E-03,0.04087664503115863
 5.0108E-03,0.03749386473960433
 5.0243E-03,0.03248091646599779
 5.0378E-03,0.0262252364970634
 5.0512E-03,0.01933811861448136
 5.0647E-03,0.012543618719098398
 5.0782E-03,0.006541747425665873
 5.0917E-03,0.0018783850253759728
 5.1051E-03,-0.0011474076987539918
 5.1186E-03,-0.002518320703462609
 5.1321E-03,-0.0024701190779352986
 5.1455E-03,-0.0014080520510061554
 5.1590E-03,0.0002104520918010202
 5.1725E-03,0.001997254845828425
 5.1859E-03,0.003728431664770601
 5.1994E-03,0.0053892289900064946
 5.2129E-03,0.00715892178150257
 5.2264E-03,0.009340440867420483
 5.2398E-03,0.01225301038410537
 5.2533E-03,0.016115520924987668
 5.2668E-03,0.020951410921914174
 5.2802E-03,0.026540548611123566
 5.2937E-03,0.032431448999818674
 5.3072E-03,0.0380123599692049
 5.3206E-03,0.042625852162780475
 5.3341E-03,0.045700572767934156
 5.3476E-03,0.046868419819490796
 5.3611E-03,0.04603846673082719
 5.3745E-03,0.04341014603184802
 5.3880E-03,0.039423319726989044
 5.4015E-03,0.034657739453264544
 5.4149E-03,0.02970648061986051
 5.4284E-03,0.02505446264425135
 5.4419E-03,0.02099142087416486
 5.4553E-03,0.017578980681676154
 5.4688E-03,0.01467752305028376
 5.4823E-03,0.012024196846257398
 5.4958E-03,0.009341110467205545
 5.5092E-03,0.006444937664673428
 5.5227E-03,0.003328745172055727
 5.5362E-03,0.00019440010127541466
 5.5496E-03,-0.002573231060929275
 5.5631E-03,-0.004484693794299382
 5.5766E-03,-0.00505841676265595
 5.5901E-03,-0.003939838519092992
 5.6035E-03,-0.0009977013022750983
 5.6170E-03,0.003626363833396329
 5.6305E-03,0.009527470577476826
 5.6439E-03,0.016105006152337863
 5.6574E-03,0.022673263112901056
 5.6709E-03,0.02858983664366989
 5.6843E-03,0.03337168920405821
 5.6978E-03,0.036771761442825596
 5.7113E-03,0.03879901844296846
 5.7247E-03,0.03967882625888727
 5.7382E-03,0.03976504177858027
 5.7517E-03,0.039427034009328545
 5.7652E-03,0.03894105432389796
 5.7786E-03,0.038413839844780154
 5.7921E-03,0.03775748881190287
 5.8056E-03,0.03672140233858694
 5.8190E-03,0.03497287106590522
 5.8325E-03,0.032205591031834645
 5.8460E-03,0.028247874421989002
 5.8594E-03,0.023142053050677888
 5.8729E-03,0.01717391264861956
 5.8864E-03,0.010843575098302489
 5.8999E-03,0.004783599729929689
 5.9133E-03,-0.00035702707674192206
 5.9268E-03,-0.004035891680527958
 5.9403E-03,-0.005918367660570049
 5.9537E-03,-0.005933908577120525
 5.9672E-03,-0.004275301813967936
 5.9807E-03,-0.0013421269946732035
 5.9941E-03,0.0023574209619248413
 6.0076E-03,0.00632234483043795
 6.0211E-03,0.010164146360508514
 6.0346E-03,0.013676446744549368
 6.0480E-03,0.016853016436935864
 6.0615E-03,0.019851256893288236
 6.0750E-03,0.022911759850563315
 6.0884E-03,0.026255672244289693
 6.1019E-03,0.029987281531123178
 6.1154E-03,0.03402782066557502
 6.1288E-03,0.03809848419302732
 6.1423E-03,0.04175834559530821
 6.1558E-03,0.04448922942712993
 6.1693E-03,0.045807635080963235
 6.1827E-03,0.045376492468130386
 6.1962E-03,0.04308909082083617
 6.2097E-03,0.03910426261939964
 6.2231E-03,0.03382388648210036
 6.2366E-03,0.027817826279710894
 6.2501E-03,0.021714183086430094
 6.2635E-03,0.016081059387173025
 6.2770E-03,0.011327648169736505
 6.2905E-03,0.007647032233010691
 6.3040E-03,0.005012417196135341
 6.3174E-03,0.0032254730119236586
 6.3309E-03,0.002002926735410894
 6.3444E-03,0.0010783369703981937
 6.3578E-03,0.0002924916540403467
 6.3713E-03,-0.00035086862797399675
 6.3848E-03,-0.0006782558378982352
 6.3982E-03,-0.00039040937150760683
 6.4117E-03,0.0008539413258435659
 6.4252E-03,0.0033356959924548558
 6.4387E-03,0.007180462357646772
 6.4521E-03,0.012295504151074332
 6.4656E-03,0.01835532591024167
 6.4791E-03,0.024841063606998462
 6.4925E-03,0.031125943645875963
 6.5060E-03,0.036587753047999216
 6.5195E-03,0.04072233191151231
 6.5330E-03,0.043231561617374584
 6.5464E-03,0.044065489572401056
 6.5599E-03,0.0434094611066957
 6.5734E-03,0.041620570667647176
 6.5868E-03,0.039130134394836154
 6.6003E-03,0.03633706333525591
 6.6138E-03,0.033518744985065574
 6.6272E-03,0.030780979827874994
 6.6407E-03,0.02805829776199
 6.6542E-03,0.025163229435255487
 6.6676E-03,0.021870760291495508
 6.6811E-03,0.01801525019332615
 6.6946E-03,0.013573933967170621
 6.7081E-03,0.008714555827964838
 6.7215E-03,0.003793747729871526
 6.7350E-03,-0.0006949042046040183
 6.7485E-03,-0.004211586194633891
 6.7619E-03,-0.0062785488336561
 6.7754E-03,-0.006580348308130386
 6.7889E-03,-0.0050323657869997904
 6.8023E-03,-0.0018015015669696544
 6.8158E-03,0.0027258419706759364
 6.8293E-03,0.008021064261702762
 6.8428E-03,0.01351786930432675
 6.8562E-03,0.018719445098100265
 6.8697E-03,0.0232833217130577
 6.8832E-03,0.027064571697387768
 6.8966E-03,0.030108415843899013
 6.9101E-03,0.032595906770656435
 6.9236E-03,0.03475807153853363
 6.9370E-03,0.036781690854348355
 6.9505E-03,0.0387317319565603
 6.9640E-03,0.04051095468666926
 6.9775E-03,0.041867659096245805
 6.9909E-03,0.042450311706112014
 7.0044E-03,0.04189578747732712
 7.0179E-03,0.03992916565456347
 7.0313E-03,0.03644974529532666
 7.0448E-03,0.03158110424710132
 7.0583E-03,0.025671797557148882
 7.0717E-03,0.01924542757465838
 7.0852E-03,0.012911239635212908
 7.0987E-03,0.007255972898579301
 7.1122E-03,0.002742003458432599
 7.1256E-03,-0.00036511960762905917
 7.1391E-03,-0.002024075214897713
 7.1526E-03,-0.0023953788578445754
 7.1660E-03,-0.0017763325448451185
 7.1795E-03,-0.0005105070355437668
 7.1930E-03,0.0011052116711385317
 7.2064E-03,0.0028928236642252704
 7.2199E-03,0.004827006700880425
 7.2334E-03,0.007022677358630799
 7.2469E-03,0.009680275272160567
 7.2603E-03,0.013003509181749473
 7.2738E-03,0.017111352468496942
 7.2873E-03,0.02196763639138611
 7.3007E-03,0.02734735019554476
 7.3142E-03,0.0328498167907908
 7.3277E-03,0.037957409111506704
 7.3411E-03,0.042127121549008675
 7.3546E-03,0.044893896883412394
 7.3681E-03,0.045961322750595515
 7.3816E-03,0.04525810002150851
 7.3950E-03,0.04294691537488079
 7.4085E-03,0.03938395657094129
 7.4220E-03,0.03503935198995675
 7.4354E-03,0.030398204300222338
 7.4489E-03,0.02586620540400155
 7.4624E-03,0.021702077371128746
 7.4759E-03,0.017991922638068772
 7.4893E-03,0.014669890351298578
 7.5028E-03,0.011577994636787905
 7.5163E-03,0.008548246850641062
 7.5297E-03,0.005484859606914959
 7.5432E-03,0.002424472785997558
 7.5567E-03,-0.00044194696550404686
 7.5701E-03,-0.0027921116913026006
 7.5836E-03,-0.004235498880345455
 7.5971E-03,-0.004401521607180786
 7.6105E-03,-0.003031375201015888
 7.6240E-03,-5.103869629181088e-05
 7.6375E-03,0.004392750694952282
 7.6510E-03,0.009943063204573041
 7.6644E-03,0.016088439418972457
 7.6779E-03,0.022251492619219184
 7.6914E-03,0.027890363277555646
 7.7048E-03,0.03258978549497764
 7.7183E-03,0.03612103086087955
 7.7318E-03,0.0384576297862352
 7.7452E-03,0.03974468567823443
 7.7587E-03,0.04023105795374172
 7.7722E-03,0.04018275236605893
 7.7857E-03,0.039800196062030516
 7.7991E-03,0.039160652425809274
 7.8126E-03,0.038200312672639576
 7.8261E-03,0.036740328098336085
 7.8395E-03,0.03454975459107167
 7.8530E-03,0.031428863899441176
 7.8665E-03,0.027290931532844835
 7.8800E-03,0.022220790660323272
 7.8934E-03,0.01649410963612687
 7.9069E-03,0.010551078065406248
 7.9204E-03,0.0049295030104318386
 7.9338E-03,0.00017233449838877177
 7.9473E-03,-0.003269167924146254
 7.9608E-03,-0.005114476574089963
 7.9742E-03,-0.005297264106744091
 7.9877E-03,-0.003964027654108326
 8.0012E-03,-0.001429177719667692
 8.0146E-03,0.0019019361872801167
 8.0281E-03,0.005623213584759119
 8.0416E-03,0.009409510233964753
 8.0551E-03,0.013070579718455867
 8.0685E-03,0.016565100212010006
 8.0820E-03,0.01997277596335584
 8.0955E-03,0.023433113624337754
 8.1089E-03,0.02706787478888348
 8.1224E-03,0.03090828594115184
 8.1359E-03,0.034846858334060565
 8.1493E-03,0.03862748017058675
 8.1628E-03,0.04187781624325098
 8.1763E-03,0.04417732988879068
 8.1898E-03,0.04514507477188393
 8.2032E-03,0.0445260950406327
 8.2167E-03,0.04225521292399435
 8.2302E-03,0.03848227269830308
 8.2436E-03,0.033552257568058165
 8.2571E-03,0.02794470750313563
 8.2706E-03,0.022186698813192917
 8.2840E-03,0.016759809368590405
 8.2975E-03,0.012022516058195157
 8.3110E-03,0.008165240524483558
 8.3245E-03,0.005206961959530194
 8.3379E-03,0.0030320537317317818
 8.3514E-03,0.0014562606928603188
 8.3649E-03,0.00030383906424883344
 8.3783E-03,-0.0005245303203029268
 8.3918E-03,-0.0010108051517025728
 8.4053E-03,-0.001016331060773194
 8.4187E-03,-0.0003172895231962099
 8.4322E-03,0.0013300687828227526
 8.4457E-03,0.004110983098462736
 8.4592E-03,0.008080639024139701
 8.4726E-03,0.013118206696246186
 8.4861E-03,0.018919153514947967
 8.4996E-03,0.02502939194981467
 8.5130E-03,0.030914725448040248
 8.5265E-03,0.036050397900405776
 8.5400E-03,0.040010456256351024
 8.5534E-03,0.0425364611534555
 8.5669E-03,0.04356997608827952
 8.5804E-03,0.04324206668187014
 8.5939E-03,0.04182354470599864
 8.6073E-03,0.039649211327895555
 8.6208E-03,0.037035447382508135
 8.6343E-03,0.034211646733842256
 8.6477E-03,0.03128201304338686
 8.6612E-03,0.028226237805947414
 8.6747E-03,0.024937565032853968
 8.6882E-03,0.021287217555926448
 8.7016E-03,0.01719747589006055
 8.7151E-03,0.01270349808021292
 8.7286E-03,0.007986783676266967
 8.7420E-03,0.0033703183495268534
 8.7555E-03,-0.0007249183507898249
 8.7690E-03,-0.0038526979063515606
 8.7824E-03,-0.0056268335696836504
 8.7959E-03,-0.005799127119850965
 8.8094E-03,-0.004311719800092877
 8.8229E-03,-0.001311571233264515
 8.8363E-03,0.0028763694564884327
 8.8498E-03,0.007811112907910617
 8.8633E-03,0.013018341911464362
 8.8767E-03,0.018074749205604927
 8.8902E-03,0.02267466372505958
 8.9037E-03,0.026664135011546283
 8.9171E-03,0.03003581160950224
 8.9306E-03,0.032887755921078864
 8.9441E-03,0.035358307460186957
 8.9575E-03,0.0375549638028341
 8.9710E-03,0.039496531095005116
 8.9845E-03,0.04108422159430229
 8.9980E-03,0.04210986794752725
 9.0114E-03,0.042299858361437695
 9.0249E-03,0.04138414891790637
 9.0384E-03,0.0391730859736398
 9.0518E-03,0.03562245755774667
 9.0653E-03,0.030869813589498404
 9.0788E-03,0.025232026904529848
 9.0922E-03,0.019163551988887386
 9.1057E-03,0.013184424573870191
 9.1192E-03,0.007794307073375811
 9.1327E-03,0.003392051479078736
 9.1461E-03,0.00021863901602443532
 9.1596E-03,-0.0016644955245770966
 9.1731E-03,-0.0023583376368806527
 9.1865E-03,-0.0020761876637318192
 9.2000E-03,-0.0010740836907638203
 9.2135E-03,0.00042039783434407634
 9.2269E-03,0.0022631322507335318
 9.2404E-03,0.004418784609883802
 9.2539E-03,0.0069507621379802376
 9.2674E-03,0.00997915872212466
 9.2808E-03,0.013618278455928636
 9.2943E-03,0.017910605721017422
 9.3078E-03,0.022775162401680676
 9.3212E-03,0.027984788747989677
 9.3347E-03,0.033179832259203276
 9.3482E-03,0.037916749740977626
 9.3616E-03,0.04174139318889839
 9.3751E-03,0.04427040102093376
 9.3886E-03,0.045261774189984706
 9.4021E-03,0.0446580602994332
 9.4155E-03,0.04259208989681996
 9.4290E-03,0.03935427165157693
 9.4425E-03,0.035329732625279726
 9.4559E-03,0.030920718103083503
 9.4694E-03,0.02647286134456099
 9.4829E-03,0.022222467784055025
 9.4963E-03,0.018276300762939176
 9.5098E-03,0.014626999479204124
 9.5233E-03,0.011198303034718372
 9.5368E-03,0.007906883008780041
 9.5502E-03,0.004723583297891585
 9.5637E-03,0.0017171932320390248
 9.5772E-03,-0.0009315589891782032
 9.5906E-03,-0.002950455584919135
 9.6041E-03,-0.004026536418863124
 9.6176E-03,-0.0038752490301829914
 9.6311E-03,-0.0023113151079825235
 9.6445E-03,0.0006960780160217917
 9.6580E-03,0.004997644860334003
 9.6715E-03,0.010274958090849563
 9.6849E-03,0.01608645308044872
 9.6984E-03,0.02193866808714684
 9.7119E-03,0.027366893248335793
 9.7253E-03,0.03200713007526499
 9.7388E-03,0.03564337560610356
 9.7523E-03,0.03822030183501287
 9.7658E-03,0.03981992183551988
 9.7792E-03,0.040609667964977475
 9.7927E-03,0.040776209623272996
 9.8062E-03,0.040462570138200094
 9.8196E-03,0.03972487934009689
 9.8331E-03,0.03851977410668393
 9.8466E-03,0.036725414611510035
 9.8600E-03,0.03419034780203686
 9.8735E-03,0.03079718885038986
 9.8870E-03,0.026524119443556853
 9.9004E-03,0.0214875330234199
 9.9139E-03,0.015953719173867613
 9.9274E-03,0.010315115141419749
 9.9409E-03,0.0050354106812368765
 9.9543E-03,0.0005754528411631658
 9.9678E-03,-0.0026834351637183614
 9.9813E-03,-0.0045015158082673925
 9.9947E-03,-0.004814399608524008
 1.0008E-02,-0.0037315380976063184
 1.0022E-02,-0.0015007369216911235
 1.0035E-02,0.0015521678892388689
 1.0049E-02,0.005093706757066359
 1.0062E-02,0.00884641527097594
 1.0076E-02,0.012630891229987014
 1.0089E-02,0.016377075879173225
 1.0103E-02,0.02010344072025084
 1.0116E-02,0.02387091662000162
 1.0129E-02,0.02772479368421138
 1.0143E-02,0.03164085430002295
 1.0156E-02,0.03549092739539384
 1.0170E-02,0.03903814261827793
 1.0183E-02,0.04196463705537325
 1.0197E-02,0.043926177315922056
 1.0210E-02,0.0446211559936254
 1.0224E-02,0.043857469359905726
 1.0237E-02,0.041600924858607155
 1.0251E-02,0.037993087962444015
 1.0264E-02,0.03333380767905415
 1.0278E-02,0.02803218348845365
 1.0291E-02,0.022537271923691884
 1.0305E-02,0.017264486979879184
 1.0318E-02,0.012534316712553457
 1.0331E-02,0.008536588893187343
 1.0345E-02,0.005327006387384011
 1.0358E-02,0.002854695118996621
 1.0372E-02,0.0010120123668895206
 1.0385E-02,-0.0003073619962612143
 1.0399E-02,-0.0011577474056233266
 1.0412E-02,-0.001511705705487417
 1.0426E-02,-0.0012591694384113752
 1.0439E-02,-0.00023590521482207204
 1.0453E-02,0.0017258424429299854
 1.0466E-02,0.004737485051696687
 1.0480E-02,0.008800544760792686
 1.0493E-02,0.013773723545148343
 1.0507E-02,0.019370106366306643
 1.0520E-02,0.02518686553478051
 1.0534E-02,0.03076200562767428
 1.0547E-02,0.03564605857963122
 1.0560E-02,0.03947284681244408
 1.0574E-02,0.04201347655912478
 1.0587E-02,0.04320167246113397
 1.0601E-02,0.0431254777036233
 1.0614E-02,0.04198848435434936
 1.0628E-02,0.0400510570317452
 1.0641E-02,0.03756661493590896
 1.0655E-02,0.03472880578261438
 1.0668E-02,0.03164221047206908
 1.0682E-02,0.02832292455010468
 1.0695E-02,0.024727584517539883
 1.0709E-02,0.020802090232888645
 1.0722E-02,0.01653622494861023
 1.0736E-02,0.012008836961550536
 1.0749E-02,0.007410599640252519
 1.0763E-02,0.003037009205522462
 1.0776E-02,-0.0007482240310260554
 1.0789E-02,-0.003571782197985983
 1.0803E-02,-0.0051181774717047775
 1.0816E-02,-0.005190526750244986
 1.0830E-02,-0.003750585423023804
 1.0843E-02,-0.0009287228404222382
 1.0857E-02,0.002998539915368367
 1.0870E-02,0.007658327560084607
 1.0884E-02,0.01264716050226676
 1.0897E-02,0.0175976825639957
 1.0911E-02,0.022231380001575114
 1.0924E-02,0.026385923874478807
 1.0938E-02,0.030012162696309547
 1.0951E-02,0.03314338415664625
 1.0965E-02,0.035846345881842934
 1.0978E-02,0.03816801026250845
 1.0992E-02,0.04009279947412996
 1.1005E-02,0.04152230960850064
 1.1018E-02,0.04228352539065347
 1.1032E-02,0.04216414378893169
 1.1045E-02,0.04096650156057937
 1.1059E-02,0.038566590308707925
 1.1072E-02,0.03496301107880634
 1.1086E-02,0.03030291797549935
 1.1099E-02,0.02487749048715175
 1.1113E-02,0.01908685100552377
 1.1126E-02,0.0133817331677571
 1.1140E-02,0.008194749546780542
 1.1153E-02,0.0038764442346121645
 1.1167E-02,0.0006499498115339992
 1.1180E-02,-0.0014065659662035736
 1.1194E-02,-0.002347188434473382
 1.1207E-02,-0.002319962997925517
 1.1221E-02,-0.0015136116460793669
 1.1234E-02,-0.00010310507943177413
 1.1247E-02,0.0017922093621824046
 1.1261E-02,0.004127720208620663
 1.1274E-02,0.006925705169279591
 1.1288E-02,0.010243342591700668
 1.1301E-02,0.014125671084254665
 1.1315E-02,0.018556561835820877
 1.1328E-02,0.023421461489116058
 1.1342E-02,0.02849290484057217
 1.1355E-02,0.033444260005254065
 1.1369E-02,0.03789019352172583
 1.1382E-02,0.041445616573943994
 1.1396E-02,0.04379006373218553
 1.1409E-02,0.044722812946443584
 1.1423E-02,0.04419604122930767
 1.1436E-02,0.04231846084935848
 1.1449E-02,0.039328932320750826
 1.1463E-02,0.035546715445849246
 1.1476E-02,0.03131045422100797
 1.1490E-02,0.02692034448194672
 1.1503E-02,0.022596686670793745
 1.1517E-02,0.018463564226145597
 1.1530E-02,0.01455987409103384
 1.1544E-02,0.01087301271285102
 1.1557E-02,0.007384896860719675
 1.1571E-02,0.004117035352480531
 1.1584E-02,0.0011617702860317143
 1.1598E-02,-0.0013095438239078502
 1.1611E-02,-0.003064684779075385
 1.1625E-02,-0.0038515047719259866
 1.1638E-02,-0.003452228093615108
 1.1652E-02,-0.001738079779571181
 1.1665E-02,0.0012891767207985285
 1.1678E-02,0.005479363676612534
 1.1692E-02,0.010544839138662866
 1.1705E-02,0.016098748130836813
 1.1719E-02,0.021712653988222023
 1.1732E-02,0.026981055828796622
 1.1746E-02,0.031578680335506565
 1.1759E-02,0.03529821627440456
 1.1773E-02,0.03806095119731115
 1.1786E-02,0.03989941003379594
 1.1800E-02,0.04091791736510538
 1.1813E-02,0.0412422777009175
 1.1827E-02,0.040972165161982085
 1.1840E-02,0.04014875700781293
 1.1854E-02,0.038745936109345375
 1.1867E-02,0.036687110187736675
 1.1881E-02,0.03388293769316012
 1.1894E-02,0.03027970632005465
 1.1907E-02,0.02590517278845795
 1.1921E-02,0.020899086912906956
 1.1934E-02,0.015519286880090976
 1.1948E-02,0.010120236657238673
 1.1961E-02,0.00510765889497878
 1.1975E-02,0.0008787871888166487
 1.1988E-02,-0.0022387254865223255
 1.2002E-02,-0.004035865400171354
 1.2015E-02,-0.0044487509809675516
 1.2029E-02,-0.0035573133026059415
 1.2042E-02,-0.0015573602522729662
 1.2056E-02,0.0012867034654732595
 1.2069E-02,0.004696938254728509
 1.2083E-02,0.008431654287402954
 1.2096E-02,0.01231851994486844
 1.2110E-02,0.016264021052788964
 1.2123E-02,0.02023840638628754
 1.2136E-02,0.02424152770008205
 1.2150E-02,0.02825985041302876
 1.2163E-02,0.03222715635345631
 1.2177E-02,0.036000524296682754
 1.2190E-02,0.03935929153320807
 1.2204E-02,0.04202883047580366
 1.2217E-02,0.04372456728464201
 1.2231E-02,0.04420632121549442
 1.2244E-02,0.0433301128515187
 1.2258E-02,0.04108484909974478
 1.2271E-02,0.03760471548883249
 1.2285E-02,0.0331538478190236
 1.2298E-02,0.028086458300284296
 1.2312E-02,0.0227913740032262
 1.2325E-02,0.017633460905561366
 1.2339E-02,0.01290482388423662
 1.2352E-02,0.008795961730529251
 1.2365E-02,0.005391955536645991
 1.2379E-02,0.0026925742509439693
 1.2392E-02,0.000649413772275685
 1.2406E-02,-0.0007907714548067738
 1.2419E-02,-0.0016486002482999982
 1.2433E-02,-0.0018907167980287169
 1.2446E-02,-0.0014304675676149671
 1.2460E-02,-0.00015069239317513938
 1.2473E-02,0.0020571059274997402
 1.2487E-02,0.005247337311158415
 1.2500E-02,0.009380643610724245
 1.2514E-02,0.014300867754398513
 1.2527E-02,0.0197357803478763
 1.2541E-02,0.025323071693340367
 1.2554E-02,0.030657050597553828
 1.2568E-02,0.03534642037667138
 1.2581E-02,0.03907068809991525
 1.2594E-02,0.0416229406164978
 1.2608E-02,0.042929899920603094
 1.2621E-02,0.04304559669219294
 1.2635E-02,0.04212131594049396
 1.2648E-02,0.04036007003479694
 1.2662E-02,0.03796732817622661
 1.2675E-02,0.03511022720322061
 1.2689E-02,0.03189492502758093
 1.2702E-02,0.02836682211768198
 1.2716E-02,0.02453234006522588
 1.2729E-02,0.0203953304072179
 1.2743E-02,0.01599738272503407
 1.2756E-02,0.01145024706774641
 1.2770E-02,0.0069505381800368275
 1.2783E-02,0.0027713458032899213
 1.2796E-02,-0.0007687972838165825
 1.2810E-02,-0.0033534086399200406
 1.2823E-02,-0.004721617363940455
 1.2837E-02,-0.0047157139210861395
 1.2850E-02,-0.003311825976590254
 1.2864E-02,-0.0006266507311369542
 1.2877E-02,0.00310137745059243
 1.2891E-02,0.007552286119355937
 1.2904E-02,0.012377102578143928
 1.2918E-02,0.017251003665213996
 1.2931E-02,0.021915446452038485
 1.2945E-02,0.026200544381193715
 1.2958E-02,0.030023958363688343
 1.2972E-02,0.03336845218556911
 1.2985E-02,0.036245544383597686
 1.2999E-02,0.03865604622005477
 1.3012E-02,0.04055886890625023
 1.3025E-02,0.04185717334754346
 1.3039E-02,0.04240631168119664
 1.3052E-02,0.04204223903247195
 1.3066E-02,0.04062360709062651
 1.3079E-02,0.038076966836249594
 1.3093E-02,0.03443337298419387
 1.3106E-02,0.029846509794834598
 1.3120E-02,0.024586800065717406
 1.3133E-02,0.019011707758148047
 1.3147E-02,0.013518143846028402
 1.3160E-02,0.008487109293720544
 1.3174E-02,0.00423243211732004
 1.3187E-02,0.0009643121370539395
 1.3201E-02,-0.001225278969834411
 1.3214E-02,-0.002353543075110469
 1.3228E-02,-0.002517893076661423
 1.3241E-02,-0.0018553564552838352
 1.3254E-02,-0.0005010662361959097
 1.3268E-02,0.0014436363280460505
 1.3281E-02,0.0039257423690623435
 1.3295E-02,0.006934687776671793
 1.3308E-02,0.010478365620831539
 1.3322E-02,0.014548148969158972
 1.3335E-02,0.019083014473063695
 1.3349E-02,0.023943291254042133
 1.3362E-02,0.028902332081032895
 1.3376E-02,0.03366005277145852
 1.3389E-02,0.03787686606707964
 1.3403E-02,0.04122137224178892
 1.3416E-02,0.043421543924834466
 1.3430E-02,0.044307991807438545
 1.3443E-02,0.04383955639815785
 1.3457E-02,0.04210555557587078
 1.3470E-02,0.03930451252934889
 1.3483E-02,0.03570470561273394
 1.3497E-02,0.03159602412858525
 1.3510E-02,0.027244355946834165
 1.3524E-02,0.0228586816864468
 1.3537E-02,0.018577526113935483
 1.3551E-02,0.014476346360990013
 1.3564E-02,0.010592099321750434
 1.3578E-02,0.006956946417322829
 1.3591E-02,0.0036308644056273704
 1.3605E-02,0.0007233549451625015
 1.3618E-02,-0.001602641246463581
 1.3632E-02,-0.0031468607619379203
 1.3645E-02,-0.0037048693035108392
 1.3659E-02,-0.003110752782269576
 1.3672E-02,-0.0012791831080056003
 1.3686E-02,0.0017634985613617761
 1.3699E-02,0.005867217658318383
 1.3712E-02,0.010768882674910128
 1.3726E-02,0.016124423456005555
 1.3739E-02,0.021555754589095866
 1.3753E-02,0.0267027913780242
 1.3766E-02,0.031269493873259564
 1.3780E-02,0.03505440320885934
 1.3793E-02,0.0379599298197401
 1.3807E-02,0.039979830439976084
 1.3820E-02,0.04116957741420711
 1.3834E-02,0.041608352711034975
 1.3847E-02,0.041363178905066786
 1.3861E-02,0.04046479839717238
 1.3874E-02,0.03890158346059234
 1.3888E-02,0.036632864944530726
 1.3901E-02,0.03361784982482155
 1.3915E-02,0.029852072478345582
 1.3928E-02,0.025401157498497966
 1.3941E-02,0.020422114140735068
 1.3955E-02,0.015165324066095304
 1.3968E-02,0.009955076546172132
 1.3982E-02,0.005151758998986381
 1.3995E-02,0.001103309400099387
 1.4009E-02,-0.0019038210960176526
 1.4022E-02,-0.0036837763285925244
 1.4036E-02,-0.004172349752859895
 1.4049E-02,-0.0034260281337851616
 1.4063E-02,-0.0016000942900219512
 1.4076E-02,0.0010884398965625066
 1.4090E-02,0.004404021252615046
 1.4103E-02,0.008131727370672918
 1.4117E-02,0.01210364495193675
 1.4130E-02,0.01620715056666075
 1.4143E-02,0.020374525781868633
 1.4157E-02,0.024558160305199975
 1.4170E-02,0.028699300619768144
 1.4184E-02,0.03269996056949068
 1.4197E-02,0.03640680780837917
 1.4211E-02,0.03961277263282379
 1.4224E-02,0.04207755271957782
 1.4238E-02,0.04356324412822954
 1.4251E-02,0.04387725378682512
 1.4265E-02,0.04291248109911697
 1.4278E-02,0.040675071492099354
 1.4292E-02,0.03729279192020339
 1.4305E-02,0.0330015784878207
 1.4319E-02,0.028112922180866584
 1.4332E-02,0.022969196495177778
 1.4346E-02,0.01789668724362013
 1.4359E-02,0.013166333334496986
 1.4372E-02,0.008970021297079977
 1.4386E-02,0.0054162843315013545
 1.4399E-02,0.0025444533813590623
 1.4413E-02,0.0003518749967416717
 1.4426E-02,-0.0011741856480486897
 1.4440E-02,-0.0020291936859705693
 1.4453E-02,-0.00217631400705569
 1.4467E-02,-0.0015480595938600328
 1.4480E-02,-6.448331163804734e-05
 1.4494E-02,0.0023366770655928685
 1.4507E-02,0.005665800233933333
 1.4521E-02,0.009852375977069831
 1.4534E-02,0.014729491177824705
 1.4548E-02,0.020037081338841918
 1.4561E-02,0.025444838463669118
 1.4575E-02,0.03059096936467491
 1.4588E-02,0.035129125607557606
 1.4601E-02,0.03877374053883134
 1.4615E-02,0.04133425803265866
 1.4628E-02,0.04273129842447596
 1.4642E-02,0.042992066894861965
 1.4655E-02,0.04222720787728647
 1.4669E-02,0.040595611153656785
 1.4682E-02,0.03826630035818166
 1.4696E-02,0.03538684040852288
 1.4709E-02,0.032065643809331794
 1.4723E-02,0.028371690918349218
 1.4736E-02,0.02435050290743828
 1.4750E-02,0.020050900271881483
 1.4763E-02,0.015554219592370709
 1.4777E-02,0.010996954729949014
 1.4790E-02,0.006579402697075203
 1.4804E-02,0.0025564125492230595
 1.4817E-02,-0.0007891352985124208
 1.4830E-02,-0.003185088793449027
 1.4844E-02,-0.004412802586503516
 1.4857E-02,-0.004344505283521783
 1.4871E-02,-0.0029668685863942974
 1.4884E-02,-0.0003854165173273745
 1.4898E-02,0.0031913066117581377
 1.4911E-02,0.0074843620271355035
 1.4925E-02,0.012186670474148883
 1.4938E-02,0.01700569849765901
 1.4952E-02,0.021697532410864022
 1.4965E-02,0.026085606035749193
 1.4979E-02,0.030061263780863646
 1.4992E-02,0.03356789548395734
 1.5006E-02,0.036574436939846244
 1.5019E-02,0.03904657306868463
 1.5033E-02,0.04092437319559234
 1.5046E-02,0.0421132374071642
 1.5059E-02,0.042491412543515794
 1.5073E-02,0.041932862869555575
 1.5086E-02,0.04034008429750864
 1.5100E-02,0.03767859747876147
 1.5113E-02,0.03400407759249393
 1.5127E-02,0.029474592289926556
 1.5140E-02,0.02434385257943121
 1.5154E-02,0.018935862443381656
 1.5167E-02,0.013605752251915262
 1.5181E-02,0.008694803698889825
 1.5194E-02,0.004488942182253492
 1.5208E-02,0.0011890196097982405
 1.5221E-02,-0.0011016870459686409
 1.5235E-02,-0.002371437599269677
 1.5248E-02,-0.0026784234058504323
 1.5262E-02,-0.0021200406884081917
 1.5275E-02,-0.0008013302167832015
 1.5288E-02,0.0011893405486340112
 1.5302E-02,0.0037914756083714056
 1.5315E-02,0.006968281493508931
 1.5329E-02,0.010689033320664175
 1.5342E-02,0.014903518829979418
 1.5356E-02,0.019516332633385754
 1.5369E-02,0.024369045100174153
 1.5383E-02,0.029236471556632924
 1.5396E-02,0.03383985272820237
 1.5410E-02,0.03787555491653246
 1.5423E-02,0.041053937746558716
 1.5437E-02,0.043140308048760734
 1.5450E-02,0.04398908784703688
 1.5464E-02,0.04356370691234461
 1.5477E-02,0.041937963819577796
 1.5490E-02,0.03927888103113467
 1.5504E-02,0.03581533402646966
 1.5517E-02,0.03179989342361494
 1.5531E-02,0.027472603190061944
 1.5544E-02,0.02303453897593963
 1.5558E-02,0.018636214354412765
 1.5571E-02,0.014381960762808853
 1.5585E-02,0.010347296937658583
 1.5598E-02,0.006603045336171005
 1.5612E-02,0.0032383415632867116
 1.5625E-02,0.00037509812338125826
 1.5639E-02,-0.0018311961797791306
 1.5652E-02,-0.0032058293852572474
 1.5666E-02,-0.003581834350935806
 1.5679E-02,-0.00283361266458791
 1.5693E-02,-0.0009092789971840041
 1.5706E-02,0.0021462598118922437
 1.5719E-02,0.006183586817057039
 1.5733E-02,0.010959132824429469
 1.5746E-02,0.016162247942056774
 1.5760E-02,0.02145381068660623
 1.5773E-02,0.026508557743657866
 1.5787E-02,0.031052503885359888
 1.5800E-02,0.034888058924578635
 1.5814E-02,0.037902453494400704
 1.5827E-02,0.04005912466658215
 1.5841E-02,0.0413757823345228
 1.5854E-02,0.041895958205754716
 1.5868E-02,0.041662159314274985
 1.5881E-02,0.040697987156374626
 1.5895E-02,0.039003955867576615
 1.5908E-02,0.036567931225964405
 1.5922E-02,0.03338708831065046
 1.5935E-02,0.029495069432282316
 1.5948E-02,0.024986432626815654
 1.5962E-02,0.020030920635284288
 1.5975E-02,0.014872439649694551
 1.5989E-02,0.009811317401824556
 1.6002E-02,0.005172482904827278
 1.6016E-02,0.00126565953448168
 1.6029E-02,-0.0016543529791223479
 1.6043E-02,-0.0034191748949090653
 1.6056E-02,-0.003963838989458011
 1.6070E-02,-0.003326282888395698
 1.6083E-02,-0.0016302707974619297
 1.6097E-02,0.0009436846446125517
 1.6110E-02,0.004192321233525805
 1.6124E-02,0.007920674288670831
 1.6137E-02,0.011963400716608525
 1.6151E-02,0.01619232954241828
 1.6164E-02,0.0205098561461865
 1.6177E-02,0.02483150185573707
 1.6191E-02,0.02906377744511107
 1.6204E-02,0.03308471192385155
 1.6218E-02,0.03673372700239369
 1.6231E-02,0.039815118705809616
 1.6245E-02,0.04211585074442588
 1.6258E-02,0.04343455619315033
 1.6272E-02,0.04361554395258489
 1.6285E-02,0.04258001009008989
 1.6299E-02,0.040346988075351566
 1.6312E-02,0.03703877415304804
 1.6326E-02,0.03286909148572367
 1.6339E-02,0.028116222817759995
 1.6353E-02,0.023086749687776267
 1.6366E-02,0.01807754417348195
 1.6380E-02,0.013343795867795265
 1.6393E-02,0.009079131342857243
 1.6406E-02,0.005410763408864034
 1.6420E-02,0.0024088867116661247
 1.6433E-02,0.00010613215470629215
 1.6447E-02,-0.001479374786352127
 1.6460E-02,-0.002324406287421481
 1.6474E-02,-0.002390339400567656
 1.6487E-02,-0.001625377634127323
 1.6501E-02,2.0980333535262864e-05
 1.6514E-02,0.002574892358314146
 1.6528E-02,0.006012699669059813
 1.6541E-02,0.010240139169338691
 1.6555E-02,0.015082532425522356
 1.6568E-02,0.02028983392237311
 1.6582E-02,0.025556990434958213
 1.6595E-02,0.030556429523090126
 1.6609E-02,0.03497654045131906
 1.6622E-02,0.038558471672451036
 1.6635E-02,0.041123850367231186
 1.6649E-02,0.042588090113697866
 1.6662E-02,0.04295729922564547
 1.6676E-02,0.04231060509976862
 1.6689E-02,0.0407730157898308
 1.6703E-02,0.03848592287591064
 1.6716E-02,0.03558252728484174
 1.6730E-02,0.032173825025076735
 1.6743E-02,0.028347766752086372
 1.6757E-02,0.024180586374147328
 1.6770E-02,0.019755999052486727
 1.6784E-02,0.015185825249727461
 1.6797E-02,0.01062513716338042
 1.6811E-02,0.0062763537947362735
 1.6824E-02,0.002379487760604017
 1.6838E-02,-0.0008107327661476594
 1.6851E-02,-0.003056761225074359
 1.6864E-02,-0.004172632683767194
 1.6878E-02,-0.004053492850723912
 1.6891E-02,-0.002693773033947834
 1.6905E-02,-0.00018994458721109534
 1.6918E-02,0.003272846738006894
 1.6932E-02,0.0074474380994118215
 1.6945E-02,0.012058904241486637
 1.6959E-02,0.01683918495495894
 1.6972E-02,0.021555033173205927
 1.6986E-02,0.0260240710788339
 1.6999E-02,0.03011680345606184
 1.7013E-02,0.03374596703535884
 1.7026E-02,0.036847712872605985
 1.7040E-02,0.039361045873134375
 1.7053E-02,0.0412121999640289
 1.7066E-02,0.04230915005340275
 1.7080E-02,0.042548631469542596
 1.7093E-02,0.041834574121449086
 1.7107E-02,0.040103642593152994
 1.7120E-02,0.03735142628661096
 1.7134E-02,0.033652301919109805
 1.7147E-02,0.02916724045992915
 1.7161E-02,0.02413654485118892
 1.7174E-02,0.018858000541044813
 1.7188E-02,0.01365431994103536
 1.7201E-02,0.008836222999975399
 1.7215E-02,0.004668429253211115
 1.7228E-02,0.0013450445819838436
 1.7242E-02,-0.0010214618185472508
 1.7255E-02,-0.0023966952425774624
 1.7269E-02,-0.0028085242680240255
 1.7282E-02,-0.0023240267477826165
 1.7295E-02,-0.0010255866179048733
 1.7309E-02,0.001007671005781524
 1.7322E-02,0.003708646853184225
 1.7336E-02,0.007019586500849632
 1.7349E-02,0.010879488206789807
 1.7363E-02,0.015205904946971908
 1.7376E-02,0.01987710338329853
 1.7390E-02,0.02472066930297987
 1.7403E-02,0.029513201957780483
 1.7417E-02,0.033993062876538076
 1.7430E-02,0.03788488850189509
 1.7444E-02,0.04093154292585807
 1.7457E-02,0.04292713929073158
 1.7471E-02,0.04374422824763941
 1.7484E-02,0.043349398932286294
 1.7498E-02,0.041804096546398425
 1.7511E-02,0.03925079956359929
 1.7524E-02,0.03588798351174089
 1.7538E-02,0.03193970713515231
 1.7551E-02,0.027626601150546996
 1.7565E-02,0.02314431201322647
 1.7578E-02,0.01865327132388525
 1.7592E-02,0.014280601173272008
 1.7605E-02,0.01013180557524801
 1.7619E-02,0.006307425352277702
 1.7632E-02,0.002918653142051841
 1.7646E-02,9.629385867418894e-05
 1.7659E-02,-0.0020107006000254406
 1.7673E-02,-0.0032480688011324458
 1.7686E-02,-0.0034783005813462256
 1.7700E-02,-0.0026071773814590926
 1.7713E-02,-0.000608594512542407
 1.7727E-02,0.002458486443253201
 1.7740E-02,0.0064455662613480446
 1.7753E-02,0.011124552513745688
 1.7767E-02,0.01621086762649117
 1.7780E-02,0.021395519890609546
 1.7794E-02,0.026379931391479556
 1.7807E-02,0.030906748254625256
 1.7821E-02,0.034780881384583934
 1.7834E-02,0.037877404017997135
 1.7848E-02,0.040136087100825564
 1.7861E-02,0.04154550287026869
 1.7875E-02,0.0421219843063332
 1.7888E-02,0.04188970624617072
 1.7902E-02,0.04086751910588471
 1.7915E-02,0.03906609619343256
 1.7929E-02,0.036495990015667494
 1.7942E-02,0.03318409308821546
 1.7956E-02,0.029193556118107596
 1.7969E-02,0.024641054747013332
 1.7982E-02,0.019705713242729555
 1.7996E-02,0.01462588549555746
 1.8009E-02,0.009682882452404179
 1.8023E-02,0.0051738948483451685
 1.8036E-02,0.0013790058517906614
 1.8050E-02,-0.001471323897494537
 1.8063E-02,-0.0032219320181750286
 1.8077E-02,-0.003806916515804442
 1.8090E-02,-0.003249602780725542
 1.8104E-02,-0.0016493033343945903
 1.8117E-02,0.0008415172342313446
 1.8131E-02,0.004044135346481441
 1.8144E-02,0.007778400163574405
 1.8158E-02,0.011880268551353435
 1.8171E-02,0.01620893253883072
 1.8185E-02,0.02064326600522488
 1.8198E-02,0.025070161727781187
 1.8211E-02,0.029369470421145898
 1.8225E-02,0.03340115240851375
 1.8238E-02,0.03699968145615903
 1.8252E-02,0.03997883740591303
 1.8265E-02,0.04214726210109296
 1.8279E-02,0.04333222417693028
 1.8292E-02,0.04340668546147128
 1.8306E-02,0.042313592436013056
 1.8319E-02,0.04008164541369852
 1.8333E-02,0.03682856194682696
 1.8346E-02,0.032750617199731005
 1.8360E-02,0.0281003212143039
 1.8373E-02,0.023156712468945385
 1.8387E-02,0.018194266082814967
 1.8400E-02,0.013456480662924396
 1.8413E-02,0.00913883786889224
 1.8427E-02,0.005383393952374199
 1.8440E-02,0.0022843833228356914
 1.8454E-02,-9.839758291494425e-05
 1.8467E-02,-0.0017233727397190307
 1.8481E-02,-0.002553500459452248
 1.8494E-02,-0.0025495269007636775
 1.8508E-02,-0.0016725105725010699
 1.8521E-02,0.00010471881774327648
 1.8535E-02,0.0027800923062611346
 1.8548E-02,0.006303610303832311
 1.8562E-02,0.010562879745407278
 1.8575E-02,0.01537762716725228
 1.8589E-02,0.02050601551629303
 1.8602E-02,0.025662907152205025
 1.8616E-02,0.030547405471479747
 1.8629E-02,0.03487475654040065
 1.8642E-02,0.038406561891368776
 1.8656E-02,0.04097354216059612
 1.8669E-02,0.04248674909275828
 1.8683E-02,0.042935754672773885
 1.8696E-02,0.04237530129181603
 1.8710E-02,0.040904438962439664
 1.8723E-02,0.03864367365699096
 1.8737E-02,0.03571574415389457
 1.8750E-02,0.03223433318219896
 1.8764E-02,0.028302657424189852
 1.8777E-02,0.024021084828237248
 1.8791E-02,0.019500411714195937
 1.8804E-02,0.014875831474242974
 1.8818E-02,0.010316340077959596
 1.8831E-02,0.006025416846022946
 1.8845E-02,0.0022310108735682224
 1.8858E-02,-0.0008344002848316556
 1.8871E-02,-0.002960316501147503
 1.8885E-02,-0.003986105207522073
 1.8898E-02,-0.003824496953813827
 1.8912E-02,-0.002475667215173817
 1.8925E-02,-2.881937265232287e-05
 1.8939E-02,0.0033491635047520805
 1.8952E-02,0.007435677756215649
 1.8966E-02,0.011980435825137498
 1.8979E-02,0.01673389044268589
 1.8993E-02,0.021470528634972584
 1.9006E-02,0.026002978618185766
 1.9020E-02,0.030185266150204615
 1.9033E-02,0.03390629288490648
 1.9047E-02,0.03707700745053311
 1.9060E-02,0.039616201891097685
 1.9074E-02,0.04144002762910235
 1.9087E-02,0.04245915012761115
 1.9100E-02,0.04258525253518188
 1.9114E-02,0.04174592110244471
 1.9127E-02,0.03990448439791523
 1.9141E-02,0.03707976730494518
 1.9154E-02,0.0333603801838926
 1.9168E-02,0.028909192713415358
 1.9181E-02,0.023955789718426667
 1.9195E-02,0.01877743540830625
 1.9208E-02,0.013671701396530345
 1.9222E-02,0.008925795733488388
 1.9235E-02,0.00478831652832099
 1.9249E-02,0.0014485011090975435
 1.9262E-02,-0.0009737633568489088
 1.9276E-02,-0.0024264007785760244
 1.9289E-02,-0.002913894534761572
 1.9303E-02,-0.002480193296359658
 1.9316E-02,-0.0011906942304079106
 1.9329E-02,0.0008819607774429908
 1.9343E-02,0.0036648917661521825
 1.9356E-02,0.007083575689130608
 1.9370E-02,0.011053255446766448
 1.9383E-02,0.01546648694617345
 1.9397E-02,0.020181376424110383
 1.9410E-02,0.02501510392975289
 1.9424E-02,0.029746164698848276
 1.9437E-02,0.034126663839525784
 1.9451E-02,0.037903481350903455
 1.9464E-02,0.04084480703565958
 1.9478E-02,0.0427670135127793
 1.9491E-02,0.04355649079247997
 1.9505E-02,0.04318201631770742
 1.9518E-02,0.041695260474755504
 1.9532E-02,0.03921963232035426
 1.9545E-02,0.035930206242145095
 1.9558E-02,0.03202930866825091
 1.9572E-02,0.027723038865943475
 1.9585E-02,0.023203400085587696
 1.9599E-02,0.018639006265888707
 1.9612E-02,0.014174958446975815
 1.9626E-02,0.009940060089196118
 1.9639E-02,0.006057668285865495
 1.9653E-02,0.0026556173496141435
 1.9666E-02,-0.00012899655416513797
 1.9680E-02,-0.0021529189642055285
 1.9693E-02,-0.0032782828089258035
 1.9707E-02,-0.003390775372229996
 1.9720E-02,-0.002420644296622361
 1.9734E-02,-0.00036170003127353623
 1.9747E-02,0.002716420820973905
 1.9760E-02,0.006666207551780554
 1.9774E-02,0.011271796334997006
 1.9787E-02,0.016268919951444256
 1.9801E-02,0.021371865523487278
 1.9814E-02,0.026302495735305992
 1.9828E-02,0.03081599543533996
 1.9841E-02,0.034718848556271456
 1.9855E-02,0.037876433696885876
 1.9868E-02,0.040210092636776607
 1.9882E-02,0.0416859655588226
 1.9895E-02,0.04229969325741872
 1.9909E-02,0.04206181285736894
 1.9922E-02,0.04098814850990925
 1.9936E-02,0.0390978705692936
 1.9949E-02,0.03641959300863249
 1.9963E-02,0.03300349472570239
 1.9976E-02,0.02893559908067913
 1.9989E-02,0.02434950379042769
 2.0003E-02,0.019431238591890658
 2.0016E-02,0.014414446199870921
 2.0030E-02,0.009565351628559506
 2.0043E-02,0.005159438375490191
 2.0057E-02,0.0014537803767005059
 2.0070E-02,-0.0013399066688576733
 2.0084E-02,-0.0030764909420939327
 2.0097E-02,-0.0036891279022518314
 2.0111E-02,-0.0031896909635349665
 2.0124E-02,-0.0016585821353642186
 2.0138E-02,0.0007732291407751353
 2.0151E-02,0.003945608798897871
 2.0165E-02,0.007689339452958546
 2.0178E-02,0.01184081978070296
 2.0192E-02,0.01624897583255016
 2.0205E-02,0.020774169544252017
 2.0218E-02,0.025281071359907252
 2.0232E-02,0.029629089405337296
 2.0245E-02,0.033664607777946054
 2.0259E-02,0.03721881234093384
 2.0272E-02,0.04011338898488606
 2.0286E-02,0.04217423898378211
 2.0299E-02,0.04325110836790446
 2.0313E-02,0.04323924703231281
 2.0326E-02,0.04209836207474223
 2.0340E-02,0.03986444137484548
 2.0353E-02,0.036651436188936376
 2.0367E-02,0.03264196183617732
 2.0380E-02,0.028068564748544668
 2.0394E-02,0.023189119776279035
 2.0407E-02,0.01826107294812905
 2.0421E-02,0.013519267479666537
 2.0434E-02,0.00916100690250398
 2.0447E-02,0.005340112555292008
 2.0461E-02,0.0021695077253420523
 2.0474E-02,-0.0002701415120155634
 2.0488E-02,-0.0019194957584977674
 2.0501E-02,-0.0027313807273094334
 2.0515E-02,-0.002666689124173481
 2.0528E-02,-0.001697028019156884
 2.0542E-02,0.0001862532298481461
 2.0555E-02,0.002958982730395292
 2.0569E-02,0.006550745805621719
 2.0582E-02,0.010835289653697969
 2.0596E-02,0.015628313339842964
 2.0609E-02,0.020694672050516724
 2.0623E-02,0.02576492234762444
 2.0636E-02,0.030558963501604874
 2.0650E-02,0.034812817589491375
 2.0663E-02,0.038303765927357354
 2.0676E-02,0.04086934024505773
 2.0690E-02,0.04241700186490473
 2.0703E-02,0.042923413220483
 2.0717E-02,0.042424504834501324
 2.0730E-02,0.040999497768665905
 2.0744E-02,0.03875317455118368
 2.0757E-02,0.03580073124898044
 2.0771E-02,0.03225850033566875
 2.0784E-02,0.028241993044784874
 2.0798E-02,0.023870553553461547
 2.0811E-02,0.01927600073577157
 2.0825E-02,0.014611443332556723
 2.0838E-02,0.010056289510773976
 2.0852E-02,0.005814369549050972
 2.0865E-02,0.002103820920890555
 2.0879E-02,-0.000860488407626819
 2.0892E-02,-0.002889230974397935
 2.0905E-02,-0.003841451687616274
 2.0919E-02,-0.00364341886488965
 2.0932E-02,-0.0022996004446965324
 2.0946E-02,0.00010657683260408262
 2.0959E-02,0.003422432944898131
 2.0973E-02,0.007444300038599725
 2.0986E-02,0.011940729589170102
 2.1000E-02,0.016676144748081528
 2.1013E-02,0.021430601566210426
 2.1027E-02,0.026012479852654237
 2.1040E-02,0.030262794649443387
 2.1054E-02,0.034051940987985585
 2.1067E-02,0.037271530896992054
 2.1081E-02,0.039825092917773953
 2.1094E-02,0.04162150499918693
 2.1107E-02,0.04257410112764701
 2.1121E-02,0.04260667202802512
 2.1134E-02,0.04166551413723895
 2.1148E-02,0.03973480168253844
 2.1161E-02,0.036851351571545385
 2.1175E-02,0.03311463817288457
 2.1188E-02,0.02868876138547185
 2.1202E-02,0.023794772318945074
 2.1215E-02,0.01869389402533486
 2.1229E-02,0.013664210986220693
 2.1242E-02,0.008974842639008659
 2.1256E-02,0.004862121844244677
 2.1269E-02,0.0015117648791159108
 2.1283E-02,-0.0009504034180078998
 2.1296E-02,-0.0024585569046181683
 2.1310E-02,-0.0029991996212252355
 2.1323E-02,-0.00259869671220007
 2.1336E-02,-0.001309779204436263
 2.1350E-02,0.0007993585445178078
 2.1363E-02,0.0036508002146228855
 2.1377E-02,0.007156588129254297
 2.1390E-02,0.011213305919382629
 2.1404E-02,0.01569411090573109
 2.1417E-02,0.020441668782568603
 2.1431E-02,0.025265432835422555
 2.1444E-02,0.029945774678318125
 2.1458E-02,0.03424583400099132
 2.1471E-02,0.03793001053644872
 2.1485E-02,0.040786255171857376
 2.1498E-02,0.04264817719737735
 2.1512E-02,0.04341277186369167
 2.1525E-02,0.0430503590591858
 2.1539E-02,0.04160492951463787
 2.1552E-02,0.039185128525437735
 2.1565E-02,0.035948067160669644
 2.1579E-02,0.032079555395676876
 2.1592E-02,0.027774863597221686
 2.1606E-02,0.023223632099989646
 2.1619E-02,0.01860121054354069
 2.1633E-02,0.014066875843936972
 2.1646E-02,0.00976752123943163
 2.1660E-02,0.005843995371034699
 2.1673E-02,0.0024366473920524605
 2.1687E-02,-0.00031305355682904445
 2.1700E-02,-0.002266798946169212
 2.1714E-02,-0.00329989308488959
 2.1727E-02,-0.0033163310114289898
 2.1741E-02,-0.0022654799300618166
 2.1754E-02,-0.00015657784593584153
 2.1768E-02,0.002932592179629923
 2.1781E-02,0.0068554614179558975
 2.1794E-02,0.011405790322363529
 2.1808E-02,0.016335106151686693
 2.1821E-02,0.02137566461096429
 2.1835E-02,0.026264978159065325
 2.1848E-02,0.030767684844844
 2.1862E-02,0.03469122471411572
 2.1875E-02,0.03789328354514071
 2.1889E-02,0.04028089369436251
 2.1902E-02,0.04180297447969405
 2.1916E-02,0.04243948169882585
 2.1929E-02,0.04219087672696161
 2.1943E-02,0.04107119559788417
 2.1956E-02,0.039106721023043946
 2.1970E-02,0.03634047362087385
 2.1983E-02,0.03284090825216602
 2.1997E-02,0.028711802000949693
 2.2010E-02,0.024099715495239756
 2.2023E-02,0.019195758592834095
 2.2037E-02,0.014229610859781888
 2.2050E-02,0.00945553259289578
 2.2064E-02,0.005132009319401295
 2.2077E-02,0.0014982320278727956
 2.2091E-02,-0.0012485504503209608
 2.2104E-02,-0.002970855289031369
 2.2118E-02,-0.0036009870706646355
 2.2131E-02,-0.003141899653102356
 2.2145E-02,-0.0016594269099507088
 2.2158E-02,0.0007318776604143418
 2.2172E-02,0.0038859055253184067
 2.2185E-02,0.007641447581430784
 2.2199E-02,0.01183477660000265
 2.2212E-02,0.01630647885546802
 2.2226E-02,0.020902345148183954
 2.2239E-02,0.025469802633151586
 2.2252E-02,0.029852602400496177
 2.2266E-02,0.03388696200713094
 2.2279E-02,0.037401972571021104
 2.2293E-02,0.0402259116499936
 2.2306E-02,0.04219844879879547
 2.2320E-02,0.04318701016493278
 2.2333E-02,0.04310422438670203
 2.2347E-02,0.04192275760059613
 2.2360E-02,0.03968413229118139
 2.2374E-02,0.03649925653886264
 2.2387E-02,0.032540094317820095
 2.2401E-02,0.028023764514592698
 2.2414E-02,0.023191909683287205
 2.2428E-02,0.018289050612987703
 2.2441E-02,0.013543641551128038
 2.2454E-02,0.009154687018204384
 2.2468E-02,0.005285306987500869
 2.2481E-02,0.002062920331623234
 2.2495E-02,-0.00041581724897176266
 2.2508E-02,-0.0020781658311878107
 2.2522E-02,-0.0028695929281590702
 2.2535E-02,-0.002751647595571239
 2.2549E-02,-0.0017046140555714664
 2.2562E-02,0.0002654221935446503
 2.2576E-02,0.0031169447845836944
 2.2589E-02,0.006763683871923634
 2.2603E-02,0.011068766895032688
 2.2616E-02,0.015844990862444133
 2.2630E-02,0.020862640798516904
 2.2643E-02,0.025864632694045417
 2.2657E-02,0.03058708181520962
 2.2670E-02,0.034782096960491844
 2.2683E-02,0.03823900368006972
 2.2697E-02,0.04080046423938135
 2.2710E-02,0.04237103822407588
 2.2724E-02,0.04291736025283811
 2.2737E-02,0.04246090201605339
 2.2751E-02,0.04106579439601914
 2.2764E-02,0.03882504367439017
 2.2778E-02,0.03584848314261383
 2.2791E-02,0.03225497484736255
 2.2805E-02,0.02816994395128571
 2.2818E-02,0.02372766893032513
 2.2832E-02,0.01907629515276176
 2.2845E-02,0.014382660104843749
 2.2859E-02,0.009833938077639753
 2.2872E-02,0.005633849101184744
 2.2886E-02,0.001992543783177747
 2.2899E-02,-0.0008890716970106098
 2.2912E-02,-0.002838280117481728
 2.2926E-02,-0.0037294541067901467
 2.2939E-02,-0.0034993311181666423
 2.2953E-02,-0.0021556329587622642
 2.2966E-02,0.0002227505866329504
 2.2980E-02,0.0034941358548051904
 2.2993E-02,0.00746941084706035
 2.3007E-02,0.01193149445689419
 2.3020E-02,0.016655320818665706
 2.3034E-02,0.02142492160747368
 2.3047E-02,0.026045093189987233
 2.3061E-02,0.030346596296335477
 2.3074E-02,0.03418548217186712
 2.3088E-02,0.03743856259558844
 2.3101E-02,0.03999788835610767
 2.3115E-02,0.04176716294682575
 2.3128E-02,0.04266228515369079
 2.3141E-02,0.04261687844019329
 2.3155E-02,0.04159207404574614
 2.3168E-02,0.03958838260208989
 2.3182E-02,0.03665659114101009
 2.3195E-02,0.03290449933478293
 2.3209E-02,0.02849700441158229
 2.3222E-02,0.023648392875875016
 2.3236E-02,0.018607367069096905
 2.3249E-02,0.01363691480035086
 2.3263E-02,0.008992237276914684
 2.3276E-02,0.004900324393649368
 2.3290E-02,0.0015443318774957058
 2.3303E-02,-0.0009452059424176476
 2.3317E-02,-0.002491817849393862
 2.3330E-02,-0.003068239207259979
 2.3344E-02,-0.0026875284986968575
 2.3357E-02,-0.0013930414113386097
 2.3370E-02,0.000749977398055211
 2.3384E-02,0.0036592343228794982
 2.3397E-02,0.00723598542634288
 2.3411E-02,0.011362135893206908
 2.3424E-02,0.01589577414690678
 2.3438E-02,0.020667736070419402
 2.3451E-02,0.0254817508136755
 2.3465E-02,0.030119969410868697
 2.3478E-02,0.03435439719305855
 2.3492E-02,0.03796325312450562
 2.3505E-02,0.040749937135701214
 2.3519E-02,0.042561443103114605
 2.3532E-02,0.04330293548717406
 2.3546E-02,0.04294585861527114
 2.3559E-02,0.04152822139962961
 2.3572E-02,0.03914728964029414
 2.3586E-02,0.03594643456431014
 2.3599E-02,0.03209896080490969
 2.3613E-02,0.027792115425362134
 2.3626E-02,0.023214087109379875
 2.3640E-02,0.018545761880434327
 2.3653E-02,0.01395758901140403
 2.3667E-02,0.009610493682051613
 2.3680E-02,0.005658709595450315
 2.3694E-02,0.002251957649462207
 2.3707E-02,-0.0004653306668199013
 2.3721E-02,-0.002359132588042329
 2.3734E-02,-0.0033153656986064347
 2.3748E-02,-0.0032525150190419174
 2.3761E-02,-0.0021349341137113006
 2.3775E-02,1.614283760928599e-05
 2.3788E-02,0.0031166747556509696
 2.3801E-02,0.007020920398677144
 2.3815E-02,0.011530179958406345
 2.3828E-02,0.016408238067348195
 2.3842E-02,0.02140120472225627
 2.3855E-02,0.026258568794359272
 2.3869E-02,0.030752098411624715
 2.3882E-02,0.034689791534575465
 2.3896E-02,0.037923264524729834
 2.3909E-02,0.04034847967165517
 2.3923E-02,0.04190118405069358
 2.3936E-02,0.04254950014667889
 2.3950E-02,0.04228651355603519
 2.3963E-02,0.04112535446523371
 2.3977E-02,0.03909826990828031
 2.3990E-02,0.03625980081180352
 2.4004E-02,0.032692775533973616
 2.4017E-02,0.028514777428894005
 2.4030E-02,0.023882315184680196
 2.4044E-02,0.01899023760527888
 2.4057E-02,0.014064915647624368
 2.4071E-02,0.009351121359456985
 2.4084E-02,0.0050940181174146506
 2.4098E-02,0.0015188752915673955
 2.4111E-02,-0.0011882560156141072
 2.4125E-02,-0.002895766196939508
 2.4138E-02,-0.003535256501653613
 2.4152E-02,-0.003102788162717969
 2.4165E-02,-0.0016530284795830232
 2.4179E-02,0.0007119494693045233
 2.4192E-02,0.0038565632876735676
 2.4206E-02,0.007625410233651908
 2.4219E-02,0.011854273551885798
 2.4233E-02,0.016376961495221866
 2.4246E-02,0.021027792734114554
 2.4259E-02,0.025640820038321223
 2.4273E-02,0.030047819467182137
 2.4286E-02,0.03407742756373302
 2.4300E-02,0.037557492409860234
 2.4313E-02,0.04032179380789337
 2.4327E-02,0.04222101318494382
 2.4340E-02,0.043136521007190294
 2.4354E-02,0.04299453939908411
 2.4367E-02,0.04177779913204248
 2.4381E-02,0.039532069711691674
 2.4394E-02,0.03636584869669624
 2.4408E-02,0.032442835876201205
 2.4421E-02,0.027968263333389427
 2.4435E-02,0.023171352004407564
 2.4448E-02,0.018286833164463848
 2.4462E-02,0.013538461062021993
 2.4475E-02,0.009126773717274137
 2.4488E-02,0.005222216163339017
 2.4502E-02,0.0019634178740806723
 2.4515E-02,-0.000540757645108767
 2.4529E-02,-0.002207515966300912
 2.4542E-02,-0.002977055478281629
 2.4556E-02,-0.0028119050987665873
 2.4569E-02,-0.0016995114678493017
 2.4583E-02,0.0003422775701414898
 2.4596E-02,0.0032582978332507677
 2.4610E-02,0.006949932438637214
 2.4623E-02,0.011272146014912904
 2.4637E-02,0.016035636800428608
 2.4650E-02,0.021015074654857864
 2.4664E-02,0.025963102933574005
 2.4677E-02,0.030628487052672057
 2.4691E-02,0.0347758074283054
 2.4704E-02,0.03820366628929385
 2.4717E-02,0.040758622447486494
 2.4731E-02,0.042342937361698946
 2.4744E-02,0.04291550528024551
 2.4758E-02,0.04248673780915033
 2.4771E-02,0.0411093383712975
 2.4785E-02,0.038867553787265155
 2.4798E-02,0.03586747968871278
 2.4812E-02,0.03223034403619395
 2.4825E-02,0.028089581641097938
 2.4839E-02,0.023591239347688
 2.4852E-02,0.01889615010633635
 2.4866E-02,0.014181669516473011
 2.4879E-02,0.009640745775265993
 2.4893E-02,0.005476699269289312
 2.4906E-02,0.001893168459457019
 2.4920E-02,-0.0009200371078946002
 2.4933E-02,-0.0028032681380524447
 2.4946E-02,-0.0036428806543657853
 2.4960E-02,-0.003383756420963941
 2.4973E-02,-0.0020361331763256055
 2.4987E-02,0.0003246113530228638
 2.5000E-02,0.0035652592711970872
 2.5014E-02,0.0075078446925912964
 2.5027E-02,0.01194620721925557
 2.5041E-02,0.01666315918895805
 2.5054E-02,0.021445538888221465
 2.5068E-02,0.02609514189648676
 2.5081E-02,0.03043466323546887
 2.5095E-02,0.034309061441979156
 2.5108E-02,0.037583855226268066
 2.5122E-02,0.04014251198056756
 2.5135E-02,0.04188512663224894
 2.5148E-02,0.04273001540072572
 2.5162E-02,0.04261881508674703
 2.5175E-02,0.04152445661857579
 2.5189E-02,0.03946029330620131
 2.5202E-02,0.03648799853803199
 2.5216E-02,0.03272178667766368
 2.5229E-02,0.028327082872331516
 2.5243E-02,0.023512838760347307
 2.5256E-02,0.018518001041812657
 2.5270E-02,0.013593869201002147
 2.5283E-02,0.008984931597862908
 2.5297E-02,0.004911047318011979
 2.5310E-02,0.0015534901428502198
 2.5324E-02,-0.0009535108680160057
 2.5337E-02,-0.002525290449621037
 2.5351E-02,-0.0031240940422894705
 2.5364E-02,-0.002752970661819103
 2.5377E-02,-0.0014484052804786245
 2.5391E-02,0.0007262089641715173
 2.5404E-02,0.0036847759960457814
 2.5418E-02,0.007319867947205773
 2.5431E-02,0.01150182039827874
 2.5445E-02,0.01607700042819708
 2.5458E-02,0.020867174966626482
 2.5472E-02,0.025671843453487057
 2.5485E-02,0.03027479780451831
 2.5499E-02,0.034455174809902823
 2.5512E-02,0.03800211517286563
 2.5526E-02,0.040731127679553725
 2.5539E-02,0.0424996379837315
 2.5553E-02,0.04321914711324549
 2.5566E-02,0.04286196401002201
 2.5580E-02,0.041461488610820045
 2.5593E-02,0.03910626590325067
 2.5606E-02,0.035929206487201874
 2.5620E-02,0.032094193044142766
 2.5633E-02,0.02778257341232243
 2.5647E-02,0.02318172784385906
 2.5660E-02,0.018477088933404818
 2.5674E-02,0.013847907681854534
 2.5687E-02,0.009465981333463548
 2.5701E-02,0.00549576231102204
 2.5714E-02,0.0020939503323907666
 2.5728E-02,-0.0005930952825175025
 2.5741E-02,-0.002435066196309022
 2.5755E-02,-0.003326464791782849
 2.5768E-02,-0.003197286281498035
 2.5782E-02,-0.002023676260478572
 2.5795E-02,0.00016375770876679054
 2.5809E-02,0.0032761249153769713
 2.5822E-02,0.007168362698257718
 2.5835E-02,0.011647645257822734
 2.5849E-02,0.016487245761960888
 2.5862E-02,0.02144394205857021
 2.5876E-02,0.02627638406466369
 2.5889E-02,0.03076172268231464
 2.5903E-02,0.03470826683510795
 2.5916E-02,0.03796287667903156
 2.5930E-02,0.04041299003044092
 2.5943E-02,0.04198432607861336
 2.5957E-02,0.04263613584048871
 2.5970E-02,0.0423561743530967
 2.5984E-02,0.04115729014122788
 2.5997E-02,0.039076747737482924
 2.6011E-02,0.03617833104310004
 2.6024E-02,0.032556203752335325
 2.6038E-02,0.028338712341617
 2.6051E-02,0.02369001867244557
 2.6064E-02,0.01880772743980861
 2.6078E-02,0.013915465051098226
 2.6091E-02,0.0092504775994764
 2.6105E-02,0.005047473719385837
 2.6118E-02,0.0015208608945081448
 2.6132E-02,-0.0011520106684448608
 2.6145E-02,-0.0028440826482191124
 2.6159E-02,-0.0034864259290818484
 2.6172E-02,-0.003069828579114127
 2.6186E-02,-0.001640454097382294
 2.6199E-02,0.0007090568734017563
 2.6213E-02,0.0038509661805885653
 2.6226E-02,0.0076340217140385535
 2.6240E-02,0.011893294264290543
 2.6253E-02,0.01645707705294188
 2.6267E-02,0.02115065204112284
 2.6280E-02,0.025797702788917236
 2.6293E-02,0.030220862329164155
 2.6307E-02,0.03424314556559743
 2.6320E-02,0.03769176141937689
 2.6334E-02,0.04040509370051571
 2.6347E-02,0.042242661415917274
 2.6361E-02,0.04309687154630728
 2.6374E-02,0.042904622277707694
 2.6388E-02,0.041656506611599906
 2.6401E-02,0.0394015982570559
 2.6415E-02,0.03624653008160859
 2.6428E-02,0.032348629875296665
 2.6442E-02,0.027904005318833563
 2.6455E-02,0.023132399015234104
 2.6469E-02,0.01826114701710161
 2.6482E-02,0.01351055941813427
 2.6495E-02,0.009082520519331503
 2.6509E-02,0.005153223173407631
 2.6522E-02,0.001869935196815534
 2.6536E-02,-0.000649201777827014
 2.6549E-02,-0.002313903718702673
 2.6563E-02,-0.0030606709031387913
 2.6576E-02,-0.0028532070976634684
 2.6590E-02,-0.0016848977575490988
 2.6603E-02,0.0004169831480465439
 2.6617E-02,0.003386494371361708
 2.6630E-02,0.0071153697006947556
 2.6644E-02,0.011452272371709767
 2.6657E-02,0.01620637066666075
 2.6671E-02,0.021155858067226252
 2.6684E-02,0.026061029457698504
 2.6698E-02,0.030680525443364633
 2.6711E-02,0.034788612528780204
 2.6724E-02,0.03819106463717776
 2.6738E-02,0.04073743449389549
 2.6751E-02,0.04232820749913927
 2.6765E-02,0.042916351789535255
 2.6778E-02,0.04250387151464056
 2.6792E-02,0.04113487251307504
 2.6805E-02,0.03888714633706287
 2.6819E-02,0.035864259881082224
 2.6832E-02,0.03218962535832925
 2.6846E-02,0.028003165793284268
 2.6859E-02,0.023460217563635668
 2.6873E-02,0.018731482204494596
 2.6886E-02,0.014002372093557142
 2.6900E-02,0.009470110920433514
 2.6913E-02,0.005337447706265967
 2.6927E-02,0.0018026980380681599
 2.6940E-02,-0.0009531759693973104
 2.6953E-02,-0.0027808436064285375
 2.6967E-02,-0.003576073995738586
 2.6980E-02,-0.0032901333677342274
 2.6994E-02,-0.0019352554807989775
 2.7007E-02,0.0004158504119328103
 2.7021E-02,0.0036364366256195577
 2.7034E-02,0.007557030054469196
 2.7048E-02,0.011979735389712514
 2.7061E-02,0.016693240954631997
 2.7075E-02,0.02148633708743162
 2.7088E-02,0.026158322206203927
 2.7102E-02,0.030525561842216883
 2.7115E-02,0.0344244598245205
 2.7129E-02,0.03771195235683225
 2.7142E-02,0.04026513517806823
 2.7156E-02,0.04198166083045274
 2.7169E-02,0.042782097227406606
 2.7182E-02,0.04261464171962377
 2.7196E-02,0.04146164947301462
 2.7209E-02,0.039346610883066534
 2.7223E-02,0.0363397224228656
 2.7236E-02,0.032560176755832525
 2.7250E-02,0.028173768855396436
 2.7263E-02,0.023385267822020495
 2.7277E-02,0.018426034465107915
 2.7290E-02,0.013538324150031348
 2.7304E-02,0.008958374511697276
 2.7317E-02,0.004900586735452829
 2.7331E-02,0.0015448276562502754
 2.7344E-02,-0.0009718133250614801
 2.7358E-02,-0.002558409738001895
 2.7371E-02,-0.0031692686890007426
 2.7385E-02,-0.0027999704008845796
 2.7398E-02,-0.0014820341165987902
 2.7411E-02,0.0007221959906348846
 2.7425E-02,0.0037233158772083837
 2.7438E-02,0.00740688062511578
 2.7452E-02,0.01163408269114865
 2.7465E-02,0.016242154877259954
 2.7479E-02,0.021045905114869846
 2.7492E-02,0.025841716653923697
 2.7506E-02,0.030414866501418985
 2.7519E-02,0.03455023891585448
 2.7533E-02,0.038045629360391596
 2.7546E-02,0.04072606951587713
 2.7560E-02,0.04245715463265959
 2.7573E-02,0.04315534531355544
 2.7587E-02,0.04279366333282604
 2.7600E-02,0.041402007161845375
 2.7614E-02,0.03906228824201444
 2.7627E-02,0.035899501377554335
 2.7640E-02,0.03207047616691073
 2.7654E-02,0.02775226748278237
 2.7667E-02,0.02313189632687817
 2.7681E-02,0.01839852806399786
 2.7694E-02,0.013738345477401857
 2.7708E-02,0.009331558129950283
 2.7721E-02,0.005350396676931145
 2.7735E-02,0.0019567191701238685
 2.7748E-02,-0.0007019431035831993
 2.7762E-02,-0.0024985072442374958
 2.7775E-02,-0.0033344532664464827
 2.7789E-02,-0.0031489618053220313
 2.7802E-02,-0.0019275028094063033
 2.7816E-02,0.0002919461581958806
 2.7829E-02,0.0034166928542557597
 2.7842E-02,0.007302191023042113
 2.7856E-02,0.011760159447858224
 2.7869E-02,0.016571193486022432
 2.7883E-02,0.02150027213075354
 2.7896E-02,0.026313050003066003
 2.7910E-02,0.03079074876517771
 2.7923E-02,0.034741845321587604
 2.7937E-02,0.03800950420578117
 2.7950E-02,0.040474638498879674
 2.7964E-02,0.04205538090903882
 2.7977E-02,0.042704387613346405
 2.7991E-02,0.04240563074710827
 2.8004E-02,0.04117211424645182
 2.8018E-02,0.03904534198327158
 2.8031E-02,0.03609654481695363
 2.8045E-02,0.032428857031109544
 2.8058E-02,0.02817904284349171
 2.8071E-02,0.023517171480566368
 2.8085E-02,0.018642885584447023
 2.8098E-02,0.013777548108281325
 2.8112E-02,0.009152432916475751
 2.8125E-02,0.004994029903363123
 2.8139E-02,0.00150824711780481
 2.8152E-02,-0.0011343604062528804
 2.8166E-02,-0.0028103038267462497
 2.8179E-02,-0.003450303379064398
 2.8193E-02,-0.003041166519263125
 2.8206E-02,-0.001622636660978319
 2.8220E-02,0.0007197180967683148
 2.8233E-02,0.003863949469992219
 2.8247E-02,0.007661712737034929
 2.8260E-02,0.011947239471389808
 2.8274E-02,0.016544327554479224
 2.8287E-02,0.021271135587478972
 2.8300E-02,0.025943311723910262
 2.8314E-02,0.030376523501592076
 2.8327E-02,0.034389647817025575
 2.8341E-02,0.03780967873684563
 2.8354E-02,0.04047886643930786
 2.8368E-02,0.04226385361268085
 2.8381E-02,0.04306582139381976
 2.8395E-02,0.04283009648420766
 2.8408E-02,0.041553459556527346
 2.8422E-02,0.039287600792491384
 2.8435E-02,0.03613775415881175
 2.8449E-02,0.03225637378471497
 2.8462E-02,0.02783259690140816
 2.8476E-02,0.02307895985689908
 2.8489E-02,0.01821723018410735
 2.8503E-02,0.013465205334317557
 2.8516E-02,0.009025926278066138
 2.8529E-02,0.005080074857806864
 2.8543E-02,0.001781544110258109
 2.8556E-02,-0.0007445148633424777
 2.8570E-02,-0.002402293636299852
 2.8583E-02,-0.0031257744047004303
 2.8597E-02,-0.0028799439001495988
 2.8610E-02,-0.0016631402281690937
 2.8624E-02,0.0004897706224417468
 2.8637E-02,0.0035042987431638025
 2.8651E-02,0.007264602212833097
 2.8664E-02,0.011614452030051337
 2.8678E-02,0.016361885943446806
 2.8691E-02,0.02128791463625204
 2.8705E-02,0.026158849062367814
 2.8718E-02,0.030741046885718187
 2.8732E-02,0.034816315606504944
 2.8745E-02,0.03819600113934223
 2.8758E-02,0.04073199243974111
 2.8772E-02,0.04232344521595724
 2.8785E-02,0.04291883898787144
 2.8799E-02,0.042513839711108274
 2.8812E-02,0.0411461410692452
 2.8826E-02,0.038888838121463855
 2.8839E-02,0.03584386636631409
 2.8853E-02,0.032136639037238124
 2.8866E-02,0.02791235335337259
 2.8880E-02,0.023333695257350944
 2.8893E-02,0.018579051752526807
 2.8907E-02,0.013840005831436717
 2.8920E-02,0.009316930899885816
 2.8934E-02,0.005211912062264518
 2.8947E-02,0.0017188990814271088
 2.8961E-02,-0.0009882288372246007
 2.8974E-02,-0.002768326688212391
 2.8987E-02,-0.003524602354306181
 2.9001E-02,-0.003213375766564507
 2.9014E-02,-0.0018485142586116233
 2.9028E-02,0.0004992497116616161
 2.9041E-02,0.003708066202388529
 2.9055E-02,0.007614891135319397
 2.9068E-02,0.012028049212684563
 2.9082E-02,0.016740583390707504
 2.9095E-02,0.02154261410576513
 2.9109E-02,0.026231373432568116
 2.9122E-02,0.030618273893731864
 2.9136E-02,0.03453314550195406
 2.9149E-02,0.03782643640388955
 2.9163E-02,0.040370560100405316
 2.9176E-02,0.042061593641117105
 2.9189E-02,0.042822188312417714
 2.9203E-02,0.042605943231463404
 2.9216E-02,0.041402779173244
 2.9230E-02,0.039244228714903205
 2.9243E-02,0.03620720077816558
 2.9257E-02,0.032414787578299034
 2.9270E-02,0.028033070621122647
 2.9284E-02,0.023263563624432174
 2.9297E-02,0.01833174348725897
 2.9311E-02,0.01347287233799864
 2.9324E-02,0.00891682756255325
 2.9338E-02,0.0048738162183605774
 2.9351E-02,0.0015226264269829863
 2.9365E-02,-0.0009974761059050783
 2.9378E-02,-0.0025908274647454205
 2.9392E-02,-0.003205781900064917
 2.9405E-02,-0.0028324082087094
 2.9418E-02,-0.001498707961371023
 2.9432E-02,0.000733439559985561
 2.9445E-02,0.0037717437762777705
 2.9459E-02,0.007496063761597638
 2.9472E-02,0.01176034261233401
 2.9486E-02,0.016394678063312504
 2.9499E-02,0.021208531102122893
 2.9513E-02,0.025995997099770855
 2.9526E-02,0.030543679997752392
 2.9540E-02,0.034641108246601715
 2.9553E-02,0.03809295905962928
 2.9567E-02,0.040731785565830736
 2.9580E-02,0.042429620313788795
 2.9594E-02,0.0431068502563607
 2.9607E-02,0.04273713091452013
 2.9621E-02,0.041347751175878106
 2.9634E-02,0.039015626830869794
 2.9647E-02,0.03585981110516245
 2.9661E-02,0.03203189958490951
 2.9674E-02,0.027705867555859968
 2.9688E-02,0.02306868642003661
 2.9701E-02,0.018312587529618868
 2.9715E-02,0.013629211278924212
 2.9728E-02,0.009205265343122632
 2.9742E-02,0.005218878042147222
 2.9755E-02,0.0018356814058594034
 2.9769E-02,-0.0007961717174882863
 2.9782E-02,-0.002552409570104096
 2.9796E-02,-0.0033402177619454537
 2.9809E-02,-0.003106149512877538
 2.9823E-02,-0.0018430935438032664
 2.9836E-02,0.0004051320807100826
 2.9850E-02,0.0035428122303552
 2.9863E-02,0.007425755592504451
 2.9876E-02,0.01186916627755417
 2.9890E-02,0.016659268141381238
 2.9903E-02,0.021567332894283593
 2.9917E-02,0.026364369380904484
 2.9930E-02,0.030834686347722656
 2.9944E-02,0.034786855399447335
 2.9957E-02,0.03806120019681623
 2.9971E-02,0.04053367901262119
 2.9984E-02,0.04211673282668383
 2.9998E-02,0.04275817205107562
 3.0011E-02,0.042439355948521516
 3.0025E-02,0.041173746425497426
 3.0038E-02,0.03900644966318625
 3.0052E-02,0.03601472823294124
 3.0065E-02,0.032308847318158265
 3.0079E-02,0.0280321820602498
 3.0092E-02,0.02335938178613216
 3.0105E-02,0.01849160461298011
 3.0119E-02,0.013648356361317702
 3.0132E-02,0.009056167367166792
 3.0146E-02,0.004935051176544152
 3.0159E-02,0.00148423930877205
 3.0173E-02,-0.0011310550418625184
 3.0186E-02,-0.002790185130799579
 3.0200E-02,-0.00342369512301743
 3.0213E-02,-0.003015442053093728
 3.0227E-02,-0.0016003787735477356
 3.0240E-02,0.0007411730194990154
 3.0254E-02,0.003891482292037401
 3.0267E-02,0.007704179690978299
 3.0281E-02,0.012012595125306131
 3.0294E-02,0.016636852832180637
 3.0308E-02,0.021389490455914872
 3.0321E-02,0.02607993255499053
 3.0334E-02,0.030518554900065453
 3.0348E-02,0.03452121898324405
 3.0361E-02,0.03791499919043413
 3.0375E-02,0.04054540878830166
 3.0388E-02,0.042284864317212914
 3.0402E-02,0.043041561699869384
 3.0415E-02,0.04276752531476902
 3.0429E-02,0.04146445100817751
 3.0442E-02,0.039186145632623896
 3.0456E-02,0.03603683799599725
 3.0469E-02,0.03216529389870998
 3.0483E-02,0.027755358896341738
 3.0496E-02,0.02301411634490638
 3.0510E-02,0.018159158069257476
 3.0523E-02,0.013406458123061425
 3.0536E-02,0.00896003260371735
 3.0550E-02,0.005004048580925312
 3.0563E-02,0.0016974491427625
 3.0577E-02,-0.0008293617039437191
 3.0590E-02,-0.0024765565195717784
 3.0604E-02,-0.0031764848367301485
 3.0617E-02,-0.0028954668877129433
 3.0631E-02,-0.001635999961155208
 3.0644E-02,0.0005608973820055724
 3.0658E-02,0.0036139161333313
 3.0671E-02,0.007401232315704167
 3.0685E-02,0.011762790871702834
 3.0698E-02,0.016505776671436243
 3.0712E-02,0.02141344029965916
 3.0725E-02,0.026256821145770937
 3.0739E-02,0.03080831612333038
 3.0752E-02,0.03485562242639363
 3.0765E-02,0.03821444312774511
 3.0779E-02,0.040738526360938256
 3.0792E-02,0.04232607644062739
 3.0806E-02,0.04292222248165001
 3.0819E-02,0.04251790598663805
 3.0833E-02,0.04114609575571349
 3.0846E-02,0.0388765321021824
 3.0860E-02,0.035810183654889964
 3.0873E-02,0.032074289734696414
 3.0887E-02,0.027818354005649904
 3.0900E-02,0.02321089416319038
 3.0914E-02,0.018436292298408215
 3.0927E-02,0.013690856968149659
 3.0941E-02,0.009177266267414467
 3.0954E-02,0.005096900750867785
 3.0968E-02,0.0016401129272333418
 3.0981E-02,-0.0010249175147298683
 3.0994E-02,-0.0027635773304392347
 3.1008E-02,-0.00348499728249327
 3.1021E-02,-0.0031495456193573784
 3.1035E-02,-0.0017724736813664143
 3.1048E-02,0.0005768978521902141
 3.1062E-02,0.0037803787197503358
 3.1075E-02,0.007679749527364519
 3.1089E-02,0.012087980935917165
 3.1102E-02,0.016801315641406307
 3.1116E-02,0.021610753773194723
 3.1129E-02,0.0263118263720855
 3.1143E-02,0.0307120834059672
 3.1156E-02,0.03463632656399693
 3.1170E-02,0.037930133715232815
 3.1183E-02,0.04046252579177137
 3.1197E-02,0.042128647357277574
 3.1210E-02,0.042853071848865686
 3.1223E-02,0.04259387711664709
 3.1237E-02,0.04134709618634999
 3.1250E-02,0.03915068259107246
 3.1264E-02,0.03608687133872013
 3.1277E-02,0.03228184521815599
 3.1291E-02,0.027901938001172306
 3.1304E-02,0.02314615238698524
 3.1318E-02,0.018235415218753753
 3.1331E-02,0.013399584875036485
 3.1345E-02,0.008863628779458845
 3.1358E-02,0.0048345130913114995
 3.1372E-02,0.0014901703423977355
 3.1385E-02,-0.00102851636744017
 3.1399E-02,-0.002622345962433898
 3.1412E-02,-0.0032352639061845843
 3.1426E-02,-0.002853334613722585
 3.1439E-02,-0.0015021416094016626
 3.1452E-02,0.0007564777687445166
 3.1466E-02,0.003827702540315009
 3.1479E-02,0.0075867417767866725
 3.1493E-02,0.011881766472920099
 3.1506E-02,0.016537283511735598
 3.1520E-02,0.021358637813237193
 3.1533E-02,0.026138251798153635
 3.1547E-02,0.030663905084276927
 3.1560E-02,0.03472889222041389
 3.1574E-02,0.03814338658169523
 3.1587E-02,0.04074591469185579
 3.1601E-02,0.04241362085468631
 3.1614E-02,0.04307004436181037
 3.1628E-02,0.042689443059170315
 3.1641E-02,0.041297213072555475
 3.1655E-02,0.038966558945977094
 3.1668E-02,0.0358121230851175
 3.1681E-02,0.03198166306898358
 3.1695E-02,0.02764698999861117
 3.1708E-02,0.02299523554275037
 3.1722E-02,0.01822115230004627
 3.1735E-02,0.013520676648737814
 3.1749E-02,0.009085525053184346
 3.1762E-02,0.005098274741194838
 3.1776E-02,0.001727279597755454
 3.1789E-02,-0.0008790850828890918
 3.1803E-02,-0.002599010400045911
 3.1816E-02,-0.0033443815389138116
 3.1830E-02,-0.003067711139730127
 3.1843E-02,-0.0017678356102258793
 3.1857E-02,0.00050675361482832
 3.1870E-02,0.003657895796744624
 3.1883E-02,0.007541601857637924
 3.1897E-02,0.011975718264645892
 3.1910E-02,0.01675077385899859
 3.1924E-02,0.021642857166294133
 3.1937E-02,0.026427068708031343
 3.1951E-02,0.030890068052512522
 3.1964E-02,0.034840494012701395
 3.1978E-02,0.038116517241505346
 3.1991E-02,0.04059037335153657
 3.2005E-02,0.042170281852287675
 3.2018E-02,0.04280055080901459
 3.2032E-02,0.04246081043045252
 3.2045E-02,0.04116518702683482
 3.2059E-02,0.03896186920804016
 3.2072E-02,0.03593303657417912
 3.2086E-02,0.03219465421355136
 3.2099E-02,0.02789531641051431
 3.2112E-02,0.023213243841096097
 3.2126E-02,0.018350731235928196
 3.2139E-02,0.013525767719265256
 3.2153E-02,0.008961110865562713
 3.2166E-02,0.0048716550345705755
 3.2180E-02,0.001451361278124924
 3.2193E-02,-0.0011387913575919505
 3.2207E-02,-0.002780460615880275
 3.2220E-02,-0.003404177143578752
 3.2234E-02,-0.002991667713037516
 3.2247E-02,-0.00157436844254039
 3.2261E-02,0.0007712326839250745
 3.2274E-02,0.00393041858250652
 3.2288E-02,0.007758097591598559
 3.2301E-02,0.012086677393796286
 3.2315E-02,0.016733269732962283
 3.2328E-02,0.021505970703419648
 3.2341E-02,0.02620938768021287
 3.2355E-02,0.030649890923218796
 3.2368E-02,0.034641175390742546
 3.2382E-02,0.03801059854742391
 3.2395E-02,0.04060644496976762
 3.2409E-02,0.042305842639093115
 3.2422E-02,0.04302263458202955
 3.2436E-02,0.0427142105115413
 3.2449E-02,0.041386215279458224
 3.2463E-02,0.03909421098656441
 3.2476E-02,0.035941751719189424
 3.2490E-02,0.032074851856481346
 3.2503E-02,0.02767337296649232
 3.2517E-02,0.022940297448630596
 3.2530E-02,0.01809010227216748
 3.2544E-02,0.013337446294660344
 3.2557E-02,0.008887152937305208
 3.2570E-02,0.004926074830882791
 3.2584E-02,0.0016169731273971769
 3.2597E-02,-0.0009058547564737267
 3.2611E-02,-0.0025397147954418753
 3.2624E-02,-0.003215987103900809
 3.2638E-02,-0.002902338684087762
 3.2651E-02,-0.001604788630465818
 3.2665E-02,0.0006306210184657366
 3.2678E-02,0.003717103954411184
 3.2692E-02,0.0075280782745187425
 3.2705E-02,0.01190046869986084
 3.2719E-02,0.01664079764241567
 3.2732E-02,0.02153408540753804
 3.2746E-02,0.026355086958563274
 3.2759E-02,0.030880934954645646
 3.2773E-02,0.03490394605323863
 3.2786E-02,0.03824325904503206
 3.2799E-02,0.04075413726512053
 3.2813E-02,0.042334151971998184
 3.2826E-02,0.04292598244124988
 3.2840E-02,0.04251710365300417
 3.2853E-02,0.04113706154440379
 3.2867E-02,0.038853264442872806
 3.2880E-02,0.03576620474449422
 3.2894E-02,0.03200478659208751
 3.2907E-02,0.027722049313050827
 3.2921E-02,0.02309115516239216
 3.2934E-02,0.01830117273530262
 3.2948E-02,0.013552029410887973
 3.2961E-02,0.009048074415649044
 3.2975E-02,0.004989976242402142
 3.2988E-02,0.0015651062990013234
 3.3002E-02,-0.0010629712438341731
 3.3015E-02,-0.002764892859548907
 3.3028E-02,-0.0034545488812584672
 3.3042E-02,-0.003095597143049857
 3.3055E-02,-0.001704503951587669
 3.3069E-02,0.0006503616071597434
 3.3082E-02,0.0038534947846779613
 3.3096E-02,0.00775025417765025
 3.3109E-02,0.01215704546852404
 3.3123E-02,0.016872435211572376
 3.3136E-02,0.021687978959905842
 3.3150E-02,0.02639781432512533
 3.3163E-02,0.03080649216514932
 3.3177E-02,0.03473499148291991
 3.3190E-02,0.038025269326667846
 3.3204E-02,0.040543938282576276
 3.3217E-02,0.04218568647599935
 3.3230E-02,0.042876860901581125
 3.3244E-02,0.04257928373738053
 3.3257E-02,0.041293964210736195
 3.3271E-02,0.03906402239024511
 3.3284E-02,0.035975958070287514
 3.3298E-02,0.032158438451673266
 3.3311E-02,0.027778046126684768
 3.3325E-02,0.023031869181926734
 3.3338E-02,0.018137329100060363
 3.3352E-02,0.013320111917343391
 3.3365E-02,0.008801387198296907
 3.3379E-02,0.004785598444652033
 3.3392E-02,0.0014499712575527183
 3.3406E-02,-0.0010634492195825585
 3.3419E-02,-0.0026528697807573073
 3.3433E-02,-0.0032590276651275727
 3.3446E-02,-0.002865143025766689
 3.3459E-02,-0.001495215974263549
 3.3473E-02,0.0007886532735430414
 3.3486E-02,0.0038894120850142696
 3.3500E-02,0.007678447231257446
 3.3513E-02,0.011999309804035801
 3.3527E-02,0.016672108586721975
 3.3540E-02,0.021499012189598987
 3.3554E-02,0.026271226010610067
 3.3567E-02,0.030777566302148507
 3.3581E-02,0.03481439580580809
 3.3594E-02,0.03819630179333957
 3.3608E-02,0.040766587225242755
 3.3621E-02,0.042406494301890287
 3.3635E-02,0.043042135626631096
 3.3648E-02,0.04264837011007236
 3.3662E-02,0.041249276283737
 3.3675E-02,0.038915354150951424
 3.3688E-02,0.03575802176359376
 3.3702E-02,0.03192226947432474
 3.3715E-02,0.027578433920080834
 3.3729E-02,0.022913946120532803
 3.3742E-02,0.018125636006101422
 3.3756E-02,0.013412820945855192
 3.3769E-02,0.008971067660112386
 3.3783E-02,0.004986286420680698
 3.3796E-02,0.001628753750706649
 3.3810E-02,-0.0009532207151022841
 3.3823E-02,-0.0026400001699241962
 3.3837E-02,-0.003347374457212517
 3.3850E-02,-0.003032714549961192
 3.3864E-02,-0.0016996693561316314
 3.3877E-02,0.0005994864056364146
 3.3891E-02,0.003764573423434149
 3.3904E-02,0.007651665343892071
 3.3917E-02,0.012080581077781826
 3.3931E-02,0.01684512094172074
 3.3944E-02,0.02172504960450585
 3.3958E-02,0.026498594293463625
 3.3971E-02,0.030954215492888095
 3.3985E-02,0.03490062086741763
 3.3998E-02,0.03817438085627895
 3.4012E-02,0.040644975072439804
 3.4025E-02,0.04221754205057512
 3.4039E-02,0.04283391887753301
 3.4052E-02,0.04247267357442619
 3.4066E-02,0.04114873496358377
 3.4079E-02,0.038912950935341195
 3.4093E-02,0.03585154060191031
 3.4106E-02,0.03208505617115108
 3.4120E-02,0.027766239303763523
 3.4133E-02,0.023076115802006168
 3.4146E-02,0.018217843544857185
 3.4160E-02,0.013408178327828797
 3.4173E-02,0.00886687119874204
 3.4187E-02,0.0048047538080050875
 3.4200E-02,0.0014116006251202635
 3.4214E-02,-0.0011549999776104907
 3.4227E-02,-0.002778614169849985
 3.4241E-02,-0.003389906278208773
 3.4254E-02,-0.002969125139449518
 3.4268E-02,-0.0015451854652962726
 3.4281E-02,0.0008081661098443076
 3.4295E-02,0.0039783063724935655
 3.4308E-02,0.007820900130526994
 3.4322E-02,0.012167438699767578
 3.4335E-02,0.01683255262888048
 3.4349E-02,0.021620822062125098
 3.4362E-02,0.026333128744083466
 3.4375E-02,0.030772825709501947
 3.4389E-02,0.03475208286817942
 3.4402E-02,0.03809867793153597
 3.4416E-02,0.04066326723146292
 3.4429E-02,0.04232685466452006
 3.4443E-02,0.043007867645347655
 3.4456E-02,0.042668036017136986
 3.4470E-02,0.04131622049290846
 3.4483E-02,0.0390094782808486
 3.4497E-02,0.03585096408014758
 3.4510E-02,0.03198468061691461
 3.4524E-02,0.027587523536274777
 3.4537E-02,0.02285941641146342
 3.4551E-02,0.018012528794376113
 3.4564E-02,0.013260577931983975
 3.4577E-02,0.008809043524386113
 3.4591E-02,0.004846827279897624
 3.4604E-02,0.0015395450571838022
 3.4618E-02,-0.0009756644175164136
 3.4631E-02,-0.0025941226500735713
 3.4645E-02,-0.003246736709154038
 3.4658E-02,-0.0029025108278393106
 3.4672E-02,-0.0015704748416879204
 3.4685E-02,0.0006991909945734055
 3.4699E-02,0.0038152638849709712
 3.4712E-02,0.00764734422669109
 3.4726E-02,0.012029945406425574
 3.4739E-02,0.01676905617849655
 3.4753E-02,0.021651085084928703
 3.4766E-02,0.02645370671521521
 3.4780E-02,0.03095777732260134
 3.4793E-02,0.03495925638949264
 3.4806E-02,0.03828002006881662
 3.4820E-02,0.040776600281267915
 3.4833E-02,0.04234620127960464
 3.4847E-02,0.04292976445806663
 3.4860E-02,0.04251227847829896
 3.4874E-02,0.04112087081265823
 3.4887E-02,0.03882139696595988
 3.4901E-02,0.03571423436816324
 3.4914E-02,0.031929807150767126
 3.4928E-02,0.02762407701699378
 3.4941E-02,0.02297392247220218
 3.4955E-02,0.018172085749336375
 3.4968E-02,0.013421265560169645
 3.4982E-02,0.008927007642682302
 3.4995E-02,0.004889280848613426
 3.5009E-02,0.0014929684000448522
 3.5022E-02,-0.0011021323388002392
 3.5035E-02,-0.0027709143635333555
 3.5049E-02,-0.0034311353700867808
 3.5062E-02,-0.003049170828453433
 3.5076E-02,-0.0016425898462796853
 3.5089E-02,0.0007208164821672135
 3.5103E-02,0.0039274631032269955
 3.5116E-02,0.007825318468406084
 3.5130E-02,0.012233292359298209
 3.5143E-02,0.016951611726155134
 3.5157E-02,0.021772155760728072
 3.5170E-02,0.026487926113290185
 3.5184E-02,0.03090115782394509
 3.5197E-02,0.03482994746901895
 3.5211E-02,0.03811359600253545
 3.5224E-02,0.04061705840447534
 3.5238E-02,0.042234917959985144
 3.5251E-02,0.042895161831152356
 3.5264E-02,0.04256277284071044
 3.5278E-02,0.04124284880452409
 3.5291E-02,0.03898270606783881
 3.5305E-02,0.03587229713923183
 3.5318E-02,0.03204232007179271
 3.5332E-02,0.0276596214110783
 3.5345E-02,0.022919851653868343
 3.5359E-02,0.018037744549143697
 3.5372E-02,0.013235767171713026
 3.5386E-02,0.008732143282047116
 3.5399E-02,0.004729333934534123
 3.5413E-02,0.0014039538673472369
 3.5426E-02,-0.0011011599364567377
 3.5440E-02,-0.0026823659007310105
 3.5453E-02,-0.0032781262268845677
 3.5467E-02,-0.002869709464347382
 3.5480E-02,-0.0014801651818447822
 3.5493E-02,0.0008279253461921979
 3.5507E-02,0.003955527114042604
 3.5520E-02,0.0077708592494873385
 3.5534E-02,0.012113751437224698
 3.5547E-02,0.01680083546211125
 3.5561E-02,0.021631820839317962
 3.5574E-02,0.026397033318535084
 3.5588E-02,0.03088620134380677
 3.5601E-02,0.034898201905181295
 3.5615E-02,0.03825119139599728
 3.5628E-02,0.040792324257644175
 3.5642E-02,0.04240616569453259
 3.5655E-02,0.04302096926452143
 3.5669E-02,0.04261221186168745
 3.5682E-02,0.041203115154036726
 3.5695E-02,0.038862263144153364
 3.5709E-02,0.03569876866230124
 3.5722E-02,0.03185567562680345
 3.5736E-02,0.027502365144265125
 3.5749E-02,0.022826656962825164
 3.5763E-02,0.018027097464544693
 3.5776E-02,0.013305664566873278
 3.5790E-02,0.008860874147336736
 3.5803E-02,0.004881110127948598
 3.5817E-02,0.00153796473424265
 3.5830E-02,-0.0010205251144017736
 3.5844E-02,-0.0026766535269399155
 3.5857E-02,-0.003349487489685865
 3.5871E-02,-0.0030003987447645855
 3.5884E-02,-0.0016369729712961587
 3.5898E-02,0.0006854103813672991
 3.5911E-02,0.003864868738880983
 3.5924E-02,0.007757414290906024
 3.5938E-02,0.01218430682780711
 3.5951E-02,0.016941811695796494
 3.5965E-02,0.021812488657272786
 3.5978E-02,0.02657695466903868
 3.5992E-02,0.031025061234801716
 3.6005E-02,0.03496560398685513
 3.6019E-02,0.03823399673556451
 3.6032E-02,0.04069772116600509
 3.6046E-02,0.04225971931336974
 3.6059E-02,0.04286014884161347
 3.6073E-02,0.04247701831169247
 3.6086E-02,0.041126149200028675
 3.6100E-02,0.03886070523747372
 3.6113E-02,0.03577025465552138
 3.6127E-02,0.03197907168232919
 3.6140E-02,0.027643220165870126
 3.6153E-02,0.0229459492018236
 3.6167E-02,0.018091083231636718
 3.6180E-02,0.013294379022710513
 3.6194E-02,0.00877318513491343
 3.6207E-02,0.004735092314803349
 3.6221E-02,0.001366523430361491
 3.6234E-02,-0.0011776821172014146
 3.6248E-02,-0.002782708093176061
 3.6261E-02,-0.0033794829591255924
 3.6275E-02,-0.0029472958456644746
 3.6288E-02,-0.0015133173259822468
 3.6302E-02,0.0008506030876866586
 3.6315E-02,0.004033233051181245
 3.6329E-02,0.007890605269431925
 3.6342E-02,0.012253316261657442
 3.6356E-02,0.016933941792965895
 3.6369E-02,0.021734272265164133
 3.6382E-02,0.026452310849562104
 3.6396E-02,0.03088915255333137
 3.6409E-02,0.03485592669793844
 3.6423E-02,0.0381809222143096
 3.6436E-02,0.04071684352896583
 3.6450E-02,0.0423479138620456
 3.6463E-02,0.04299631965747939
 3.6477E-02,0.04262734240127859
 3.6490E-02,0.04125250282553777
 3.6504E-02,0.038930167165250065
 3.6517E-02,0.03576331889281391
 3.6531E-02,0.03189453266210849
 3.6544E-02,0.02749853028710759
 3.6558E-02,0.022772979197673876
 3.6571E-02,0.017928355346788438
 3.6585E-02,0.013177707758342984
 3.6598E-02,0.008727038813443817
 3.6611E-02,0.004766792970061226
 3.6625E-02,0.0014646876380411005
 3.6638E-02,-0.0010401111655629564
 3.6652E-02,-0.0026416153674088164
 3.6665E-02,-0.0032706298385921425
 3.6679E-02,-0.0028974732162035566
 3.6692E-02,-0.0015337767947383998
 3.6706E-02,0.0007668348026529182
 3.6719E-02,0.003909509432268362
 3.6733E-02,0.007760751714445999
 3.6746E-02,0.012153123384842703
 3.6760E-02,0.01689216488152917
 3.6773E-02,0.021765364344659782
 3.6787E-02,0.026552691049596837
 3.6800E-02,0.031037939460242716
 3.6814E-02,0.0350199615681615
 3.6827E-02,0.03832284232454566
 3.6840E-02,0.040804206860535694
 3.6854E-02,0.04236111367658161
 3.6867E-02,0.042933328800671355
 3.6881E-02,0.042504118082333515
 3.6894E-02,0.04109896498456044
 3.6908E-02,0.03878276527934398
 3.6921E-02,0.035656046474391995
 3.6935E-02,0.0318506249472194
 3.6948E-02,0.027524897129872855
 3.6962E-02,0.022858732016133823
 3.6975E-02,0.018047761553137833
 3.6989E-02,0.013296806890286379
 3.7002E-02,0.008812255009937806
 3.7016E-02,0.004793398633895775
 3.7029E-02,0.0014230263992707427
 3.7042E-02,-0.001142167087386388
 3.7056E-02,-0.0027805622669498254
 3.7069E-02,-0.0034131002454096757
 3.7083E-02,-0.0030084434327605335
 3.7096E-02,-0.001585191357268776
 3.7110E-02,0.0007891404075320303
 3.7123E-02,0.004002284928371504
 3.7137E-02,0.007904069092730729
 3.7150E-02,0.012315191559029917
 3.7164E-02,0.017037037703556225
 3.7177E-02,0.02186164606789859
 3.7191E-02,0.026581096756823935
 3.7204E-02,0.030995849482083178
 3.7218E-02,0.03492185159386226
 3.7231E-02,0.03819649275912772
 3.7245E-02,0.0406836428461176
 3.7258E-02,0.04227803944479849
 3.7271E-02,0.042909192573983436
 3.7285E-02,0.042544782360496816
 3.7298E-02,0.04119330202805651
 3.7312E-02,0.03890551395299453
 3.7325E-02,0.03577420217451147
 3.7339E-02,0.03193175655711005
 3.7352E-02,0.02754531282960167
 3.7366E-02,0.02280946460879044
 3.7379E-02,0.01793689720917159
 3.7393E-02,0.01314759631923854
 3.7406E-02,0.00865749216752898
 3.7420E-02,0.00466746900070986
 3.7433E-02,0.0013535902090931538
 3.7447E-02,-0.0011408156292789114
 3.7460E-02,-0.002710843582650009
 3.7474E-02,-0.0032934059077482283
 3.7487E-02,-0.002868506141070185
 3.7500E-02,-0.0014587228070198634
 3.7514E-02,0.0008727267041948753
 3.7527E-02,0.004025031901930899
 3.7541E-02,0.007863761732126596
 3.7554E-02,0.012225724980913325
 3.7568E-02,0.016924787685431097
 3.7581E-02,0.021758747562155716
 3.7595E-02,0.02651729999824594
 3.7608E-02,0.030990976584030702
 3.7622E-02,0.03498072954709548
 3.7635E-02,0.038307625490893706
 3.7649E-02,0.040821955989311876
 3.7662E-02,0.042411017417180584
 3.7676E-02,0.04300488206588535
 3.7689E-02,0.04257967179445965
 3.7703E-02,0.04115811993536777
 3.7716E-02,0.03880751180580424
 3.7729E-02,0.03563536669154555
 3.7743E-02,0.03178341077559043
 3.7756E-02,0.027420459353257827
 3.7770E-02,0.022734775612656105
 3.7783E-02,0.017926329474627557
 3.7797E-02,0.013199192226413525
 3.7810E-02,0.008754128068973984
 3.7824E-02,0.0047813327916139126
 3.7837E-02,0.0014532536449652338
 3.7851E-02,-0.0010824930801299547
 3.7864E-02,-0.0027099333309622753
 3.7878E-02,-0.0033509162297503687
 3.7891E-02,-0.0029701466530450116
 3.7905E-02,-0.0015784717382372566
 3.7918E-02,0.0007661413048517321
 3.7932E-02,0.003960338828003942
 3.7945E-02,0.007859962980524821
 3.7958E-02,0.01228729314437042
 3.7972E-02,0.01704043086101087
 3.7985E-02,0.021904050957892995
 3.7999E-02,0.02666059788118642
 3.8012E-02,0.03110100952096158
 3.8026E-02,0.03503419840922587
 3.8039E-02,0.0382947773868214
 3.8053E-02,0.04074882458912659
 3.8066E-02,0.042297771334541386
 3.8080E-02,0.042880703121258856
 3.8093E-02,0.042475447573566555
 3.8107E-02,0.041098775490156905
 3.8120E-02,0.038805888246445326
 3.8134E-02,0.0356891601919384
 3.8147E-02,0.031875915111602746
 3.8161E-02,0.027524903772226585
 3.8174E-02,0.02282115689992134
 3.8187E-02,0.017969024892056984
 3.8201E-02,0.013183458186807356
 3.8214E-02,0.008679878529397186
 3.8228E-02,0.004663274600958421
 3.8241E-02,0.001317360484930758
 3.8255E-02,-0.0012052856728190426
 3.8268E-02,-0.002791252510458649
 3.8282E-02,-0.0033718464465240113
 3.8295E-02,-0.0029258082413875326
 3.8309E-02,-0.0014791710554058915
 3.8322E-02,0.000897460540767465
 3.8336E-02,0.0040937083116797815
 3.8349E-02,0.007965683853158724
 3.8363E-02,0.01234311895403191
 3.8376E-02,0.017036876502680376
 3.8390E-02,0.02184652686914837
 3.8403E-02,0.026567851987399232
 3.8416E-02,0.03100027204400015
 3.8430E-02,0.034954241502701586
 3.8443E-02,0.03825861933795032
 3.8457E-02,0.04076789666904716
 3.8470E-02,0.04236900049713964
 3.8484E-02,0.04298723560301523
 3.8497E-02,0.04259082895558073
 3.8511E-02,0.04119354018321426
 3.8524E-02,0.038854912283802404
 3.8538E-02,0.03567794552410068
 3.8551E-02,0.03180424632804769
 3.8565E-02,0.02740697849536266
 3.8578E-02,0.02268217110102582
 3.8592E-02,0.017839072589920683
 3.8605E-02,0.013090262897704404
 3.8618E-02,0.0086421506429846
 3.8632E-02,0.004686320542128083
 3.8645E-02,0.0013920028730075675
 3.8659E-02,-0.0011002387772768981
 3.8672E-02,-0.00268362297665608
 3.8686E-02,-0.0032891291280263807
 3.8699E-02,-0.0028883607577150734
 3.8713E-02,-0.0014952233872944794
 3.8726E-02,0.0008337575438906496
 3.8740E-02,0.00400072633252963
 3.8753E-02,0.007869646057214704
 3.8767E-02,0.012271473731403672
 3.8780E-02,0.017011356688846926
 3.8794E-02,0.0218776138291067
 3.8807E-02,0.02665201900950774
 3.8821E-02,0.031120695960210082
 3.8834E-02,0.03508481318419887
 3.8847E-02,0.03837026487882297
 3.8861E-02,0.04083564579923956
 3.8874E-02,0.0423780518134259
 3.8888E-02,0.0429365177190638
 3.8901E-02,0.04249318104372235
 3.8915E-02,0.04107247815360403
 3.8928E-02,0.038738796189242385
 3.8942E-02,0.03559300641798166
 3.8955E-02,0.0317682063671744
 3.8969E-02,0.027424839670690697
 3.8982E-02,0.0227451984442763
 3.8996E-02,0.017927197613262075
 3.9009E-02,0.013177283951921769
 3.9023E-02,0.008702419971461813
 3.9036E-02,0.004701251038567153
 3.9050E-02,0.0013547849405609945
 3.9063E-02,-0.001182867296984138
 3.9076E-02,-0.0027929783766359154
 3.9090E-02,-0.003399148865022546
 3.9103E-02,-0.002972004245656917
 3.9117E-02,-0.0015311296795960196
 3.9130E-02,0.0008559904774302317
 3.9144E-02,0.004077935218356852
 3.9157E-02,0.007985807028445332
 3.9171E-02,0.012401544396951757
 3.9184E-02,0.017127311956605933
 3.9198E-02,0.021955192488664545
 3.9211E-02,0.026676522478868703
 3.9225E-02,0.03109041378794853
 3.9238E-02,0.03501123628978888
 3.9252E-02,0.03827504335074049
 3.9265E-02,0.040745056139672255
 3.9279E-02,0.04231635703556762
 3.9292E-02,0.04291987724360362
 3.9305E-02,0.04252562668885118
 3.9319E-02,0.04114495281839479
 3.9332E-02,0.03883148402841813
 3.9346E-02,0.03568036085672545
 3.9359E-02,0.03182541184899866
 3.9373E-02,0.027434091794191956
 3.9386E-02,0.022700240773939208
 3.9400E-02,0.017834995166399196
 3.9413E-02,0.013056429511061528
 3.9427E-02,0.00857867937635133
 3.9440E-02,0.004601356141683666
 3.9454E-02,0.0013000061506571355
 3.9467E-02,-0.0011817935823908326
 3.9481E-02,-0.0027383348435349023
 3.9494E-02,-0.0033055432750472053
 3.9508E-02,-0.002862685336816631
 3.9521E-02,-0.0014322314681066855
 3.9534E-02,0.0009218556637366232
 3.9548E-02,0.004097161136163285
 3.9561E-02,0.00795701264105787
 3.9575E-02,0.012335744242060936
 3.9588E-02,0.0170450054861603
 3.9602E-02,0.02188109991986467
 3.9615E-02,0.02663327649100853
 3.9629E-02,0.031092775907502757
 3.9642E-02,0.03506227819870491
 3.9656E-02,0.03836524661221464
 3.9669E-02,0.040854558504011845
 3.9683E-02,0.042419789761077666
 3.9696E-02,0.04299259178855485
 3.9710E-02,0.04254976305190234
 3.9723E-02,0.04111384286934
 3.9737E-02,0.03875130080937298
 3.9750E-02,0.03556861332108583
 3.9763E-02,0.031706670025768775
 3.9777E-02,0.027334012538911594
 3.9790E-02,0.02263937846270364
 3.9804E-02,0.017823923944814715
 3.9817E-02,0.013093367238994028
 3.9831E-02,0.00865017581259912
 3.9844E-02,0.00468584769654211
 3.9858E-02,0.0013733355370406253
 3.9871E-02,-0.0011402701194974446
 3.9885E-02,-0.002740563629966023
 3.9898E-02,-0.003351786202162697
 3.9912E-02,-0.002941456363242474
 3.9925E-02,-0.0015231621392803635
 3.9939E-02,0.0008429352138216968
 3.9952E-02,0.0040521816231237
 3.9965E-02,0.007960155785987005
 3.9979E-02,0.012389823379330471
 3.9992E-02,0.017140632303282447
 4.0000E-02,0.019878507338381358
