67,0.0
67,2.8924166434044253e-05
67,2.8924166434044253e-05
67,2.8914417610554405e-05
67,2.8836514880639778e-05
67,2.8821811664296644e-05
67,2.933901598593494e-05
67,3.063641419493678e-05
67,3.287146193552436e-05
67,3.599401008404633e-05
67,3.973050944069844e-05
67,4.381058853235932e-05
67,4.809398714669829e-05
67,5.248446215554416e-05
67,5.6769528156780766e-05
67,6.066271284734723e-05
67,6.405336892658963e-05
67,6.695459410003976e-05
67,6.917210106505007e-05
67,7.039582150050906e-05
67,7.057447397454267e-05
67,6.978344182204391e-05
67,6.783900644144285e-05
67,6.451675856571383e-05
67,6.0078588899479464e-05
67,5.5106213818826255e-05
67,4.9820812241476566e-05
67,4.401037284563449e-05
67,3.7653485506295045e-05
67,3.122235605271613e-05
67,2.5255148136154474e-05
67,1.9906789740682344e-05
67,1.5136953584616254e-05
67,1.1112781954238597e-05
67,8.099861353423063e-06
67,6.0627484191104234e-06
67,4.663146653591722e-06
67,3.74227561570107e-06
67,3.68808474119486e-06
67,5.143086501813433e-06
67,8.344636367321079e-06
67,1.2966672508823106e-05
67,1.865094798612003e-05
67,2.5301274654490883e-05
67,3.263930402024997e-05
67,3.997445410390012e-05
67,4.676040267141459e-05
67,5.288498646401042e-05
67,5.813930328459842e-05
67,6.192942536666368e-05
67,6.376542401713215e-05
67,6.360047860218759e-05
67,6.149311199927574e-05
67,5.7350304894678506e-05
67,5.1265284086483434e-05
67,4.381200356991801e-05
67,3.57350231561544e-05
67,2.751164074298635e-05
67,1.9364919374813936e-05
67,1.147149056122806e-05
67,4.010902560057968e-06
67,-2.8055426187181483e-06
67,-8.69351475326093e-06
67,-1.3424010837096461e-05
67,-1.7030165720617917e-05
67,-1.976056949079352e-05
67,-2.1763664218135386e-05
67,-2.2904613446431144e-05
67,-2.2871988615210856e-05
67,-2.1293155421653707e-05
67,-1.7727989979607312e-05
67,-1.1754490189247469e-05
67,-3.234675235375482e-06
67,7.470395417783431e-06
67,1.957339521980313e-05
67,3.214981772952698e-05
67,4.437511984399236e-05
67,5.565345471199664e-05
67,6.568415732062398e-05
67,7.431399318483421e-05
67,8.120597184041532e-05
67,8.576324781068472e-05
67,8.749178735492581e-05
67,8.636347231403494e-05
67,8.27691304436732e-05
67,7.725944861555649e-05
67,7.04537415392523e-05
67,6.301528129930952e-05
67,5.545820671516964e-05
67,4.798604356079549e-05
67,4.060250990306036e-05
67,3.331747122757857e-05
67,2.6166149173755877e-05
67,1.908511239918927e-05
67,1.1925551320907237e-05
67,4.673816645111932e-06
67,-2.433464066206469e-06
67,-9.076526159491172e-06
67,-1.4955605267033574e-05
67,-1.957606151361988e-05
67,-2.2111571045152203e-05
67,-2.1739620724935878e-05
67,-1.8100644880437814e-05
67,-1.13891212324489e-05
67,-2.2358753928143313e-06
67,8.367364379852166e-06
67,1.9301556271372204e-05
67,2.970163412839742e-05
67,3.9090894503471274e-05
67,4.722277352725816e-05
67,5.388588550268157e-05
67,5.876588207771183e-05
67,6.143441723257421e-05
67,6.156817227015923e-05
67,5.927232665665022e-05
67,5.517404671278918e-05
67,5.014144619029762e-05
67,4.491684481368578e-05
67,3.997945840806015e-05
67,3.554510740890667e-05
67,3.154536626422305e-05
67,2.768838798579945e-05
67,2.3629757688407872e-05
67,1.908602141629288e-05
67,1.384361070703562e-05
67,7.79215286178229e-06
67,1.051487465472335e-06
67,-5.921907831375557e-06
67,-1.2403650358600483e-05
67,-1.7596527881706946e-05
67,-2.075397240277146e-05
67,-2.1209016870124024e-05
67,-1.8492966679648423e-05
67,-1.258389083471699e-05
67,-4.0318271569340545e-06
67,6.216794546343654e-06
67,1.7120768746792473e-05
67,2.7769486329843385e-05
67,3.752965802815704e-05
67,4.607898392935596e-05
67,5.326029703009246e-05
67,5.887418597008226e-05
67,6.262264507331329e-05
67,6.426903466385164e-05
67,6.387321980987901e-05
67,6.191058336366663e-05
67,5.918717006167412e-05
67,5.657116161598863e-05
67,5.467389003459451e-05
67,5.367431489964467e-05
67,5.334001386321841e-05
67,5.314373813133311e-05
67,5.242444366836326e-05
67,5.0589432396177585e-05
67,4.727669890972462e-05
67,4.2410547355100286e-05
67,3.6193193092738864e-05
67,2.909731126512204e-05
67,2.1867723204459547e-05
67,1.546422052923196e-05
67,1.0861272237625438e-05
67,8.763457739537518e-06
67,9.434792009393656e-06
67,1.271670292196562e-05
67,1.8093088958273952e-05
67,2.47457990494199e-05
67,3.173813572801746e-05
67,3.828301041452735e-05
67,4.383211976388047e-05
67,4.79724167662009e-05
67,5.036920334274284e-05
67,5.08236190485899e-05
67,4.9315236766513755e-05
67,4.598412521764085e-05
67,4.115050042059912e-05
67,3.539418818740043e-05
67,2.9548587163381368e-05
67,2.451918649281764e-05
67,2.1014391955711285e-05
67,1.9320682975126975e-05
67,1.9213230011422236e-05
67,2.0041258329174363e-05
67,2.094103740937947e-05
67,2.1085150189166922e-05
67,1.9906932494693725e-05
67,1.7249606755886617e-05
67,1.3388857110119144e-05
67,8.938083747582646e-06
67,4.710944630456701e-06
67,1.5995287476482545e-06
67,4.5166383550938195e-07
67,1.8936395708073534e-06
67,6.117397656382851e-06
67,1.2770309256054919e-05
67,2.1078456333244694e-05
67,3.014080584974029e-05
67,3.9167033842678584e-05
67,4.7532323180863396e-05
67,5.472278680791362e-05
67,6.027256900396273e-05
67,6.374387570260512e-05
67,6.479397328558052e-05
67,6.332154071512274e-05
67,5.95938265500324e-05
67,5.4243793731886555e-05
67,4.8133915913987796e-05
67,4.218298360639022e-05
67,3.721488686272616e-05
67,3.382001378406484e-05
67,3.223359921087758e-05
67,3.226096525979955e-05
67,3.3288066086427065e-05
67,3.442123176476235e-05
67,3.4749272367696074e-05
67,3.363380705532934e-05
67,3.0907552436075e-05
67,2.6910086228266997e-05
67,2.2372405389526048e-05
67,1.823555970774668e-05
67,1.5483355998411055e-05
67,1.4975467446580787e-05
67,1.7232643722105324e-05
67,2.22417739240553e-05
67,2.9437956601300603e-05
67,3.7905122523037354e-05
67,4.666909523130713e-05
67,5.492922313117249e-05
67,6.212310844322703e-05
67,6.781062129153545e-05
67,7.15133711922047e-05
67,7.268774934737733e-05
67,7.08768075182875e-05
67,6.594538345951392e-05
67,5.825756100219044e-05
67,4.868698886673609e-05
67,3.8426525183052186e-05
67,2.8671597501667064e-05
67,2.0339436706972474e-05
67,1.3938928018817555e-05
67,9.559587142309345e-06
67,6.900880714164317e-06
67,5.337420085602003e-06
67,4.056015425043326e-06
67,2.261224707944734e-06
67,-6.044291257295645e-07
67,-4.695470518160919e-06
67,-9.698967059313255e-06
67,-1.4876048002034525e-05
67,-1.9193832691305015e-05
67,-2.152982745114129e-05
67,-2.0927097513329617e-05
67,-1.68569955080234e-05
67,-9.406999174077389e-06
67,7.147706129157104e-07
67,1.2416750563489979e-05
67,2.4603635420385916e-05
67,3.646368557771744e-05
67,4.749805818242463e-05
67,5.733256931824629e-05
67,6.548806793963213e-05
67,7.129952839259091e-05
67,7.408321733862171e-05
67,7.347661844226136e-05
67,6.97309455522034e-05
67,6.374786385808885e-05
67,5.6825530361487975e-05
67,5.0262665712924735e-05
67,4.500873511436567e-05
67,4.1474367895459664e-05
67,3.9528975616369625e-05
67,3.863469474332749e-05
67,3.802828209538541e-05
67,3.689952255584468e-05
67,3.4566982721730056e-05
67,3.06472576347555e-05
67,2.5171335750538662e-05
67,1.859418565994802e-05
67,1.170451447173184e-05
67,5.502064253202207e-06
67,1.0746189576770748e-06
67,-5.794311540040019e-07
67,1.178133970627686e-06
67,6.366065377222945e-06
67,1.432963857903182e-05
67,2.3968646063669988e-05
67,3.411949091072982e-05
67,4.3876810705114834e-05
67,5.269233043720434e-05
67,6.022173410794065e-05
67,6.606129300918051e-05
67,6.960704614582569e-05
67,7.018441187676309e-05
67,6.739328764055467e-05
67,6.144617901092893e-05
67,5.326838897589075e-05
67,4.427400447896111e-05
67,3.592028604169747e-05
67,2.926151003222961e-05
67,2.469876095119298e-05
67,2.1983979974561537e-05
67,2.0406586095173032e-05
67,1.9048440844517444e-05
67,1.7022917778179827e-05
67,1.366664561037848e-05
67,8.677809278740182e-06
67,2.1818775819776794e-06
67,-5.295005317145031e-06
67,-1.2924961865162738e-05
67,-1.9700037108129572e-05
67,-2.4556733883102228e-05
67,-2.6537002397994692e-05
67,-2.5009526512459042e-05
67,-1.9884380599373847e-05
67,-1.1680887241236145e-05
67,-1.3597958977073944e-06
67,1.0006542738214889e-05
67,2.152537298395791e-05
67,3.257684700137237e-05
67,4.270721721031301e-05
67,5.1443246822329124e-05
67,5.818530764746813e-05
67,6.229343197541766e-05
67,6.336124957571345e-05
67,6.15270337768571e-05
67,5.760502539853398e-05
67,5.2910656843747226e-05
67,4.8843950569963224e-05
67,4.643285287557e-05
67,4.6037543173893335e-05
67,4.731244235432659e-05
67,4.939463757836972e-05
67,5.120805979845898e-05
67,5.176900814624209e-05
67,5.041728150001309e-05
67,4.693617401681318e-05
67,4.15560804557713e-05
67,3.4868490119814754e-05
67,2.770430961689343e-05
67,2.1025696983368074e-05
67,1.582839354006615e-05
67,1.3001255909778179e-05
67,1.3120326969328316e-05
67,1.625843984157846e-05
67,2.194696079337672e-05
67,2.9341512756978677e-05
67,3.7493746324760464e-05
67,4.5569202817452154e-05
67,5.2913660528413276e-05
67,5.898140110882683e-05
67,6.322544996941399e-05
67,6.506997905635248e-05
67,6.402935496479883e-05
67,5.993690464603626e-05
67,5.3157294191469396e-05
67,4.463979130283492e-05
67,3.574159639178278e-05
67,2.7868214972256533e-05
67,2.2072777509267182e-05
67,1.877272256513232e-05
67,1.767909708115935e-05
67,1.7941500472353796e-05
67,1.843859028365627e-05
67,1.8109506024845702e-05
67,1.6226150335265202e-05
67,1.2538092871717362e-05
67,7.269732502737834e-06
67,1.0087292112181503e-06
67,-5.431732026161606e-06
67,-1.1115536608261724e-05
67,-1.5071737837970179e-05
67,-1.643992302406028e-05
67,-1.4685736202917875e-05
67,-9.782809186913363e-06
67,-2.222936761110046e-06
67,7.176906428836451e-06
67,1.7548109638903678e-05
67,2.8147005660865494e-05
67,3.8351412728257894e-05
67,4.754367245210964e-05
67,5.5023416437474556e-05
67,6.006085830867697e-05
67,6.210132305346874e-05
67,6.102395588453736e-05
67,5.730457300551376e-05
67,5.197238591875006e-05
67,4.6360007077950466e-05
67,4.1748414439371826e-05
67,3.903829706072726e-05
67,3.8543823306227115e-05
67,3.995179634852279e-05
67,4.24430942539331e-05
67,4.493657250560099e-05
67,4.638971605680306e-05
67,4.607479905254242e-05
67,4.374804440117748e-05
67,3.9660959179032136e-05
67,3.443611076518226e-05
67,2.8900988881830393e-05
67,2.3967981249090228e-05
67,2.0554800791966056e-05
67,1.946165320293673e-05
67,2.1168927539121845e-05
67,2.565334415952903e-05
67,3.2375699230770765e-05
67,4.048007147999163e-05
67,4.907291995601255e-05
67,5.7397797122799184e-05
67,6.482451936450683e-05
67,7.072225594415905e-05
67,7.436945391729646e-05
67,7.50260729567573e-05
67,7.217804113061897e-05
67,6.583042501237731e-05
67,5.666501724572579e-05
67,4.5942686833899517e-05
67,3.5178338708154956e-05
67,2.5736297774700157e-05
67,1.8509392370521e-05
67,1.3771229207493674e-05
67,1.1201618751725829e-05
67,1.0036793511186474e-05
67,9.291063992289818e-06
67,8.005316289823646e-06
67,5.477362053995766e-06
67,1.4204488700141188e-06
67,-3.9953889257791876e-06
67,-1.0216076773774643e-05
67,-1.642732803872288e-05
67,-2.1665386605474932e-05
67,-2.492389924302912e-05
67,-2.532204899152292e-05
67,-2.2342168136995738e-05
67,-1.6021168612961028e-05
67,-6.944579251528115e-06
67,3.983033896520203e-06
67,1.584280033515388e-05
67,2.788000643211641e-05
67,3.9470052890289757e-05
67,4.9957583738538683e-05
67,5.8545490457552734e-05
67,6.437259408305704e-05
67,6.678800967070186e-05
67,6.568366186957126e-05
67,6.167770422482124e-05
67,5.600987837802791e-05
67,5.017793190090046e-05
67,4.548962470105396e-05
67,4.27254438008341e-05
67,4.201359090366444e-05
67,4.290373708624754e-05
67,4.456329698662262e-05
67,4.6018333649977024e-05
67,4.638756299961618e-05
67,4.5075463793603794e-05
67,4.188934821310537e-05
67,3.70519565123247e-05
67,3.1122710198831775e-05
67,2.4890529481584642e-05
67,1.9291971265882712e-05
67,1.5329765913642935e-05
67,1.3913474740399682e-05
67,1.5609225030333844e-05
67,2.041983353468033e-05
67,2.776119868191247e-05
67,3.667804811192944e-05
67,4.616151165729846e-05
67,5.536617609852251e-05
67,6.362223686830486e-05
67,7.029938194091702e-05
67,7.46830547731188e-05
67,7.601479416074451e-05
67,7.373460098346163e-05
67,6.780789670409562e-05
67,5.892693064668869e-05
67,4.842652915771782e-05
67,3.792133802757162e-05
67,2.8832702261067645e-05
67,2.2016220055870777e-05
67,1.7618422835626304e-05
67,1.5163733264186802e-05
67,1.3785086767125681e-05
67,1.2493977566631977e-05
67,1.0417660018463713e-05
67,6.971130222565905e-06
67,1.9506000326720687e-06
67,-4.457598964916227e-06
67,-1.1735362581079253e-05
67,-1.9110835135158956e-05
67,-2.562283125861064e-05
67,-3.0206067619919397e-05
67,-3.186883114854447e-05
67,-2.9961886264958618e-05
67,-2.4409203774184006e-05
67,-1.57377415030931e-05
67,-4.8686759023476305e-06
67,7.193883140846559e-06
67,1.9580375468126902e-05
67,3.157852716225224e-05
67,4.251441563480074e-05
67,5.164064881323917e-05
67,5.8170707517752875e-05
67,6.149793791746091e-05
67,6.149957827163366e-05
67,5.873674215472972e-05
67,5.4394552952359134e-05
67,4.9952238061484275e-05
67,4.6727916000657644e-05
67,4.5499145203581004e-05
67,4.633802393273451e-05
67,4.86835304588152e-05
67,5.157968657848151e-05
67,5.3972092031280774e-05
67,5.4971685663637114e-05
67,5.403302844889595e-05
67,5.102689635468681e-05
67,4.621269463226212e-05
67,4.014883155488395e-05
67,3.360288009315789e-05
67,2.7495149460490208e-05
67,2.2833305945687787e-05
67,2.0558206577130265e-05
67,2.129447286985478e-05
67,2.5125913102202912e-05
67,3.1551899537123686e-05
67,3.9667031359142264e-05
67,4.844659855127899e-05
67,5.696365429242692e-05
67,6.444457983491098e-05
67,7.020029171448926e-05
67,7.355188520051811e-05
67,7.38659061850354e-05
67,7.073548298381396e-05
67,6.422922027831207e-05
67,5.505105742972655e-05
67,4.447667074158922e-05
67,3.405117836936101e-05
67,2.516604065460242e-05
67,1.8690367977459585e-05
67,1.4790360817015225e-05
67,1.2974826744071245e-05
67,1.2314943187770959e-05
67,1.173975571800277e-05
67,1.0311507845444293e-05
67,7.418129736498484e-06
67,2.8581502672708567e-06
67,-3.173416817837327e-06
67,-1.0157404171462958e-05
67,-1.7325215072082154e-05
67,-2.3714843460948872e-05
67,-2.8256906645809446e-05
67,-2.996021409376233e-05
67,-2.8181176615843746e-05
67,-2.2841434624010918e-05
67,-1.4443858654243242e-05
67,-3.868596850028381e-06
67,7.911192359745599e-06
67,2.001692599845022e-05
67,3.168208713005156e-05
67,4.2165584682461586e-05
67,5.0694631921539435e-05
67,5.6538830719767924e-05
67,5.9219717014165655e-05
67,5.875470556079112e-05
67,5.578488340558977e-05
67,5.148176042632192e-05
67,4.724460768746262e-05
67,4.430852960891945e-05
67,4.341605934956436e-05
67,4.465849521899245e-05
67,4.7513956637818234e-05
67,5.104245869500584e-05
67,5.416285667588629e-05
67,5.5930626361218285e-05
67,5.5747983435402456e-05
67,5.3460488619158683e-05
67,4.933166090157218e-05
67,4.3939598497733734e-05
67,3.807212035743501e-05
67,3.26612328312273e-05
67,2.8711133604567032e-05
67,2.7136952118456135e-05
67,2.8513579834398926e-05
67,3.286258514919614e-05
67,3.963036875622167e-05
67,4.788518427404582e-05
67,5.6602237222057784e-05
67,6.486278763997106e-05
67,7.188813286151385e-05
67,7.6964498120002e-05
67,7.938800575576653e-05
67,7.853573697605873e-05
67,7.40721679213603e-05
67,6.618719321341312e-05
67,5.570817884323486e-05
67,4.3981478152202766e-05
67,3.254696422143715e-05
67,2.2739565795951235e-05
67,1.537353896109072e-05
67,1.0604922295454993e-05
67,7.982826383948932e-06
67,6.639074899623762e-06
67,5.542623753260767e-06
67,3.7515424981730207e-06
67,6.131394117888287e-07
67,-4.121147588591647e-06
67,-1.0279151593780866e-05
67,-1.732714544105556e-05
67,-2.4453116700689847e-05
67,-3.0644584837927754e-05
67,-3.4797841166063506e-05
67,-3.5920016533843876e-05
67,-3.3404066728868586e-05
67,-2.7238493491849364e-05
67,-1.8002659659582964e-05
67,-6.637124876664449e-06
67,5.858229666487871e-06
67,1.8611069527339762e-05
67,3.087527373758964e-05
67,4.1919237974197446e-05
67,5.095514285436953e-05
67,5.722263738081316e-05
67,6.022597761925892e-05
67,6.000186511321988e-05
67,5.724498910946688e-05
67,5.3183081259074036e-05
67,4.923460669060592e-05
67,4.659933737008699e-05
67,4.594873212118441e-05
67,4.7309297050425446e-05
67,5.0136638948634855e-05
67,5.3517592034521934e-05
67,5.642431917949207e-05
67,5.7958477642443145e-05
67,5.754066786917441e-05
67,5.501103717354123e-05
67,5.062579144883638e-05
67,4.497531882969288e-05
67,3.888498207688117e-05
67,3.3337169935762174e-05
67,2.9378641490186602e-05
67,2.794222760765594e-05
67,2.958787633183491e-05
67,3.4290933541726756e-05
67,4.1430122674715155e-05
67,5.0002575149484266e-05
67,5.893116153387869e-05
67,6.728041245356904e-05
67,7.429151332335878e-05
67,7.9289685047601e-05
67,8.160263176088876e-05
67,8.06134024603602e-05
67,7.597010485841353e-05
67,6.784642048690144e-05
67,5.70771659522026e-05
67,4.504345337317549e-05
67,3.33253389987435e-05
67,2.327196347115282e-05
67,1.5670032033573294e-05
67,1.0619284482537168e-05
67,7.616332539484992e-06
67,5.773007808985797e-06
67,4.076915516079356e-06
67,1.626090348987533e-06
67,-2.1962477897652615e-06
67,-7.621558260010534e-06
67,-1.4475313834756549e-05
67,-2.2219954726627554e-05
67,-3.002418443584572e-05
67,-3.683911104274616e-05
67,-4.1517307043591035e-05
67,-4.302814718767668e-05
67,-4.0742671162169214e-05
67,-3.464797414675344e-05
67,-2.534205811133454e-05
67,-1.3797282526626186e-05
67,-1.044716651737154e-06
67,1.2028982952416287e-05
67,2.4690074969048712e-05
67,3.624153863179753e-05
67,4.593309530223057e-05
67,5.302063039605109e-05
67,5.698938319943605e-05
67,5.7828553175909196e-05
67,5.6180505275788014e-05
67,5.3239152384463896e-05
67,5.041285760287798e-05
67,4.8898735101690665e-05
67,4.934945645195083e-05
67,5.1745442483707166e-05
67,5.547936378402109e-05
67,5.9582943422019264e-05
67,6.300326463886782e-05
67,6.485349585621635e-05
67,6.459174653829637e-05
67,6.210286669286995e-05
67,5.767932274534475e-05
67,5.1932788588254196e-05
67,4.569611517588325e-05
67,3.994977462606655e-05
67,3.573420688232217e-05
67,3.3977051742210746e-05
67,3.5239410900612715e-05
67,3.950548836068022e-05
67,4.616504277293822e-05
67,5.421871490223319e-05
67,6.25799665180342e-05
67,7.02971987771077e-05
67,7.660512685684135e-05
67,8.084790586365224e-05
67,8.239975251513558e-05
67,8.070173456482678e-05
67,7.544607144088645e-05
67,6.681903750818353e-05
67,5.563906059765194e-05
67,4.326185182924717e-05
67,3.125445756552931e-05
67,2.0971957078317145e-05
67,1.3214115232013643e-05
67,8.081774635108262e-06
67,5.0502833413532e-06
67,3.1941406176476523e-06
67,1.4653782838217682e-06
67,-1.055558613299611e-06
67,-4.980823115975554e-06
67,-1.0523205833057085e-05
67,-1.748808780142531e-05
67,-2.53250712671176e-05
67,-3.319965613553912e-05
67,-4.006845355249779e-05
67,-4.479668034333524e-05
67,-4.637018993770489e-05
67,-4.4173084674604444e-05
67,-3.819274278501681e-05
67,-2.9009724717092686e-05
67,-1.756630680339382e-05
67,-4.8644230109238535e-06
67,8.224237025568495e-06
67,2.0963808199562703e-05
67,3.264847514032659e-05
67,4.252881627115109e-05
67,4.987997693494275e-05
67,5.421710792883817e-05
67,5.554977524863814e-05
67,5.451358231102104e-05
67,5.2267562232521484e-05
67,5.0173667342114405e-05
67,4.939247348820499e-05
67,5.056071710640758e-05
67,5.3657782958613245e-05
67,5.8075405020955585e-05
67,6.283390588820576e-05
67,6.68607634795627e-05
67,6.92541297567455e-05
67,6.947427252266288e-05
67,6.742729534329567e-05
67,6.343524982621652e-05
67,5.813160747677021e-05
67,5.2351661131119144e-05
67,4.705673179990097e-05
67,4.325173351704787e-05
67,4.18210496329416e-05
67,4.328470671483444e-05
67,4.759800650547179e-05
67,5.4140932505604194e-05
67,6.192305087487343e-05
67,6.987644767496576e-05
67,7.706492132261043e-05
67,8.272677037494567e-05
67,8.620020685214275e-05
67,8.685698163918766e-05
67,8.415462903265335e-05
67,7.782673812430884e-05
67,6.811555639066318e-05
67,5.5888543180261686e-05
67,4.252518301719268e-05
67,2.9588853972386585e-05
67,1.841831419339368e-05
67,9.804487773357659e-06
67,3.858006658977358e-06
67,7.865122673786827e-08
67,-2.4338615394882667e-06
67,-4.71405587444943e-06
67,-7.682746815524185e-06
67,-1.196119475330463e-05
67,-1.7769240043842068e-05
67,-2.4911822452963128e-05
67,-3.2832248748360357e-05
67,-4.068960950112481e-05
67,-4.7439379989991876e-05
67,-5.1953869509297255e-05
67,-5.323487516286834e-05
67,-5.068920850184528e-05
67,-4.432762368149029e-05
67,-3.4745369253776515e-05
67,-2.288305900368937e-05
67,-9.724953051259035e-06
67,3.880589138480027e-06
67,1.721140117895579e-05
67,2.955501321575317e-05
67,4.0136517069196396e-05
67,4.820049445320897e-05
67,5.324344539717082e-05
67,5.527590631078358e-05
67,5.4945937131148605e-05
67,5.3418036046507666e-05
67,5.203792981080524e-05
67,5.1928941529548236e-05
67,5.36853246169643e-05
67,5.72583996395623e-05
67,6.203689067710779e-05
67,6.705982004282407e-05
67,7.128281852672173e-05
67,7.383005486448848e-05
67,7.418114069489364e-05
67,7.225674121141396e-05
67,6.839165860336361e-05
67,6.322989988853823e-05
67,5.7611456228062884e-05
67,5.249330280218217e-05
67,4.886717230524047e-05
67,4.7598743823134e-05
67,4.918762711493681e-05
67,5.3569368359002875e-05
67,6.010608016175174e-05
67,6.779281131233598e-05
67,7.555270885603454e-05
67,8.244801043491852e-05
67,8.772219652785723e-05
67,9.072155594318263e-05
67,9.082402516203531e-05
67,8.749011199437869e-05
67,8.045769270574851e-05
67,6.99818074615752e-05
67,5.6953982594362824e-05
67,4.2782798244359296e-05
67,2.905351644510319e-05
67,1.7110242111404713e-05
67,7.733768131089016e-06
67,1.0204309988491442e-06
67,-3.5344483402357284e-06
67,-6.8184019907725945e-06
67,-9.839848006013732e-06
67,-1.3492315986223771e-05
67,-1.8380971480981885e-05
67,-2.472556280176697e-05
67,-3.234190879608535e-05
67,-4.0684553681332355e-05
67,-4.8915217839171765e-05
67,-5.598095538887912e-05
67,-6.0738364799800766e-05
67,-6.217224751910927e-05
67,-5.967561113919607e-05
67,-5.325022527368633e-05
67,-4.348647636277985e-05
67,-3.132219702858299e-05
67,-1.7738666886452672e-05
67,-3.579880469519441e-06
67,1.0436721268248196e-05
67,2.360035562231203e-05
67,3.513021892284439e-05
67,4.425415671952743e-05
67,5.044158052303831e-05
67,5.367043109240259e-05
67,5.455740688827409e-05
67,5.4241085643716414e-05
67,5.4045441792476275e-05
67,5.507098278111528e-05
67,5.78841152499996e-05
67,6.240518779688839e-05
67,6.799665202967638e-05
67,7.368511187099249e-05
67,7.843241887732705e-05
67,8.138504737211584e-05
67,8.205229378204064e-05
67,8.038118845524066e-05
67,7.672156115136722e-05
67,7.171860144500748e-05
67,6.620250832575017e-05
67,6.111542395274667e-05
67,5.743562095967141e-05
67,5.6021846807199765e-05
67,5.7375755150810514e-05
67,6.144201728735781e-05
67,6.759246357306278e-05
67,7.48246155504376e-05
67,8.205344390000117e-05
67,8.832720256628308e-05
67,9.2880595550032e-05
67,9.50663436436198e-05
67,9.428591742252689e-05
67,9.003268192854901e-05
67,8.207446388328319e-05
67,7.06847742769949e-05
67,5.676222536373689e-05
67,4.171824544159895e-05
67,2.7144325103639345e-05
67,1.4396254395318439e-05
67,4.267815527384769e-06
67,-3.1361423957770723e-06
67,-8.318313530732656e-06
67,-1.2167741684754485e-05
67,-1.5693234918535403e-05
67,-1.9786184500535953e-05
67,-2.5050431089479366e-05
67,-3.171010092071596e-05
67,-3.959253437928127e-05
67,-4.81668440068382e-05
67,-5.660555550412373e-05
67,-6.385825468689768e-05
67,-6.877602875160551e-05
67,-7.033307627928637e-05
67,-6.790869097254481e-05
67,-6.148764724844657e-05
67,-5.164002475464938e-05
67,-3.92828956565981e-05
67,-2.5381883935760623e-05
67,-1.0775280690118959e-05
67,3.8149019428263435e-06
67,1.76680381718121e-05
67,2.9995003680668922e-05
67,4.001976905964722e-05
67,4.7208215393448865e-05
67,5.152663084318858e-05
67,5.356604432631446e-05
67,5.442753815502103e-05
67,5.539527853077201e-05
67,5.7538082023178516e-05
67,6.140354603156596e-05
67,6.69035372663974e-05
67,7.33962888636665e-05
67,7.990442863273884e-05
67,8.538693492929311e-05
67,8.899247954023622e-05
67,9.0240071981194e-05
67,8.90913906519911e-05
67,8.590888966314051e-05
67,8.134124706627962e-05
67,7.620996487217851e-05
67,7.14384691426383e-05
67,6.798187299285207e-05
67,6.667768118188682e-05
67,6.801322869033842e-05
67,7.192764862630957e-05
67,7.779356594857166e-05
67,8.460988297121125e-05
67,9.128821898310767e-05
67,9.68680363439063e-05
67,0.00010057502166652271
67,0.00010176114575226196
67,9.98423569117502e-05
67,9.434294765611959e-05
67,8.507220229353644e-05
67,7.234499818422835e-05
67,5.7091404366797804e-05
67,4.074087552122161e-05
67,2.4893910676299897e-05
67,1.0915018572247667e-05
67,-3.8670730654790334e-07
67,-8.883644886699093e-06
67,-1.5053167925913006e-05
67,-1.9763705809030843e-05
67,-2.4013978706132954e-05
67,-2.869807559218513e-05
67,-3.4433697439325104e-05
67,-4.1465227286184025e-05
67,-4.9640086877356436e-05
67,-5.844090743385473e-05
67,-6.7043419558779e-05
67,-7.439077683104988e-05
67,-7.932275943708842e-05
67,-8.080344422593657e-05
67,-7.820686109077285e-05
67,-7.151653377771009e-05
67,-6.130096543406163e-05
67,-4.8471162047921445e-05
67,-3.3982004552805826e-05
67,-1.8661204243824994e-05
67,-3.227431297595875e-06
67,1.1590354213622694e-05
67,2.4984472031636282e-05
67,3.61562661694709e-05
67,4.455084593502984e-05
67,5.011669540343257e-05
67,5.3425956532103386e-05
67,5.555468995925225e-05
67,5.7755002767822984e-05
67,6.106177187233818e-05
67,6.59951947077203e-05
67,7.245270459936163e-05
67,7.979175451951376e-05
67,8.704318891530308e-05
67,9.317709204063124e-05
67,9.735262930069466e-05
67,9.909880212234823e-05
67,9.838809289306328e-05
67,9.559393485520364e-05
67,9.137273938746253e-05
67,8.654647524752022e-05
67,8.203029879552466e-05
67,7.876474688013167e-05
67,7.757116680867125e-05
67,7.892285721300209e-05
67,8.274729345885045e-05
67,8.840511275088299e-05
67,9.48803870811344e-05
67,0.0001010680978720364
67,0.00010599441078360474
67,0.00010888125484749493
67,0.00010908936114916306
67,0.00010605395755182151
67,9.932428686398809e-05
67,8.873625168656216e-05
67,7.463164682105765e-05
67,5.796780548444398e-05
67,4.020106801785535e-05
67,2.2956420768406884e-05
67,7.6187415519177924e-06
67,-4.986214378174998e-06
67,-1.4715321766790237e-05
67,-2.202909400447653e-05
67,-2.777807236036724e-05
67,-3.2946409593715545e-05
67,-3.8423373571553216e-05
67,-4.48356430372379e-05
67,-5.2447990217704844e-05
67,-6.113056358506075e-05
67,-7.037987446120581e-05
67,-7.936984731810433e-05
67,-8.702721667671686e-05
67,-9.216802704579302e-05
67,-9.373384813985567e-05
67,-9.108288226235041e-05
67,-8.419033280094352e-05
67,-7.362102664382001e-05
67,-6.028267356188475e-05
67,-4.512435680657427e-05
67,-2.8966058201298314e-05
67,-1.2520795842652605e-05
67,3.4807796209556335e-06
67,1.821819424594997e-05
67,3.086820435911047e-05
67,4.0841848057227894e-05
67,4.80482982079716e-05
67,5.3019805766879694e-05
67,5.679541255028795e-05
67,6.059434287005475e-05
67,6.54223131262861e-05
67,7.177366355415793e-05
67,7.952415040366655e-05
67,8.801572218218752e-05
67,9.627179503570918e-05
67,0.00010326392927187405
67,0.00010816113281398077
67,0.00011050864563137123
67,0.0001102980443685357
67,0.00010791985500431096
67,0.00010404059823471933
67,9.948221120787411e-05
67,9.515007916923158e-05
67,9.196948994087512e-05
67,9.074728200541937e-05
67,9.194752415592948e-05
67,9.549341594946823e-05
67,0.0001007411991681481
67,0.00010666487967416404
67,0.00011214321600268343
67,0.00011618665472708193
67,0.00011801207361750057
67,0.00011699264990107436
67,0.00011259229851342346
67,0.00010439679129925681
67,9.227658428254206e-05
67,7.660087022701765e-05
67,5.8348757051134324e-05
67,3.899809492778275e-05
67,2.0199208656907556e-05
67,3.365725175141625e-06
67,-1.0648655857556482e-05
67,-2.1678266364749473e-05
67,-3.0168572118503106e-05
67,-3.6962107440518765e-05
67,-4.304130615787983e-05
67,-4.9300732035166526e-05
67,-5.638060185518519e-05
67,-6.456610874860194e-05
67,-7.374883061665914e-05
67,-8.343926093306686e-05
67,-9.281172449840482e-05
67,-0.00010077984138399278
67,-0.00010613889192232008
67,-0.00010780952658264215
67,-0.00010513348717767743
67,-9.807389248109241e-05
67,-8.718456514795793e-05
67,-7.33601360731932e-05
67,-5.7534542028604226e-05
67,-4.051442653119299e-05
67,-2.3006786508509484e-05
67,-5.747221378507554e-06
67,1.0427830901068005e-05
67,2.467037481225749e-05
67,3.635984266565973e-05
67,4.536772695827258e-05
67,5.2183643877204475e-05
67,5.780220748523926e-05
67,6.340128830762484e-05
67,6.995263787979739e-05
67,7.792560492249242e-05
67,8.7178418298914e-05
67,9.704004671839343e-05
67,0.000106523771537237
67,0.00011459513542153783
67,0.00012042482298660521
67,0.00012357014877707216
67,0.00012404341718983764
67,0.00012225738378282013
67,0.00011889270925971671
67,0.00011477048486931047
67,0.0001107798792155946
67,0.00010782074392852113
67,0.00010667433409606478
67,0.00010778599141112743
67,0.00011106846103581238
67,0.00011587166846706144
67,0.00012116156057396031
67,0.0001258046878204104
67,0.00012879897736085513
67,0.00012935655660544472
67,0.00012686067103860623
67,0.00012080169043112659
67,0.00011080376083335356
67,9.67802241855694e-05
67,7.914138186474942e-05
67,5.8902951475136946e-05
67,3.7575707299018764e-05
67,1.6841689207006143e-05
67,-1.8532031822038065e-06
67,-1.7622872643151748e-05
67,-3.0271644525107187e-05
67,-4.022072106265964e-05
67,-4.8297151986135105e-05
67,-5.547897679237573e-05
67,-6.266873698111865e-05
67,-7.052610861360416e-05
67,-7.936264720673293e-05
67,-8.909498599062843e-05
67,-9.924844053781716e-05
67,-0.00010899675938141221
67,-0.00011723903727370964
67,-0.00012274915481561658
67,-0.00012442799136891822
67,-0.00012160434032981089
67,-0.00011423449812561305
67,-0.00010286606116193377
67,-8.838206302537205e-05
67,-7.169830204202239e-05
67,-5.360262908077057e-05
67,-3.479258107720312e-05
67,-1.601140753754459e-05
67,1.878882644416443e-06
67,1.7992532669983737e-05
67,3.166661114627289e-05
67,4.2730414692129166e-05
67,5.163226273062581e-05
67,5.932528495304004e-05
67,6.694583073769676e-05
67,7.542677228026963e-05
67,8.520517024072298e-05
67,9.611625129130241e-05
67,0.00010747516667011244
67,0.00011828859192751143
67,0.00012752145790314123
67,0.00013435098911098166
67,0.00013835017945056655
67,0.0001395551493848113
67,0.0001384041390238724
67,0.00013559491966512417
67,0.00013194925487979047
67,0.00012833955192495717
67,0.00012563817536291163
67,0.0001245982398006659
67,0.0001256435715857708
67,0.00012867275570814282
67,0.00013302412349376774
67,0.00013764924863684586
67,0.00014139694238152922
67,0.00014324980493768896
67,0.00014241566731746662
67,0.0001382900655992468
67,0.00013039131309595603
67,0.00011838132888212474
67,0.00010221497113199177
67,8.234480891834731e-05
67,5.9829440261154084e-05
67,3.622336528380054e-05
67,1.325195717702748e-05
67,-7.5984387521027925e-06
67,-2.5406430868170543e-05
67,-3.9947115314415855e-05
67,-5.1618400682906504e-05
67,-6.123035292325671e-05
67,-6.975261654294619e-05
67,-7.809153309641911e-05
67,-8.692456679490566e-05
67,-9.659138272419935e-05
67,-0.00010703730190212782
67,-0.00011780515446588804
67,-0.000128067626434346
67,-0.000136705107816803
67,-0.00014246326330239796
67,-0.00014421550026304415
67,-0.00014127074434892585
67,-0.0001335734731426019
67,-0.00012166234545223869
67,-0.00010640789021354145
67,-8.870767030691717e-05
67,-6.933061982591664e-05
67,-4.8964613809260486e-05
67,-2.83612437642884e-05
67,-8.41132411689998e-06
67,9.95447054132994e-06
67,2.601982586464464e-05
67,3.95589764800763e-05
67,5.096734492772652e-05
67,6.114852502073185e-05
67,7.119273469823466e-05
67,8.199046462898805e-05
67,9.394138948428235e-05
67,0.00010685003966883984
67,0.00012000892198356426
67,0.00013241110926090943
67,0.00014301834828553373
67,0.0001510169749250843
67,0.00015600188592634144
67,0.0001580400669420771
67,0.00015760039776858772
67,0.00015539956762570086
67,0.00015225863602621138
67,0.00014903007325326074
67,0.00014655567939714928
67,0.00014555916496288398
67,0.00014644424866475596
67,0.00014909884421791575
67,0.0001528532163136282
67,0.00015664569546681816
67,0.00015930498368229787
67,0.000159793839789624
67,0.00015731240195178804
67,0.00015126935345348988
67,0.00014121695965990167
67,0.00012686412456752204
67,0.00010821623932004064
67,8.577451242742511e-05
67,6.064424587004398e-05
67,3.442715498094713e-05
67,8.897341396440157e-06
67,-1.4410860961410908e-05
67,-3.4533126585877275e-05
67,-5.1210341339870444e-05
67,-6.481620144513652e-05
67,-7.614616662404766e-05
67,-8.616515448145852e-05
67,-9.578670594729553e-05
67,-0.00010570904496526677
67,-0.00011630324471409708
67,-0.0001275473016310358
67,-0.00013900539388193216
67,-0.00014985123309696333
67,-0.0001589457746022326
67,-0.00016500319968831473
67,-0.00016686488571354615
67,-0.0001638150875195714
67,-0.00015578150806181253
67,-0.00014328828223688852
67,-0.00012718724585130564
67,-0.00010835212973338392
67,-8.752983063122226e-05
67,-6.53991631222281e-05
67,-4.272391301538454e-05
67,-2.042884631505244e-05
67,5.05901126121909e-07
67,1.930694291377748e-05
67,3.568909856655075e-05
67,4.998813615041144e-05
67,6.304881619654142e-05
67,7.590526892823104e-05
67,8.93975112710324e-05
67,0.00010388287643763672
67,0.00011913261959942278
67,0.00013441447221979158
67,0.00014870485095290313
67,0.00016095872264227366
67,0.00017036924341939146
67,0.00017655396772447009
67,0.00017961452761099448
67,0.00018005510996530843
67,0.00017861391287196597
67,0.0001761099276660481
67,0.00017337058596417408
67,0.00017120012673100366
67,0.00017028615234855208
67,0.00017100736254938023
67,0.000173238311083987
67,0.0001763001506867675
67,0.00017911735168131941
67,0.00018049719178959357
67,0.00017938034121154142
67,0.0001749570527617651
67,0.00016664882269118079
67,0.00015404514818954387
67,0.0001369096678840151
67,0.0001153099538542183
67,8.98094416133816e-05
67,6.157310596220935e-05
67,3.226036045778403e-05
67,3.7018302210189576e-06
67,-2.251375684580462e-05
67,-4.5372555888048624e-05
67,-6.457394032355262e-05
67,-8.046028251361992e-05
67,-9.380725751661199e-05
67,-0.00010557336631884701
67,-0.00011668172877860012
67,-0.00012785708745416966
67,-0.0001395092772437295
67,-0.0001516555981557401
67,-0.000163885420819024
67,-0.0001753735291041567
67,-0.00018495815627616542
67,-0.00019131714443539302
67,-0.0001932556655491927
67,-0.00019003135953151728
67,-0.00018155535738206222
67,-0.00016833793150705184
67,-0.00015121129931163234
67,-0.0001310221649714258
67,-0.00010849146898833222
67,-8.428728941475437e-05
67,-5.9188568157410364e-05
67,-3.416174296381879e-05
67,-1.0246634106587198e-05
67,1.1716620476608004e-05
67,3.137607541017361e-05
67,4.900237572419384e-05
67,6.537593805068851e-05
67,8.146764725386164e-05
67,9.80583432636977e-05
67,0.00011545452804276164
67,0.00013338800983473358
67,0.00015109891986727196
67,0.00016754707305607975
67,0.00018168239787365556
67,0.00019270748875826804
67,0.00020026600180151488
67,0.00020449857390098886
67,0.00020594932787922952
67,0.00020538138172500204
67,0.00020361239486596503
67,0.00020144247139826794
67,0.0001996339941564825
67,0.0001988337358920478
67,0.00019939118297450029
67,0.00020116361786563203
67,0.00020345850075186923
67,0.00020518067167633435
67,0.00020510980474091565
67,0.00020215980957906927
67,0.00019550977020641675
67,0.0001845966737974949
67,0.0001690528964589965
67,0.0001487038863118638
67,0.0001236871385735444
67,9.463711008143584e-05
67,6.278893166571523e-05
67,2.9871591210792818e-05
67,-2.2160035730886367e-06
67,-3.182091554824006e-05
67,-5.7872814085323436e-05
67,-8.002492460065147e-05
67,-9.85846776176064e-05
67,-0.00011430450536490161
67,-0.00012813367718731374
67,-0.00014100428580780946
67,-0.00015367050032204322
67,-0.00016658693239566567
67,-0.00017981685105797774
67,-0.00019297883708924672
67,-0.0002052478925816584
67,-0.00021543386747938534
67,-0.00022216989568870488
67,-0.00022421667967567892
67,-0.00022079919143883588
67,-0.0002118087411194761
67,-0.00019774039619305434
67,-0.00017940571105253287
67,-0.00015762248848020206
67,-0.00013308324815566657
67,-0.00010644382942852217
67,-7.849972273762639e-05
67,-5.0264554317329144e-05
67,-2.2847441688583694e-05
67,2.8322075702896064e-06
67,2.634210105673685e-05
67,4.787489914870895e-05
67,6.813556426862397e-05
67,8.802231775644703e-05
67,0.00010824828249419257
67,0.00012906071366659258
67,0.0001501436764293997
67,0.0001707023637992936
67,0.00018967487302476966
67,0.00020600432734219545
67,0.00021890486907697585
67,0.00022805182867330503
67,0.00023363237217684043
67,0.00023623770322193986
67,0.00023666027491455694
67,0.00023571675000459415
67,0.00023417647069664
67,0.0002327545762265117
67,0.00023205203001303335
67,0.00023238611670370012
67,0.00023359570696713963
67,0.00023497352973369463
67,0.00023540187662932842
67,0.00023362759588475398
67,0.0002285322546283194
67,0.00021928116576009095
67,0.00020532975826521461
67,0.00018636189644240063
67,0.00016227679516949472
67,0.00013329413991013093
67,0.00010013016139332994
67,6.409954622658153e-05
67,2.701026282809232e-05
67,-9.160083032820556e-06
67,-4.2683321857107634e-05
67,-7.24226186281687e-05
67,-9.797771149774508e-05
67,-0.00011961708948524275
67,-0.0001380688109431334
67,-0.00015427386405976617
67,-0.00016917608097423136
67,-0.0001835638421448078
67,-0.00019794306485769364
67,-0.00021242969802441418
67,-0.0002266759109349609
67,-0.00023985693624532214
67,-0.0002507497132469633
67,-0.0002579354320414424
67,-0.0002601229956951351
67,-0.00025649903209276127
67,-0.0002469310029626893
67,-0.00023189505362437643
67,-0.0002121773745392588
67,-0.00018856126939447264
67,-0.00016170609011040293
67,-0.00013225388219371753
67,-0.00010101965868149398
67,-6.907129654734922e-05
67,-3.759680794102307e-05
67,-7.605698825838958e-06
67,2.037767001796543e-05
67,4.645519685924947e-05
67,7.124283121003276e-05
67,9.555286997740221e-05
67,0.00012001910095961541
67,0.00014482031738045093
67,0.0001695858145806771
67,0.0001934802228617422
67,0.00021541524929624838
67,0.00023432408304755335
67,0.00024943227846751
67,0.00026045081470247954
67,0.0002676208648202286
67,0.0002715889764251517
67,0.0002731823430051617
67,0.00027321663857138875
67,0.00027242500593801757
67,0.00027146671730467117
67,0.0002708882249887532
67,0.00027096810199587015
67,0.00027152293417732833
67,0.00027182823500405674
67,0.0002707408536683301
67,0.00026697068237469044
67,0.00025936261577155534
67,0.0002470660945673862
67,0.00022955744646037813
67,0.0002065799124361237
67,0.00017811891689956664
67,0.0001444914142353741
67,0.00010651114850456858
67,6.558738747626481e-05
67,2.3620812445011394e-05
67,-1.7319775564600458e-05
67,-5.5419422070559566e-05
67,-8.946411030701806e-05
67,-0.00011899065914022192
67,-0.00014422113515203373
67,-0.0001658545102386706
67,-0.00018482231519746198
67,-0.00020208298716135848
67,-0.00021846579260172887
67,-0.00023453693344857707
67,-0.00025047356212371923
67,-0.0002659664473128011
67,-0.0002801906949640387
67,-0.0002918849941597304
67,-0.00029957071579558175
67,-0.00030189769462497687
67,-0.00029800962264650636
67,-0.000287748056362277
67,-0.00027156860235273326
67,-0.00025022854714992115
67,-0.00022447067655684264
67,-0.0001949148300329666
67,-0.000162186308926284
67,-0.00012712296364438236
67,-9.085669167971968e-05
67,-5.466825645027403e-05
67,-1.9672083035064817e-05
67,1.3501550759627519e-05
67,4.4850978747455626e-05
67,7.489039408746718e-05
67,0.00010433282063801111
67,0.00013371926022374164
67,0.00016314791846396213
67,0.000192183897973106
67,0.00021994506851845484
67,0.00024531349815282193
67,0.0002672118502978619
67,0.0002848794413462659
67,0.00029806864496920664
67,0.0003070832199179394
67,0.00031263412169482626
67,0.0003155893880535635
67,0.00031676418426823606
67,0.00031685007233139866
67,0.0003164414999385278
67,0.00031602116733179104
67,0.000315821712046065
67,0.0003156324041758173
67,0.0003147071476215411
67,0.0003118719051907749
67,0.0003057930093270927
67,0.0002952729142980107
67,0.00027944320683088536
67,0.0002578048615213383
67,0.00023016976259803586
67,0.00019662250352921832
67,0.0001575920583863421
67,0.0001140052888374838
67,6.738232969405537e-05
67,1.9733263483052998e-05
67,-2.6765721941411565e-05
67,-7.019842853307217e-05
67,-0.00010926181393044202
67,-0.00014342063972759797
67,-0.0001728436282575433
67,-0.00019819563854795789
67,-0.00022039615388092036
67,-0.00024041935244631653
67,-0.0002591411306172894
67,-0.00027719736414478396
67,-0.00029483623486148874
67,-0.0003117932320818642
67,-0.00032724294314446313
67,-0.0003398790112937379
67,-0.0003481526157817349
67,-0.0003506443766800034
67,-0.00034644781229515177
67,-0.0003353745417062893
67,-0.0003178569298442836
67,-0.000294619546539493
67,-0.00026635882361990054
67,-0.00023364892823289981
67,-0.00019709540353447206
67,-0.00015756212117170812
67,-0.00011625519066570353
67,-7.456372031813882e-05
67,-3.3725308982473816e-05
67,5.5052947699829475e-06
67,4.300522809074882e-05
67,7.917041699194614e-05
67,0.00011459898780548497
67,0.00014972434102832117
67,0.00018455045977217513
67,0.00021856650872007055
67,0.00025083448875980294
67,0.0002802010264557174
67,0.0003055764894838138
67,0.00032621695301456315
67,0.0003419240290184375
67,0.0003530752206242273
67,0.00036045697252711395
67,0.0003649850827594016
67,0.0003674742504938642
67,0.0003685678408333362
67,0.00036878519289388863
67,0.0003685352954903268
67,0.0003679979392836703
67,0.00036693126606038827
67,0.0003645645692978917
67,0.00035968808610622544
67,0.00035091728487096055
67,0.00033700483466833566
67,0.0003170612652607365
67,0.00029061634882638265
67,0.00025756233637066263
67,0.00021809972173661294
67,0.00017278790276727064
67,0.00012268485111423429
67,6.943887745643207e-05
67,1.5186721959816915e-05
67,-3.777061011478092e-05
67,-8.739888688656636e-05
67,-0.0001322913671700618
67,-0.00017182940742906555
67,-0.00020612067671399068
67,-0.00023579151941554598
67,-0.0002617481704326094
67,-0.00028498315525030143
67,-0.00030642603553813775
67,-0.0003267929847518054
67,-0.0003464143291808541
67,-0.0003650775461862139
67,-0.0003819569053193432
67,-0.0003956939958462645
67,-0.0004046585537286041
67,-0.00040735066065752257
67,-0.00040280516351755226
67,-0.0003907982395688537
67,-0.00037173436967183766
67,-0.0003462992314202292
67,-0.0003151348250490081
67,-0.00027876216168648744
67,-0.00023776410799755576
67,-0.00019303505428020493
67,-0.0001458672572491109
67,-9.777518830301202e-05
67,-5.013890733099123e-05
67,-3.857494789192901e-06
67,4.080499505324572e-05
67,8.410617716759846e-05
67,0.0001265097274892265
67,0.0001683234363954718
67,0.00020944163295428774
67,0.0002492651737832204
67,0.00028679080332801244
67,0.00032082325370462716
67,0.00035025776106054936
67,0.00037436929757559437
67,0.0003930166325035637
67,0.00040666334231118106
67,0.0004161840705640125
67,0.0004225503348000484
67,0.00042657610206910666
67,0.0004288482038074752
67,0.00042979801530575423
67,0.0004297482064913238
67,0.0004288166910725983
67,0.000426725342277893
67,0.00042267521200111796
67,0.0004154156930812121
67,0.00040350378070144575
67,0.00038563452692241254
67,0.00036089372830642855
67,0.0003288441324636454
67,0.000289471177843252
67,0.0002431105418770096
67,0.00019047439881617726
67,0.00013277456181120387
67,7.180941617665267e-05
67,9.863284514874981e-06
67,-5.061798502030935e-05
67,-0.00010746331878238447
67,-0.00015914546257568394
67,-0.00020494841523875575
67,-0.0002449082968310335
67,-0.00027960629799314715
67,-0.0003099332594676673
67,-0.0003369033447971597
67,-0.00036150887342220215
67,-0.00038455961811183453
67,-0.00040648152381250323
67,-0.0004271226057507912
67,-0.0004456569275306011
67,-0.0004606658070055672
67,-0.0004704246205620917
67,-0.00047334024665353553
67,-0.0004683798583428485
67,-0.00045527896411972675
67,-0.0004344099484962411
67,-0.0004064132141436501
67,-0.00037186708771465586
67,-0.00033123033910379464
67,-0.0002850593248958906
67,-0.00023428422447929702
67,-0.00018029802971570132
67,-0.00012476137449387196
67,-6.921980595907932e-05
67,-1.4739488182817551e-05
67,3.825226906770251e-05
67,8.985279576267583e-05
67,0.0001403692905909794
67,0.0001899628268616222
67,0.0002383995370799784
67,0.0002849773186199656
67,0.00032861729872659935
67,0.0003680760641769461
67,0.00040223176706588967
67,0.00043038157384337595
67,0.00045245066965215845
67,0.00046900259211736956
67,0.0004810145101093204
67,0.0004895228281581196
67,0.0004953408040789467
67,0.0004989896076959953
67,0.0005007982568982198
67,0.0005009887802236096
67,0.0004996066653451463
67,0.0004963309905018111
67,0.0004903293340595761
67,0.0004803031114640287
67,0.00046474109052958753
67,0.0004422713092038538
67,0.00041195085399249755
67,0.00037338075171534327
67,0.00032665455289595976
67,0.0002722648331830659
67,0.00021110135703176483
67,0.00014455522663983796
67,7.460015571728259e-05
67,3.692983121990749e-06
67,-6.555144150129742e-05
67,-0.00013080288063889288
67,-0.00019039428870010037
67,-0.0002434967930801977
67,-0.00029006329127377644
67,-0.00033062198689009804
67,-0.00036604508151393873
67,-0.0003973712433704928
67,-0.000425665448486352
67,-0.0004518463617916579
67,-0.00047645136967764973
67,-0.000499399088931645
67,-0.0005198633260864318
67,-0.0005363550440868807
67,-0.0005470394810808924
67,-0.0005502147521966382
67,-0.0005447691518428589
67,-0.0005303910076340922
67,-0.0005074157649946258
67,-0.00047643168340383215
67,-0.000437943451865348
67,-0.0003923376033790146
67,-0.00034013954163467753
67,-0.00028232085478565997
67,-0.00022039163887018132
67,-0.0001561827815590261
67,-9.143280951405452e-05
67,-2.740272640957593e-05
67,3.529000928836673e-05
67,9.655631341723359e-05
67,0.00015652147638166587
67,0.00021517580359882514
67,0.00027213584777617734
67,0.00032657905458539487
67,0.00037733798608288136
67,0.00042311297855618656
67,0.00046276249125462614
67,0.0004956099555361132
67,0.0005216582784425397
67,0.0005415875835004462
67,0.000556494438867519
67,0.0005674908014840519
67,0.000575389224770037
67,0.0005806347057296022
67,0.000583437458082927
67,0.0005839027100650984
67,0.0005819919470715342
67,0.0005773346498284303
67,0.0005690595102161374
67,0.0005558119879092643
67,0.0005360011570489019
67,0.0005081767280542366
67,0.0004713621747401659
67,0.000425203132686019
67,0.0003699192468848529
67,0.00030618597448975294
67,0.0002350998301988778
67,0.0001582603666989069
67,7.784500852127968e-05
67,-3.4888664259830608e-06
67,-8.292974190267915e-05
67,-0.0001579620362913107
67,-0.00022675599205279303
67,-0.00028835159067418394
67,-0.00034260528359780925
67,-0.00038998400424374377
67,-0.000431338425743977
67,-0.00046773559399511687
67,-0.0005003247221413148
67,-0.000530150923934183
67,-0.0005578811938189655
67,-0.0005835164066001596
67,-0.0006062302062061573
67,-0.0006244517249485236
67,-0.0006362179368135036
67,-0.0006397001888180244
67,-0.0006336947274043973
67,-0.0006178346969629557
67,-0.0005924123017582007
67,-0.000557954961820437
67,-0.000514881660368395
67,-0.00046349497177693215
67,-0.00040428437709707615
67,-0.00033826958831467024
67,-0.00026709667860933364
67,-0.00019279421744204
67,-0.00011732493466091814
67,-4.217649434527917e-05
67,3.1812093791480373e-05
67,0.00010433434011340266
67,0.00017530341631125627
67,0.0002445106715774743
67,0.0003113985231789279
67,0.0003750041725599701
67,0.00043405688922101664
67,0.0004871911573260194
67,0.0005332420911243437
67,0.0005715633893825237
67,0.0006022483282237837
67,0.0006261128155360344
67,0.0006443925547352597
67,0.000658287579683965
67,0.0006686096898714534
67,0.0006757152020434428
67,0.0006796759469221736
67,0.0006804610422024925
67,0.0006779340455622815
67,0.0006716666693985129
67,0.0006607424837232226
67,0.0006437420832654816
67,0.0006189820102571995
67,0.0005849208427616518
67,0.0005405427643937809
67,0.000485545122890448
67,0.0004202943076739435
67,0.0003456789365461872
67,0.00026303671260233903
67,0.00017421035398412974
67,8.16146747265927e-05
67,-1.1859590696900325e-05
67,-0.00010317227343002494
67,-0.0001895922656525331
67,-0.00026910041063840764
67,-0.0003405838440791563
67,-0.0004037865368264993
67,-0.00045910401611632453
67,-0.0005073619754427526
67,-0.000549660655799227
67,-0.0005872474537899156
67,-0.0006213147143915023
67,-0.0006526802882242526
67,-0.0006814408084122846
67,-0.0007067697956232292
67,-0.0007270012493965811
67,-0.0007400230064800425
67,-0.0007438590762922417
67,-0.0007371988468013157
67,-0.000719611530976021
67,-0.0006913392188450329
67,-0.0006528385623652407
67,-0.0006044286614729355
67,-0.0005463141634998694
67,-0.0004789425857437935
67,-0.00040338962292488126
67,-0.0003214596536614256
67,-0.00023541129228496296
67,-0.00014746798246234399
67,-5.938079149586411e-05
67,2.7753799488750312e-05
67,0.00011337642830899243
67,0.00019715324656221394
67,0.0002786437210729102
67,0.00035708731304843344
67,0.000431357913064694
67,0.0005000646878430602
67,0.0005617656564057215
67,0.0006152688404892381
67,0.0006599630811745282
67,0.0006960466593761642
67,0.0007244934025630956
67,0.0007467009938204
67,0.0007639721730907794
67,0.0007771181064730178
67,0.0007863920634857459
67,0.0007917048091012343
67,0.0007928668399311992
67,0.0007896273711880091
67,0.0007814904511635872
67,0.0007674867723228481
67,0.0007461212385173259
67,0.0007156026743772358
67,0.0006742836618591671
67,0.0006211026991424565
67,0.0005558172547741107
67,0.00047896434652888227
67,0.0003916805319798298
67,0.00029558422859301897
67,0.00019280139824527583
67,8.602354281033504e-05
67,-2.1586618387122426e-05
67,-0.00012672259064777067
67,-0.00022640245159613668
67,-0.0003183867665426027
67,-0.0004013848850349526
67,-0.00047500979157904556
67,-0.0005395736495174894
67,-0.0005958727438455777
67,-0.0006450456677332988
67,-0.000688453942457535
67,-0.0007274612581766722
67,-0.000763061101695414
67,-0.0007954616067923434
67,-0.0008238361375924757
67,-0.0008464078874113202
67,-0.0008608910038712699
67,-0.0008651379489098956
67,-0.0008577137987607796
67,-0.0008381135730014273
67,-0.0008065213625064082
67,-0.0007633117747547954
67,-0.0007086878306397552
67,-0.0006427401502787025
67,-0.000565867180662728
67,-0.0004792095207223219
67,-0.00038475568653579173
67,-0.0002850321313082464
67,-0.00018256595639619936
67,-7.941498023580708e-05
67,2.3024618591255898e-05
67,0.00012389925829823842
67,0.00022258766528025613
67,0.00031837933619385453
67,0.00041027722998039477
67,0.000496964780793386
67,0.0005769110568673179
67,0.0006485849502669181
67,0.0007107629999042711
67,0.0007628750894544502
67,0.0008052418566184784
67,0.0008390210514283048
67,0.0008657990206207543
67,0.0008869982331989892
67,0.0009034293504400568
67,0.0009152259210675938
67,0.0009221113807679092
67,0.0009237116360009498
67,0.000919642765121373
67,0.0009093299724193225
67,0.0008917423123755945
67,0.0008652964978672763
67,0.0008280758781078545
67,0.0007783095644536834
67,0.0007148828160640661
67,0.0006376230753236938
67,0.0005472660031029091
67,0.0004452367744695495
67,0.0003334805096519046
67,0.0002144527626519271
67,9.116701187949575e-05
67,-3.2897435741644556e-05
67,-0.00015412399913483963
67,-0.00026923871970879016
67,-0.00037574576487213403
67,-0.000472147675956612
67,-0.0005579051710485008
67,-0.0006332335245661003
67,-0.0006988947803657371
67,-0.0007560719935180034
67,-0.0008062592614936264
67,-0.000851019501951594
67,-0.0008915505643706863
67,-0.0009281904306515841
67,-0.0009601124001702883
67,-0.0009854107662773358
67,-0.0010015974983934508
67,-0.001006325308575704
67,-0.0009980144873538608
67,-0.0009760736275628074
67,-0.0009406192822802317
67,-0.0008919305648485967
67,-0.0008300753871929645
67,-0.0007550116060926105
67,-0.0006670804387014164
67,-0.0005674978424902864
67,-0.0004584664409812732
67,-0.0003428242523098432
67,-0.00022345173145801116
67,-0.00010276377845910777
67,1.7494452048768473e-05
67,0.0001361267379795217
67,0.00025217709613444087
67,0.00036462066745115865
67,0.00047218500778055053
67,0.0005733316867429849
67,0.0006663664468539768
67,0.0007496541444940365
67,0.0008219344125468696
67,0.0008826847493576174
67,0.0009323681936595604
67,0.0009723566868968516
67,0.0010044563678528475
67,0.001030229275097153
67,0.0010504856408844884
67,0.001065219722849647
67,0.0010739368535269903
67,0.001076047931192761
67,0.0010710138991384176
67,0.001058168105591216
67,0.0010364079195715062
67,0.0010040475672446186
67,0.0009590244974259994
67,0.000899424121151259
67,0.0008240695920876972
67,0.0007328696113288523
67,0.0006267909639004433
67,0.0005075948615803055
67,0.00037760694035316855
67,0.0002396666567345094
67,9.716242773364804e-05
67,-4.605791153409027e-05
67,-0.0001860168972975574
67,-0.0003191006797566469
67,-0.000442514945559943
67,-0.000554521427871286
67,-0.0006544035373280585
67,-0.0007422637511867004
67,-0.0008188242644942676
67,-0.0008853198640404776
67,-0.0009433988896161322
67,-0.0009948560700493326
67,-0.0010411271069489972
67,-0.001082701207809512
67,-0.0011187517600509329
67,-0.0011472231907013117
67,-0.0011653922667234132
67,-0.001170679289285485
67,-0.0011613361158362163
67,-0.001136670847532806
67,-0.0010967215103807383
67,-0.0010416560728790307
67,-0.0009713850866054566
67,-0.0008857117034023038
67,-0.0007849103511246546
67,-0.0006702845873672104
67,-0.0005442861981667075
67,-0.000410115801487917
67,-0.0002710650238884548
67,-0.00012996420658097814
67,1.1035474651802026e-05
67,0.00015033903027742877
67,0.00028660077689811596
67,0.0004184297355228799
67,0.0005442326751090984
67,0.0006622127701858589
67,0.0007704855897026979
67,0.0008672948585792781
67,0.0009513371817545785
67,0.0010221453619114953
67,0.0010803480786211843
67,0.001127566568406106
67,0.0011658629206855364
67,0.001196961848404961
67,0.001221673307625305
67,0.001239829550062469
67,0.0012506820085591373
67,0.0012533911279075903
67,0.0012472369977344134
67,0.0012314457835621209
67,0.0012048312640282623
67,0.0011655883651207396
67,0.0011114847784368348
67,0.0010404386794290203
67,0.0009512008418020637
67,0.0008437743507945535
67,0.0007193947999409579
67,0.0005802144258300843
67,0.0004290018369611506
67,0.00026904357131283667
67,0.0001041647696521311
67,-6.135751687946878e-05
67,-0.00022312563663655577
67,-0.0003771301120460291
67,-0.0005202292540766565
67,-0.0006504045102247347
67,-0.0007667328270509323
67,-0.0008691852166420758
67,-0.0009584372686839743
67,-0.0010357837643585356
67,-0.0011030524127239574
67,-0.0011623076990422883
67,-0.0012152622288327409
67,-0.0012625813685476568
67,-0.0013034387579602827
67,-0.00133560447274385
67,-0.0013560815139979229
67,-0.001362019625084289
67,-0.0013514746140741393
67,-0.0013236377110539476
67,-0.0012784557178612415
67,-0.001215967406493667
67,-0.0011359002268255935
67,-0.0010378771564790285
67,-0.000922094663853737
67,-0.0007899580543931371
67,-0.0006442090265129528
67,-0.0004884702785925288
67,-0.00032651210782561643
67,-0.00016164845025016158
67,3.496970634352429e-06
67,0.000166865087876451
67,0.0003266566198640438
67,0.000481054292785873
67,0.0006280912209279176
67,0.0007656695109603881
67,0.0008916831381023591
67,0.0010042347099533692
67,0.0011019707127855854
67,0.0011844883202362926
67,0.0012526090213435914
67,0.00130824427193283
67,0.0013537542114107485
67,0.0013910531217235002
67,0.0014209508925526655
67,0.001443091405366719
67,0.001456430635588122
67,0.0014598374454820881
67,0.0014523812711711198
67,0.0014331633770472544
67,0.001400900164108987
67,0.0013536476747520675
67,0.001288975984910181
67,0.0012046085255745873
67,0.0010992116641405712
67,0.0009728981710332245
67,0.000827216398991862
67,0.0006647736810000646
67,0.0004888542606820217
67,0.00030326514465704913
67,0.00011233992085919807
67,-7.91446310454463e-05
67,-0.00026630164402173214
67,-0.0004446610508806316
67,-0.0006106767993537596
67,-0.0007620041197365238
67,-0.000897479677769215
67,-0.001016921444884
67,-0.0011209506388648496
67,-0.0012109316520900516
67,-0.0012889007383627676
67,-0.001357236233318257
67,-0.0014179730821737018
67,-0.0014719818728205713
67,-0.0015184367528121422
67,-0.0015549049874264704
67,-0.0015780709132586313
67,-0.0015847692428275623
67,-0.0015728274692687787
67,-0.0015413007375419615
67,-0.0014900297047048833
67,-0.0014189028400250134
67,-0.001327434503565581
67,-0.0012150378819947832
67,-0.0010818185158346183
67,-0.0009292999061817056
67,-0.0007605609985282427
67,-0.0005797156651849898
67,-0.0003910913361034606
67,-0.00019856487135376267
67,-5.310090025691561e-06
67,0.00018607368509788625
67,0.00037325908602253537
67,0.0005539324881684179
67,0.000725691872848369
67,0.0008860886600069541
67,0.001032758630923748
67,0.0011636398917535802
67,0.0012773203899123769
67,0.0013734720817246437
67,0.0014531408201882944
67,0.0015185759192419665
67,0.0015724846126094678
67,0.0016170020923745934
67,0.0016529384304763124
67,0.0016797184184787315
67,0.001695954143954274
67,0.0017001749497124335
67,0.0016912048919761322
67,0.001667999722945078
67,0.0016291624931960326
67,0.001572587677135017
67,0.0014956153969179007
67,0.0013957423360163256
67,0.0012715363972217032
67,0.0011232377602754503
67,0.000952758659708897
67,0.0007632361680788807
67,0.0005585548880505053
67,0.00034312786481017056
67,0.00012188069008345822
67,-9.982807674815424e-05
67,-0.0003165420745253406
67,-0.0005232550628639434
67,-0.0007159502402295148
67,-0.000891903038073612
67,-0.001049670363717493
67,-0.00118889198619556
67,-0.0013101257471079728
67,-0.0014148169284583397
67,-0.0015052443688795439
67,-0.0015841516259103607
67,-0.0016539488928322727
67,-0.0017157458300588679
67,-0.001768717430561912
67,-0.0018101950782931006
67,-0.0018364922444045692
67,-0.001844076907079034
67,-0.001830510752589207
67,-0.001794690535737818
67,-0.001736333437704045
67,-0.0016551530515585026
67,-0.0015504156920532483
67,-0.0014212902125859714
67,-0.0012677760830883344
67,-0.0010915341460133493
67,-0.0008960357264650071
67,-0.0006859663155489923
67,-0.00046630176423207326
67,-0.00024157409000258412
67,-1.559735330651846e-05
67,0.00020840026414750392
67,0.0004274765928447207
67,0.0006387400530585753
67,0.0008392818890563692
67,0.001026245097081332
67,0.001196964739119356
67,0.0013491872853620154
67,0.0014814323782686395
67,0.0015934588400204064
67,0.0016865735379881287
67,0.001763419029689957
67,0.001827106719998605
67,0.0018800292383087175
67,0.001922997196445097
67,0.0019551805858047844
67,0.0019747912333196596
67,0.0019799631122502308
67,0.0019692343852666903
67,0.0019413911900322714
67,0.0018949045335460578
67,0.0018274808541950682
67,0.0017361926619602834
67,0.001618272653135994
67,0.001472173906881542
67,0.0012982846093961913
67,0.0010989403070071494
67,0.0008778946055685871
67,0.0006397310289299292
67,0.000389568282020435
67,0.00013302131125179917
67,-0.00012387392133765638
67,-0.0003749980361106412
67,-0.0006147206223174477
67,-0.0008384768768357028
67,-0.0010431000722118176
67,-0.001226821364383162
67,-0.0013890729393000543
67,-0.001530338670302278
67,-0.0016521577698865426
67,-0.0017570912479927252
67,-0.0018483076935739808
67,-0.0019286541710385589
67,-0.001999518849763216
67,-0.0020600779717828022
67,-0.002107388527421612
67,-0.002137332319838071
67,-0.00214595036250429
67,-0.0021304948659812235
67,-0.002089678248596521
67,-0.002023074109943501
67,-0.0019301926544196615
67,-0.001810011528281413
67,-0.001661415044664419
67,-0.0014842789140149912
67,-0.0012804235255417617
67,-0.001053776722590867
67,-0.0008096892954169463
67,-0.0005538918758824495
67,-0.00029167909730272185
67,-2.761023344472331e-05
67,0.00023435456491283346
67,0.0004905574392934777
67,0.0007374338838353051
67,0.0009714850135238274
67,0.0011893781070428512
67,0.0013880979247642758
67,0.0015651676783262603
67,0.0017190273488626854
67,0.001849536724485751
67,0.0019583063793361826
67,0.00204843660367297
67,0.00212350943479649
67,0.002186217500167177
67,0.0022373724300729226
67,0.0022758479141860065
67,0.0022993899519804695
67,0.002305672170536594
67,0.0022928997026727452
67,0.0022596610326822116
67,0.0022042733719144355
67,0.0021242243000998856
67,0.0020162748417645315
67,0.0018773503072400323
67,0.0017057698691062232
67,0.0015020936816842615
67,0.00126914978638213
67,0.0010114093482363777
67,0.0007342695020175498
67,0.0004436705020531012
67,0.000146029896755943
67,-0.0001518276713210002
67,-0.00044301091285435946
67,-0.0007211627596251909
67,-0.0009810804437771457
67,-0.0012190824980437152
67,-0.001433020837315669
67,-0.0016220859132754443
67,-0.001786675312265195
67,-0.0019284373182538218
67,-0.0020502611269002423
67,-0.002155809928555595
67,-0.0022484393862102696
67,-0.0023298621254495317
67,-0.002399256165635844
67,-0.0024533593122297768
67,-0.00248755092045154
67,-0.002497374882665751
67,-0.0024797230290410613
67,-0.002433093163554825
67,-0.002356891844682116
67,-0.0022503926741864883
67,-0.0021122373425118196
67,-0.0019409788205343927
67,-0.0017363484454094777
67,-0.001500351945446358
67,-0.001237448267224403
67,-0.0009537624831278273
67,-0.0006559037888253344
67,-0.00035005454894884605
67,-4.164151197527145e-05
67,0.00026452310276337546
67,0.0005639482638156821
67,0.000852285978993988
67,0.0011253501671584312
67,0.0013792540435380238
67,0.001610574299324381
67,0.0018165739923808638
67,0.001995600129115094
67,0.0021476298025018808
67,0.002274626954431678
67,0.0023802246842374217
67,0.002468553065623818
67,0.0025426543183705926
67,0.002603341688772045
67,0.0026491442677073393
67,0.0026772658853803986
67,0.0026848441489085917
67,0.0026696962615569454
67,0.0026301804184108105
67,0.0025644347596444324
67,0.0024696921944654822
67,0.002342351240034198
67,0.0021789792983059834
67,0.0019777393639006996
67,0.0017393913767967722
67,0.0014673363637111914
67,0.0011668806642051543
67,0.0008443685878698857
67,0.0005066968994468998
67,0.00016121759913049338
67,-0.00018432647095944593
67,-0.000522145380166861
67,-0.0008450360996003793
67,-0.0011470531319896736
67,-0.001423915716781985
67,-0.0016730342079985744
67,-0.0018933175468458896
67,-0.002085062698593803
67,-0.0022500446547769493
67,-0.0023915343607906676
67,-0.002513770588191081
67,-0.0026207011068909124
67,-0.002714416528496681
67,-0.002794097332281517
67,-0.002856110065810694
67,-0.002895249288747727
67,-0.0029064801242072117
67,-0.0028862747685191067
67,-0.002832881166284309
67,-0.0027455115273249796
67,-0.0026231641803505226
67,-0.002464089788512964
67,-0.0022664554548267376
67,-0.0020298240974915547
67,-0.0017564167707417025
67,-0.0014513103265843912
67,-0.0011215309673317008
67,-0.0007747105143174016
67,-0.0004180646596273312
67,-5.80299025124758e-05
67,0.00029958968158976917
67,0.0006493331080574527
67,0.000985940156643277
67,0.0013044245228873085
67,0.001600254150030234
67,0.0018695304274953578
67,0.0021092133207574323
67,0.0023175413462033843
67,0.002494627871171639
67,0.0026428479530961105
67,0.0027664548581893696
67,0.0028702168127391716
67,0.002957583415917297
67,0.0030293702934815255
67,0.003083705759462414
67,0.0031171626048722527
67,0.003126254281342962
67,0.003108346087482437
67,0.003061527877256643
67,0.0029837292645399655
67,0.0028718868003935324
67,0.0027219771155259347
67,0.0025301508903053634
67,0.0022943889781263088
67,0.002015683415092203
67,0.001698101829435449
67,0.0013479225895916777
67,0.0009725926428814497
67,0.0005801223991582444
67,0.00017895185118150646
67,-0.00022210713156718491
67,-0.0006142184151823741
67,-0.000989194118521334
67,-0.001340224053521676
67,-0.0016623297175330058
67,-0.0019524073111975412
67,-0.002209037894157791
67,-0.002432401048994047
67,-0.0026244189379919245
67,-0.0027888065665367502
67,-0.00293047254734118
67,-0.003054053998527335
67,-0.0031620818882276383
67,-0.003253740010712968
67,-0.003324963076268624
67,-0.0033698649912024055
67,-0.0033827370368159147
67,-0.0033595627689980397
67,-0.003298299239843889
67,-0.003197932554657008
67,-0.0030571408055492673
67,-0.0028737195543173024
67,-0.0026453865480365784
67,-0.002371508230495274
67,-0.002054555810879917
67,-0.0017003250432246822
67,-0.001316890922989518
67,-0.0009130756338274685
67,-0.0004972977175988279
67,-7.71690550798699e-05
67,0.00034035171312253706
67,0.000748674440114994
67,0.0011414767988178456
67,0.0015128406425877414
67,0.001857482406984543
67,0.0021709498641527248
67,0.0024498498753471685
67,0.0026922943942275547
67,0.002898555132427667
67,0.0030714854677789424
67,0.003216060514555881
67,0.0033377915739103707
67,0.003440602951316663
67,0.003525313619729846
67,0.003589585788767013
67,0.0036292577924348784
67,0.0036401163285356133
67,0.0036190003000601996
67,0.003563686910267705
67,0.003471862958891662
67,0.003340120117017027
67,0.0031639439985320698
67,0.002939000062210031
67,0.002663056736756517
67,0.0023373757031493903
67,0.0019668001197887075
67,0.0015587396627087544
67,0.0011219248649712024
67,0.0006656626763609325
67,0.00019965980006368878
67,-0.000266027288669963
67,-0.0007213444531134574
67,-0.0011569572405467918
67,-0.0015650487658215092
67,-0.00193982816454834
67,-0.00227759297513236
67,-0.002576542384802087
67,-0.002836719045937826
67,-0.0030602160499589902
67,-0.0032512649289550225
67,-0.0034155538258429717
67,-0.0035585224220545278
67,-0.003683214715444067
67,-0.003788818895398342
67,-0.003870767373551722
67,-0.003922381822144787
67,-0.003937168964820261
67,-0.003910543321595641
67,-0.003840123231595667
67,-0.003724631708962687
67,-0.0035623742802801967
67,-0.00335061683709818
67,-0.0030865538566859623
67,-0.0027693225977472005
67,-0.0024016848858402777
67,-0.00199027286408696
67,-0.0015443821627124923
67,-0.0010742205789372474
67,-0.0005896068689361968
67,-9.952114576931034e-05
67,0.00038773393671050557
67,0.0008642537064246982
67,0.0013224792355512268
67,0.0017554072937943583
67,0.0021568791021739295
67,0.0025217975947545
67,0.0028463582452953945
67,0.00312852533792399
67,0.003368754555842879
67,0.003570455782648944
67,0.0037394443334758296
67,0.0038820967548814068
67,0.004002890502089426
67,0.004102649100580797
67,0.004178492663207356
67,0.0042254046898711015
67,0.004238325663219215
67,0.0042134813394328
67,0.004148284677717048
67,0.0040401397755764875
67,0.003885236988428455
67,0.0036784904693451773
67,0.0034150006927683822
67,0.0030922883339394593
67,0.0027119283348239313
67,0.0022796661211983305
67,0.0018042280777556823
67,0.00129583898837644
67,0.0007653152804333049
67,0.00022383842504797638
67,-0.00031708611102738266
67,-0.0008459861990065779
67,-0.0013521925376792673
67,-0.001826716190262674
67,-0.0022628204455776256
67,-0.002656105754140065
67,-0.003004326545490735
67,-0.0033073657570734678
67,-0.0035675150293580115
67,-0.003789606737625862
67,-0.003980236221187026
67,-0.004145777542037156
67,-0.004289872401320323
67,-0.00441171473967909
67,-0.004506152726221617
67,-0.0045655859400893185
67,-0.0045826076475551794
67,-0.004551969707441056
67,-0.004470896051054095
67,-0.004337803544417259
67,-0.004150564248355554
67,-0.0039058275832319876
67,-0.0036001786822494005
67,-0.0032324874720765415
67,-0.002805853413151888
67,-0.002327881735794406
67,-0.001809288703415064
67,-0.0012618949961792367
67,-0.0006971493233821211
67,-0.000125624522629987
67,0.00044281219299753777
67,0.0009987258168225942
67,0.0015331176501707075
67,0.0020377209480340053
67,0.002505357675974113
67,0.0029301797141303896
67,0.0033079032711906837
67,0.0036363203420041734
67,0.003916100342871914
67,0.004151300605900833
67,0.0043487143830057175
67,0.004515725708250543
67,0.0046574565839385
67,0.0047747365926847285
67,0.004864055360723972
67,0.0049194014365769945
67,0.00493472998063717
67,0.004905552548965422
67,0.004828857746957998
67,0.004701720527638497
67,0.004519864260165908
67,0.004277538017097501
67,0.003969184420787656
67,0.0035920351955563965
67,0.0031480292143279596
67,0.0026439616120542465
67,0.002090091257809441
67,0.0014983824205574972
67,0.0008814089167543525
67,0.00025206922504193415
67,-0.00037644423652827806
67,-0.000991008512690877
67,-0.0015794002537472497
67,-0.0021312659459199208
67,-0.0026387675917541936
67,-0.0030966939163916095
67,-0.003502281320228439
67,-0.0038552264301413607
67,-0.004158051514211039
67,-0.0044162878825466535
67,-0.0046375866637657975
67,-0.004829409783585747
67,-0.004996095302002378
67,-0.0051368445934924884
67,-0.005245826268576723
67,-0.005314366662044959
67,-0.0053339954974674295
67,-0.00529869293444282
67,-0.00520522363847705
67,-0.005051648226065013
67,-0.004835334447715757
67,-0.004552214240586383
67,-0.004198163170409628
67,-0.0037717393391951994
67,-0.0032764344665020054
67,-0.002720985916308424
67,-0.0021177633730750343
67,-0.0014804649767962037
67,-0.0008224368535527097
67,-0.00015610591196944194
67,0.0005068393318173998
67,0.001155182298753128
67,0.0017782479726432157
67,0.0023662983240547446
67,0.002910968319577289
67,0.003405535082448802
67,0.003845156494366235
67,0.0042274235550586355
67,0.004553254001383213
67,0.004827458419353517
67,0.005057968303938759
67,0.005253340790056294
67,0.005419448916078927
67,0.005557130194078893
67,0.005662140963572421
67,0.005727311743395437
67,0.005745450408988246
67,0.005711236625847198
67,0.005621164633355716
67,0.005471926176632738
67,0.005258701218469574
67,0.004974964784503865
67,0.004614393506774112
67,0.004173882116872408
67,0.003655792296903204
67,0.0030681404401831196
67,0.0024229690384195723
67,0.0017342673122589408
67,0.0010166550675094511
67,0.00028502979422357093
67,-0.0004454521084707383
67,-0.001159745782307793
67,-0.0018438186114507174
67,-0.002485728333662124
67,-0.003076354668090529
67,-0.0036095411195869362
67,-0.0040819207149975995
67,-0.004492972744625914
67,-0.0048454873608505585
67,-0.005145808912399453
67,-0.0054028172512708885
67,-0.005625240867858065
67,-0.00581822912675714
67,-0.005980992920000418
67,-0.006106910432076538
67,-0.0061860588167476655
67,-0.006208729493183752
67,-0.006168003917359273
67,-0.006060111937543026
67,-0.005882699598411313
67,-0.00563254791007734
67,-0.0053047537723737385
67,-0.004894366493512472
67,-0.004399580468858547
67,-0.0038243431406037283
67,-0.0031787090448296353
67,-0.002476972221721536
67,-0.0017350162667075912
67,-0.0009683961107673857
67,-0.0001916970081306187
67,0.0005812723083599651
67,0.0013372211832561663
67,0.0020635228728138996
67,0.002748726139643185
67,0.0033830836119898484
67,0.003958853580560882
67,0.004470543489836013
67,0.004915509848413125
67,0.005294958890866577
67,0.00561457754862447
67,0.0058836221394130694
67,0.006112015729864918
67,0.00630650646744117
67,0.00646794210634781
67,0.00659122612672818
67,0.006667841201773252
67,0.006689259338220248
67,0.006649191241653953
67,0.0065435552468630035
67,0.00636859697330997
67,0.006118864071293321
67,0.0057869307110353044
67,0.005365581624822062
67,0.004851318527266041
67,0.004246994320120663
67,0.0035620462551770784
67,0.0028105927596027633
67,0.002008980332984941
67,0.0011742107643297939
67,0.00032350886373719344
67,-0.0005256824772133957
67,-0.0013560809077204053
67,-0.0021515473963562787
67,-0.0028982899036177935
67,-0.0035856950890006665
67,-0.004206505765371786
67,-0.004756652174574466
67,-0.005235360085926932
67,-0.0056457308240519324
67,-0.0059950545208243885
67,-0.006293641020470921
67,-0.00655169343940702
67,-0.00677530637060677
67,-0.006963702796577849
67,-0.007109341526537619
67,-0.007200845758091459
67,-0.007227065125112025
67,-0.007180034464162153
67,-0.007055360810489548
67,-0.006850207749375356
67,-0.006560673636181739
67,-0.006180883519183847
67,-0.00570492458012802
67,-0.005130567011653103
67,-0.004462287723970827
67,-0.0037116737195077654
67,-0.0028952587363324078
67,-0.002031470360396805
67,-0.001138434836876961
67,-0.00023325000183461954
67,0.0006678071919237331
67,0.0015490314559910325
67,0.002395523645179436
67,0.003193837612655844
67,0.003932616176962798
67,0.0046029310079091414
67,0.005198531817834749
67,0.005716501548260421
67,0.006158381599526817
67,0.006530878440666799
67,0.00684479036134793
67,0.007111630875950408
67,0.007339167801128176
67,0.007528261981233674
67,0.007672824953708564
67,0.007762770602933685
67,0.007788015476925544
67,0.007741141669372872
67,0.007617396632979926
67,0.007412506625599796
67,0.007120283545650546
67,0.006732253138898715
67,0.0062401616480365725
67,0.005640052449984729
67,0.004935349156734083
67,0.004137142111746101
67,0.0032619659073648993
67,0.0023289111999073714
67,0.0013577529422704056
67,0.0003684255037684314
67,-0.0006189662454164158
67,-0.0015845350311184305
67,-0.0025096894294615517
67,-0.0033784836795646366
67,-0.004178565926710065
67,-0.0049013972168901266
67,-0.0055420891931681334
67,-0.006099571885571481
67,-0.006577308074497889
67,-0.006983688102395656
67,-0.007330686054789919
67,-0.0076302219231394
67,-0.00788949156344795
67,-0.008107733209894951
67,-0.008276336307728721
67,-0.008382231748678009
67,-0.008412590455689557
67,-0.008358228375590188
67,-0.008214027247711541
67,-0.007976589189566117
67,-0.007641218313858727
67,-0.007200908602582783
67,-0.006648626920831388
67,-0.00598164872199896
67,-0.0052050660791508364
67,-0.0043322489660617795
67,-0.003382337864544945
67,-0.002376721742682166
67,-0.0013365202044883292
67,-0.00028175608120961995
67,0.0007684202972318428
67,0.0017954925061857009
67,0.0027819156167639223
67,0.0037119205395769574
67,0.004572275377552034
67,0.005352669762692264
67,0.006045970689763287
67,0.006648941956351598
67,0.007163514349167376
67,0.007597580460259717
67,0.007963733281842323
67,0.008275338181999157
67,0.008541351073917763
67,0.008762649388159871
67,0.00893199094379053
67,0.00903746366592612
67,0.00906717295676176
67,0.00901238635180348
67,0.00886756979808021
67,0.008627844949097976
67,0.008286167602199163
67,0.007832843348502516
67,0.007258409275999933
67,0.006558374272472137
67,0.005736825039085488
67,0.004806775228087071
67,0.003787571609497043
67,0.0027014993815603788
67,0.0015715620887612812
67,0.00042084868508792317
67,-0.0007274368128239374
67,-0.0018503744043038943
67,-0.0029265174273450955
67,-0.003937412472678909
67,-0.004868683331689148
67,-0.005710298395657273
67,-0.006456415794435341
67,-0.0071056205640504435
67,-0.0076617953467564654
67,-0.008134610339662585
67,-0.008537976495254982
67,-0.008885812730212661
67,-0.009186597958859115
67,-0.009439589539588195
67,-0.009634933088803222
67,-0.009757589755759749
67,-0.00979277587599014
67,-0.009729887862362506
67,-0.00956296279408406
67,-0.009287949362859826
67,-0.008899227614804866
67,-0.008388475190578344
67,-0.007747354475173035
67,-0.006972563955516322
67,-0.006069910458475465
67,-0.005054838408065924
67,-0.003949522259812661
67,-0.0027787982816986027
67,-0.0015672708107131398
67,-0.0003383678431860065
67,0.0008854151882995611
67,0.002082289058283906
67,0.003231628284890018
67,0.0043149588428166245
67,0.005316865610742917
67,0.006225428576730368
67,0.007032486411325129
67,0.007734430597195129
67,0.008333644296665242
67,0.008839400024952706
67,0.009266379621306867
67,0.009630104665822772
67,0.009940915401127112
67,0.010199710117813718
67,0.010397904736537683
67,0.010521461875299608
67,0.010556378066328873
67,0.010492389716333275
67,0.01032305242689908
67,0.01004278404161136
67,0.009643544249047231
67,0.009114218655103461
67,0.008443936513455739
67,0.007627583456418863
67,0.006670016641665054
67,0.005586487459083209
67,0.004399615820506767
67,0.0031354058111112745
67,0.0018206198184724945
67,0.0004820195245043206
67,-0.0008535829123193874
67,-0.0021597366565730474
67,-0.0034116707298546102
67,-0.004588011925966834
67,-0.005672026794215371
67,-0.006651945448498219
67,-0.007520815336078859
67,-0.008276819040100686
67,-0.008924326913504829
67,-0.009474497992304806
67,-0.00994349738600863
67,-0.010347571324453804
67,-0.010696693586125471
67,-0.010990145383412885
67,-0.011216625566167295
67,-0.011358802605995788
67,-0.01139961702121533
67,-0.01132681200397036
67,-0.01113344095270338
67,-0.010814692107020438
67,-0.01036387040954042
67,-0.009771121565059084
67,-0.009026589089844059
67,-0.008126298667422923
67,-0.007076887640056247
67,-0.005896214058298627
67,-0.004609983652527365
67,-0.0032470456984125397
67,-0.0018360613680989115
67,-0.00040442289382138863
67,0.0010214799365104118
67,0.002416047532390359
67,0.0037550675798744704
67,0.005016916265707783
67,0.006183635944982433
67,0.007241431861632987
67,0.008180944732962134
67,0.008998131697205251
67,0.00969590146582943
67,0.010285131932735642
67,0.010782936122878794
67,0.011207346192600137
67,0.011570315339988237
67,0.011872767923678541
67,0.01210455906289708
67,0.012249177613824309
67,0.01229016455525756
67,0.012215472918890663
67,0.01201759790093021
67,0.01169013807909194
67,0.011223894162704431
67,0.010606099260175212
67,0.009824243522787953
67,0.008872485882305086
67,0.007756578761542658
67,0.006494377180204351
67,0.005112310779941275
67,0.0036407130073042235
67,0.0021107224919464313
67,0.0005533769540558219
67,-0.0010003106432019489
67,-0.002519778626356669
67,-0.003976385471325013
67,-0.005345358205625924
67,-0.006607218437720993
67,-0.007748171908287995
67,-0.00875997227147696
67,-0.009640332618501215
67,-0.010394189827356508
67,-0.011034434889142346
67,-0.011579856342406845
67,-0.012049410067428658
67,-0.012454811473341992
67,-0.012795371382279664
67,-0.0130581058072397
67,-0.013223014632861003
67,-0.013270388512673547
67,-0.013186045247847757
67,-0.012961892650388161
67,-0.01259223395745953
67,-0.012069123310063351
67,-0.011380923624799727
67,-0.010516010001622196
67,-0.009469623648318054
67,-0.008249367006335889
67,-0.006875906460752086
67,-0.005379057916527633
67,-0.0037923422948094076
67,-0.002149143732261216
67,-0.0004814696672687127
67,0.0011797562013196163
67,0.0020854117246849784
