67,0.0
67,5.969648648758699e-05
67,5.969648648758699e-05
67,5.961076265511561e-05
67,6.0001914908545975e-05
67,6.348702858938197e-05
67,7.12389504246408e-05
67,8.259336476728673e-05
67,9.756452696698055e-05
67,0.00011658188872781857
67,0.0001398847008367769
67,0.00016727093301862768
67,0.00019706063440297296
67,0.0002262842340697066
67,0.0002522196231926463
67,0.0002723455791470736
67,0.00028419896988272794
67,0.0002857127306125616
67,0.000275147967044789
67,0.00025211098851573975
67,0.00021795613271500129
67,0.00017470489564728472
67,0.00012530560189328145
67,7.400705883768178e-05
67,2.487321610726236e-05
67,-1.909828127840763e-05
67,-5.535103872983778e-05
67,-8.226210324320841e-05
67,-0.00010014145470889283
67,-0.00010983456212152299
67,-0.00011180902267444267
67,-0.00010680949355620131
67,-9.485676824884676e-05
67,-7.581837320162761e-05
67,-5.160988026252983e-05
67,-2.4920714569410582e-05
67,2.5439781050362134e-06
67,3.0020112882886097e-05
67,5.8783690072446616e-05
67,9.16018145091445e-05
67,0.0001297581624613664
67,0.00017340279586497472
67,0.00022267055354894852
67,0.00027555675829611236
67,0.0003276148451843381
67,0.0003735929428954898
67,0.0004083348603289351
67,0.00042804393152672595
67,0.0004294613624435278
67,0.00040901243305240225
67,0.00036513537537078024
67,0.0002995783972378056
67,0.00021723394792110253
67,0.00012543124884519782
67,3.1847725509511024e-05
67,-5.66977486988994e-05
67,-0.0001345904083382411
67,-0.00019820706455949544
67,-0.0002459366649373875
67,-0.00027759441893330584
67,-0.0002934061939070978
67,-0.000292364916336505
67,-0.00027294080356328774
67,-0.00023577293090955818
67,-0.00018439510033846574
67,-0.00012450138594178678
67,-6.221036250870355e-05
67,-8.931537779639884e-07
67,5.9894796643117785e-05
67,0.00012252554106200546
67,0.0001895393181366297
67,0.00026199053820092505
67,0.00033809281614230176
67,0.0004136584095687687
67,0.00048298827628294125
67,0.0005398778276086118
67,0.000579077558768408
67,0.0005966252097538375
67,0.0005890399878445831
67,0.0005528918825539414
67,0.00048613723385233424
67,0.0003907320591904092
67,0.0002736316024264231
67,0.000145216636592258
67,1.6758836824111217e-05
67,-0.00010179545345411644
67,-0.0002032607532137375
67,-0.0002839851834212935
67,-0.00034374768413422457
67,-0.000383974568804375
67,-0.000405410733733016
67,-0.0004072166733270101
67,-0.00038739832813486054
67,-0.00034493269678635127
67,-0.00028313465448248973
67,-0.0002100956972532625
67,-0.0001344173058867734
67,-6.0308581940848e-05
67,1.365390549663381e-05
67,9.177595999624537e-05
67,0.00017755004033558882
67,0.0002719058938380222
67,0.0003726946623387069
67,0.0004739969091899852
67,0.0005668476696194091
67,0.0006422361934628997
67,0.0006938599840256771
67,0.0007179869977684642
67,0.0007109394230902045
67,0.0006679374168844034
67,0.0005856966171285232
67,0.00046639315707911995
67,0.00031907527407077133
67,0.00015753925257179827
67,-3.1007370663578386e-06
67,-0.00014919225479536417
67,-0.00027083541704145316
67,-0.0003635584889374887
67,-0.00042805101873217286
67,-0.0004676968169440343
67,-0.0004852036842946328
67,-0.0004802358987355429
67,-0.00045009456368494665
67,-0.0003936041608720322
67,-0.0003151537154323172
67,-0.00022488445052864833
67,-0.00013384378802688986
67,-4.783607706081055e-05
67,3.463393813972753e-05
67,0.00011932400217449267
67,0.00021176255528458266
67,0.00031424899516934314
67,0.0004244134939672579
67,0.0005349617730071146
67,0.0006353078674028593
67,0.000715275272304161
67,0.0007684508626083349
67,0.0007918411277412318
67,0.0007822475977588627
67,0.0007341903731175863
67,0.000642839001770287
67,0.0005093561876942358
67,0.00034324283105372346
67,0.0001601087304353801
67,-2.2346867373619536e-05
67,-0.00018787019028321947
67,-0.0003247011071977916
67,-0.0004278245160797207
67,-0.0004988098984022372
67,-0.0005426073980017874
67,-0.0005630750081062573
67,-0.0005599624116151344
67,-0.0005294148709588918
67,-0.0004685073739938051
67,-0.0003809102535331808
67,-0.000277987212936434
67,-0.00017295992906851546
67,-7.310568383511954e-05
67,2.299111145234285e-05
67,0.0001218699612077606
67,0.00022979510483075598
67,0.00034926014607211735
67,0.0004772415198291789
67,0.0006046313499935721
67,0.0007182889684246006
67,0.0008060329882848657
67,0.0008610546319672966
67,0.0008813908996830663
67,0.0008650111072133608
67,0.0008066724019216694
67,0.0007010986605861651
67,0.0005494279356077336
67,0.0003622837732438063
67,0.00015738222553932075
67,-4.504528216683955e-05
67,-0.00022627316485041642
67,-0.0003727432827903788
67,-0.00047906066289131195
67,-0.0005480686501445049
67,-0.0005870240264594835
67,-0.0006019993160460335
67,-0.0005938567884783991
67,-0.00055850384088616
67,-0.000492149924103298
67,-0.0003980973805364626
67,-0.0002884350413582724
67,-0.00017771367663133643
67,-7.403217876517395e-05
67,2.4347562672786974e-05
67,0.00012516823067416702
67,0.00023612243147278918
67,0.00036075203963204677
67,0.0004961782865774023
67,0.0006322513884923209
67,0.0007539409419085218
67,0.0008473454956115146
67,0.0009051091197262671
67,0.0009259053457458461
67,0.0009084375076403442
67,0.0008472430199133797
67,0.0007360014371755529
67,0.000575052564957806
67,0.0003752552043794703
67,0.00015554899018640106
67,-6.200558321133764e-05
67,-0.00025659900121375586
67,-0.00041285926611598527
67,-0.0005245503852215268
67,-0.0005949894076298631
67,-0.0006328158419900153
67,-0.0006455212217475407
67,-0.0006346403942774474
67,-0.0005957090758299085
67,-0.0005239640102774263
67,-0.0004221512158366467
67,-0.00030294912763343377
67,-0.00018235344037324124
67,-6.976909433588354e-05
67,3.614336723128924e-05
67,0.0001436481227440306
67,0.0002613049263811752
67,0.00039319929530101563
67,0.0005362748321436345
67,0.0006794505277949798
67,0.0008063077498681674
67,0.0009016973258658698
67,0.0009578897320275153
67,0.0009743483910626893
67,0.0009510482546077826
67,0.0008831572564272933
67,0.0007640204885288026
67,0.0005934547419463948
67,0.0003824573201456305
67,0.00015085620817486108
67,-7.800614657866483e-05
67,-0.0002819157565844619
67,-0.00044429957377001544
67,-0.000558472783163942
67,-0.0006283906914530298
67,-0.0006641165235413444
67,-0.0006746137077793754
67,-0.0006622238324200295
67,-0.0006222686665400762
67,-0.0005490308096203949
67,-0.00044443772272952504
67,-0.0003212150059058573
67,-0.00019610244439230762
67,-7.917110044107544e-05
67,3.081425259593166e-05
67,0.00014251561963097686
67,0.0002651518762002478
67,0.00040340810074408155
67,0.0005542495535669064
67,0.0007056587192091371
67,0.0008396208006256341
67,0.0009395849456052959
67,0.000997305984278151
67,0.0010126517680714773
67,0.000986360599553544
67,0.0009140346251835844
67,0.000788896636865829
67,0.0006104994346255525
67,0.0003900049730668849
67,0.0001480074619467327
67,-9.096774468856216e-05
67,-0.00030334337031580425
67,-0.0004713081819445283
67,-0.0005875427284315982
67,-0.0006563321257347064
67,-0.0006888719726549046
67,-0.0006954384441683898
67,-0.0006792394245097512
67,-0.0006357362942542627
67,-0.0005587907030040213
67,-0.00044989206338117484
67,-0.0003218756431217493
67,-0.00019218686331392516
67,-7.163801493605503e-05
67,4.081423712058146e-05
67,0.00015425277889840485
67,0.00027857504088151826
67,0.00041903630609203216
67,0.0005728158787626828
67,0.000727559913145302
67,0.000864371800947842
67,0.0009657135464998768
67,0.001022925059265624
67,0.0010362985967208441
67,0.0010073478425833414
67,0.000932049994308957
67,0.000803372268500144
67,0.0006204076518294379
67,0.0003941677013536767
67,0.00014554708568668376
67,-0.00010029065302012859
67,-0.00031891219318394494
67,-0.0004916268256606004
67,-0.0006105736986429531
67,-0.0006801329276231679
67,-0.0007121754645954181
67,-0.0007178293119477301
67,-0.0007008242470644888
67,-0.0006565089819316227
67,-0.0005781407795911128
67,-0.0004666487084013148
67,-0.0003348272058153266
67,-0.0002005985290977325
67,-7.537844886239915e-05
67,4.1523819770590943e-05
67,0.00015922049575337277
67,0.00028791635813735927
67,0.0004331763432357149
67,0.0005921537237305713
67,0.0007519583513710629
67,0.0008927985972099254
67,0.0009962785638369966
67,0.0010533422778761055
67,0.0010645524350521027
67,0.001032125031372745
67,0.0009526259417863653
67,0.0008191663641472811
67,0.0006307348973395672
67,0.0003983970876909519
67,0.00014341794807506188
67,-0.00010844559561017466
67,-0.000332055044611582
67,-0.0005080433195386168
67,-0.0006281795744048487
67,-0.0006970273376976159
67,-0.0007271422178211818
67,-0.000730503609998389
67,-0.000711475686932926
67,-0.0006655726618486408
67,-0.0005857606371485488
67,-0.00047256283218102986
67,-0.0003386807165330892
67,-0.00020233428683389537
67,-7.529996796526464e-05
67,4.3013084738156965e-05
67,0.00016191295803279354
67,0.0002919606765533159
67,0.00043908797070986753
67,0.0006006244871409485
67,0.0007634445289495654
67,0.0009071074094133431
67,0.001012490593301838
67,0.001070160814258461
67,0.0010808088349200137
67,0.00104705253073011
67,0.0009657386116330601
67,0.0008299427528085507
67,0.0006384548433385492
67,0.00040226658084692603
67,0.00014282850156509985
67,-0.00011369568480058795
67,-0.0003416109178541703
67,-0.0005209504811747698
67,-0.0006430555048986782
67,-0.000712450182157729
67,-0.0007420495254372326
67,-0.0007443561183309389
67,-0.0007241136155746398
67,-0.0006768898860064988
67,-0.0005954231869067148
67,-0.0004799757643630761
67,-0.0003432351526136175
67,-0.00020372675268310965
67,-7.364947719053065e-05
67,4.7325761163377714e-05
67,0.00016852311397969928
67,0.0003007113507349509
67,0.0004500415404062702
67,0.0006139056382408771
67,0.0007789852986684284
67,0.0009244154016766177
67,0.0010305965570209074
67,0.0010878454744699183
67,0.0010970062497060577
67,0.001061127293188811
67,0.000977418051710723
67,0.0008390291191927419
67,0.0006446396089562886
67,0.000405189437689134
67,0.0001422511419812109
67,-0.0001177500226583921
67,-0.00034876980408711
67,-0.0005304700873957191
67,-0.0006539439379696573
67,-0.000723741058936659
67,-0.0007530790159552207
67,-0.0007548755354291776
67,-0.00073417741792846
67,-0.0006865822856149356
67,-0.0006045959669292923
67,-0.00048819963056301476
67,-0.00035000110235446606
67,-0.0002086938746759571
67,-7.672026052578021e-05
67,4.6110533311790594e-05
67,0.0001691400861372668
67,0.00030326978783886034
67,0.00045481042672458746
67,0.0006211961775004654
67,0.0007889031411374545
67,0.0009366381670768687
67,0.001044349496626157
67,0.0011021026798586253
67,0.0011107897012918827
67,0.0010737132117404518
67,0.0009883282689198878
67,0.0008478703548164767
67,0.0006509881086221947
67,0.0004086370623931078
67,0.00014254381200185494
67,-0.00012059553662289985
67,-0.00035439978283542694
67,-0.0005381873063165098
67,-0.0006628152133960072
67,-0.0007328273489061873
67,-0.0007616738261347093
67,-0.0007626095325319201
67,-0.0007409476352666374
67,-0.0006923712375485624
67,-0.0006092982511812866
67,-0.0004915797111093623
67,-0.00035182209543042475
67,-0.00020889577412126417
67,-7.546903758963837e-05
67,4.853908188044947e-05
67,0.00017252209502837692
67,0.00030753050283770147
67,0.0004600354192389566
67,0.0006275589200201328
67,0.0007965096807069638
67,0.0009453551498200169
67,0.0010537477010256618
67,0.0011115868989242895
67,0.0011198241497586254
67,0.0010819581860363667
67,0.0009955903413429827
67,0.0008539500341777826
67,0.0006555900106448905
67,0.00041141273288189644
67,0.00014320266753873874
67,-0.00012218832802504887
67,-0.0003581574115950522
67,-0.0005437776494209029
67,-0.0006697197772939554
67,-0.0007404880029352829
67,-0.0007696501646237065
67,-0.0007706468081334998
67,-0.0007489156067385836
67,-0.0007001199160643343
67,-0.0006165368857857629
67,-0.0004978795508549306
67,-0.00035674923706172746
67,-0.00021216604921795769
67,-7.70035146912535e-05
67,4.868061801945872e-05
67,0.0001742585033800315
67,0.00031084496729465335
67,0.0004649838631501249
67,0.000634194792199227
67,0.0008047607547686202
67,0.0009549228768594091
67,0.0010640970012895223
67,0.001122052161668906
67,0.0011297855090290528
67,0.0010909724831787617
67,0.0010033826349618545
67,0.0008603038013514825
67,0.0006602708821070197
67,0.00041419891120351944
67,0.00014396989913136146
67,-0.00012340277163809342
67,-0.0003611265560857039
67,-0.0005480912138270701
67,-0.0006748514358074197
67,-0.0007459245961319463
67,-0.0007750183281791906
67,-0.0007757620117924088
67,-0.0007537319208697589
67,-0.0007046146927843942
67,-0.0006206043893344661
67,-0.0005013183101657347
67,-0.00035935930809896145
67,-0.00021386029472646422
67,-7.78241458392258e-05
67,4.863844341298067e-05
67,0.00017493468321416243
67,0.0003122643181373583
67,0.0004672634059534759
67,0.0006374948932989575
67,0.0008091747938014365
67,0.0009603665177485824
67,0.0010702878221700858
67,0.0011286000391181432
67,0.001136320984203023
67,0.001097217044669758
67,0.0010091217963629244
67,0.0008653102419263098
67,0.0006642649937016957
67,0.0004168874352897713
67,0.00014512580497359355
67,-0.00012387334407647227
67,-0.0003631474996221403
67,-0.0005514132580819861
67,-0.0006791005515295656
67,-0.0007507016058552441
67,-0.0007799995233960155
67,-0.0007807376325358439
67,-0.0007585650129552944
67,-0.0007091587790643184
67,-0.0006246432282628733
67,-0.0005045787700651383
67,-0.00036159862786625256
67,-0.00021496265561305952
67,-7.782467847728962e-05
67,4.9618693524818166e-05
67,0.0001767822467449961
67,0.00031492825071238837
67,0.0004707523703793712
67,0.0006418313483433114
67,0.0008143269772693305
67,0.0009661866959064906
67,0.0010764992802595598
67,0.0011348601914990878
67,0.0011423274207860174
67,0.0011027715568274086
67,0.0010141001017809808
67,0.0008695811452794206
67,0.0006676491309610308
67,0.0004191904066253077
67,0.00014620360263527347
67,-0.0001240654184727432
67,-0.0003645320143625269
67,-0.0005537935967144896
67,-0.0006822026348206355
67,-0.0007542505894319349
67,-0.0007837915794836104
67,-0.0007846624912202228
67,-0.0007625658792954168
67,-0.0007131545093183295
67,-0.0006284684956879334
67,-0.0005079971548499635
67,-0.000364385908869438
67,-0.00021698821831352653
67,-7.906358169299909e-05
67,4.9137408443434254e-05
67,0.00017703819410549784
67,0.0003159466141554223
67,0.00047260473216995466
67,0.0006445950539332402
67,0.0008180133542038079
67,0.0009706816131933081
67,0.001081562329759206
67,0.0011401870021824916
67,0.0011476335452028715
67,0.0011078399195904476
67,0.0010187622547518692
67,0.0008736630304639714
67,0.0006709459783728816
67,0.0004214997798068073
67,0.00014738525647402077
67,-0.00012404506343759072
67,-0.0003655818966993383
67,-0.0005557057626091826
67,-0.0006846949581004343
67,-0.000757040424735972
67,-0.0007866636175796905
67,-0.0007874903791257542
67,-0.0007652802046493025
67,-0.0007156834080644928
67,-0.0006306929213747577
67,-0.0005097593243916652
67,-0.00036555308078986694
67,-0.00021751884282241363
67,-7.901367669717343e-05
67,4.967034572286595e-05
67,0.0001779810264283807
67,0.0003172833601125621
67,0.00047437312927461103
67,0.0006468561301237642
67,0.0008207997093519946
67,0.0009739461314008882
67,0.0010851666309914883
67,0.0011439471330673037
67,0.001151388710288532
67,0.0011114839640460393
67,0.0010222124944378862
67,0.0008768042652666404
67,0.0006736095145956918
67,0.0004234961228053958
67,0.00014855894976837736
67,-0.00012377325849845353
67,-0.0003661937421591615
67,-0.0005570858052513023
67,-0.0006866605299920927
67,-0.0007593975214197222
67,-0.0007892593849338602
67,-0.0007902294467539614
67,-0.0007680960411308819
67,-0.0007184857052077667
67,-0.0006333312946098963
67,-0.0005120384290732961
67,-0.00036729559861578483
67,-0.00021862776438312572
67,-7.948420340187683e-05
67,4.9791810433093124e-05
67,0.0001786518604477214
67,0.000318496701643078
67,0.00047615556680479345
67,0.0006492373086093034
67,0.0008237682706379562
67,0.000977414499356576
67,0.0010889685055533568
67,0.001147876761543656
67,0.001155261013408666
67,0.0011151697868747863
67,0.0010256195669071779
67,0.0008798290282379189
67,0.0006761152342183297
67,0.00042533947017069296
67,0.00014963670015097195
67,-0.0001234910464118695
67,-0.00036665063329082386
67,-0.0005581441973226889
67,-0.0006881321663755325
67,-0.000761096098942106
67,-0.0007910486104727051
67,-0.0007920383229912612
67,-0.0007698950303204615
67,-0.0007202397568899434
67,-0.000634961529059038
67,-0.0005134264205629169
67,-0.0003683331788374651
67,-0.00021926855523403605
67,-7.974922569773757e-05
67,4.9853383674183473e-05
67,0.00017900785054868223
67,0.0003191553260709928
67,0.0004771648640213332
67,0.0006506624482918953
67,0.0008256495079304465
67,0.0009797265443407112
67,0.0010916123868761078
67,0.001150713605856667
67,0.00115816188359981
67,0.0011180406201871096
67,0.001028382192635821
67,0.0008823821793903871
67,0.0006783192867824931
67,0.00042704180537892996
67,0.00015071501265163028
67,-0.00012309552569690976
67,-0.0003669169647315021
67,-0.0005589721696871272
67,-0.0006893659527006551
67,-0.0007625696456592745
67,-0.0007926300937874553
67,-0.0007936470518867003
67,-0.000771483607185275
67,-0.0007217564731577691
67,-0.0006363204533611421
67,-0.0005145116670027342
67,-0.0003690406337087652
67,-0.00021955250226881028
67,-7.963247567572754e-05
67,5.031250538223896e-05
67,0.00017976026534487845
67,0.00032018620366599414
67,0.00047849241605127824
67,0.0006523184623554798
67,0.0008276490056422443
67,0.0009820376363983236
67,0.0010941461015487259
67,0.0011533477844766712
67,0.0011607857293754293
67,0.0011205815400017714
67,0.001030789719376637
67,0.0008845889449947157
67,0.0006802229899946319
67,0.0004285255586092417
67,0.00015168411876338337
67,-0.00012268616652707555
67,-0.0003670495319061032
67,-0.0005595653431257881
67,-0.0006902936121828745
67,-0.000763698539179049
67,-0.0007938576974842683
67,-0.0007949172791989031
67,-0.0007727724620654107
67,-0.000723037123799535
67,-0.0006375317576447135
67,-0.000515557904477559
67,-0.00036982747939129617
67,-0.0002200284012362553
67,-7.979862014932581e-05
67,5.04272484081664e-05
67,0.00018013347391429238
67,0.00032082234479263716
67,0.0004794241690362289
67,0.000653590250941006
67,0.0008292868069931957
67,0.0009840192475276187
67,0.0010963920215963283
67,0.0011557422046495891
67,0.0011632150935930786
67,0.0011229607340579747
67,0.0010330540232289936
67,0.0008866643184018324
67,0.0006820106826528576
67,0.0004299188849382872
67,0.00015260055089654558
67,-0.00012228083290740142
67,-0.0003671298101683408
67,-0.0005600457339291118
67,-0.0006910454140457603
67,-0.0007645850488970694
67,-0.0007947712598392663
67,-0.0007957969410083527
67,-0.0007735946918939196
67,-0.0007237874443610922
67,-0.0006381759309988008
67,-0.0005160361725043731
67,-0.0003700806366307405
67,-0.00022003279661047517
67,-7.957566464305316e-05
67,5.0834166174680714e-05
67,0.00018069093475926777
67,0.00032152520190685476
67,0.0004802969718452848
67,0.0006546755219728338
67,0.0008306210439833637
67,0.00098560434630719
67,0.0010981811192643319
67,0.0011576539641707624
67,0.0011651671892332453
67,0.0011248933438552937
67,0.0010349221793722028
67,0.0008884107752041646
67,0.0006835516181073147
67,0.0004311580830869772
67,0.00015345743514288144
67,-0.00012184927141179196
67,-0.00036711717026074195
67,-0.0005603929828897241
67,-0.0006916522905821274
67,-0.0007653386096274603
67,-0.0007955784503177579
67,-0.0007966022901052096
67,-0.0007743744024037802
67,-0.0007245250441663489
67,-0.0006388360612464425
67,-0.0005165581364913569
67,-0.0003704003467330015
67,-0.00022011449052563794
67,-7.942381808211842e-05
67,5.119130197560727e-05
67,0.00018122839652086282
67,0.0003222388073675726
67,0.0004812055855275213
67,0.0006558107961066298
67,0.0008320072077058808
67,0.0009872345085618326
67,0.0011000040929713462
67,0.0011595844184065858
67,0.0011671155592818156
67,0.0011267914534444721
67,0.0010367216169260695
67,0.0008900601210499364
67,0.0006849819476195001
67,0.00043229354107253697
67,0.0001542386194213064
67,-0.00012144761339533957
67,-0.0003670773302929322
67,-0.0005606520700315342
67,-0.0006921122157881664
67,-0.0007658917107742755
67,-0.0007961376862092623
67,-0.0007971191124935223
67,-0.0007748358100039314
67,-0.0007249323914821998
67,-0.0006391786447013662
67,-0.0005168022739424279
67,-0.00037050504209487417
67,-0.00022005823143319273
67,-7.921502601437912e-05
67,5.152808065553047e-05
67,0.00018167455618315272
67,0.00032279580899366537
67,0.0004818980436079059
67,0.0006566793364022661
67,0.0008330898252691426
67,0.0009885419114986438
67,0.001101504511232508
67,0.0011612107807752639
67,0.0011687912848729052
67,0.001128453734136648
67,0.0010383222369846744
67,0.0008915477208683146
67,0.0006862900026402682
67,0.0004333493031147564
67,0.00015498362951039165
67,-0.00012104139864706323
67,-0.0003669988896538762
67,-0.0005608480294435721
67,-0.0006924942028801737
67,-0.0007663586670511111
67,-0.0007966041252245607
67,-0.0007975335577316723
67,-0.0007751806500738941
67,-0.000725206754597382
67,-0.0006393749640177781
67,-0.0005168943162230245
67,-0.00037045902952480335
67,-0.00021985633912185
67,-7.886676968632371e-05
67,5.199677283055298e-05
67,0.00018224174693672968
67,0.0003234571365116815
67,0.0004826696479470581
67,0.0006575924532680462
67,0.0008341763821749258
67,0.0009898131792316163
67,0.0011029348514694829
67,0.001162740869510915
67,0.0011703511312142296
67,0.0011299861239515525
67,0.001039785526767771
67,0.0008928999391514896
67,0.0006874769484930116
67,0.0004343114318203266
67,0.00015567340145075437
67,-0.00012064610033550143
67,-0.00036688753952385245
67,-0.0005609740157082125
67,-0.000692780156220833
67,-0.0007667153547112064
67,-0.0007969557708101001
67,-0.0007978356993500377
67,-0.0007754216256298834
67,-0.0007253924712221381
67,-0.0006395059421200711
67,-0.0005169522946555649
67,-0.0003704151593256127
67,-0.00021969186253824167
67,-7.858419285404036e-05
67,5.2381449622124036e-05
67,0.00018271535423707434
67,0.0003240209765918928
67,0.000483342960919956
67,0.0006584082548643823
67,0.0008351680467514125
67,0.0009909940950451688
67,0.0011042825296091457
67,0.0011641985251691653
67,0.0011718480469962152
67,0.001131460688324387
67,0.0010411911192844121
67,0.0008941929233569974
67,0.0006886061773272003
67,0.00043522371338364344
67,0.00015632849108859466
67,-0.00012026400931066452
67,-0.00036676390824260876
67,-0.0005610609981745684
67,-0.0006930011935724012
67,-0.0007669825268687351
67,-0.0007971939148600136
67,-0.0007980003638803538
67,-0.000775502245326805
67,-0.0007253996502637598
67,-0.0006394497875867155
67,-0.0005168273799258279
67,-0.00037020505782196686
67,-0.00021938692913260664
67,-7.81921503302015e-05
67,5.284218583745588e-05
67,0.00018323037781730359
67,0.0003245901907667359
67,0.0004839839165864563
67,0.0006591535879953652
67,0.0008360542410418483
67,0.0009920418985946368
67,0.001105479824992475
67,0.0011654996368401147
67,0.0011731918362307356
67,0.0011327922952250656
67,0.0010424683956219579
67,0.0008953762571804818
67,0.0006896490791857453
67,0.00043607744952509054
67,0.0001569553049645597
67,-0.00011988065702120935
67,-0.00036661378724699915
67,-0.000561103668279139
67,-0.0006931690392503248
67,-0.0007671957237245081
67,-0.0007973826107201136
67,-0.0007981222492085775
67,-0.0007755467943853039
67,-0.0007253771000510057
67,-0.000639370823612974
67,-0.0005166880164457441
67,-0.0003699894279436855
67,-0.00021908336507344886
67,-7.780411306144663e-05
67,5.330070175994583e-05
67,0.00018374771028409
67,0.0003251666417761793
67,0.00048463508789642383
67,0.0006599083860471004
67,0.0008369452360625804
67,0.0009930876392417033
67,0.0011066681095007057
67,0.001166785316185804
67,0.001174513300578636
67,0.0011340933274613394
67,0.0010437063190986292
67,0.0008965135103115118
67,0.0006906442453063493
67,0.0004368888722372819
67,0.0001575525912947209
67,-0.0001195080302411233
67,-0.0003664521092406976
67,-0.0005611120619990661
67,-0.0006932820546198268
67,-0.000767337038881577
67,-0.0007974859144961586
67,-0.00079814843256953
67,-0.0007754889780609733
67,-0.0007252507692217616
67,-0.000639193850547285
67,-0.0005164645002450755
67,-0.00036971050973122065
67,-0.00021874146381949236
67,-7.740322169037182e-05
67,5.374863039827048e-05
67,0.00018423378804816514
67,0.00032569339965434407
67,0.0004852198844664007
67,0.0006605823053444856
67,0.0008377441465688919
67,0.0009940346707299637
67,0.0011077566522041552
67,0.0011679758800368786
67,0.0011757484287781917
67,0.001135318462428048
67,0.0010448787111664757
67,0.0008975956174896115
67,0.000691595818928702
67,0.0004376701300928653
67,0.0001581346523222509
67,-0.00011913529757968591
67,-0.00036627605611311086
67,-0.0005610942771676306
67,-0.000693360312067899
67,-0.0007674378832528298
67,-0.0007975446250542004
67,-0.0007981260603668325
67,-0.0007753780927690658
67,-0.0007250669052991615
67,-0.000638956602579887
67,-0.0005161811457340679
67,-0.00036937535622528806
67,-0.0002183488175610782
67,-7.695772060098354e-05
67,5.4234781460765573e-05
67,0.00018475113678512607
67,0.0003262431931697973
67,0.0004858173065804118
67,0.0006612559148239784
67,0.0008385283088815807
67,0.0009949531720857166
67,0.001108805524103854
67,0.001169119075431804
67,0.00117693164810554
67,0.001136489696013538
67,0.0010459975780857595
67,0.0008986274836220061
67,0.0006925041828740712
67,0.0004384192777137275
67,0.00015869907749318764
67,-0.0001187639403077875
67,-0.00036608541769123527
67,-0.0005610483725486537
67,-0.0006934009024568159
67,-0.0007674959340225837
67,-0.0007975591658309989
67,-0.0007980608317229229
67,-0.0007752276841238853
67,-0.0007248488443315829
67,-0.0006386927975188678
67,-0.0005158812501731404
67,-0.00036903523997408784
67,-0.00021796259068222496
67,-7.652795279378024e-05
67,5.469885704800282e-05
67,0.00018524268931538284
67,0.0003267651024600123
67,0.00048638546379560434
67,0.0006618990092008735
67,0.0008392807190093988
67,0.0009958391325294955
67,0.0011098221953770267
67,0.0011702316940469786
67,0.0011780864245584813
67,0.0011376340708008233
67,0.0010470903556862585
67,0.000899634091574719
67,0.0006933895372725554
67,0.00043915003914922306
67,0.00015925231128226242
67,-0.0001183944686470544
67,-0.00036588616731317715
67,-0.0005609832922943148
67,-0.0006934126199223773
67,-0.0007675166727026863
67,-0.000797529070299576
67,-0.0007979444745584426
67,-0.0007750206205326984
67,-0.0007245704365345927
67,-0.0006383680751450587
67,-0.0005155238447776448
67,-0.00036864478991015834
67,-0.0002175358597311497
67,-7.60688383924053e-05
67,5.5180743487189075e-05
67,0.00018574050090072218
67,0.0003272815954227309
67,0.0004869362379371547
67,0.0006625127641544819
67,0.0008399928184594641
67,0.0009966760907518522
67,0.001110784493293812
67,0.0011712882745333005
67,0.0011791868133263115
67,0.0011387281194809107
67,0.0010481384904113967
67,0.0009006031491235182
67,0.0006942459949730958
67,0.0004398620277506661
67,0.00015979772674121185
67,-0.00011802205860998694
67,-0.00036567456599994805
67,-0.0005608988180746703
67,-0.0006934008466864686
67,-0.000767512615091209
67,-0.0007974748685959744
67,-0.0007978057179312731
67,-0.0007747931920809197
67,-0.0007242738710436676
67,-0.0006380278628382555
67,-0.0005151543412105703
67,-0.0003682460669420704
67,-0.00021710429671881705
67,-7.560724127627668e-05
67,5.566393286604747e-05
67,0.0001862391379148242
67,0.00032779846411860934
67,0.000487486279466029
67,0.0006631235325070252
67,0.0008406986000970594
67,0.0009975030257024903
67,0.0011117335203709177
67,0.001172329137315538
67,0.0011802696295796767
67,0.0011398030645033226
67,0.0010491664694138002
67,0.0009015521021040678
67,0.0006950842341730036
67,0.0004405599261732812
67,0.00016033530236708764
67,-0.00011764971266546256
67,-0.00036545464229508504
67,-0.000560798044396931
67,-0.0006933660390349159
67,-0.0007674804132197736
67,-0.0007973889625483201
67,-0.0007976330176626627
67,-0.0007745309022784976
67,-0.0007239432081498244
67,-0.0006376564771587917
67,-0.0005147589252630746
67,-0.0003678286174790879
67,-0.00021666217714467158
67,-7.514317870578057e-05
67,5.614226896068656e-05
67,0.00018672649269144901
67,0.00032829826841277804
67,0.00048801391962969415
67,0.0006637070889232183
67,0.0008413732306834132
67,0.0009982962185226404
67,0.0011126479946246847
67,0.0011733365302522233
67,0.0011813215472574697
67,0.0011408504648748007
67,0.0010501705730094105
67,0.0009024812165952301
67,0.0006959073456033059
67,0.0004412481974998347
67,0.0001608693082831712
67,-0.0001172747885892719
67,-0.0003652264588613468
67,-0.0005606843122920506
67,-0.0006933148407267731
67,-0.0007674295603114245
67,-0.0007972829149604887
67,-0.0007974390023851488
67,-0.0007742462277621205
67,-0.0007235893974374434
67,-0.0006372619937815777
67,-0.0005143416593416698
67,-0.00036739165867114964
67,-0.00021620349517605298
67,-7.46656708279274e-05
67,5.663089458808428e-05
67,0.000187220829754894
67,0.00032880136215220654
67,0.0004885405196074251
67,0.0006642845976462459
67,0.0008420365340816193
67,0.0009990732886813068
67,0.001113542719693425
67,0.0011743219992547318
67,0.001182350716272137
67,0.001141875412436504
67,0.0010511535453467588
67,0.0009033916658852238
67,0.000696715569771507
67,0.0004419266289986491
67,0.00016139942310189017
67,-0.00011689752414367825
67,-0.00036499014816670594
67,-0.0005605577935409706
67,-0.000693247766414454
67,-0.0007673613544272948
67,-0.0007971593366587911
67,-0.0007972281659688385
67,-0.0007739460813453093
67,-0.0007232221011875017
67,-0.0006368567700666284
67,-0.000513917165763427
67,-0.0003669514450929223
67,-0.00021574540330753612
67,-7.419191541856816e-05
67,5.7113488288846416e-05
67,0.00018770755584854851
67,0.000329295620508603
67,0.000489057117229839
67,0.0006648508461501909
67,0.000842687289035272
67,0.000999836768668395
67,0.0011144233868144327
67,0.0011752936116196644
67,0.0011833666642242914
67,0.0011428878947576922
67,0.0010521248784445213
67,0.0009042916499424208
67,0.0006975152099945893
67,0.00044259923680461477
67,0.0001619272611007507
67,-0.00011651849492454614
67,-0.000364747945344684
67,-0.0005604215936939428
67,-0.0006931678534408505
67,-0.00076727784047243
67,-0.0007970185275462937
67,-0.0007969985540373591
67,-0.0007736259987095048
67,-0.0007228343624383656
67,-0.000636431649103787
67,-0.0005134745944579803
67,-0.00036649609788264135
67,-0.0002152758165319858
67,-7.371055530767381e-05
67,5.7599803185802916e-05
67,0.00018819416610012737
67,0.0003297858779901315
67,0.0004895657056959515
67,0.000665405064022859
67,0.0008433223318375132
67,0.001000581669504937
67,0.0011152838058173734
67,0.0011762446314513761
67,0.0011843628346422507
67,0.0011438822579006524
67,0.0010530803652388284
67,0.0009051786466908822
67,0.0006983053511477432
67,0.0004432663704039942
67,0.0001624538943073941
67,-0.00011613656776214034
67,-0.0003644993412906116
67,-0.0005602764500863922
67,-0.0006930775803587052
67,-0.0007671835614284356
67,-0.0007968672288379287
67,-0.0007967590459344091
67,-0.0007732967135107952
67,-0.0007224382185989222
67,-0.0006359991802619999
67,-0.0005130260940960508
67,-0.0003660364674950763
67,-0.00021480350296923558
67,-7.322768929226661e-05
67,5.8086745300754976e-05
67,0.00018868068723573085
67,0.00033027525645026726
67,0.0004900723391922978
67,0.0006659558618258821
67,0.0008439522208788707
67,0.0010013197499425563
67,0.0011161361459850055
67,0.0011771868440550103
67,0.0011853498944301361
67,0.0011448674999961885
67,0.0010540270421796965
67,0.0009060576561572748
67,0.0006990890321791433
67,0.00044392931810776287
67,0.00016297921418920852
67,-0.00011575277708625846
67,-0.0003642457662385305
67,-0.0005601236644720665
67,-0.0006929776742805436
67,-0.000767078374519803
67,-0.0007967043251149078
67,-0.0007965076442316355
67,-0.0007729556067894295
67,-0.0007220308042722626
67,-0.000635556652619586
67,-0.0005125694733158085
67,-0.0003655712176583356
67,-0.00021432828917662713
67,-7.27445168427827e-05
67,5.8571700041905675e-05
67,0.0001891631992216553
67,0.0003307587458462987
67,0.0004905712508683316
67,0.0006664971792598676
67,0.0008445711032929968
67,0.0010020457661666232
67,0.001116976042184043
67,0.0011781169597598843
67,0.001186325766615485
67,0.0011458427732270438
67,0.0010549651452047954
67,0.0009069297157964269
67,0.0006998677225636808
67,0.00044458956921010576
67,0.00016350432752374649
67,-0.00011536672771352729
67,-0.0003639877403913881
67,-0.0005599647260284183
67,-0.0006928705011578294
67,-0.0007669653189052755
67,-0.0007965332624506685
67,-0.0007962478992382774
67,-0.0007726059914230483
67,-0.0007216148270306222
67,-0.000635105825051675
67,-0.0005121052732205017
67,-0.00036509950457387684
67,-0.0002138479160971154
67,-7.225750155760163e-05
67,5.905921089857018e-05
67,0.00018964694762580163
67,0.00033124201382053525
67,0.0004910682532299746
67,0.0006670346771637214
67,0.0008451842164499252
67,0.0010027643336334856
67,0.0011178073511226017
67,0.0011790379848519662
67,0.0011872925995014647
67,0.0011468094796902605
67,0.0010558955182132894
67,0.0009077952905065868
67,0.0007006416340144455
67,0.00044524716228325743
67,0.00016402914914181944
67,-0.00011497860879213076
67,-0.0003637255685727551
67,-0.0005598000984391138
67,-0.0006927567609165279
67,-0.0007668454406035101
67,-0.000796355562878085
67,-0.0007959819419254572
67,-0.0007722507152662487
67,-0.0007211938837011619
67,-0.0006346509573296537
67,-0.0005116382304281876
67,-0.00036462631616393753
67,-0.0002133673905844161
67,-7.177142422242513e-05
67,5.9544973084976906e-05
67,0.0001901283291839783
67,0.00033172235237609196
67,0.0004915617074409263
67,0.000667567913406707
67,0.0008457923294626926
67,0.001003477305312061
67,0.0011186327819231858
67,0.0011799532096083334
67,0.0011882539647443176
67,0.001147771165600576
67,0.0010568213996141568
67,0.0009086570778342228
67,0.0007014127492378895
67,0.00044590326334819226
67,0.00016455402010395195
67,-0.00011458880678624588
67,-0.0003634601698520699
67,-0.0005596309661472166
67,-0.000692637604834712
67,-0.0007667195817301296
67,-0.0007961715508341729
67,-0.000795709452530982
67,-0.0007718887637992049
67,-0.0007207662857188828
67,-0.0006341897732583656
67,-0.000511165619941486
67,-0.0003641486637433466
67,-0.00021288369388179406
67,-7.128349617708759e-05
67,6.003131355252511e-05
67,0.0001906090509988555
67,0.0003322007678648464
67,0.000492051904599545
67,0.0006680965198947709
67,0.0008463945389198708
67,0.0010041833992210142
67,0.0011194508292860824
67,0.0011808610641126892
67,0.0011892084055840674
67,0.001148726660358624
67,0.0010577420196119206
67,0.0009095147310960776
67,0.0007021810791180243
67,0.0004465581109452624
67,0.00016507923758725114
67,-0.0001141971476138888
67,-0.00036319166097096406
67,-0.0005594578710150821
67,-0.0006925140920590999
67,-0.0007665893672453253
67,-0.0007959834237641205
67,-0.0007954331638100392
67,-0.0007715233099895157
67,-0.0007203354770085452
67,-0.0006337257526610252
67,-0.000510690695353927
67,-0.00036366932916089776
67,-0.00021239893757312104
67,-7.079502688418616e-05
67,6.0517785332571926e-05
67,0.0001910895363849018
67,0.0003326785332283603
67,0.0004925409149042575
67,0.0006686232541918458
67,0.0008469941150789721
67,0.001004886183708493
67,0.0011202651318148683
67,0.0011817650313176182
67,0.0011901590497156583
67,0.0011496785962121
67,0.0010586594445086393
67,0.0009103697302000854
67,0.0007029475283559989
67,0.00044721207986011424
67,0.00016560473396446957
67,-0.00011380401594244529
67,-0.0003629205953314792
67,-0.0005592813832673046
67,-0.000692386678659083
67,-0.0007664550541283846
67,-0.0007957912138628458
67,-0.000795152914125755
67,-0.0007711540726955815
67,-0.000719901151433215
67,-0.0006332586514979551
67,-0.0005102133433969928
67,-0.0003631883923072219
67,-0.00021191345717388405
67,-7.030664988784134e-05
67,6.1003457227250404e-05
67,0.00019156859785616223
67,0.00033315427568161393
67,0.0004930272825525737
67,0.0006691467082495878
67,0.0008475898243290343
67,0.001005584683135542
67,0.0011210750088148616
67,0.001182664740277466
67,0.0011911058388506832
67,0.001150627204624223
67,0.001059574133916638
67,0.0009112226663159386
67,0.0007037127019006561
67,0.000447865666470942
67,0.00016613078918552017
67,-0.00011340942246084449
67,-0.0003626473017410344
67,-0.0005591021277926449
67,-0.0006922562226617387
67,-0.0007663176479660469
67,-0.0007955959850168645
67,-0.0007948697396234312
67,-0.0007707819721108426
67,-0.0007194640205171186
67,-0.0006327888852174971
67,-0.0005097336153924491
67,-0.0003627055037459682
67,-0.00021142650984688752
67,-6.98172856352718e-05
67,6.148965636385963e-05
67,0.00019204771993416294
67,0.00033362956271812297
67,0.0004935125917361352
67,0.000669668416038828
67,0.0008481830895961963
67,0.001006280162283801
67,0.0011218815297482378
67,0.0011835610387867155
67,0.0011920493992819713
67,0.001151572925334598
67,0.0010604863927694999
67,0.0009120737502750785
67,0.000704476734704224
67,0.00044851893225127625
67,0.00016665738706299322
67,-0.00011301346750805459
67,-0.0003623719713781166
67,-0.0005589203932095946
67,-0.0006921231202894213
67,-0.0007661776706913185
67,-0.000795398411261084
67,-0.0007945844964947618
67,-0.000770408068974771
67,-0.000719025345918667
67,-0.0006323178740054707
67,-0.0005092530173925578
67,-0.00036222217512036216
67,-0.00021093953883571202
67,-6.932824086242705e-05
67,6.197527577081303e-05
67,0.00019252605089154203
67,0.0003341038466228292
67,0.0004939966428350311
67,0.0006701885544406241
67,0.000848774456203158
67,0.0010069734824014616
67,0.0011226857879353838
67,0.0011844551554296807
67,0.001192990996720149
67,0.0011525169696654381
67,0.0010613972991763588
67,0.0009129238622734865
67,0.0007052402588739977
67,0.0004491722312551834
67,0.00016718460270520895
67,-0.00011261632197608778
67,-0.0003620949564977422
67,-0.0005587366249827448
67,-0.0006919878131995104
67,-0.0007660354735451947
67,-0.0007951986925087086
67,-0.0007942972019449812
67,-0.0007700321910533783
67,-0.0007185847774785219
67,-0.0006318451139193467
67,-0.0005087709251310293
67,-0.0003617377072840734
67,-0.0002104518315415052
67,-6.883886015076552e-05
67,6.246085168464132e-05
67,0.00019300396833989999
67,0.00033457733106790374
67,0.0004944794714180714
67,0.0006707070167844122
67,0.000849363715411723
67,0.0010076643736796587
67,0.0011234874857762379
67,0.0011853467962267632
67,0.00119393037862362
67,0.0011534591651335367
67,0.0010623067838183141
67,0.0009137730324620521
67,0.0007060033744959743
67,0.0004498256866441823
67,0.00016771252818446674
67,-0.00011221797668935901
67,-0.00036181637171343623
67,-0.0005585510865240719
67,-0.0006918507229448094
67,-0.0007658916338286346
67,-0.0007949975519755886
67,-0.0007940087082757678
67,-0.0007696552902563743
67,-0.000718143317491132
67,-0.0006313715893762196
67,-0.0005082882289724137
67,-0.00036125282695737926
67,-0.00020996389917905158
67,-6.834941078977491e-05
67,6.294636740075609e-05
67,0.00019348170010623133
67,0.0003350504781280669
67,0.0004949617578716833
67,0.0006712246716134005
67,0.0008499518758829886
67,0.001008353924038995
67,0.0011242877234787004
67,0.0011862370067490511
67,0.001194868479135264
67,0.0011544002980617906
67,0.00106321546937894
67,0.000914621715389917
67,0.0007067663682899922
67,0.00045047942442664676
67,0.00016824114717993492
67,-0.00011181856001672339
67,-0.000361536418130284
67,-0.0005583640081763564
67,-0.0006917120690881274
67,-0.0007657463328336519
67,-0.0007947951232302506
67,-0.0007937191094629341
67,-0.0007692774413149635
67,-0.000717701044778506
67,-0.0006308974000772007
67,-0.0005078050576506178
67,-0.00036076769807322304
67,-0.00020947594970927873
67,-6.786015154021895e-05
67,6.343151572031427e-05
67,0.00019395890313806188
67,0.00033552292995416293
67,0.000495443159612841
67,0.0006717412282066312
67,0.000850538730534517
67,0.001009042025106416
67,0.0011250864897220853
67,0.0011871258634798979
67,0.0011958054514225882
67,0.0011553405834951716
67,0.0010641236105929158
67,0.0009154701750762538
67,0.000707529477466978
67,0.00045113361845302576
67,0.00016877053995096908
67,-0.00011141810292702997
67,-0.0003612552391101463
67,-0.0005581756301023706
67,-0.0006915721603358646
67,-0.0007655999145883955
67,-0.000794591754916481
67,-0.0007934287331356234
67,-0.0007688989277633328
67,-0.0007172581755542848
67,-0.0006304226723380015
67,-0.0005073214291064465
67,-0.0003602822205225785
67,-0.0002089877692056983
67,-6.737077416012386e-05
67,6.391667087348802e-05
67,0.0001944359907448823
67,0.0003359951186848866
67,0.0004959241120282712
67,0.0006722571112007406
67,0.0008511246807233774
67,0.0010097290437966395
67,0.0011258841056745242
67,0.0011880136322425464
67,0.0011967415043551979
67,0.0011562801824212343
67,0.0010650313340877144
67,0.000916318512578896
67,0.0007082927778994559
67,0.0004517883140075899
67,0.0001693007140835953
67,-0.00011101664169716326
67,-0.0003609729183583647
67,-0.0005579860838768944
67,-0.0006914311749804395
67,-0.0007654526040676942
67,-0.0007943877214664064
67,-0.0007931379080710158
67,-0.0007685201358689245
67,-0.0007168151486227894
67,-0.0006299478802803545
67,-0.00050683782623119
67,-0.00035979685799374084
67,-0.0002084997783687731
67,-6.688163737014841e-05
67,6.440155143578929e-05
67,0.00019491277135472778
67,0.0003364669539292795
67,0.0004964046365005161
67,0.0006727724596912049
67,0.0008517099780546195
67,0.0010104153252656243
67,0.0011266809809744654
67,0.0011889007540509418
67,0.001197677078189694
67,0.0011572195066482552
67,0.0010659390011439633
67,0.0009171670208135328
67,0.0007090564795556581
67,0.0004524436286884551
67,0.00016983169387178203
67,-0.00011061423584517952
67,-0.00036068957957466867
67,-0.0005577955299005227
67,-0.0006912892794999907
67,-0.0007653045465302223
67,-0.0007941831281871223
67,-0.0007928466907903157
67,-0.0007681410723660002
67,-0.0007163719246016739
67,-0.000629472943956605
67,-0.0005063541350411151
67,-0.0003593114719873412
67,-0.00020801182903517525
67,-6.63926017963194e-05
67,6.488627150817364e-05
67,0.00019538932375050627
67,0.00033693847639214107
67,0.0004968847395180327
67,0.0006732872555408834
67,0.0008522945920787371
67,0.0010111008368892513
67,0.0011274770865628656
67,0.0011897872075634385
67,0.0011986121654089742
67,0.0011581585695960447
67,0.0010668466495427978
67,0.0009180157579455387
67,0.0007098206495087793
67,0.00045309962222703036
67,0.0001703635143241902
67,-0.00011021089016473887
67,-0.000360405277373041
67,-0.0005576040762242699
67,-0.0006911466332622622
67,-0.0007651559470916729
67,-0.0007939782192865138
67,-0.0007925553573868421
67,-0.0007677620355282215
67,-0.0007159288090778384
67,-0.0006289981559149931
67,-0.0005058706123417774
67,-0.0003588262632919973
67,-0.000207524052090122
67,-6.590372258956817e-05
67,6.537085075503714e-05
67,0.00019586573834390553
67,0.0003374098429789162
67,0.0004973646396401382
67,0.0006738017708154762
67,0.0008528788353131707
67,0.0010117859143911135
67,0.0011282727615686797
67,0.0011906733152349848
67,0.001199547055152581
67,0.001159097617097504
67,0.0010677544778731679
67,0.000918864873852545
67,0.0007105853876789006
67,0.0004537563444283627
67,0.0001708961779417729
67,-0.00010980664286435176
67,-0.0003601200806338459
67,-0.0005574118100908984
67,-0.0006910033296474063
67,-0.0007650068961718363
67,-0.000793773078324864
67,-0.0007922639859242608
67,-0.0007673831026414924
67,-0.0007154858832936618
67,-0.0006285236030471804
67,-0.0005053873491325128
67,-0.00035834132502146973
67,-0.00020703654251368183
67,-6.541509710530807e-05
67,6.585519049166164e-05
67,0.00019634191862300231
67,0.0003378809652601911
67,0.0004978442650253449
67,0.0006743159602124735
67,0.0008534626966146367
67,0.0010124705824901086
67,0.0011290680625266729
67,0.0011915591588001913
67,0.0012004818476615605
67,0.0011600367611976266
67,0.0010686626021471014
67,0.0009197144787839176
67,0.000711350787241969
67,0.00045441386011834734
67,0.00017142971235232124
67,-0.00010940150785768328
67,-0.00035983404353055764
67,-0.0005572188190865517
67,-0.0006908594788045981
67,-0.0007648575145214208
67,-0.0007935678262922628
67,-0.0007919726897039559
67,-0.000767004372813487
67,-0.0007150432257776958
67,-0.0006280493367251682
67,-0.0005049043638074205
67,-0.00035785663942065627
67,-0.00020654924779405946
67,-6.492664430448694e-05
67,6.633939151248013e-05
67,0.00019681797716314866
67,0.00033835196211695
67,0.0004983237373470677
67,0.0006748299455407901
67,0.0008540462954799964
67,0.001013154955472256
67,0.0011298630946874337
67,0.0011924448307640138
67,0.0012014166213554643
67,0.0011609760681175023
67,0.001069571079459199
67,0.0009205646219584044
67,0.0007121168878372947
67,0.0004550721957350134
67,0.00017196412685363158
67,-0.00010899549603061092
67,-0.0003595471984831007
67,-0.0005570251566334988
67,-0.0006907151534328807
67,-0.0007647078923861553
67,-0.0007933625701780934
67,-0.00079168159255644
67,-0.0007666259863651396
67,-0.0007146009904084533
67,-0.0006275755175885056
67,-0.0005044218141825624
67,-0.00035737235186145545
67,-0.00020606229332403042
67,-6.443846446881415e-05
67,6.682338207179324e-05
67,0.00019729387330207028
67,0.0003388228264440829
67,0.0004988030855564134
67,0.0006753437929582619
67,0.0008546297329996958
67,0.0010138391627737562
67,0.0011306580060084141
67,0.0011933304865714832
67,0.0012023515288440984
67,0.001161915679252482
67,0.0010704800336029273
67,0.000921415404319806
67,0.0007128837629075076
67,0.00045573139381661296
67,0.0001724994322088812
67,-0.00010858862592029456
67,-0.000359259587485423
67,-0.0005568308796634492
67,-0.0006905704157351042
67,-0.0007645580885868544
67,-0.0007931573595512918
67,-0.0007913907321328389
67,-0.0007662479687069545
67,-0.0007141591910110038
67,-0.0006271021484691666
67,-0.000503939692530666
67,-0.0003568884453851065
67,-0.00020557565620002942
67,-6.395053352739808e-05
67,6.73071829655867e-05
67,0.00019776962195830995
67,0.00033929356688194086
67,0.0004992823136829941
67,0.0006758575051519524
67,0.0008552130140732773
67,0.0010145232136779781
67,0.0011314528104178182
67,0.0011942161443347127
67,0.001203286592658641
67,0.001162855622367682
67,0.001071389497525742
67,0.0009222668618053683
67,0.0007136514469449292
67,0.00045639148168415085
67,0.00017303564289326237
67,-0.00010818090031887824
67,-0.0003589712329022545
67,-0.0005566360299364496
67,-0.0006904253246716728
67,-0.0007644081761818641
67,-0.0007929522785098758
67,-0.0007911002007549047
67,-0.0007658704171661005
67,-0.0007137179252880253
67,-0.0006266293210865367
67,-0.0005034580774947156
67,-0.0003564049794096707
67,-0.0002050893728050331
67,-6.346286383711005e-05
67,6.779080472224237e-05
67,0.0001982452547157757
67,0.00033976423458918705
67,0.0004997614911318329
67,0.0006763711676691136
67,0.0008557962368569472
67,0.0010152072139520956
67,0.0011322476152576069
67,0.001195101906786605
67,0.001204221905914494
67,0.001163795978098715
67,0.001072299538268192
67,0.0009231190471486044
67,0.0007144199772980487
67,0.00045705248028690416
67,0.0001735727633167332
67,-0.00010777233016211223
67,-0.00035868215840659105
67,-0.0005564406401780913
67,-0.0006902799180510308
67,-0.0007642581948510191
67,-0.0007927473669840359
67,-0.0007908100386476616
67,-0.0007654933731885231
67,-0.0007132772365163785
67,-0.000626157079901344
67,-0.0005029770128994218
67,-0.00035592199529515763
67,-0.0002046034811691955
67,-6.297548994991617e-05
67,6.827421654340826e-05
67,0.0001987207453869989
67,0.0003402348095808256
67,0.0005002406065327505
67,0.0006768847804879889
67,0.0008563794144309973
67,0.0010158911894178947
67,0.001133042456744128
67,0.0011959878173731183
67,0.0012051575163218968
67,0.0011647367958198868
67,0.0010732102042044394
67,0.0009239720045331472
67,0.0007151893902408639
67,0.00045771441431115517
67,0.00017411080379627666
67,-0.00010736292066133233
67,-0.0003583923839028378
67,-0.0005562447422187149
67,-0.0006901342355667225
67,-0.0007641081878893966
67,-0.0007925426683781291
67,-0.0007905202868650793
67,-0.0007651168736290079
67,-0.0007128371554979797
67,-0.0006256854475325009
67,-0.0005024965111055301
67,-0.0003554394938858293
67,-0.00020411797091867564
67,-6.248839221637727e-05
67,6.875744461048528e-05
67,0.00019919612429913097
67,0.00034070532488906244
67,0.0005007196949661397
67,0.0006773983804009547
67,0.0008569625848658762
67,0.001016575178544725
67,0.001133837372282883
67,0.0011968739108606011
67,0.001206093455185168
67,0.001165678103602982
67,0.0010741215207344655
67,0.0009248257565729501
67,0.0007159597044509036
67,0.00045837729669250416
67,0.0001746497697239631
67,-0.0001069526752084168
67,-0.0003581019219462034
67,-0.0005560483572445205
67,-0.0006899883058908234
67,-0.0007639581902577315
67,-0.0007923382231257922
67,-0.0007902309909220346
67,-0.0007647409686463546
67,-0.00071239773577903
67,-0.0006252144783774435
67,-0.0005020166239339162
67,-0.00035495752112524683
67,-0.00020363287975179014
67,-6.200159877247497e-05
67,6.924047097326558e-05
67,0.00019967138406874052
67,0.00034117578418500695
67,0.0005011987717690996
67,0.0006779119946759156
67,0.0008575457865657046
67,0.0010172592286259254
67,0.001134632414690311
67,0.001197760241872555
67,0.0012070297755926939
67,0.001166619950439026
67,0.0010750335308833305
67,0.0009256803387162575
67,0.0007167309461967846
67,0.00045904114318754064
67,0.0001751896657811787
67,-0.00010654159965633401
67,-0.0003578107871779088
67,-0.0005558515059438637
67,-0.0006898421525648194
67,-0.0007638082254600096
67,-0.0007921340527589512
67,-0.000789942169536128
67,-0.0007643656740223915
67,-0.0007119589902480133
67,-0.0006247441822350879
67,-0.0005015373576838704
67,-0.00035447607966394043
67,-0.0002031482072512771
67,-6.151510734930102e-05
67,6.972329850111136e-05
67,0.0002001465274340387
67,0.00034164619005054505
67,0.0005016778400276813
67,0.0006784256280168452
67,0.0008581290268604832
67,0.0010179433499575789
67,0.0011354275967695815
67,0.0011986468249342084
67,0.0012079664932852067
67,0.0011675623531094104
67,0.0010759462521438513
67,0.0009265357682111887
67,0.0007175031308237638
67,0.0004597059652192107
67,0.00017573049758847322
67,-0.00010612969550146794
67,-0.00035751898865773633
67,-0.0005556542044205413
67,-0.0006896957975048361
67,-0.0007636583197442507
67,-0.000791930186541414
67,-0.0007896538539689913
67,-0.0007639910220237366
67,-0.000711520950777179
67,-0.0006242745886082077
67,-0.0005010587372313302
67,-0.0003539951878162434
67,-0.00020266396408467544
67,-6.102892086451859e-05
67,7.02059314480783e-05
67,0.00020062156509021803
67,0.0003421165591288842
67,0.0005021569220276562
67,0.0006789393078794855
67,0.0008587123374518985
67,0.0010186275770143818
67,0.001136222953838867
67,0.001199533694167817
67,0.0012089036395614946
67,0.00116850533918655
67,0.0010768597079880246
67,0.0009273920641054313
67,0.0007182762724038744
67,0.0004603717712366554
67,0.0001762722675815537
67,-0.00010571696618811237
67,-0.0003572265349966039
67,-0.0005554564652493078
67,-0.0006895492558143593
67,-0.0007635084895075642
67,-0.0007917266414571535
67,-0.0007893660616384358
67,-0.0007636170306519244
67,-0.0007110836359636112
67,-0.0006238057161958283
67,-0.000500580780442574
67,-0.00035351486169307576
67,-0.000202180164087262
67,-6.054305075861311e-05
67,7.068836077755698e-05
67,0.00020109649056182478
67,0.00034258688792128975
67,0.0005026360179432134
67,0.0006794530389116985
67,0.0008592957278769827
67,0.0010193119238299266
67,0.0011370185033373616
67,0.0012004208690771163
67,0.001209841234752798
67,0.0011694489288208718
67,0.0010777739174847934
67,0.0009282492433527566
67,0.0007190503845618428
67,0.00046103857032655566
67,0.00017681497939645556
67,-0.0001053034138671921
67,-0.0003569334337366997
67,-0.0005552583002720068
67,-0.0006894025420959714
67,-0.0007633587505419313
67,-0.0007915234332627218
67,-0.0007890788074849611
67,-0.0007632437135277512
67,-0.0007106470576038711
67,-0.0006233375743100342
67,-0.000500103493406469
67,-0.00035303510364111817
67,-0.00020169680587576948
67,-6.005749248900045e-05
67,7.117059334756456e-05
67,0.00020157131229897452
67,0.0003430571860932031
67,0.000503115138586818
67,0.0006799668331231786
67,0.0008598792113085241
67,0.0010199964044524685
67,0.0011378142595759855
67,0.0012013083635032554
67,0.0012107792917540375
67,0.001170393133863023
67,0.0010786888914669371
67,0.000929107315581753
67,0.0007198254751869204
67,0.0004617063678986573
67,0.00017735863525735612
67,-0.00010488903995991997
67,-0.0003566396900078595
67,-0.0005550597179749985
67,-0.0006892556675666571
67,-0.000763209116133478
67,-0.0007913205768278928
67,-0.0007887921077111539
67,-0.0007628710879943238
67,-0.0007102112337573152
67,-0.000622870180875989
67,-0.0004996268927617545
67,-0.0003525559279136156
67,-0.00020121390056481754
67,-5.9572253689186606e-05
67,7.165262508167748e-05
67,0.00020204602977743602
67,0.00034352745674084365
67,0.0005035942908369191
67,0.0006804807012615286
67,0.0008604628021368821
67,0.001020681036191779
67,0.0011386102416083795
67,0.001202196196925603
67,0.001211717829326629
67,0.0011713379715188564
67,0.0010796046450049432
67,0.0009299662932325625
67,0.0007206015535478099
67,0.00046237516955067293
67,0.000177903236835622
67,-0.00010447384661054312
67,-0.0003563453092336206
67,-0.0005548607261335087
67,-0.0006891086412390227
67,-0.0007630595955060662
67,-0.0007911180808846903
67,-0.0007885059702646158
67,-0.0007624991611985482
67,-0.0007097761707792104
67,-0.0006224035413345565
67,-0.0004991509827867291
67,-0.00035207733740295953
67,-0.00020073144967446216
67,-5.9087334795114224e-05
67,7.213445626322166e-05
67,0.00020252064377765852
67,0.00034399770115776956
67,0.0005040734767675697
67,0.0006809946465866326
67,0.0008610465050851308
67,0.001021365825200653
67,0.001139406456699572
67,0.0012030843772541423
67,0.0012126568556093185
67,0.0011722834499066214
67,0.0010805211859845135
67,0.0009308261835917823
67,0.0007213786257696327
67,0.00046304497957499606
67,0.00017844878597539127
67,-0.00010405783479470543
67,-0.00035605029522753665
67,-0.0005546613310607991
67,-0.0006889614713194719
67,-0.0007629101980867368
67,-0.0007909159555312989
67,-0.0007882204055387581
67,-0.0007621279435452632
67,-0.0007093418787345693
67,-0.0006219376648605195
67,-0.0004986757710721037
67,-0.000351599337529758
67,-0.00020024945615351554
67,-5.86027362740089e-05
67,7.26160886968901e-05
67,0.00020299515810706626
67,0.0003444679249816237
67,0.000504552703785044
67,0.0006815086782202708
67,0.0008616303307977861
67,0.001022050783205623
67,0.0011402029169933863
67,0.0012039729163283426
67,0.0012135963815572506
67,0.0011732295787546013
67,0.0010814385227414648
67,0.000931686993459965
67,0.0007221566969006568
67,0.00046371580100322616
67,0.00017899528349291425
67,-0.0001036410059202483
67,-0.0003557546513971298
67,-0.0005544615377254605
67,-0.0006888141637724262
67,-0.0007627609303187627
67,-0.0007907142073745726
67,-0.0007879354202071598
67,-0.000761757441799837
67,-0.0007089083644783993
67,-0.0006214725582295302
67,-0.0004982012639731221
67,-0.00035112193384775333
67,-0.0001997679244990595
67,-5.811846149960363e-05
67,7.309752010625816e-05
67,0.00020346957160162892
67,0.0003449381282847793
67,0.000505031973418599
67,0.0006820227993768249
67,0.000862214284266263
67,0.0010227359167974213
67,0.0011409996302262115
67,0.0012048618224486853
67,0.0012145364154982866
67,0.0011741763660036847
67,0.0010823566625066678
67,0.0009325487290405878
67,0.0007229357717456299
67,0.00046438763686594857
67,0.00017954273038073168
67,-0.00010322336110382826
67,-0.000355458380783427
67,-0.0005542613506477195
67,-0.000688666723997086
67,-0.0007626117978809023
67,-0.0007905128419137647
67,-0.0007876510193402304
67,-0.000761387660509423
67,-0.0007084756319531854
67,-0.0006210082246227385
67,-0.0004977274636928874
67,-0.00035064512740601436
67,-0.00019928685457831403
67,-5.7634509291737646e-05
67,7.357875249545744e-05
67,0.00020394388687819146
67,0.00034540831418116997
67,0.0005055112892977421
67,0.0006825370143010378
67,0.0008627983704019115
67,0.0010234212314424332
67,0.0011417966021371002
67,0.001205751101288149
67,0.0012154769627820735
67,0.0011751238165484458
67,0.0010832756096517998
67,0.000933411394084184
67,0.0007237158532503816
67,0.000465060489060002
67,0.00018009112725278037
67,-0.00010280490115839309
67,-0.0003551614855988192
67,-0.0005540607732268952
67,-0.0006885191562660103
67,-0.0007624628055919178
67,-0.0007903118642644565
67,-0.000787367208240967
67,-0.0007610186051233181
67,-0.0007080436866655999
67,-0.0006205446693973518
67,-0.0004972543751163661
67,-0.00035016892226462165
67,-0.00019880624935999096
67,-5.715088141691768e-05
67,7.405978528540294e-05
67,0.0002044181045020497
67,0.0003458784843980976
67,0.0005059906543902856
67,0.0006830513272498126
67,0.0008633825946764765
67,0.001024106733587393
67,0.0011425938397495498
67,0.001206640759964671
67,0.001216418030173047
67,0.001176071936482877
67,0.0010841953694053278
67,0.0009342749927939095
67,0.0007244969444488985
67,0.00046573435931892106
67,0.00018064047444273405
67,-0.00010238562710578709
67,-0.00035486396800332617
67,-0.0005538598084331274
67,-0.0006883714639443457
67,-0.0007623139568043696
67,-0.0007901112775064032
67,-0.0007870839896238379
67,-0.0007606502780186724
67,-0.000707612530717301
67,-0.0006200818943839694
67,-0.000496781999716122
67,-0.0003496933194377679
67,-0.00019832610938420539
67,-5.6667577980345027e-05
67,7.454061874682456e-05
67,0.00020489222506802834
67,0.00034634863986035156
67,0.0005064700700362324
67,0.0006835657401235471
67,0.0008639669596654271
67,0.0010247924264632574
67,0.0011433913467582778
67,0.001207530802361881
67,0.001217359621511275
67,0.0011770207294291455
67,0.0010851159450395382
67,0.0009351395279889425
67,0.0007252790475400649
67,0.0004664092490120426
67,0.00018119077234857232
67,-0.00010196553959217729
67,-0.00035456582965905363
67,-0.0005536584587460276
67,-0.0006882236500300809
67,-0.0007621652547523588
67,-0.0007899110848726728
67,-0.0007868013665738332
67,-0.0007602826820995881
67,-0.0007071821668119567
67,-0.000619619901982023
67,-0.0004963103394497003
67,-0.00034921832028772526
67,-0.00019784643526519997
67,-5.618459882976209e-05
67,7.502125370441846e-05
67,0.0002053662499762345
67,0.0003468187824950924
67,0.0005069495387188075
67,0.0006840802560084409
67,0.0008645514690189493
67,0.0010254783141162864
67,0.0011441891273794944
67,0.0012084212326212524
67,0.0012183017406192066
67,0.001177970198727712
67,0.001086037339332851
67,0.0009360050018269024
67,0.0007260621640287863
67,0.00046708515894413856
67,0.00018174202099084538
67,-0.00010154463939383434
67,-0.00035426707202213106
67,-0.0005534567261085538
67,-0.0006880757167247117
67,-0.0007620167016593145
67,-0.0007897112884638994
67,-0.000786519341048883
67,-0.0007599158192093282
67,-0.0007067525967322138
67,-0.0006191586939427843
67,-0.0004958393959392966
67,-0.00034874392616642463
67,-0.00019736722801190956
67,-5.570194459301344e-05
67,7.550168993478216e-05
67,0.0002058401794262414
67,0.0003472889129636889
67,0.0005074290616044339
67,0.0006845948766291475
67,0.0008651361250851088
67,0.001026164399493079
67,0.001144987184950745
67,0.0012093120541755435
67,0.0012192443907810906
67,0.0011789203473454987
67,0.0010869595548220995
67,0.0009368714163320454
67,0.0007268462953346602
67,0.000467762089853539
67,0.00018229422039703949
67,-0.00010112292718006974
67,-0.0003539676963761145
67,-0.0005532546122306305
67,-0.0006879276659076162
67,-0.0007618682993285398
67,-0.0007895118898221113
67,-0.0007862379142566387
67,-0.0007595496902660365
67,-0.0007063238211619403
67,-0.0006186982707283685
67,-0.0004953691694342603
67,-0.00034827013709237437
67,-0.00019688848736014835
67,-5.5219614701068625e-05
67,7.5981928264203e-05
67,0.00020631401441439126
67,0.0003477590323965467
67,0.0005079086400304322
67,0.0006851096036258073
67,0.0008657209298148543
67,0.0010268506847922545
67,0.001145785521820369
67,0.0012102032693856975
67,0.001220187574206431
67,0.0011798711772087295
67,0.0010878825930963785
67,0.0009377387727315981
67,0.0007276314423009132
67,0.0004684400421608532
67,0.00018284737050708745
67,-0.0001007004035162682
67,-0.0003536677037405591
67,-0.0005530521184590337
67,-0.0006877794990812584
67,-0.0007617200492597633
67,-0.0007893128903371431
67,-0.0007859570874280227
67,-0.0007591842963507786
67,-0.0007058958410931769
67,-0.0006182386332771704
67,-0.0004948996607681332
67,-0.0003477969536939884
67,-0.00019641021364899815
67,-5.4737609167690264e-05
67,7.6461969012672e-05
67,0.00020678775560119725
67,0.00034822914179088787
67,0.0005083882753277795
67,0.0006856244387057876
67,0.0008663058853246601
67,0.0010275371724687468
67,0.001146584140616471
67,0.001211094880847124
67,0.0012211312932781202
67,0.0011808226903652183
67,0.0010888064557735251
67,0.0009386070721865062
67,0.0007284176056352395
67,0.0004691190161114313
67,0.00018340147111433925
67,-0.00010027706902054266
67,-0.00035336709506086385
67,-0.0005528492459292736
67,-0.000687631217396769
67,-0.000761571952446263
67,-0.0007891142907286835
67,-0.000785676860986292
67,-0.0007588196376699368
67,-0.0007054686565971449
67,-0.0006177797815735335
67,-0.0004944308698816352
67,-0.0003473243758682833
67,-0.00019593240668083078
67,-5.4255927653881216e-05
67,7.694181265746966e-05
67,0.0002072614035812598
67,0.0003486992418691692
67,0.0005088679684068857
67,0.0006861393830323667
67,0.0008668909930600328
67,0.0010282238642341272
67,0.0011473830432372906
67,0.001211986890504825
67,0.0012220755498371686
67,0.0011817748884258015
67,0.0010897311441605507
67,0.0009394763156692312
67,0.0007292047859718929
67,0.00046979901199571586
67,0.00018395652214347476
67,-9.98529241267275e-05
67,-0.0003530658710627095
67,-0.0005526459955446356
67,-0.0006874828217991837
67,-0.0007614240097335703
67,-0.0007889160916369597
67,-0.0007853972353358812
67,-0.0007584557144097309
67,-0.0007050422677286
67,-0.0006173217156467746
67,-0.0004939627967880582
67,-0.00034685240356464983
67,-0.000195455066310369
67,-5.377456989943014e-05
67,7.742145958670337e-05
67,0.0002077349588631356
67,0.0003491693332659455
67,0.0005093477200494775
67,0.0006866544375655831
67,0.0008674762541980498
67,0.0010289107614648994
67,0.0011481822311602968
67,0.0012128792998084168
67,0.0012230203451699365
67,0.001182727772413252
67,0.0010906566589817348
67,0.0009403465036001563
67,0.0007299929834449652
67,0.00047048002968823143
67,0.00018451252322374136
67,-9.942796942474054e-05
67,-0.0003527640324937682
67,-0.0005524423681175508
67,-0.0006873343130353662
67,-0.000761276221671213
67,-0.0007887182933411095
67,-0.0007851182104841112
67,-0.0007580925263738349
67,-0.0007046166741865621
67,-0.0006168644351565258
67,-0.0004934954411481272
67,-0.0003463810364654926
67,-0.00019497819219874057
67,-5.329353547726132e-05
67,7.790091033488923e-05
67,0.00020820842206687964
67,0.0003496394166660114
67,0.0005098275310345164
67,0.0006871696032461263
67,0.0008680616698670512
67,0.0010295978654392452
67,0.0011489817057340266
67,0.001213772110068049
67,0.0012239656804423473
67,0.0011836813432584534
67,0.0010915830008733063
67,0.0009412176363273656
67,0.0007307821981548661
67,0.00047116206907822834
67,0.00018506947406095428
67,-9.900220536959356e-05
67,-0.00035246157991970675
67,-0.0005522383642230789
67,-0.0006871856915819342
67,-0.000761128588550149
67,-0.0007885208958769046
67,-0.0007848397862019882
67,-0.0007577300731286075
67,-0.0007041918754232216
67,-0.0006164079395568811
67,-0.0004930288025042219
67,-0.0003459102741765372
67,-0.00019450178395638128
67,-5.281282398562814e-05
67,7.838016531997455e-05
67,0.00020868179364076067
67,0.0003501094925814211
67,0.0005103074019690717
67,0.0006876848807914963
67,0.0008686472409182768
67,0.0010302851771523643
67,0.0011497814680486327
67,0.0012146653223667838
67,0.0012249115566027313
67,0.0011846356016708955
67,0.0010925101702683737
67,0.0009420897140320584
67,0.0007315724300681736
67,0.0004718451299506486
67,0.00018562737429031673
67,-9.857563243783761e-05
67,-0.00035215851386842696
67,-0.0005520339843645082
67,-0.0006870369578271863
67,-0.0007609811105395037
67,-0.0007883238991162304
67,-0.0007845619620633316
67,-0.0007573683540300979
67,-0.000703767870685599
67,-0.0006159522280796919
67,-0.0004925628801377389
67,-0.00034544011606623217
67,-0.0001940258410283004
67,-5.233243488419968e-05
67,7.885922511810165e-05
67,0.0002091550741823383
67,0.00035057956159114854
67,0.0005107873334356694
67,0.0006882002708601733
67,0.0008692329681268212
67,0.001030972697477781
67,0.0011505815190111872
67,0.0012155589375601166
67,0.0012258579743821027
67,0.0011855905481865136
67,0.0010934381674504374
67,0.0009429627367453632
67,0.0007323636790366026
67,0.00047252921204214026
67,0.00018618622355498108
67,-9.814825104941048e-05
67,-0.00035185483477069535
67,-0.0005518292289183508
67,-0.0006868881120035391
67,-0.000760833787644692
67,-0.0007881273028020564
67,-0.0007842847375552981
67,-0.0007570073683615719
67,-0.0007033446591576973
67,-0.0006154972999286677
67,-0.0004920976733513785
67,-0.0003449705615459237
67,-0.00019355036289221502
67,-5.185236767377008e-05
67,7.93380902227556e-05
67,0.00020962826419619943
67,0.0003510496242414695
67,0.0005112673260390754
67,0.000688715774133845
67,0.000869818852285267
67,0.001031660427324447
67,0.001151381859596267
67,0.0012164529565993995
67,0.0012268049345954839
67,0.001186546183392876
67,0.0010943669927518706
67,0.0009438367045678749
67,0.000733155944959387
67,0.00047321431510047865
67,0.00018674602151158478
67,-9.772006160146393e-05
67,-0.00035155054303449184
67,-0.0005516240982231163
67,-0.0006867391543006599
67,-0.0007606866198307586
67,-0.0007879311066088285
67,-0.000784008112058005
67,-0.0007566471152797633
67,-0.0007029222398968756
67,-0.0006150431541813361
67,-0.0004916331813228516
67,-0.0003445016099291083
67,-0.00019307534896816593
67,-5.1372621830424604e-05
67,7.981676111982675e-05
67,0.00021010136411954859
67,0.00035151968091478995
67,0.0005117473801494105
67,0.0006892313910207164
67,0.000870404893844451
67,0.0010323483671743551
67,0.0011521824903109445
67,0.0012173473799698704
67,0.0012277524376174478
67,0.0011875025074735486
67,0.001095296646133638
67,0.000944711617266762
67,0.0007339492274877339
67,0.00047390043872401835
67,0.00018730676773799843
67,-9.729106450067872e-05
67,-0.000351245639005755
67,-0.0005514185925095005
67,-0.0006865900847636839
67,-0.0007605396069030727
67,-0.0007877353100733569
67,-0.0007837320848451141
67,-0.00075628759386407
67,-0.0007025006119009811
67,-0.0006145897898725371
67,-0.0004911694032054039
67,-0.000344033260505576
67,-0.00019260079866435963
67,-5.089319684538533e-05
67,8.029523828584459e-05
67,0.00021057437443111626
67,0.0003519897320894172
67,0.0005122274962297661
67,0.0006897471219991735
67,0.0008709910933677946
67,0.001033036517687953
67,0.0011529834118366045
67,0.0012182422082850266
67,0.0012287004839291276
67,0.001188459520724059
67,0.0010962271276667775
67,0.0009455874746922995
67,0.0007347435263110668
67,0.00047458758252680734
67,0.0001878684618338927
67,-9.686126012626483e-05
67,-0.0003509401230011071
67,-0.0005512127119705305
67,-0.0006864409033825388
67,-0.0007603927485752477
67,-0.0007875399126003386
67,-0.0007834566550280534
67,-0.0007559288030098367
67,-0.0007020797739725132
67,-0.0006141372058347308
67,-0.0004907063379645391
67,-0.0003435655124367398
67,-0.00019212671131344078
67,-5.041409214552264e-05
67,8.077352222058377e-05
67,0.00021104729553755874
67,0.00035245977809195324
67,0.0005127076745695765
67,0.0006902629673532362
67,0.0008715774511482361
67,0.0010337248791869875
67,0.0011537846245173334
67,0.0012191374418522168
67,0.0012296490737198577
67,0.001189417223144364
67,0.00109715843714497
67,0.0009464642764773719
67,0.000735538840968571
67,0.0004752757460189149
67,0.0001884311033278648
67,-9.64306488963313e-05
67,-0.00035063399533869996
67,-0.0005510064567668508
67,-0.000686291610115508
67,-0.0007602460445492873
67,-0.0007873449135931525
67,-0.0007831818217328213
67,-0.0007555707416321792
67,-0.0007016597249213904
67,-0.0006136854009156264
67,-0.0004902439845997284
67,-0.00034309836488896097
67,-0.000191653086210661
67,-4.9935307122913664e-05
67,8.125161346885071e-05
67,0.00021152012792881433
67,0.0003529298193521905
67,0.000513187915567329
67,0.0006907789275021016
67,0.0008721639676409047
67,0.0010344134521337062
67,0.0011545861288083476
67,0.0012200330810944993
67,0.0012305982073029078
67,0.0011903756148585745
67,0.0010980905744609486
67,0.0009473420223163687
67,0.0007363351710529273
67,0.0004759649287686131
67,0.00018899469180961182
67,-9.5999231148946e-05
67,-0.0003503272562344133
67,-0.0005507998269503446
67,-0.0006861422047925155
67,-0.0007600994943804551
67,-0.0007871503123039494
67,-0.0007829075839193632
67,-0.0007552134084829963
67,-0.0007012404634258678
67,-0.0006132343738486824
67,-0.0004897823419914882
67,-0.0003426318169413501
67,-0.0001911799226345334
67,-4.945684121128465e-05
67,8.172951249756316e-05
67,0.00021199287201267462
67,0.00035339985621888286
67,0.000513668219494666
67,0.0006912950026634529
67,0.0008727506430858385
67,0.0010351022368377592
67,0.0011553879250394837
67,0.0012209291262790499
67,0.0012315478848270614
67,0.0011913346958540402
67,0.0010990235394223934
67,0.0009482207118504811
67,0.000737132516094307
67,0.0004766551302872981
67,0.0001895592268416171
67,-9.556700724142346e-05
67,-0.0003500199059310256
67,-0.0005505928225992559
67,-0.0006859926872758829
67,-0.0007599530976571612
67,-0.0007869561080133798
67,-0.0007826339405854744
67,-0.000754856802348402
67,-0.0007008219881659341
67,-0.0006127841233460049
67,-0.0004893214090092778
67,-0.0003421658676638873
67,-0.00019070721981222108
67,-4.897869373666412e-05
67,8.220721989279432e-05
67,0.00021246552827072172
67,0.00035386988908795726
67,0.00051414858671166
67,0.0006918111931824963
67,0.0008733374778053639
67,0.0010357912336066927
67,0.0011561900135170214
67,0.0012218255776758247
67,0.0012324981064414113
67,0.0011922944660823845
67,0.0010999573317632795
67,0.0009491003446523514
67,0.0007379308755877246
67,0.00047734635006493306
67,0.0001901247079686305
67,-9.513397753036163e-05
67,-0.0003497119446488189
67,-0.0005503854437439749
67,-0.0006858430573582627
67,-0.0007598068539057928
67,-0.0007867622999474362
67,-0.0007823608906535397
67,-0.000754500921934738
67,-0.0007004042977774127
67,-0.0006123346480985746
67,-0.000488861184485844
67,-0.0003417005161002585
67,-0.00019023497701374335
67,-4.850086412691495e-05
67,8.268473614438189e-05
67,0.00021293809712111985
67,0.00035433991827096443
67,0.0005146290174276048
67,0.0006923274992463816
67,0.0008739244720217382
67,0.0010364804426734341
67,0.0011569923944466554
67,0.001222722435438695
67,0.0012334488722061142
67,0.0011932549254459505
67,0.0011008919511849443
67,0.000949980920250244
67,0.0007387302489811375
67,0.0004780385875526699
67,0.00019069113469629545
67,-9.470014240821155e-05
67,-0.00034940337263130805
67,-0.0005501776904428916
67,-0.0006856933148581229
67,-0.0007596607626473012
67,-0.0007865688873211723
67,-0.0007820884330590626
67,-0.0007541457659541461
67,-0.0006999873908608807
67,-0.0006118859467557686
67,-0.0004884016672505572
67,-0.00034123576127625553
67,-0.00018976319341718073
67,-4.802335170040262e-05
67,8.316206179874677e-05
67,0.00021341057901666828
67,0.00035480994417950355
67,0.0005151095120190597
67,0.0006928439211590357
67,0.0008745116259862607
67,0.0010371698643180066
67,0.0011577950681394044
67,0.001223619699820781
67,0.0012344001822346279
67,0.0011942160738770162
67,0.00110182739742894
67,0.000950862438219646
67,0.0007395306357562296
67,0.0004787318422369668
67,0.00019125850658990282
67,-9.426550219121315e-05
67,-0.0003490941900415863
67,-0.0005499695626587814
67,-0.000685543459502191
67,-0.0007595148233325059
67,-0.0007863758692682641
67,-0.0007818165666428102
67,-0.0007537913330463602
67,-0.0006995712659782023
67,-0.0006114380179223181
67,-0.0004879428560658198
67,-0.000340771602204851
67,-0.00018929186827847518
67,-4.7546155857965404e-05
67,8.363919737603944e-05
67,0.0002138829743731246
67,0.0003552799670893268
67,0.0005155900706640736
67,0.0006933604590901893
67,0.0008750989398950624
67,0.0010378594987264906
67,0.0011585980347469538
67,0.0012245173709417045
67,0.0012353520365746213
67,0.0011951779112632827
67,0.0011027636701728713
67,0.0009517448980777243
67,0.0007403320353635461
67,0.00047942611357868
67,0.00019182682317354759
67,-9.383005724293618e-05
67,-0.0003487843970838549
67,-0.0005497610603954638
67,-0.0006853934910460802
67,-0.0007593690354266703
67,-0.000786183244948581
67,-0.0007815452902724164
67,-0.0007534376218529292
67,-0.0006991559216784339
67,-0.0006109908602085136
67,-0.0004874847497056481
67,-0.0003403080378576501
67,-0.00018882100075742623
67,-4.706927592923479e-05
67,8.411614340107042e-05
67,0.00021435528362132725
67,0.00035574998736753695
67,0.0005160706936494185
67,0.000693877113245837
67,0.0008756864139174609
67,0.0010385493460768017
67,0.0011594012944558803
67,0.0012254154489343666
67,0.001236304435223779
67,0.0011961404374373535
67,0.0011037007690890544
67,0.0009526282993429977
67,0.0007411344472389192
67,0.00048012140103849367
67,0.0001923960839982978
67,-9.339380788656975e-05
67,-0.00034847399391630605
67,-0.0005495521836132062
67,-0.0006852434092165958
67,-0.0007592233983782894
67,-0.00078599101351302
67,-0.0007812746028309297
67,-0.0007530846310575515
67,-0.0006987413565502707
67,-0.0006105444722503313
67,-0.00048702734698958584
67,-0.000339845067290848
67,-0.00018835059011792834
67,-4.659271131386377e-05
67,8.45929003926196e-05
67,0.00021482750718080515
67,0.00035622000532054275
67,0.0005165513812121823
67,0.0006943938838448021
67,0.0008762740482743304
67,0.0010392394065824899
67,0.0011602048474539093
67,0.0012263139339436287
67,0.0012372573782369217
67,0.0011971036522729667
67,0.0011046386938295472
67,0.000953512641515583
67,0.0007419378708163797
67,0.0004808177040547464
67,0.00019296628858266876
67,-9.295675447709988e-05
67,-0.00034816298073596787
67,-0.0005493429322976249
67,-0.0006850932137433621
67,-0.000759077911637478
67,-0.0007857991741036201
67,-0.0007810045031554119
67,-0.0007527323592810558
67,-0.0006983275691376189
67,-0.0006100988526540558
67,-0.000486570646690328
67,-0.0003393826894866638
67,-0.0001878806355423197
67,-4.611646136455194e-05
67,8.50694688664843e-05
67,0.0002152996454770817
67,0.0003566900212956826
67,0.0005170321336199478
67,0.0006949107710909965
67,0.0008768618431361132
67,0.0010399296804171647
67,0.0011610086939193517
67,0.001227212826094524
67,0.0012382108656193225
67,0.0011980675556111516
67,0.0011055774440510702
67,0.000954397924098059
67,0.0007427423055292746
67,0.0004815150220838218
67,0.00019353743646915295
67,-9.251889734059352e-05
67,-0.00034785135769979154
67,-0.0005491333064000156
67,-0.0006849429043307314
67,-0.000758932574620598
67,-0.0007856077258277635
67,-0.0007807349900719281
67,-0.0007523808051450756
67,-0.0006979145579793255
67,-0.0006096540000261712
67,-0.00048611464760820345
67,-0.00033892090349871415
67,-0.0001874111363247371
67,-4.5640525553411585e-05
67,8.55458492221319e-05
67,0.00021577169877502576
67,0.0003571600354169038
67,0.0005175129508877796
67,0.0006954277749319231
67,0.000877449798421733
67,0.0010406201674831312
67,0.0011618128337171816
67,0.001228112125193262
67,0.0012391648970754355
67,0.001199032147003749
67,0.001106517019141942
67,0.0009552841463566874
67,0.0007435477506101218
67,0.00048221335442457606
67,0.00019410952708540455
67,-9.208023688628649e-05
67,-0.0003475391250144821
67,-0.0005489233058869709
67,-0.0006847924806719641
67,-0.000758787386713445
67,-0.0007854166677467331
67,-0.000780466062339317
67,-0.0007520299671884615
67,-0.0006975023215265526
67,-0.0006092099128485824
67,-0.00048565934835506413
67,-0.0003384597081496463
67,-0.00018694209148155524
67,-4.516490302177654e-05
67,8.602204221426187e-05
67,0.00021624366773247754
67,0.0003576300482542326
67,0.0005179938335073314
67,0.0006959448957988093
67,0.0008780379145119775
67,0.0010413108681260714
67,0.0011626172671650816
67,0.0012290118314949668
67,0.0012401194727430353
67,0.0011999974264084751
67,0.0011074574188545564
67,0.0009561713078766348
67,0.0007443542055700044
67,0.00048291270060945554
67,0.000194682560051989
67,-9.164077335773027e-05
67,-0.0003472262827521933
67,-0.0005487129306218999
67,-0.0006846419423905295
67,-0.0007586423472740509
67,-0.0007852259989379475
67,-0.0007801977187763579
67,-0.000751679844045063
67,-0.0006970908583416837
67,-0.0006087665897641576
67,-0.0004852047477897779
67,-0.00033799910255142586
67,-0.0001864735003549071
67,-4.46895932983168e-05
67,8.649804818993185e-05
67,0.00021671555261077965
67,0.00035810005998952575
67,0.00051847478158792
67,0.0006964621337671297
67,0.0008786261915040166
67,0.0010420017824861927
67,0.0011634219944223515
67,0.0012299119451331013
67,0.001241074592666323
67,0.00120096339373055
67,0.001108398642916734
67,0.0009570594082186862
67,0.0007451616698845646
67,0.00048361306012071947
67,0.00019525653491670998
67,-9.12005070917714e-05
67,-0.0003469128310852499
67,-0.0005485021805788593
67,-0.0006844912892149237
67,-0.0007584974557268293
67,-0.0007850357184985869
67,-0.0007799299581728715
67,-0.0007513304342531102
67,-0.0006966801668305856
67,-0.0006880710470838366
