67,0.0
67,4.267241595482826e-05
67,4.267241595482826e-05
67,4.267239541785069e-05
67,4.266746887433863e-05
67,4.2636635027939904e-05
67,4.257510514035867e-05
67,4.248255512050645e-05
67,4.2351154782004117e-05
67,4.219863577630008e-05
67,4.2101117157615277e-05
67,4.216284979227573e-05
67,4.2455260916105534e-05
67,4.30020973128624e-05
67,4.38171819744984e-05
67,4.493544025010014e-05
67,4.640725487038426e-05
67,4.826907108789087e-05
67,5.050916184472165e-05
67,5.3051685362799984e-05
67,5.574836248233518e-05
67,5.837910592424868e-05
67,6.0711868450037797e-05
67,6.258067262649298e-05
67,6.388859540783982e-05
67,6.458009039103611e-05
67,6.46500976124853e-05
67,6.413650491825763e-05
67,6.308181817156481e-05
67,6.15430907330958e-05
67,5.964655957550284e-05
67,5.758683310276557e-05
67,5.5537477631533554e-05
67,5.355771228237848e-05
67,5.159177559830967e-05
67,4.956354037218875e-05
67,4.74735899099399e-05
67,4.5431716300239805e-05
67,4.364768020785428e-05
67,4.238366620370845e-05
67,4.1843313187593534e-05
67,4.20698279952504e-05
67,4.295731876643073e-05
67,4.4348007498683094e-05
67,4.610520947636872e-05
67,4.8116290752222894e-05
67,5.026384483727354e-05
67,5.24186318498068e-05
67,5.447300345787535e-05
67,5.6390921116067346e-05
67,5.823562332561547e-05
67,6.014784165728602e-05
67,6.226484387524048e-05
67,6.461228442947323e-05
67,6.704447305557196e-05
67,6.927049141691048e-05
67,7.09326063232776e-05
67,7.170051310447977e-05
67,7.135747356649372e-05
67,6.984620647141532e-05
67,6.72659496901981e-05
67,6.384024159622419e-05
67,5.986861977416631e-05
67,5.566931741723736e-05
67,5.151918830829121e-05
67,4.7597297944137364e-05
67,4.396225231788774e-05
67,4.0590123993212056e-05
67,3.7440677094808194e-05
67,3.4505522722998074e-05
67,3.1837451174525576e-05
67,2.955948464383082e-05
67,2.7836115231428877e-05
67,2.6831331739467928e-05
67,2.6691114755461744e-05
67,2.7528750564835992e-05
67,2.9372071602666212e-05
67,3.209276177314282e-05
67,3.539033497982682e-05
67,3.8878085608347054e-05
67,4.2224607551163276e-05
67,4.5234933448896196e-05
67,4.781388851427004e-05
67,4.98833017654946e-05
67,5.135435659070622e-05
67,5.216762344480338e-05
67,5.234008850998751e-05
67,5.19689760677405e-05
67,5.119208543811829e-05
67,5.013464074665315e-05
67,4.887280008085348e-05
67,4.743508685019887e-05
67,4.584103688144983e-05
67,4.413857129673013e-05
67,4.239873689593487e-05
67,4.067859116588556e-05
67,3.899880836761617e-05
67,3.736029829032442e-05
67,3.578860255838857e-05
67,3.437672568896297e-05
67,3.328849706500523e-05
67,3.26898640496008e-05
67,3.261731524558344e-05
67,3.287819236190455e-05
67,3.312544661012269e-05
67,3.3128586938281565e-05
67,3.302982116723665e-05
67,3.3317568471512e-05
67,3.45060225351415e-05
67,3.680385513578755e-05
67,4.003974327128476e-05
67,4.383531747005012e-05
67,4.7818420066446656e-05
67,5.17152748893352e-05
67,5.531116515220146e-05
67,5.836541630858693e-05
67,6.0583335485448184e-05
67,6.169776059040938e-05
67,6.160957159755703e-05
67,6.046136060499702e-05
67,5.8564497266397645e-05
67,5.623302199717039e-05
67,5.365677612276748e-05
67,5.0896266370073624e-05
67,4.797464756221909e-05
67,4.4984327211842746e-05
67,4.2133920203669046e-05
67,3.969292839232151e-05
67,3.7839738034219284e-05
67,3.6501808854547436e-05
67,3.534975024760705e-05
67,3.404045471984404e-05
67,3.255747090385036e-05
67,3.131864834620112e-05
67,3.090930755035424e-05
67,3.1687543051827014e-05
67,3.3614002978074046e-05
67,3.638627233215961e-05
67,3.968817241310799e-05
67,4.335658272278328e-05
67,4.740326265660656e-05
67,5.191739621384548e-05
67,5.690687985748427e-05
67,6.217459396347606e-05
67,6.732635650741429e-05
67,7.190361323288902e-05
67,7.552189010313818e-05
67,7.791909405597743e-05
67,7.892885412002769e-05
67,7.844955893103236e-05
67,7.645533391890869e-05
67,7.304627968919224e-05
67,6.849168275079049e-05
67,6.320620630468714e-05
67,5.7636383824555576e-05
67,5.210291229525503e-05
67,4.6701713982747096e-05
67,4.136466169071842e-05
67,3.607347786642376e-05
67,3.106681335945217e-05
67,2.685322313038862e-05
67,2.4004218544182926e-05
67,2.288715579791433e-05
67,2.3519433105438903e-05
67,2.559734698343945e-05
67,2.8641627556740425e-05
67,3.219145773244329e-05
67,3.598456107224104e-05
67,4.002570830305165e-05
67,4.4474129322708813e-05
67,4.9425216800388164e-05
67,5.476204817826578e-05
67,6.016998984973463e-05
67,6.525137267475712e-05
67,6.962608421582407e-05
67,7.297028636248891e-05
67,7.502388095479147e-05
67,7.562090413182506e-05
67,7.47612182807203e-05
67,7.267462960830633e-05
67,6.979457434785793e-05
67,6.661087980574177e-05
67,6.347477045977883e-05
67,6.048712757871867e-05
67,5.755161392996174e-05
67,5.455096465650052e-05
67,5.151268344095401e-05
67,4.864898879420073e-05
67,4.625691262682081e-05
67,4.45510057592763e-05
67,4.352208906749226e-05
67,4.2903882265541805e-05
67,4.230796454019762e-05
67,4.150057621004525e-05
67,4.064134032353712e-05
67,4.026410291019708e-05
67,4.098368978867196e-05
67,4.315959615410413e-05
67,4.6751401309765536e-05
67,5.140287738523423e-05
67,5.66447105633457e-05
67,6.209110890739016e-05
67,6.753446428307823e-05
67,7.288726770055813e-05
67,7.802054983877549e-05
67,8.26496668201978e-05
67,8.638627664086059e-05
67,8.890137626645213e-05
67,9.002631063607216e-05
67,8.971214021371317e-05
67,8.794653273860589e-05
67,8.476059187791569e-05
67,8.032865130414215e-05
67,7.504585287616144e-05
67,6.948102325181022e-05
67,6.42079292029872e-05
67,5.960469467739625e-05
67,5.5725330203373494e-05
67,5.2323243872846586e-05
67,4.90553686122729e-05
67,4.577703231489847e-05
67,4.272017972772433e-05
67,4.0403108669344586e-05
67,3.9344227742713686e-05
67,3.980612675433758e-05
67,4.1727298251726703e-05
67,4.4829648859529244e-05
67,4.880718321407264e-05
67,5.350758135417105e-05
67,5.9007675903997545e-05
67,6.54855053879236e-05
67,7.293255242416506e-05
67,8.094481169486492e-05
67,8.880018756778786e-05
67,9.574731922595855e-05
67,0.00010124022761484958
67,0.00010497035282401534
67,0.000106776541204666
67,0.00010658681609153284
67,0.00010445237383473558
67,0.00010061683558386481
67,9.552148963948595e-05
67,8.969677800741811e-05
67,8.358391269018237e-05
67,7.73930577274363e-05
67,7.109569108433644e-05
67,6.457477159795021e-05
67,5.7852169426751364e-05
67,5.12452549743254e-05
67,4.5334402954363876e-05
67,4.073983725276166e-05
67,3.783043246405444e-05
67,3.653993503307338e-05
67,3.6423895463905066e-05
67,3.6966542132166604e-05
67,3.7967646164385254e-05
67,3.9717710579627514e-05
67,4.27874632179757e-05
67,4.7588314752885436e-05
67,5.406271120899855e-05
67,6.170370469669793e-05
67,6.979513889039577e-05
67,7.764682660650245e-05
67,8.470463917965854e-05
67,9.055167533835442e-05
67,9.487174964673642e-05
67,9.74397402876237e-05
67,9.816514946370646e-05
67,9.715358047270888e-05
67,9.470575207056569e-05
67,9.120804631231543e-05
67,8.697220036484278e-05
67,8.214774899680686e-05
67,7.678150500812017e-05
67,7.097946186827946e-05
67,6.504068043015708e-05
67,5.944053087546594e-05
67,5.463640220453769e-05
67,5.079942782907901e-05
67,4.7668375917083376e-05
67,4.4696972731939445e-05
67,4.146781454604403e-05
67,3.807620098875482e-05
67,3.5141380828733106e-05
67,3.342331916613035e-05
67,3.338809909001462e-05
67,3.505771770726646e-05
67,3.816455912286781e-05
67,4.240953417435324e-05
67,4.7654214462757776e-05
67,5.397358709466555e-05
67,6.15239355980921e-05
67,7.024996135340351e-05
67,7.962665783074735e-05
67,8.868897621018379e-05
67,9.637061741541163e-05
67,0.00010187998644467745
67,0.00010484092604574633
67,0.0001051917245897334
67,0.00010303868127807844
67,9.862424644462042e-05
67,9.239704499406849e-05
67,8.504321351255698e-05
67,7.73601473327437e-05
67,6.999734623325507e-05
67,6.322298658046039e-05
67,5.68919167913034e-05
67,5.0678957480389365e-05
67,4.445328218222225e-05
67,3.853262797775514e-05
67,3.362042989290217e-05
67,3.0470112312408303e-05
67,2.9514540367372693e-05
67,3.068323789625351e-05
67,3.34768126162024e-05
67,3.724110379171378e-05
67,4.1521077268884865e-05
67,4.6313040008987905e-05
67,5.202142781427238e-05
67,5.910147508381703e-05
67,6.764824925986511e-05
67,7.72546175364862e-05
67,8.719779300380439e-05
67,9.672759887550463e-05
67,0.00010521926007604423
67,0.000112158144586915
67,0.00011708810568905016
67,0.00011964688145107596
67,0.00011968815190036025
67,0.00011738174281788246
67,0.000113181797226325
67,0.00010765213020751626
67,0.00010125500720458794
67,9.424807497074752e-05
67,8.67561815803574e-05
67,7.895073629499432e-05
67,7.119110337268798e-05
67,6.401498336755213e-05
67,5.796547204597717e-05
67,5.333913034709668e-05
67,4.999820356839871e-05
67,4.740220855723823e-05
67,4.493424915692783e-05
67,4.2384329034363035e-05
67,4.024061722757487e-05
67,3.951288887058517e-05
67,4.119780464927914e-05
67,4.5792427151452174e-05
67,5.314888817473571e-05
67,6.263717728729908e-05
67,7.341898168352685e-05
67,8.468152312670039e-05
67,9.575487540504795e-05
67,0.00010608359991610115
67,0.00011511480203769079
67,0.00012225749158283026
67,0.0001270113342367009
67,0.00012916627168691887
67,0.0001288693966941835
67,0.00012648489247292545
67,0.00012238167861401252
67,0.00011683538144240096
67,0.00011009835681291769
67,0.00010252992424880902
67,9.463179800999242e-05
67,8.692018881135186e-05
67,7.970104287581343e-05
67,7.290733139553142e-05
67,6.616482270815526e-05
67,5.913412356239386e-05
67,5.193812286347201e-05
67,4.532607079038482e-05
67,4.038931807120911e-05
67,3.802277242347657e-05
67,3.85225406485255e-05
67,4.155077945497125e-05
67,4.641897975071392e-05
67,5.250215728753579e-05
67,5.958288099557639e-05
67,6.792243079805981e-05
67,7.79390814004535e-05
67,8.966334828035063e-05
67,0.00010241411442572973
67,0.00011498529154770424
67,0.00012614422197626519
67,0.00013499586713755022
67,0.0001410036448709048
67,0.00014383306677663165
67,0.00014328579737756257
67,0.00013940659087888004
67,0.0001326369851531764
67,0.00012382418447612738
67,0.00011399737418299535
67,0.00010401306171830523
67,9.428916071013149e-05
67,8.481592281797393e-05
67,7.54557554217425e-05
67,6.632811024153089e-05
67,5.7999499044275784e-05
67,5.1331598317032726e-05
67,4.7072937012978844e-05
67,4.543971232599856e-05
67,4.594667147035642e-05
67,4.763820530225811e-05
67,4.965198133512695e-05
67,5.179077402113883e-05
67,5.468255218971804e-05
67,5.937327572069749e-05
67,6.666213069155336e-05
67,7.667225410902199e-05
67,8.886400237597196e-05
67,0.0001023139526811766
67,0.0001159872046138118
67,0.0001288770689341284
67,0.00014004137202342317
67,0.00014863064827141983
67,0.00015398673528631068
67,0.0001558068418572122
67,0.00015426727065243482
67,0.00014997625229325125
67,0.0001437304435033492
67,0.00013621090063163153
67,0.00012781841831956597
67,0.00011874467019007184
67,0.0001091937365437221
67,9.955724894821185e-05
67,9.03846079605407e-05
67,8.214317507447009e-05
67,7.492743462645039e-05
67,6.835689125190897e-05
67,6.183398796991347e-05
67,5.507990741793244e-05
67,4.856197682000406e-05
67,4.3414702150898217e-05
67,4.087481182968915e-05
67,4.168721778660835e-05
67,4.5902291841542166e-05
67,5.3076263791229554e-05
67,6.260815860837937e-05
67,7.399786969448982e-05
67,8.694151463140598e-05
67,0.00010120894602422613
67,0.00011633249975641588
67,0.00013135029101489314
67,0.00014490066911100312
67,0.00015566406958836707
67,0.0001627971687820244
67,0.0001660333450378552
67,0.00016548294515204086
67,0.00016141463385223713
67,0.00015422276747059115
67,0.0001445413756133508
67,0.0001332976588893551
67,0.00012154977686222388
67,0.00011015348902449885
67,9.946449672858786e-05
67,8.929938106208588e-05
67,7.923860493315103e-05
67,6.911958664277845e-05
67,5.9385156285201524e-05
67,5.1015663248917287e-05
67,4.508033169553991e-05
67,4.222151008197141e-05
67,4.239646818438093e-05
67,4.499612631584139e-05
67,4.925376180114524e-05
67,5.473832469864821e-05
67,6.164878933195882e-05
67,7.065653400597146e-05
67,8.232864721566171e-05
67,9.654954765494513e-05
67,0.00011239869532378324
67,0.00012852471798973917
67,0.00014363431101882535
67,0.00015672056511938063
67,0.00016699577235005356
67,0.000173768147448982
67,0.00017648510307774175
67,0.0001749479132850134
67,0.0001695075333926224
67,0.00016103497061210098
67,0.00015062553381709935
67,0.00013920971744810093
67,0.00012732643564297645
67,0.00011519321206319734
67,0.0001029877079784685
67,9.111635191748976e-05
67,8.027272186208789e-05
67,7.123062653897761e-05
67,6.448117495096875e-05
67,5.993844268091348e-05
67,5.6954660306271965e-05
67,5.474225541258103e-05
67,5.299152317092763e-05
67,5.222281943107268e-05
67,5.355133097405107e-05
67,5.803697127810954e-05
67,6.613633744797347e-05
67,7.759676364129743e-05
67,9.170226843111682e-05
67,0.00010758493321398903
67,0.00012441025076765562
67,0.00014138516127535462
67,0.0001576291518036739
67,0.0001720515737017181
67,0.00018343019368698932
67,0.00019073932692989558
67,0.00019351312441763912
67,0.00019195206473131884
67,0.00018670333703576782
67,0.00017852335251734825
67,0.00016808174642825736
67,0.00015598924808357014
67,0.00014292357397811605
67,0.00012965858483812806
67,0.00011690431690850488
67,0.00010504141320271975
67,9.395632013825356e-05
67,8.317794491347595e-05
67,7.234182642988911e-05
67,6.171061875084654e-05
67,5.231854600748489e-05
67,4.555065018983059e-05
67,4.2453322754429657e-05
67,4.329693990170814e-05
67,4.765769855018513e-05
67,5.4870843083738484e-05
67,6.451858671841247e-05
67,7.66709224124051e-05
67,9.171838094723317e-05
67,0.00010982337645228335
67,0.00013032353969954046
67,0.00015158301787554664
67,0.00017147712854035575
67,0.00018813663545315498
67,0.0002003904559766235
67,0.0002077144823311357
67,0.0002099556742558134
67,0.00020719170579856452
67,0.00019983020252316267
67,0.00018876404725608537
67,0.0001753222440528229
67,0.00016092549383767157
67,0.0001466182606211757
67,0.00013278737264818479
67,0.00011928188103090562
67,0.00010587821804617216
67,9.2778900516866e-05
67,8.079181591461952e-05
67,7.105267477906944e-05
67,6.446619289504105e-05
67,6.122710139780321e-05
67,6.0733839772362125e-05
67,6.198083484227658e-05
67,6.423059483993948e-05
67,6.755310902977457e-05
67,7.284048801766892e-05
67,8.125020969949653e-05
67,9.347253208468046e-05
67,0.00010932771195339766
67,0.00012787104930653202
67,0.00014778455112815346
67,0.00016772063480408462
67,0.0001864240099115967
67,0.00020268241192490408
67,0.00021529004595744917
67,0.00022318278921038044
67,0.00022573507289117348
67,0.00022302032574404438
67,0.00021580656072542069
67,0.00020524431336732006
67,0.0001924500369822854
67,0.00017826187925181137
67,0.00016328325735803258
67,0.0001480926830858368
67,0.00013338598394925895
67,0.00011989521326713589
67,0.00010811500503218982
67,9.803187345894054e-05
67,8.910649439818054e-05
67,8.064864418763373e-05
67,7.243622420316944e-05
67,6.513713744972045e-05
67,6.0141795337972835e-05
67,5.888617799975479e-05
67,6.218495807160146e-05
67,7.002543310061357e-05
67,8.182831717368334e-05
67,9.686937110588937e-05
67,0.00011457904089225921
67,0.00013457997646385646
67,0.00015642627448382847
67,0.0001791814181714008
67,0.00020119477123085712
67,0.00022038441731871808
67,0.000234901558148495
67,0.00024367807673943606
67,0.0002464923530957253
67,0.00024366113027899888
67,0.00023573688564458854
67,0.00022344883257609732
67,0.0002078101681508747
67,0.00019013988277707331
67,0.0001718376146719778
67,0.00015398734482246587
67,0.00013704091658186746
67,0.00012082937493185654
67,0.00010497144307845694
67,8.947028005753595e-05
67,7.509051483503074e-05
67,6.320386157189625e-05
67,5.5170648236401164e-05
67,5.167313544186097e-05
67,5.2439685278958766e-05
67,5.6519672321750334e-05
67,6.293984033121522e-05
67,7.136751835852702e-05
67,8.235919450476395e-05
67,9.695274446868837e-05
67,0.00011580034810959929
67,0.000138446950113374
67,0.00016328103531048778
67,0.00018811732414378328
67,0.0002108847522067279
67,0.00022995362783697552
67,0.00024408354118203476
67,0.0002523091247801803
67,0.00025403522191122654
67,0.00024931630755192953
67,0.00023904961363056988
67,0.0002248232266532602
67,0.00020841315871846593
67,0.00019120918413499687
67,0.0001739278694478472
67,0.00015677140777701923
67,0.0001398769000551585
67,0.000123715347927123
67,0.00010915602181656853
67,9.714383578376652e-05
67,8.819313496409455e-05
67,8.20475939417569e-05
67,7.780759296311589e-05
67,7.455209170730663e-05
67,7.209012293789822e-05
67,7.127922696819621e-05
67,7.362967621911568e-05
67,8.049787475729055e-05
67,9.246629862265778e-05
67,0.00010923047525242301
67,0.0001298592937036601
67,0.0001531295152745343
67,0.00017774127412952884
67,0.00020235204136834496
67,0.00022547502091369075
67,0.0002454223456900253
67,0.00026050372357482493
67,0.0002694747799052957
67,0.00027193699621301136
67,0.00026836837973707203
67,0.00025976882888752476
67,0.00024721657758741553
67,0.0002316510823861449
67,0.00021394770969994232
67,0.00019508586288654169
67,0.00017615562646803847
67,0.00015811747209863277
67,0.00014146324192144206
67,0.00012605164100074442
67,0.0001113362732099457
67,9.696002479157779e-05
67,8.335264176398925e-05
67,7.183917826423546e-05
67,6.40941163420316e-05
67,6.132655407215601e-05
67,6.379917363281462e-05
67,7.096419876384281e-05
67,8.202120178651307e-05
67,9.649264878390984e-05
67,0.00011448138497275565
67,0.00013642606395249506
67,0.00016241135100524107
67,0.00019145322305598214
67,0.0002213419068199784
67,0.00024923710016353944
67,0.00027256792930679973
67,0.0002895889562271554
67,0.00029937249692673496
67,0.00030154917140565407
67,0.0002962029998515531
67,0.00028401492673553794
67,0.00026641440453380796
67,0.00024543070632791124
67,0.00022317262122926844
67,0.0002011914596469115
67,0.0001801220673121391
67,0.00015984828442906752
67,0.00014009864078034752
67,0.00012108158714001907
67,0.00010373488683216224
67,8.942059025993256e-05
67,7.926844103344437e-05
67,7.360001243370245e-05
67,7.181630800768047e-05
67,7.285248704965304e-05
67,7.595363415996954e-05
67,8.128521607157684e-05
67,8.993613714209672e-05
67,0.00010326677431050986
67,0.0001220405570057464
67,0.0001459118018377917
67,0.00017350555580114435
67,0.00020287502521229055
67,0.0002319504063760919
67,0.0002587467441419875
67,0.00028137541336160926
67,0.0002980820751717966
67,0.0003074886108233595
67,0.00030898587759313186
67,0.00030300622924333675
67,0.000290913372159043
67,0.00027450822782400323
67,0.00025544359985013544
67,0.0002349000379961485
67,0.00021365496695831477
67,0.00019238222884646693
67,0.00017188274630486195
67,0.00015303970145617694
67,0.00013651718889321878
67,0.0001224287572755609
67,0.00011027907491796538
67,9.935468216180535e-05
67,8.940467733803776e-05
67,8.112251214793158e-05
67,7.599399200191246e-05
67,7.558888374253082e-05
67,8.085201943314782e-05
67,9.188068757740268e-05
67,0.00010819020023213505
67,0.00012912350568040703
67,0.00015409167098902622
67,0.00018251516306435825
67,0.00021348516467856532
67,0.00024535087163271503
67,0.00027561928102771385
67,0.00030142828792403294
67,0.00032037748394752105
67,0.00033115312793333417
67,0.0003335787632580996
67,0.0003282359817372226
67,0.0003160792656244065
67,0.0002983112714184667
67,0.0002764427038617533
67,0.0002522686496813962
67,0.00022758632494400093
67,0.00020374124243946386
67,0.00018128671120028387
67,0.0001600313640840847
67,0.00013953620768262644
67,0.00011981092885123584
67,0.00010174805347466082
67,8.694465787862227e-05
67,7.698835889198121e-05
67,7.269284298127319e-05
67,7.380447979323035e-05
67,7.935850008004501e-05
67,8.844339621030486e-05
67,0.00010089810790005598
67,0.00011748191377458556
67,0.0001393262394103161
67,0.0001669497741365332
67,0.00019949436001287816
67,0.00023471719055786146
67,0.0002696775724559763
67,0.0003015451519465261
67,0.0003280140045755405
67,0.0003472947726648675
67,0.00035803820169176575
67,0.0003594918336611263
67,0.00035184275325088094
67,0.00033641608125726266
67,0.00031543161614422074
67,0.0002913384750873598
67,0.0002660844804490785
67,0.0002407510504360512
67,0.00021573391621178763
67,0.00019127960018806316
67,0.00016797355539062387
67,0.00014684246770885938
67,0.00012900616745106363
67,0.00011511990016754614
67,0.00010501381153886395
67,9.785310531998524e-05
67,9.280890543939609e-05
67,8.982098725483893e-05
67,8.988474983658842e-05
67,9.4624782522444e-05
67,0.00010548080152520246
67,0.00012307911065560133
67,0.00014708817170582447
67,0.00017643513118191693
67,0.00020960074141945673
67,0.00024479977605049267
67,0.0002799933899895393
67,0.0003128210240632463
67,0.00034067111828757095
67,0.0003610774535408044
67,0.0003723477004131668
67,0.00037404336354764415
67,0.00036697196835114494
67,0.0003527159003999369
67,0.00033305013413021257
67,0.00030960282832603913
67,0.00028383883760520705
67,0.00025716928788640955
67,0.0002309335874802373
67,0.00020617168377435208
67,0.00018333520917675162
67,0.00016220369635576621
67,0.00014220188607904193
67,0.00012305561436139193
67,0.00010539531608606588
67,9.081738893654417e-05
67,8.12641820819068e-05
67,7.814024854413157e-05
67,8.180000550378335e-05
67,9.17111720813464e-05
67,0.0001070817203141528
67,0.00012748064447661375
67,0.00015304882425969102
67,0.00018412113456950068
67,0.00022040905011558808
67,0.00026026293977220253
67,0.0003006174604857093
67,0.0003377565470844035
67,0.00036836859946664846
67,0.0003901917342060832
67,0.00040203072462020493
67,0.00040349247052108654
67,0.0003948759114050846
67,0.00037730217221591545
67,0.00035280916011322535
67,0.00032409049810756097
67,0.00029384068400699364
67,0.0002640201703721449
67,0.00023548170980067652
67,0.00020820209403477
67,0.00018198039932913672
67,0.000157155813245072
67,0.0001348757499476867
67,0.0001167342088721983
67,0.00010401535283149098
67,9.704412645537409e-05
67,9.509288356977055e-05
67,9.695273256229627e-05
67,0.00010184840870361164
67,0.00011011118927286442
67,0.00012312924026147243
67,0.00014256467792470647
67,0.00016933655450319723
67,0.00020299274278484672
67,0.00024174585814951951
67,0.0002829730282634973
67,0.0003237611307697828
67,0.00036121394343890554
67,0.00039255205271634713
67,0.00041525773434973904
67,0.0004274559315768083
67,0.0004284292160874999
67,0.00041891602960192836
67,0.00040089671274340914
67,0.00037691390656472676
67,0.00034931060759131
67,0.00031980801061463134
67,0.00028956853447302864
67,0.0002595439478540879
67,0.00023075538097240921
67,0.00020426380902936126
67,0.0001808517153521841
67,0.00016067736892570148
67,0.00014324636156701952
67,0.00012787814176319835
67,0.00011445525297973043
67,0.0001039100063604903
67,9.801248831090931e-05
67,9.85859538418933e-05
67,0.00010675242598929084
67,0.00012270308207941623
67,0.0001459691205346341
67,0.00017581647968893858
67,0.00021143370166730138
67,0.00025179599939546355
67,0.0002952782172627848
67,0.00033928805905557584
67,0.00038031957354394015
67,0.0004146217713748836
67,0.00043917401499983695
67,0.0004523624561938056
67,0.0004540129851127024
67,0.00044496912628685134
67,0.00042666226786035777
67,0.00040093545700436984
67,0.00037002575152119516
67,0.00033642944954597555
67,0.00030249759815493014
67,0.00026989747927261504
67,0.00023927163468685135
67,0.00021037851309140711
67,0.00018273334411367595
67,0.0001564249686849229
67,0.00013258576083782826
67,0.00011314964327915086
67,0.00010001585733589206
67,9.417982145198263e-05
67,9.541897839424512e-05
67,0.00010272328573514587
67,0.00011517223401840481
67,0.0001326962148940459
67,0.0001562085348978786
67,0.0001869315034377129
67,0.0002252617332769827
67,0.0002699033101873719
67,0.00031785377434135817
67,0.0003651898931125054
67,0.0004080378352247511
67,0.00044314509974464135
67,0.00046798917064053635
67,0.0004807874063828644
67,0.0004807267222667722
67,0.0004683428013486035
67,0.0004456678459721847
67,0.0004158282573011169
67,0.0003821591099833185
67,0.0003472860560115308
67,0.0003126847381609699
67,0.00027891394620384
67,0.0002462814161180144
67,0.00021545586174392945
67,0.00018762327383943175
67,0.00016411016171376935
67,0.00014575362414799602
67,0.00013248552007437032
67,0.00012349254907337696
67,0.00011793320693252843
67,0.00011575488935090588
67,0.0001180169195569908
67,0.0001264764017096929
67,0.0001427556224323377
67,0.00016765139817750963
67,0.00020089384347811434
67,0.00024126929559087243
67,0.00028685979824325035
67,0.000335214188623489
67,0.0003833945912579222
67,0.00042799781262650255
67,0.0004653820796072712
67,0.0004922554344071948
67,0.0005064592563961523
67,0.0005075039558329283
67,0.0004965117071525912
67,0.0004756322030795374
67,0.0004473352587736991
67,0.00041396801364497243
67,0.0003776657648379375
67,0.0003404132407045806
67,0.00030399553884230714
67,0.00026975620184589515
67,0.00023831633876720792
67,0.00020952615623264433
67,0.00018284051856432777
67,0.00015803581730836538
67,0.00013585010481163278
67,0.0001180407456318248
67,0.00010672709622549713
67,0.00010346549096344195
67,0.00010872905587548675
67,0.00012210871453234855
67,0.00014298375893602154
67,0.00017112239472729285
67,0.0002067710786331301
67,0.00025009830695612965
67,0.000300251018037838
67,0.0003546318697883628
67,0.00040899810901806784
67,0.00045844101020432526
67,0.0004986335603036014
67,0.0005266033473520547
67,0.0005408116537525491
67,0.0005409018428691882
67,0.0005275644859561234
67,0.0005026030804483162
67,0.0004689130684074939
67,0.0004300610275585852
67,0.0003894677724053949
67,0.0003495676566473226
67,0.00031142789231555903
67,0.00027506784345788767
67,0.000240290729065447
67,0.00020751643765291498
67,0.0001780931796476365
67,0.00015389202203716277
67,0.0001364562813390113
67,0.00012628054763814825
67,0.00012272184707148666
67,0.00012463821545338446
67,0.00013136829329808274
67,0.00014341353067177202
67,0.00016234288554247382
67,0.00018993704680203308
67,0.00022708506273130065
67,0.0002730669123528418
67,0.00032553385540679366
67,0.0003810266973211726
67,0.0004356104331471769
67,0.0004853021844644647
67,0.0005262974269073294
67,0.0005552499529168027
67,0.0005697925324988446
67,0.0005691551066273937
67,0.0005544737561688192
67,0.0005284731875188645
67,0.00049460517217215
67,0.0004560975980381186
67,0.0004154008000906692
67,0.00037420354042547855
67,0.00033380350490409805
67,0.00029544068598916397
67,0.00026031667380369537
67,0.00022930755506252472
67,0.000202643020692918
67,0.00017990846142526144
67,0.00016053649396801826
67,0.0001445510211272732
67,0.00013301790136457521
67,0.00012780195625950006
67,0.00013078970415140843
67,0.0001431725819302179
67,0.0001652487165875711
67,0.0001966860165438717
67,0.0002368503345813677
67,0.0002848672486202964
67,0.00033933819701598145
67,0.0003978641203938948
67,0.00045672549436554487
67,0.0005111238124578182
67,0.000556098867290407
67,0.0005877141503821899
67,0.0006038549404416093
67,0.0006042982453139517
67,0.0005902618338650739
67,0.0005638896755017373
67,0.0005279417015816234
67,0.00048560968434041796
67,0.00044021879935397275
67,0.000394709185653925
67,0.00035106968630453514
67,0.00031006077859753104
67,0.00027147706358371
67,0.00023490884413264248
67,0.00020062579500912904
67,0.00017003936725115535
67,0.0001453928680167687
67,0.0001288338925094853
67,0.00012148176101896152
67,0.00012312424791181695
67,0.0001327382866527878
67,0.0001494779354372508
67,0.00017347517448722258
67,0.00020588669991510484
67,0.00024804266660488356
67,0.0003001329741350335
67,0.0003602439350684796
67,0.0004243700743152964
67,0.0004873381731048743
67,0.0005439771287030845
67,0.0005898854432202472
67,0.0006216902325499479
67,0.0006371583996049514
67,0.0006354826770152796
67,0.0006176551987836908
67,0.0005865221771785462
67,0.000546205823463024
67,0.0005010120380250413
67,0.00045434835097641696
67,0.00040821480318856265
67,0.0003634687629792637
67,0.00032058372799458854
67,0.00028035719620429805
67,0.00024411687893358968
67,0.00021333478934301757
67,0.00018896001020777495
67,0.0001709888033380271
67,0.00015865972615902108
67,0.0001512293497857052
67,0.00014882413115116936
67,0.00015275588004130935
67,0.00016507431347249064
67,0.00018768501944200705
67,0.00022158017257956365
67,0.00026648936601919354
67,0.00032090121960384293
67,0.00038225149154789316
67,0.0004471095960484034
67,0.0005113052892787926
67,0.0005700956529719527
67,0.0006185944628478072
67,0.0006525752032931319
67,0.0006694099043057688
67,0.0006686509907344179
67,0.0006519117884253561
67,0.0006221486927959309
67,0.0005827930747828423
67,0.0005371557112365631
67,0.00048821497908448807
67,0.000438598101204816
67,0.00039050192697937604
67,0.00034547261604366567
67,0.0003041915451145336
67,0.0002665217830575417
67,0.00023197754677595597
67,0.0002004971473670779
67,0.00017307667003647653
67,0.00015176607390051126
67,0.00013893195632687862
67,0.00013627825019031054
67,0.00014432748707155562
67,0.00016267939718303979
67,0.00019075472866272557
67,0.00022841506492315874
67,0.0002759679693170441
67,0.00033344728034144104
67,0.00039951861336185834
67,0.0004707081103418881
67,0.0005415814364174168
67,0.0006058943371230811
67,0.0006580434399093546
67,0.0006940285564545494
67,0.0007116795328707096
67,0.0007104946898751551
67,0.0006915242201844336
67,0.0006573650117885279
67,0.0006119776223949925
67,0.0005600449772778257
67,0.0005059425964478529
67,0.000452766259726914
67,0.00040194006755834465
67,0.0003536299762273743
67,0.00030771815091719965
67,0.0002647567900736092
67,0.00022632890821702622
67,0.00019460818950344606
67,0.00017142139867775647
67,0.00015744954479232658
67,0.00015212546843614079
67,0.00015433285540709162
67,0.00016347672208712598
67,0.00018022656496109146
67,0.0002064130398509538
67,0.00024408207102955557
67,0.0002942286802881409
67,0.0003558933062433961
67,0.0004260220150703938
67,0.0005000043586295288
67,0.0005724641985545336
67,0.0006379112928902052
67,0.0006911901751338672
67,0.0007279524003873358
67,0.0007453254761497354
67,0.0007426055074073624
67,0.0007215308601058654
67,0.0006858130339037265
67,0.0006400481686830625
67,0.0005885378107753471
67,0.0005345775409756782
67,0.0004804216817360566
67,0.00042769619242414013
67,0.00037782188296907364
67,0.0003321206381099301
67,0.00029158296038776115
67,0.0002565690119998856
67,0.00022681545270814626
67,0.00020192482913920876
67,0.00018210126317174942
67,0.00016859135772664887
67,0.00016344246387851765
67,0.0001687404095963413
67,0.00018590426618323526
67,0.00021547177476585557
67,0.0002573020345927507
67,0.00031079617769955853
67,0.00037482176141917
67,0.000447310959588335
67,0.0005247571901226542
67,0.0006020056378077312
67,0.0006727188699048231
67,0.0007305490542540841
67,0.0007705291099773494
67,0.0007899947681625403
67,0.0007887003041664327
67,0.0007683418284811384
67,0.0007319454935083183
67,0.000683395868691387
67,0.0006270536691500739
67,0.0005672685055516302
67,0.0005077312393665866
67,0.0004508717673028487
67,0.0003976398674095332
67,0.00034788487971479474
67,0.00030124019130512266
67,0.0002580899429193302
67,0.000220054430026775
67,0.00018964693272859818
67,0.00016927899505405272
67,0.0001602670837795416
67,0.00016251913599144285
67,0.0001751080309815043
67,0.00019733179135836542
67,0.00022953328198748203
67,0.00027307076337204476
67,0.0003293171183743641
67,0.00039818638781544764
67,0.0004770651340136482
67,0.0005608203607871616
67,0.0006428389106094662
67,0.0007164050835575149
67,0.0007757040136188865
67,0.0008162829062137771
67,0.0008353022140254059
67,0.0008318930697328682
67,0.0008075232558528767
67,0.0007659511014781373
67,0.0007124606526962605
67,0.0006525416090183802
67,0.0005906076966247391
67,0.0005293764122891497
67,0.000470134056647127
67,0.0004135834598114025
67,0.0003606741628779392
67,0.0003129041881943614
67,0.0002719689930566271
67,0.00023907602375844883
67,0.00021447805232633547
67,0.0001976409714157523
67,0.00018800645885857736
67,0.0001858439824660927
67,0.00019258962634577888
67,0.00021044458871244179
67,0.0002415197385988971
67,0.00028701336060415366
67,0.00034671551123416166
67,0.00041884780961417146
67,0.0005001213284733134
67,0.0005859038789328926
67,0.000670453884715863
67,0.0007473030753311641
67,0.0008099636772563095
67,0.0008530008543252218
67,0.0008731622251688023
67,0.000870031475107179
67,0.0008458579066033033
67,0.0008046840448918765
67,0.0007512539124548835
67,0.0006901754381737725
67,0.0006255071917002841
67,0.0005606266574573052
67,0.0004981452176312427
67,0.00043977261328972267
67,0.00038623542404968454
67,0.00033745213689317244
67,0.00029308227819984544
67,0.0002533072356309729
67,0.00021941261029961932
67,0.00019371639771203437
67,0.00017879046073884797
67,0.00017648526436766723
67,0.00018745489742909212
67,0.00021147567507089722
67,0.000248219974362106
67,0.0002978165313983203
67,0.0003606827022188907
67,0.00043657942077395234
67,0.0005233626075776046
67,0.0006162247442996016
67,0.0007080527497223246
67,0.0007908456836453103
67,0.0008574349520777262
67,0.0009026656945453573
67,0.0009237697064043561
67,0.0009202656349734873
67,0.000893809722997149
67,0.0008480587963603013
67,0.0007882727347532399
67,0.0007204259174261658
67,0.0006499697184801803
67,0.000580753496388647
67,0.0005146459105635715
67,0.00045205022853931514
67,0.00039300833155224484
67,0.0003382547504240953
67,0.0002896158347674547
67,0.0002495443609319272
67,0.00022012041739130395
67,0.0002022020738486615
67,0.00019532441370718882
67,0.00019845415660653745
67,0.00021112939371751546
67,0.00023423636709835846
67,0.00026987833609210795
67,0.00032033557456828253
67,0.00038664587375912676
67,0.00046752499585247457
67,0.0005591048422823423
67,0.0006554763759395718
67,0.00074962380990603
67,0.0008343049506609872
67,0.0009027494633862232
67,0.0009493608267727115
67,0.0009705680110118798
67,0.0009656188351181608
67,0.0009368375811635291
67,0.0008890154711607782
67,0.000828091494362703
67,0.0007597180300463688
67,0.0006883413846976225
67,0.0006170546359288712
67,0.0005480051113432007
67,0.00048289186951928816
67,0.00042317984571983724
67,0.00036996752205149396
67,0.0003237591025580412
67,0.00028450802089477934
67,0.00025210407195187134
67,0.00022706706310603362
67,0.00021092854127126325
67,0.00020595797648025694
67,0.00021442226388570284
67,0.0002379327685966498
67,0.00027725466086779473
67,0.00033245396848771697
67,0.0004029712773735469
67,0.0004873466606887712
67,0.0005826515220665289
67,0.0006839524685585904
67,0.0007842550597337161
67,0.0008752660578298249
67,0.0009488941148523051
67,0.0009989010464592743
67,0.0010219780743317766
67,0.0010179157467004416
67,0.0009890877517519264
67,0.0009397022818002568
67,0.0008751050135273956
67,0.0008011253085580484
67,0.0007233435136821591
67,0.000646297264678192
67,0.0005728713196898462
67,0.0005041926580051533
67,0.0004401832796861227
67,0.0003805963064042396
67,0.0003260543114769156
67,0.000278514753239511
67,0.00024084686189435717
67,0.00021574900114377003
67,0.0002047094523772317
67,0.0002077190808320801
67,0.00022393382872275036
67,0.0002528302193737572
67,0.000295046815732291
67,0.000352252702726557
67,0.00042593957708474345
67,0.0005157166079278878
67,0.0006180860065182813
67,0.000726446717911612
67,0.0008322997894135219
67,0.000926913640231674
67,0.0010026476672168954
67,0.001053687114047111
67,0.0010764810901899382
67,0.0010701844973671285
67,0.0010369904585372882
67,0.0009819221036454903
67,0.0009118006652225371
67,0.0008336240163057032
67,0.0007530419133178469
67,0.0006736200302035379
67,0.0005971303544142074
67,0.0005245229335651621
67,0.0004569062705303262
67,0.00039595900621373887
67,0.00034361681926682824
67,0.0003013645146563893
67,0.000269724519997166
67,0.0002483919460612846
67,0.00023698988103164519
67,0.00023593912880312542
67,0.00024683729536543396
67,0.0002721032204217141
67,0.0003141264450299594
67,0.0003743569138660658
67,0.00045262634071308657
67,0.0005467791545809374
67,0.0006525933433696597
67,0.0007639483979346633
67,0.0008732081705016868
67,0.0009718677908735634
67,0.0010515788289970583
67,0.0011055166990479727
67,0.0011297131252426006
67,0.0011237828990887267
67,0.0010906937612831737
67,0.001035722020799435
67,0.0009651144537160573
67,0.0008849848009228693
67,0.0008006777913054859
67,0.0007165090072141829
67,0.0006356662896254293
67,0.0005601578397956115
67,0.0004908648095109954
67,0.00042784594653083423
67,0.00037096865241354566
67,0.0003207051663839942
67,0.0002786738866311554
67,0.000247503989937793
67,0.0002300112939475694
67,0.00022822354511649423
67,0.0002429560600777757
67,0.0002742021593702159
67,0.00032193725389094614
67,0.0003865982854776472
67,0.0004687063500964005
67,0.0005676592648557006
67,0.0006803049111392876
67,0.0008001935344107906
67,0.0009181386327808225
67,0.001023949549101323
67,0.001108482744717508
67,0.001165106152135617
67,0.001190273342231899
67,0.0011835199548287131
67,0.0011472836460973454
67,0.0010865993885962317
67,0.001008420892127161
67,0.0009204051460155649
67,0.0008293961779663381
67,0.0007401956920095328
67,0.0006551914245669246
67,0.0005750040282780375
67,0.0004997730525777166
67,0.00043036456478570413
67,0.000368843858742306
67,0.00031799488798231446
67,0.0002802504495992126
67,0.0002567727382352474
67,0.0002473286121076633
67,0.00025107443427927064
67,0.00026775101477134137
67,0.00029850042443020354
67,0.0003457252471498135
67,0.00041195976602861493
67,0.0004982714829016803
67,0.0006029566348386038
67,0.0007211127451402477
67,0.0008451784654532639
67,0.0009660507966917191
67,0.0010742700376941024
67,0.0011610515606066728
67,0.001219282771341094
67,0.0012445915911577271
67,0.0012362451794142488
67,0.001197371638428822
67,0.0011341669029169027
67,0.0010542812732047431
67,0.0009650589183879418
67,0.0008723538127378247
67,0.0007802478336577099
67,0.0006914688850409226
67,0.0006080066102524214
67,0.000531485209091443
67,0.000463166640695718
67,0.0004037980223389439
67,0.0003536614772937003
67,0.0003130102426143912
67,0.000282684300475769
67,0.0002644362093343033
67,0.0002606683337857572
67,0.00027377128151593255
67,0.0003055617754460189
67,0.00035711533012565834
67,0.00042881591144593737
67,0.0005202148676652502
67,0.0006294906200370938
67,0.0007526794485595798
67,0.0008831157886110822
67,0.0010115726185626977
67,0.0011273788236435367
67,0.001220309468705443
67,0.0012825561163299077
67,0.0013100067267126454
67,0.0013024962749231264
67,0.0012632419989851216
67,0.001197911641850565
67,0.0011136318901688916
67,0.0010179966664314115
67,0.0009180491797434532
67,0.0008193376591178313
67,0.0007253178911187041
67,0.0006373875612101431
67,0.0005556240634655636
67,0.0004799682440592988
67,0.000411326461778074
67,0.0003520187145222798
67,0.00030529204807814637
67,0.00027417025468886577
67,0.00026038025160932685
67,0.00026408927586795994
67,0.0002846457687572522
67,0.0003218147550292946
67,0.0003766199786717462
67,0.00045108060629759413
67,0.0005467604769436295
67,0.0006628018769637432
67,0.0007945381057498295
67,0.0009335152136194429
67,0.001068908441217658
67,0.0011895299269281338
67,0.001285527173610972
67,0.001349440137072918
67,0.0013768618334357014
67,0.0013669797970541672
67,0.0013228655580882827
67,0.0012510737049937402
67,0.0011602984040166347
67,0.0010593993568149473
67,0.000955582805749802
67,0.0008535075777334484
67,0.0007555782051142165
67,0.000663045641099935
67,0.0005771689401480336
67,0.0004997814752763169
67,0.0004330561688701058
67,0.00037879738881774693
67,0.00033788426394378777
67,0.00031035478307256474
67,0.00029612855948421405
67,0.0002958750333153985
67,0.00031142816977047783
67,0.0003454858256745829
67,0.0004007745888366373
67,0.000479045240277071
67,0.000580176404829193
67,0.0007015408654414539
67,0.0008377411193064247
67,0.0009807705998596283
67,0.0011205925480532624
67,0.0012461356682483536
67,0.0013467260096985225
67,0.0014138175959041994
67,0.0014425699956681364
67,0.0014326671765405852
67,0.001388020796893986
67,0.001315513170418438
67,0.0012233380444145335
67,0.0011195392236163122
67,0.001011072551789234
67,0.000903378181377414
67,0.0008002798031930836
67,0.0007040675332419631
67,0.0006157501977798413
67,0.0005355415668327519
67,0.0004635920967717967
67,0.00040078224641230026
67,0.000349181696998321
67,0.00031181213462280153
67,0.0002917646891789145
67,0.0002912434132220654
67,0.0003112240059400601
67,0.0003519393654209388
67,0.00041371195089433683
67,0.000497324143316202
67,0.0006033875834467368
67,0.0007308304342463572
67,0.0008752667857807583
67,0.0010282624837582436
67,0.0011781328053764389
67,0.0013120465689011266
67,0.001418474042229528
67,0.0014889954068794864
67,0.0015191224557396545
67,0.0015084136232936542
67,0.0014602540440208302
67,0.0013813414246753911
67,0.0012806625296341862
67,0.0011678857422406418
67,0.0010515214982544864
67,0.000937529150170051
67,0.0008289650035612051
67,0.0007267836785670394
67,0.0006313233633260337
67,0.0005436721445161571
67,0.0004662118970237474
67,0.000402121247821059
67,0.0003542373095794204
67,0.000324067440318896
67,0.0003116394811128273
67,0.0003163210099262494
67,0.000338088087215013
67,0.0003784079798161152
67,0.0004400960865041699
67,0.0005260632590892163
67,0.0006374640560454275
67,0.0007720861805294841
67,0.000923709659018176
67,0.0010826534688540077
67,0.0012371419121570955
67,0.0013748943858617633
67,0.0014845940859787485
67,0.001557259999881402
67,0.00158757472998765
67,0.0015748918928017762
67,0.0015233911517310318
67,0.0014410447599513593
67,0.0013376380112841253
67,0.0012226101231721524
67,0.001103547912487216
67,0.0009857391271440544
67,0.0008726046210199782
67,0.0007664644847219452
67,0.0006691152294939122
67,0.0005820075231770038
67,0.000506186245588828
67,0.000442341556867029
67,0.0003911786681833099
67,0.00035394481012855416
67,0.0003326988082990801
67,0.00033006458255205394
67,0.0003486524309184874
67,0.000390585642751469
67,0.0004573426440636651
67,0.0005496768014231594
67,0.0006672114598837162
67,0.0008075869435022083
67,0.0009654709175561601
67,0.0011319990782954596
67,0.0012951727392750533
67,0.0014414072038146726
67,0.0015578828723126926
67,0.001634891112061236
67,0.0016673567576226253
67,0.0016551882750451736
67,0.0016026575844549481
67,0.0015172475460196418
67,0.0014083006090341984
67,0.0012856115064779198
67,0.001158055968899789
67,0.001032455862250794
67,0.0009129894294015485
67,0.0008013893156934481
67,0.0006979057979180337
67,0.0006026791542807632
67,0.0005169337302583224
67,0.00044341638157228356
67,0.0003858347043311584
67,0.0003476192340804305
67,0.0003308014531068079
67,0.00033577439052607816
67,0.00036212043444477986
67,0.00040993620354268787
67,0.00048067683078963433
67,0.0005767455758401748
67,0.0006997636561895519
67,0.0008482925942563948
67,0.0010162412439628633
67,0.0011928953624033092
67,0.0013645793701051383
67,0.0015170793155852259
67,0.001637808801372897
67,0.0017172770192284295
67,0.0017500351154316129
67,0.0017353404827119988
67,0.0016773825713218445
67,0.00158463030057036
67,0.0014680944374279759
67,0.001338916232419194
67,0.0012061905866195218
67,0.0010758882905216119
67,0.0009511661583953209
67,0.0008336380396528159
67,0.0007247649942636516
67,0.0006266108071120973
67,0.0005416989313904054
67,0.0004722954735499541
67,0.00041978048770262803
67,0.00038464584805357737
67,0.0003671595796406758
67,0.00036823521271742263
67,0.00038991805645447375
67,0.00043518882850032735
67,0.0005071710056437489
67,0.0006080086854690508
67,0.0007376779514193765
67,0.0008929943401235379
67,0.0010670978912982088
67,0.001249608782207709
67,0.001427472482747237
67,0.001586412331262367
67,0.001712873411987684
67,0.0017961940527241585
67,0.001830474471279204
67,0.0018155045608573299
67,0.001756385673329943
67,0.00166200997444612
67,0.0015429985889366179
67,0.0014097905906062997
67,0.001271329167330639
67,0.0011344328491690713
67,0.001003704592373924
67,0.0008817927868572631
67,0.0007698920047028595
67,0.0006684407121464555
67,0.0005779546300842137
67,0.0004997980487064306
67,0.0004365422471832882
67,0.000391625643342301
67,0.0003684334329119766
67,0.00036939045051848795
67,0.0003957270028596416
67,0.00044806022777232386
67,0.0005272231061955526
67,0.0006344638247469149
67,0.0007704851780202925
67,0.0009335620468543937
67,0.0011176827115012035
67,0.0013118595412822073
67,0.0015012436915226126
67,0.001669705451114738
67,0.0018027796622734496
67,0.0018898956403276797
67,0.0019254910528128
67,0.0019092529212023526
67,0.001845825048274417
67,0.0017440154272816717
67,0.0016153383137832962
67,0.001471929643731777
67,0.0013243259255484405
67,0.0011798864597645222
67,0.0010424735913732084
67,0.0009134414376435169
67,0.0007933587803099269
67,0.000683566546209158
67,0.0005868134012837984
67,0.0005067492365868528
67,0.00044671280726169
67,0.0004086597031764446
67,0.0003929701152457049
67,0.00039929195177646566
67,0.0004278856180602759
67,0.00048058332919892705
67,0.0005606485731677975
67,0.000671384444870644
67,0.0008139910608361607
67,0.0009856009428383635
67,0.0011783865740985049
67,0.0013801049125150872
67,0.0015757452975704838
67,0.0017495958889397027
67,0.0018872433719724071
67,0.0019774106328233365
67,0.002013609184531305
67,0.0019952839583062447
67,0.001927891656007849
67,0.0018215805326130233
67,0.0016887687970886752
67,0.0015414961385562724
67,0.0013895124254630722
67,0.0012396152953101011
67,0.0010960905941512858
67,0.0009616638398237401
67,0.0008383371948363841
67,0.0007277927467438763
67,0.0006314537515348577
67,0.0005505369813356973
67,0.0004863329297348129
67,0.0004406109416781463
67,0.00041580731330081793
67,0.00041479408559318403
67,0.00044041108849133815
67,0.0004951223257200354
67,0.0005808888963023825
67,0.0006989308689144949
67,0.0008489794189403142
67,0.0010280154912409361
67,0.0012289982292539158
67,0.0014403132996267834
67,0.001646502260261261
67,0.0018303535537465534
67,0.001975827637904956
67,0.0020708704377423778
67,0.0021092396764157313
67,0.0020909788938428806
67,0.002021721711993597
67,0.001911250994590793
67,0.0017716842334756621
67,0.0016155396568982743
67,0.0014539279731370484
67,0.00129519533702303
67,0.0011443645371372855
67,0.001003555390750391
67,0.0008732364234308199
67,0.0007538252609812737
67,0.0006469778701734409
67,0.0005559918478240538
67,0.0004851377197449484
67,0.00043831840128979077
67,0.00041790878925685614
67,0.00042456624782060033
67,0.00045817171595931815
67,0.0005192558660718142
67,0.0006098320826931646
67,0.0007327928596473604
67,0.000889825111871497
67,0.0010787416431630207
67,0.0012916376096415647
67,0.0015149453744092945
67,0.0017314194796411123
67,0.0019230863780409103
67,0.002073991795982951
67,0.002172174184242835
67,0.002210958407772287
67,0.0021897616770305537
67,0.002114225644408394
67,0.0019952368160918495
67,0.0018466920469531211
67,0.0016825484748476025
67,0.0015142166129714601
67,0.0013492702224887662
67,0.0011917855264144685
67,0.0010438196720101935
67,0.0009070731321503249
67,0.000783870925363978
67,0.0006771332530011342
67,0.0005896551173017601
67,0.0005233970041249338
67,0.0004793819668093416
67,0.0004582935650752118
67,0.0004613534576093539
67,0.0004908965894892241
67,0.0005502897537565737
67,0.0006431677653550782
67,0.000772148700246583
67,0.0009372854172948291
67,0.0011346475706175622
67,0.0013555207622733
67,0.0015865744858927057
67,0.001811044843473548
67,0.0020107465608466156
67,0.0021686327738590075
67,0.0022714909802264817
67,0.002312156435316118
67,0.002290568793098163
67,0.0022132950755754843
67,0.00209168991031575
67,0.0019393449931141707
67,0.0017696311181111812
67,0.0015939264050165206
67,0.0014207426046755503
67,0.001255646934738023
67,0.0011017406991383903
67,0.0009604615837799264
67,0.0008325363698375995
67,0.0007189374484139912
67,0.0006216316888754403
67,0.0005438221729555323
67,0.0004894829230116822
67,0.0004623820777258156
67,0.0004652216576676893
67,0.000499528545951064
67,0.0005663581850770901
67,0.0006671304281573037
67,0.0008036304989587118
67,0.0009766526194460471
67,0.001183667367447285
67,0.0014166776298554758
67,0.0016615712120575776
67,0.0018996120269946552
67,0.0021106008855823147
67,0.0022764371312403303
67,0.0023838770149511536
67,0.0024260184678959866
67,0.002402706412386899
67,0.0023201547604351884
67,0.0021898078966048813
67,0.0020263384636455524
67,0.001844962244130471
67,0.001658734338205947
67,0.0014767356884422377
67,0.0013037934134729353
67,0.0011417107350602399
67,0.0009912991605450544
67,0.0008541860039647386
67,0.0007335682944897021
67,0.0006336899031092977
67,0.0005585286459284264
67,0.0005106131669618454
67,0.0004907742827712519
67,0.0004990175332937268
67,0.0005359660476531086
67,0.000603920301879066
67,0.0007067211055634321
67,0.0008481757736559506
67,0.0010295390911963015
67,0.0012470990685649792
67,0.0014909754589548087
67,0.0017456783530110389
67,0.0019921295899285943
67,0.002210343189655788
67,0.002382094973283415
67,0.0024933319253431976
67,0.0025362073837280064
67,0.0025103724286627944
67,0.0024229399261832666
67,0.00228679678967975
67,0.00211762941302584
67,0.0019306714492991095
67,0.0017383020468847835
67,0.0015491336526034535
67,0.0013684799659866675
67,0.001199547289387217
67,0.0010445935705322483
67,0.0009056024401226318
67,0.0007844802889982487
67,0.0006830950328319832
67,0.0006034366902672832
67,0.0005478764354804172
67,0.0005192714761336391
67,0.0005207724813454715
67,0.0005555014753214096
67,0.0006263616886271326
67,0.0007359306612579059
67,0.000886008526914288
67,0.0010764384802267673
67,0.0013033502185260588
67,0.001557562663863212
67,0.0018240621284513492
67,0.0020831445263234053
67,0.002313162028723438
67,0.002494139421675207
67,0.002611157100724575
67,0.0026565542314663433
67,0.0026305580043259028
67,0.002540491978591902
67,0.0023989742173346307
67,0.0022215297049433757
67,0.002024013126475864
67,0.0018202734758208624
67,0.0016205337309745833
67,0.001430872947065
67,0.0012539130527057093
67,0.0010904116252499457
67,0.0009411308985814004
67,0.0008082425894390909
67,0.0006956990456529076
67,0.0006084501081937561
67,0.0005509881967928603
67,0.0005261396989686037
67,0.0005349234856534915
67,0.0005776139624788665
67,0.0006552804836587047
67,0.0007706059433748857
67,0.000927052347518728
67,0.0011263471489233157
67,0.001365338360336452
67,0.0016338473149268302
67,0.0019147616460470313
67,0.0021864252586840027
67,0.002426239854483593
67,0.002614126284650341
67,0.002735114429079379
67,0.002781056039985977
67,0.002751595793958656
67,0.0026541815798604273
67,0.002502682205959939
67,0.0023145467905690185
67,0.002107197690377041
67,0.0018948955170836445
67,0.0016871835247373337
67,0.0014892577847665264
67,0.0013037011300796636
67,0.0011324877628100666
67,0.0009782531594755184
67,0.0008444127128713669
67,0.0007344366410599316
67,0.0006510314898095522
67,0.0005958999695072009
67,0.0005702499895167972
67,0.0005756854787696403
67,0.0006148997030077829
67,0.0006917413816349648
67,0.0008104860552937028
67,0.0009743456312784929
67,0.001183467617344116
67,0.0014329820797452351
67,0.0017118419195176517
67,0.0020030118096844964
67,0.0022850856367134637
67,0.0025350090488580534
67,0.002731410121221895
67,0.0028579426947793634
67,0.0029059216404861807
67,0.0028755354583839573
67,0.0027752414372792635
67,0.0026195181974359807
67,0.0024256912003847784
67,0.0022107806772385065
67,0.001989157890869122
67,0.0017713789073016298
67,0.001564143352405235
67,0.0013710635695503898
67,0.0011938523186974133
67,0.001033590877983243
67,0.0008918281005528205
67,0.0007712883254202089
67,0.0006759585772821193
67,0.0006104648695718062
67,0.0005790299364178234
67,0.0005846802660023522
67,0.0006292994770604894
67,0.0007144824989569623
67,0.0008423700377501511
67,0.0010153934161084518
67,0.0012344272427344239
67,0.001495910216090728
67,0.0017893626242798193
67,0.0020968006602217638
67,0.0023946957221496596
67,0.002657850959951547
67,0.002863720881509976
67,0.002995816668607175
67,0.0030456391732179046
67,0.0030132739530025422
67,0.0029068950803394105
67,0.0027411928145788036
67,0.0025347030178847004
67,0.002306394628424861
67,0.0020723892121862573
67,0.0018438731787437832
67,0.0016268746939873044
67,0.0014237861829121065
67,0.0012357634594623136
67,0.001064824332170796
67,0.0009147367192078072
67,0.0007904747590325231
67,0.0006967900695708141
67,0.0006369008749718415
67,0.0006121777015286633
67,0.0006230522135692892
67,0.000670582851492086
67,0.0007576427429126359
67,0.0008887871229896211
67,0.0010684462833987721
67,0.0012979307422492279
67,0.0015724582420774352
67,0.0018795775611169158
67,0.0021997561954734163
67,0.002508872998716543
67,0.002781662774953691
67,0.0029952146875026615
67,0.003132083983953264
67,0.003182791636459631
67,0.003147286917643264
67,0.0030347625127833478
67,0.002861509257931729
67,0.0026472588349850407
67,0.0024111879965159184
67,0.0021689129714463464
67,0.0019312698506709146
67,0.0017048179894075214
67,0.0014933310840397288
67,0.0012993593561550316
67,0.0011252428928262624
67,0.000973478064553204
67,0.0008467376639561459
67,0.0007478820332616212
67,0.0006800393091350357
67,0.0006466102659787008
67,0.0006511216296562649
67,0.0006970757452724644
67,0.0007879395456944938
67,0.0009270552477656556
67,0.0011169214998920211
67,0.0013574807411831594
67,0.0016437562242752012
67,0.001963864278198921
67,0.00229854373004329
67,0.0026228177643203856
67,0.002909552587598008
67,0.0031339257715646673
67,0.00327751114710269
67,0.003330945691378472
67,0.0032947455503295766
67,0.003178386275562211
67,0.0029980427725978228
67,0.0027734833518465556
67,0.0025246930236070427
67,0.0022688897080948628
67,0.0020185872607744733
67,0.0017811384894348336
67,0.0015597594594802852
67,0.0013555484498553967
67,0.0011696882574469228
67,0.0010049921143624014
67,0.0008662297103261851
67,0.0007591944571299544
67,0.0006891003144602221
67,0.000659312307974222
67,0.0006712688644346448
67,0.0007257018446553202
67,0.0008243205311306229
67,0.0009706147696088201
67,0.0011687355595965407
67,0.0014204492158508978
67,0.001721400755557444
67,0.0020585907693861255
67,0.0024105193124191416
67,0.002750082191482159
67,0.0030489820134102117
67,0.003282072744388151
67,0.0034307096135543845
67,0.0034849755455857
67,0.0034448485890497334
67,0.0033200514441125177
67,0.0031281615006407103
67,0.0028910150785104055
67,0.0026302892067292262
67,0.002363722786285824
67,0.0021032475080272894
67,0.0018554114654755476
67,0.0016234381675431324
67,0.0014096538299628817
67,0.0012171056660680221
67,0.0010498520152955946
67,0.0009122216013614001
67,0.0008078536604163419
67,0.0007392857647846137
67,0.0007083560407949556
67,0.0007171187883274641
67,0.0007686929595420738
67,0.0008675135787596808
67,0.0010186406928110016
67,0.0012260043301610673
67,0.0014898374701164958
67,0.001804063196110305
67,0.002154703058605882
67,0.002520109734713461
67,0.0028731366758802937
67,0.0031847419931982316
67,0.003428262020094923
67,0.0035835395029860076
67,0.0036400683369106892
67,0.003598392563000939
67,0.0034693395035478762
67,0.0032712644225445417
67,0.0030261028321747793
67,0.0027553636613523247
67,0.002477087279530959
67,0.0022043286474584182
67,0.0019451699871791167
67,0.0017038509997020519
67,0.0014824278387137809
67,0.001282421548961167
67,0.0011060848518975994
67,0.0009570577357761439
67,0.0008402705893597737
67,0.0007611362580355804
67,0.0007244361862011435
67,0.0007336129228550496
67,0.0007910190195370399
67,0.000898946589802738
67,0.0010604475615770994
67,0.0012787522610515582
67,0.0015548124131076952
67,0.0018837508439183016
67,0.0022519692860271806
67,0.002636648891391908
67,0.0030082987999238506
67,0.00333552820330801
67,0.0035903105708485848
67,0.0037521892335072413
67,0.0038107568664770804
67,0.003766472026217654
67,0.003630002594636377
67,0.003420105453337089
67,0.003160123009687046
67,0.0028736705803526887
67,0.0025806467735445334
67,0.0022948125519697844
67,0.002023644582525141
67,0.0017702257639008543
67,0.0015361039208546489
67,0.0013237551218069142
67,0.00113764028013924
67,0.0009836345244636565
67,0.0008674511093045107
67,0.0007931664461552441
67,0.0007628190457851812
67,0.0007773607701413963
67,0.0008383752549837384
67,0.0009494256475654291
67,0.001115925993591823
67,0.001343042942910247
67,0.0016321145583041083
67,0.0019769968693494635
67,0.0023620389637472824
67,0.002762716646890405
67,0.003148708216749611
67,0.003488276457223093
67,0.003752780756881869
67,0.003920646041806322
67,0.003980427576974819
67,0.003932479800239569
67,0.0037885856051624706
67,0.00356924581642975
67,0.003299178915822789
67,0.0030024083403971907
67,0.002698515570647251
67,0.0024010489787769083
67,0.0021180806549901746
67,0.0018540746683293435
67,0.0016119481742918208
67,0.0013944985005579702
67,0.001204969760887952
67,0.0010470416487372307
67,0.0009246519659035861
67,0.0008418573246979745
67,0.0008027186967692269
67,0.0008112154012109573
67,0.0008713095904756626
67,0.0009871579367527015
67,0.0011630427954910946
67,0.0014023173138491564
67,0.001705026064402641
67,0.0020647904376123716
67,0.002466346747048361
67,0.0028851534478045674
67,0.003289706122434257
67,0.003646102541376179
67,0.003923562116049693
67,0.004099375979342331
67,0.004162143323869062
67,0.004112809314266047
67,0.003963572133570719
67,0.0037350408227984104
67,0.003452232143660864
67,0.0031402076966489762
67,0.0028203009571721284
67,0.002507805560111718
67,0.002211607656456057
67,0.0019356342161333038
67,0.0016813976233475232
67,0.001450603322263127
67,0.0012468618832279712
67,0.0010759530144257153
67,0.0009447062728190668
67,0.000859218199822052
67,0.0008235138951861122
67,0.0008395525543515908
67,0.000908640696021723
67,0.0010332898605441127
67,0.001217994558376248
67,0.0014677546946552
67,0.0017843664748048006
67,0.0021619524343527677
67,0.002583980253233744
67,0.0030234851617431534
67,0.0034466094062842235
67,0.0038180233757952272
67,0.004106359393147841
67,0.004288490103565751
67,0.004352376723429189
67,0.004298468660204308
67,0.004139347469497568
67,0.00389720552430974
67,0.003599315359808549
67,0.0032726098650744774
67,0.0029391113497937546
67,0.0026136805680663034
67,0.0023045118067984323
67,0.0020155970863188323
67,0.0017496767879902001
67,0.0015102879804655786
67,0.0013022656199768005
67,0.001130981404728988
67,0.001001208177255723
67,0.000916496319729431
67,0.0008794494607303013
67,0.0008926780362108668
67,0.0009598407878886725
67,0.0010861148956994653
67,0.001277534016174506
67,0.0015388937962716653
67,0.0018704864154692868
67,0.0022646869969662163
67,0.0027038486671642358
67,0.003160606791297017
67,0.003600739073086673
67,0.003987854753203171
67,0.004288821022550772
67,0.004478847116813451
67,0.004545247888595578
67,0.004489065415174534
67,0.00432409476041427
67,0.0040734944288357364
67,0.0037648803518874744
67,0.0034252670721799327
67,0.0030771745644349122
67,0.0027366933011603867
67,0.002413576225529095
67,0.0021128203435853083
67,0.0018369048146066765
67,0.0015879014597563938
67,0.0013689424742100338
67,0.0011848105302786783
67,0.001041616962728844
67,0.0009457657861760415
67,0.0009027450047087473
67,0.0009165163551165029
67,0.0009900020401616188
67,0.0011263336292515658
67,0.0013296598726207538
67,0.0016041659996290927
67,0.001950866093504411
67,0.002363226763087614
67,0.0028237724406821184
67,0.003303695890007149
67,0.0037661384426177147
67,0.004172072354932356
67,0.004486734227644512
67,0.004684816795270789
67,0.00475361578760873
67,0.004694109434735882
67,0.004520093694651388
67,0.004255378030203273
67,0.0039292502794331784
67,0.003571053135760182
67,0.0032053223277519766
67,0.002848960317795747
67,0.002511192279884775
67,0.0021959202140444155
67,0.0019051562828174098
67,0.0016419383916427362
67,0.001411590221370602
67,0.0012211088163684165
67,0.0010773986003079284
67,0.0009855908366347577
67,0.0009485384548094126
67,0.0009678266792156975
67,0.0010456875611606414
67,0.0011865482736985247
67,0.001396901952979376
67,0.0016828357109518524
67,0.00204570993312376
67,0.0024776583109160015
67,0.002959017500075794
67,0.0034590377639175255
67,0.003939700928433645
67,0.00436127438930018
67,0.004688077238908889
67,0.004893499260765644
67,0.00496374984183758
67,0.004899767223084787
67,0.004716605105190634
67,0.0044400120221960585
67,0.0041008811713901675
67,0.003729203872223563
67,0.0033494157496719718
67,0.002978362994626141
67,0.0026259421933252807
67,0.0022974450552827263
67,0.001996236575151935
67,0.0017256855630875707
67,0.0014899669838955398
67,0.0012940021707172093
67,0.0011430454318472484
67,0.0010422794950430126
67,0.0009965645588548085
67,0.001010434729418182
67,0.0010884257604240949
67,0.0012355509239555327
67,0.0014572442069496164
67,0.0017578823571376603
67,0.0021375846998341543
67,0.002588184597773837
67,0.003090202367367274
67,0.003612564057850264
67,0.004115725430629045
67,0.004557471194189164
67,0.004899721921623373
67,0.005114546019954946
67,0.005188094589192091
67,0.005121905505446812
67,0.004931585175515574
67,0.0046432376088192855
67,0.004288350846116211
67,0.0038982232025998992
67,0.0034992289202748265
67,0.0031100567655879905
67,0.0027414601435458287
67,0.002398228890723772
67,0.0020823779013794935
67,0.001796250603797699
67,0.0015444361717960506
67,0.001333961330279998
67,0.0011729445875258346
67,0.00106858985214185
67,0.0010257553072174385
67,0.0010470528559633659
67,0.0011344954429863539
67,0.0012915709286924527
67,0.0015239933215793668
67,0.0018377848538376242
67,0.002234745873816471
67,0.002707077764370607
67,0.003233841082016385
67,0.0037812873347546497
67,0.004307206689486908
67,0.004767604229988768
67,0.00512347687262681
67,0.005346228698798184
67,0.005421274466313328
67,0.005349714252000212
67,0.0051477145089539825
67,0.004843200809562254
67,0.00447016887418062
67,0.004062026812901788
67,0.003646048948373363
67,0.0032406613969673884
67,0.0028560381317110695
67,0.002497079218043202
67,0.0021670171186406553
67,0.001869997203403923
67,0.0016118319671420322
67,0.001399201838195448
67,0.0012382908381023414
67,0.001133897408063851
67,0.001089558675095146
67,0.0011085605875747167
67,0.0011952246051560684
67,0.0013556468789912525
67,0.0015970646643390645
67,0.0019253337352224632
67,0.0023407946961900303
67,0.0028338708449123476
67,0.0033823372928125633
67,0.003951727806917238
67,0.004499062035926693
67,0.004978882517464431
67,0.005350103255037117
67,0.005582267899604077
67,0.005660071009282995
67,0.005585247793123764
67,0.0053753334099377395
67,0.005059475545354093
67,0.004672330996817237
67,0.004247702230700572
67,0.0038136001818561147
67,0.0033898098837489995
67,0.0029880987019979656
67,0.00261436697717338
67,0.0022716028063172323
67,0.001962556877464692
67,0.0016914497417552707
67,0.0014644751488270872
67,0.0012891988753710383
67,0.0011732425547535408
67,0.001122960209982712
67,0.0011429498438776575
67,0.001236833548108275
67,0.0014087731780299702
67,0.0016642553689077927
67,0.0020086112610403994
67,0.0024428821923133262
67,0.0029584325622424817
67,0.0035329492278333876
67,0.00413020167521855
67,0.004704234779107973
67,0.005206625558465371
67,0.005594357974570652
67,0.00583622377087859
67,0.005916778722752763
67,0.005837729205442945
67,0.005616794566673601
67,0.005284049054309459
67,0.004876112134196814
67,0.004429360867573127
67,0.0039740043220718715
67,0.0035307715262325396
67,0.0031110063542568204
67,0.0027196003804225294
67,0.0023591350711584936
67,0.0020333498084656484
67,0.001748645590051795
67,0.0015134153782418096
67,0.001336040623134559
67,0.0012229550191061624
67,0.0011780092795961275
67,0.001203555652349582
67,0.0013026087459475776
67,0.001480646522660222
67,0.0017454806811657785
67,0.002104316566292504
67,0.0025585116851077933
67,0.0030980308405369897
67,0.0036982135912151776
67,0.00432059603505269
67,0.004917656732433556
67,0.0054398197771077204
67,0.0058427629721648925
67,0.006093723825075488
67,0.0061760847224697915
67,0.006091572641204335
67,0.0058593397934945
67,0.005511658262841086
67,0.005087065229581102
67,0.004622911790795778
67,0.004149591828487714
67,0.0036879717243183375
67,0.0032501467272472956
67,0.0028423867933175064
67,0.002468583445001157
67,0.002132800824057423
67,0.0018403620676747097
67,0.001597721827409123
67,0.0014117587988377845
67,0.0012890473027310622
67,0.001235443106771019
67,0.0012561816226944818
67,0.0013565232200010463
67,0.0015425450282811521
67,0.0018210917562052618
67,0.002197773154927658
67,0.0026727528096259236
67,0.003235598867164434
67,0.0038615720762668437
67,0.004511496604035717
67,0.005135892557514106
67,0.0056823016766481
67,0.006103681643471648
67,0.006365724427561829
67,0.006451645857503739
67,0.0063638062227524194
67,0.0061220984677959524
67,0.005759462885534027
67,0.005315393843666573
67,0.004828871594417864
67,0.004332450418670222
67,0.003848956281683288
67,0.0033913959653528907
67,0.002965584325354078
67,0.0025741319184060868
67,0.0022201606625990205
67,0.0019094718449039214
67,0.0016506436935281722
67,0.001453398248659197
67,0.0013263109528682284
67,0.001275260749854906
67,0.001303647018769977
67,0.001414331334322073
67,0.0016119831245236828
67,0.001903798777510365
67,0.0022970363856957172
67,0.002793466936565687
67,0.0033828765225318745
67,0.004038840137034659
67,0.004719203477466196
67,0.005371443183769717
67,0.005940899305643105
67,0.006379206629233604
67,0.006651102722538317
67,0.006738950802411066
67,0.006644741781415831
67,0.006389139947267544
67,0.0060071954126445825
67,0.005541216994133537
67,0.00503258340042872
67,0.004514999498451247
67,0.004011225590433083
67,0.0035338181888028104
67,0.0030887586723137668
67,0.002679873999625988
67,0.0023120676343654505
67,0.0019923732962189005
67,0.0017290970168260043
67,0.0015301645996701168
67,0.001401905708649196
67,0.0013489969513283075
67,0.0013755481504326204
67,0.0014866941238115365
67,0.0016896621189272309
67,0.0019931645100044397
67,0.0024043389589403544
67,0.002923540038623545
67,0.0035387238993851954
67,0.004221961274303161
67,0.004929990376431933
67,0.005609027056140116
67,0.006202465378866577
67,0.0066594713484633234
67,0.0069426774911253075
67,0.007033629239359385
67,0.00693499743922511
67,0.006668999253382043
67,0.006272215101776046
67,0.0057879995481467045
67,0.005258507904158354
67,0.004718480032540724
67,0.004192204630690029
67,0.003693885159817077
67,0.0032305009054522955
67,0.0028056466211301766
67,0.002422898776754451
67,0.002087812898219793
67,0.0018083179530501796
67,0.001593772773252713
67,0.001453307050499114
67,0.0013943553685643597
67,0.0014223135022717807
67,0.0015416732328783038
67,0.0017578622340146972
67,0.0020779997699484423
67,0.0025088013572887157
67,0.0030513034245590784
67,0.003694232307957976
67,0.004409261348206276
67,0.005150963790627893
67,0.005862141787197455
67,0.006482788928003318
67,0.0069597487767234754
67,0.007254604615825322
67,0.007348623545281656
67,0.007244506994107707
67,0.006964901668242553
67,0.006547675725548927
67,0.006038527757664438
67,0.005482511968033447
67,0.004916802082803056
67,0.0043667887791312655
67,0.0038463600586189813
67,0.0033615638986028065
67,0.0029156379363213304
67,0.0025131656609713917
67,0.002161879500186953
67,0.0018719122890958311
67,0.001653488604955628
67,0.0015146618230322205
67,0.0014605129466277926
67,0.00149432830475959
67,0.0016200707931817086
67,0.0018444973900613192
67,0.0021770269591119473
67,0.0026262149034923855
67,0.0031933695735080476
67,0.0038657218883115106
67,0.004612390830525839
67,0.005385361969479244
67,0.0061253923271211725
67,0.0067708035457757
67,0.007266684181587593
67,0.007572770343421768
67,0.007669050325965638
67,0.007558313137093967
67,0.007264842796352515
67,0.006829010901113537
67,0.006298801648462148
67,0.005720622672759363
67,0.005132161688756491
67,0.004559171943161613
67,0.004016394695235126
67,0.0035112636275386666
67,0.0030483045968882467
67,0.0026324443917323547
67,0.0022704339670756653
67,0.001970626924523872
67,0.00174190692323575
67,0.0015925639154002566
67,0.0015296826809889808
67,0.001559365241030115
67,0.0016877621124935802
67,0.0019222485926150572
67,0.002271383294356728
67,0.002742259148454465
67,0.003335046905553495
67,0.004036468668374005
67,0.00481525161250169
67,0.005622198734322878
67,0.006395573621502042
67,0.007070310757234943
67,0.007588365757111363
67,0.00790764151171978
67,0.008007825594922968
67,0.0078923896360234
67,0.007586599272862843
67,0.007131884864324498
67,0.006577636048273176
67,0.005972289388319449
67,0.005355972642345012
67,0.004756549481631251
67,0.004189739894087774
67,0.003662567855711867
67,0.0031783412775716413
67,0.002741124591579829
67,0.002358214194970008
67,0.002040115207968654
67,0.0017985473788098194
67,0.0016437969771458758
67,0.0015830137920511355
67,0.0016205687867689048
67,0.0017603584593097524
67,0.0020084888200184734
67,0.002373959213319827
67,0.002865523333035288
67,0.003484880590808722
67,0.0042187924540596404
67,0.0050340159347541285
67,0.0058779842611523985
67,0.006685433880764326
67,0.007388568434577692
67,0.007927530968273262
67,0.00825891986913804
67,0.00836143176559307
67,0.008238254843212887
67,0.007915690633563604
67,0.007437647122477878
67,0.006856726486958411
67,0.006224138847107554
67,0.0055814807133841085
67,0.004956789028323705
67,0.004365480138894428
67,0.0038148012691208775
67,0.003309269074423914
67,0.002854705132645556
67,0.002459652121500989
67,0.002134431972949901
67,0.0018891275921466986
67,0.001731959060621663
67,0.00166900471501992
67,0.0017053857737022776
67,0.0018472362780366349
67,0.002103171608720599
67,0.002483706172725182
67,0.0029975248502548363
67,0.003644948851481286
67,0.0044108317574923055
67,0.0052601545693775845
67,0.006138775105511126
67,0.006979584570783548
67,0.007712260975188531
67,0.00827400906451347
67,0.008619018825141832
67,0.008725046480925234
67,0.008596017651699985
67,0.008260018686914731
67,0.007762868554821818
67,0.00715868075541249
67,0.0064998962469252995
67,0.005829495665317992
67,0.0051772403782416945
67,0.0045602562445756075
67,0.00398678950922208
67,0.0034611457182212955
67,0.0029879065834029156
67,0.002574278756351672
67,0.0022303490950710625
67,0.001967716121309919
67,0.0017974031413798084
67,0.0017282056593579378
67,0.0017665125142826998
67,0.0019178698152701604
67,0.0021892232614782897
67,0.0025896489666993525
67,0.003127511784959571
67,0.003803789888164358
67,0.0046039119686690135
67,0.005492100461890286
67,0.006411566391847821
67,0.007291246529037619
67,0.008056876189737348
67,0.008642850002101035
67,0.00900194344933748
67,0.00911146468327257
67,0.008975440698823712
67,0.008622682378498382
67,0.008100735369112388
67,0.007466529298226452
67,0.0067758154284329585
67,0.006074313859912009
67,0.005393091431320097
67,0.004749088337658493
67,0.0041497019714347196
67,0.0035989284661045464
67,0.003102375044015651
67,0.0026694281268531063
67,0.0023123946524462894
67,0.0020438014401351554
67,0.0018737170146457078
67,0.0018087402364988991
67,0.0018532944522799157
67,0.0020124880388902333
67,0.002294629868049214
67,0.002711097778848876
67,0.0032720882638614104
67,0.003978816310005115
67,0.004815094741547154
67,0.005742316472206195
67,0.006700642512020783
67,0.007616354187139973
67,0.008412864438957546
67,0.009022255574343883
67,0.009395094018134337
67,0.009507282799733098
67,0.009363031600092067
67,0.008993063885564341
67,0.008447833908104541
67,0.0077870331634131195
67,0.007068242137935145
67,0.006338093588626249
67,0.005628280108194416
67,0.004956709022522373
67,0.004332168386931082
67,0.0037599162198520015
67,0.0032459235312841013
67,0.002798703181750773
67,0.0024289611315889328
67,0.0021480668773199915
67,0.0019664403014209527
67,0.001892695335628021
67,0.001934009935209421
67,0.002097624807878195
67,0.0023924884822699587
67,0.0028292272766139246
67,0.0034167064531167536
67,0.0041550465501851075
67,0.005027406863461906
67,0.005994419100589537
67,0.006994512469568755
67,0.007950846235202135
67,0.008782843110436046
67,0.009418949154849723
67,0.009807540660933662
67,0.009924050131877664
67,0.009773424570949832
67,0.00938765565361759
67,0.008818723295887964
67,0.008128263345652538
67,0.007376371656591602
67,0.006612468744843738
67,0.005870551449310977
67,0.005169593521363631
67,0.004518025595089626
67,0.003919954279587372
67,0.0033805758454382604
67,0.002909031509594878
67,0.0025182304595203686
67,0.0022224005790973974
67,0.002033983910136872
67,0.001961726966376506
67,0.002011197877738132
67,0.002187534870060537
67,0.002498557900706122
67,0.00295542686306955
67,0.0035686855514253657
67,0.0043399015580384585
67,0.005252067726920229
67,0.006263496573645116
67,0.007308753295932411
67,0.008306858387426733
67,0.00917384393005411
67,0.009835743496511758
67,0.010239206358497455
67,0.010358510552172417
67,0.010198429236859532
67,0.009792321353652609
67,0.009195109183338863
67,0.008472147113115846
67,0.0076867775538751425
67,0.0068902792823334605
67,0.006117099315109053
67,0.005386063477550684
67,0.004705875489277666
67,0.004081835643384251
67,0.0035208766962057233
67,0.003033418573096039
67,0.002632305182813743
67,0.0023303169920223066
67,0.0021380321048612163
67,0.0020632682373360606
67,0.0021123871463999727
67,0.002292731085648052
67,0.0026145886744269515
67,0.0030906496748308045
67,0.0037314587876408024
67,0.004537250132943481
67,0.005489008097538058
67,0.0065429331357606
67,0.007631441204483211
67,0.008670989559191595
67,0.00957436606424271
67,0.010264074774098483
67,0.01068396693831588
67,0.010807219457666972
67,0.010639417055180674
67,0.010216004702810796
67,0.009594304978138173
67,0.008841774269914107
67,0.008023555888378164
67,0.007192748769974415
67,0.006385770970769254
67,0.005623239850563431
67,0.004914860474533224
67,0.004265739709912742
67,0.003681658664797873
67,0.0031718520193835253
67,0.00274908509990539
67,0.0024277531720873777
67,0.00222125562789351
67,0.002140097428521804
67,0.0021918968954076066
67,0.002383469892670422
67,0.0027235738659663763
67,0.0032236256843482763
67,0.0038939587154701296
67,0.004735430681876384
67,0.005729370802520942
67,0.006830791206651729
67,0.007968879413611832
67,0.009055477549844594
67,0.0099987658286125
67,0.010717844575893929
67,0.011154713449907913
67,0.01128190487513383
67,0.011105196858680846
67,0.010661116801742799
67,0.010009244245249651
67,0.009220425386925381
67,0.008363618218247623
67,0.0074950368674791485
67,0.006652650199845756
67,0.005857037295601401
67,0.005117140507595944
67,0.004437806424517187
67,0.0038258680563146206
67,0.0032927611157314495
67,0.0028535158068965626
67,0.0025235534259935685
67,0.0023154757983401444
67,0.0022377771025962894
67,0.0022962709631735826
67,0.002497431817972512
67,0.0028514143555777053
67,0.0033719423118779264
67,0.004071178682917493
67,0.004950181315218314
67,0.0059885159639001964
67,0.007138023417123824
67,0.008324271110086235
67,0.009455699057195226
67,0.010437371318406082
67,0.011185391697911702
67,0.011639098137835667
67,0.011769450449206902
67,0.011582519442116928
67,0.011117089623894492
67,0.01043616519714447
67,0.00961396039026068
67,0.008721860038396569
67,0.008210930717357894
