  0.000,0.0
  1.000,0.01853585595185055
  0.000,0.01853585595185055
 2.2220E-05,0.019607386167560255
 4.4440E-05,0.022502055098251476
 6.6660E-05,0.02760164267868833
 8.8880E-05,0.0338302270667173
 1.1110E-04,0.038665546755720974
 1.3332E-04,0.04082516599227424
 1.5554E-04,0.04011069779016105
 1.7776E-04,0.03707175064812335
 1.9998E-04,0.03367138548718159
 2.2220E-04,0.03177888852115121
 2.4442E-04,0.03122915952089934
 2.6664E-04,0.03102341224751181
 2.8886E-04,0.029907987441722853
 3.1108E-04,0.02629924322712812
 3.3330E-04,0.02016378991477608
 3.5552E-04,0.013253619967182578
 3.7774E-04,0.007283101319382749
 3.9996E-04,0.0035316246663797037
 4.2218E-04,0.0025430742095842104
 4.4440E-04,0.0031009979888839074
 4.6662E-04,0.0033405123283559105
 4.8884E-04,0.0024343778280270624
 5.1106E-04,0.0004343393404518999
 5.3328E-04,-0.0016342653238591788
 5.5550E-04,-0.0018742181591301262
 5.7772E-04,0.0007964937644464759
 5.9994E-04,0.005918522202913938
 6.2216E-04,0.01220136059028236
 6.4438E-04,0.017900642430316305
 6.6660E-04,0.02161076761055472
 6.8882E-04,0.023435008402726436
 7.1104E-04,0.024649776326102234
 7.3326E-04,0.026577669265718955
 7.5548E-04,0.03003039444561352
 7.7770E-04,0.03470888182916167
 7.9992E-04,0.03904194712141791
 8.2214E-04,0.041310069615162204
 8.4436E-04,0.04073461951891616
 8.6658E-04,0.037638650985207724
 8.8880E-04,0.033371764008872803
 9.1102E-04,0.029681710348655594
 9.3324E-04,0.027426579599659006
 9.5546E-04,0.02618459795014597
 9.7768E-04,0.024800398525730932
 9.9990E-04,0.021941056601260146
 1.0221E-03,0.0170008384326104
 1.0443E-03,0.010761762497294124
 1.0666E-03,0.0048377018409754054
 1.0888E-03,0.0007498704507644758
 1.1110E-03,-0.0007173630012805058
 1.1332E-03,-1.2672529398902676e-05
 1.1554E-03,0.0014451278972453735
 1.1777E-03,0.002317111587428687
 1.1999E-03,0.0021208529487677925
 1.2221E-03,0.001418723041711816
 1.2443E-03,0.0015621271232873373
 1.2665E-03,0.003835093451021832
 1.2888E-03,0.008523491283096738
 1.3110E-03,0.014748793682888423
 1.3332E-03,0.02095794251081025
 1.3554E-03,0.025667889890669524
 1.3776E-03,0.028298346125098992
 1.3999E-03,0.02948020973136134
 1.4221E-03,0.03048347842376811
 1.4443E-03,0.03237262664077508
 1.4665E-03,0.035365266685366624
 1.4887E-03,0.03857932955131366
 1.5110E-03,0.040522548763880985
 1.5332E-03,0.04004851127484596
 1.5554E-03,0.036998177387522285
 1.5776E-03,0.03228143321479258
 1.5998E-03,0.02742386531750838
 1.6221E-03,0.023672501339332852
 1.6443E-03,0.021284677744391887
 1.6665E-03,0.01952198071641035
 1.6887E-03,0.01718828613690396
 1.7109E-03,0.013412310052250947
 1.7332E-03,0.008307817380595474
 1.7554E-03,0.0029957541827252314
 1.7776E-03,-0.0010317696202215452
 1.7998E-03,-0.002711034474416044
 1.8220E-03,-0.0019666734056302615
 1.8443E-03,0.0002572996581085519
 1.8665E-03,0.0026053785235128787
 1.8887E-03,0.004149678647140739
 1.9109E-03,0.004895275216934788
 1.9331E-03,0.00573074458106075
 1.9554E-03,0.007853386555677709
 1.9776E-03,0.011952863224069576
 1.9998E-03,0.0177067097393822
 2.0220E-03,0.023910929502335247
 2.0442E-03,0.029098524090339584
 2.0665E-03,0.03231311722248533
 2.0887E-03,0.033609896059776434
 2.1109E-03,0.03392302955254365
 2.1331E-03,0.03440600333330861
 2.1553E-03,0.03569400645647238
 2.1776E-03,0.03748431732309234
 2.1998E-03,0.03868951657152242
 2.2220E-03,0.03811244229695769
 2.2442E-03,0.035194069001740276
 2.2664E-03,0.03037118428041196
 2.2887E-03,0.02487003512097752
 2.3109E-03,0.020040673184637127
 2.3331E-03,0.016616867759113203
 2.3553E-03,0.014378149961154274
 2.3775E-03,0.01239857289902039
 2.3998E-03,0.009699473982434544
 2.4220E-03,0.005932488653256189
 2.4442E-03,0.0016787182692910895
 2.4664E-03,-0.0018410199092059724
 2.4886E-03,-0.0034497432455215184
 2.5109E-03,-0.0026708055197505916
 2.5331E-03,9.441548269329466e-06
 2.5553E-03,0.00343589043751652
 2.5775E-03,0.006469811334825988
 2.5997E-03,0.008631301676235416
 2.6220E-03,0.01031842422403478
 2.6442E-03,0.012492817382856408
 2.6664E-03,0.01601168185625213
 2.6886E-03,0.021012316678636293
 2.7108E-03,0.02673920840231455
 2.7331E-03,0.03190804343502328
 2.7553E-03,0.03538330316961039
 2.7775E-03,0.03677816704532999
 2.7997E-03,0.03661174967612789
 2.8219E-03,0.03592614728484748
 2.8442E-03,0.035613785707152706
 2.8664E-03,0.03586320252339279
 2.8886E-03,0.03604779027267551
 2.9108E-03,0.03513020012229149
 2.9330E-03,0.032334991743112836
 2.9553E-03,0.02767024631611095
 2.9775E-03,0.021987893462388768
 2.9997E-03,0.016551475944142014
 3.0219E-03,0.012365248402992749
 3.0441E-03,0.009669830079279991
 3.0664E-03,0.007906125210923848
 3.0886E-03,0.0061531030357478865
 3.1108E-03,0.0037687448037127366
 3.1330E-03,0.0008493837355830827
 3.1552E-03,-0.0017753340824454992
 3.1775E-03,-0.0030083510272874226
 3.1997E-03,-0.0021238529755517894
 3.2219E-03,0.0008014767821504709
 3.2441E-03,0.004918206648287765
 3.2663E-03,0.009079762149254426
 3.2886E-03,0.012476156394052628
 3.3108E-03,0.01504318962579895
 3.3330E-03,0.01740938023813622
 3.3552E-03,0.02041917678577903
 3.3774E-03,0.02452302529193884
 3.3997E-03,0.029409535905329874
 3.4219E-03,0.034104787998229996
 3.4441E-03,0.037477103320611986
 3.4663E-03,0.038846297682502175
 3.4885E-03,0.03833349585515875
 3.5108E-03,0.03674106683835447
 3.5330E-03,0.035041387126663916
 3.5552E-03,0.03378960800544611
 3.5774E-03,0.032813032484673474
 3.5996E-03,0.03136083869556246
 3.6219E-03,0.028620330314711537
 3.6441E-03,0.02428121085374708
 3.6663E-03,0.018803253529565824
 3.6885E-03,0.013227026778041027
 3.7107E-03,0.008641521762527847
 3.7330E-03,0.005627571683154513
 3.7552E-03,0.004008710932601337
 3.7774E-03,0.0030507985943308757
 3.7996E-03,0.0019815799340752536
 3.8218E-03,0.0005137131036906997
 3.8441E-03,-0.000945565310801869
 3.8663E-03,-0.0015242049698407597
 3.8885E-03,-0.0004126245234876342
 3.9107E-03,0.0026306434025337314
 3.9329E-03,0.007097665500929232
 3.9552E-03,0.011982755000128116
 3.9774E-03,0.016316576896529267
 3.9996E-03,0.019662636381046483
 4.0218E-03,0.022281341191209558
 4.0440E-03,0.024869377314139157
 4.0663E-03,0.02803790050446494
 4.0885E-03,0.03185007016640232
 4.1107E-03,0.035700844798457025
 4.1329E-03,0.03861255366632779
 4.1551E-03,0.03976863135987489
 4.1774E-03,0.03896484516129747
 4.1996E-03,0.03670702224546547
 4.2218E-03,0.03389950631453651
 4.2440E-03,0.03131672763387058
 4.2662E-03,0.029177759109024873
 4.2885E-03,0.02707725051124938
 4.3107E-03,0.024308766556575996
 4.3329E-03,0.020378942444039386
 4.3551E-03,0.015397022339846866
 4.3773E-03,0.010102404322616897
 4.3996E-03,0.0055130683294169975
 4.4218E-03,0.0024059419263027047
 4.4440E-03,0.0009390858102824556
 4.4662E-03,0.000636860041123391
 4.4884E-03,0.0007397438262761632
 4.5107E-03,0.0007034935238159133
 4.5329E-03,0.0005453004429063776
 4.5551E-03,0.0008291962583166405
 4.5773E-03,0.002302367697624255
 4.5995E-03,0.005404595441523989
 4.6218E-03,0.00994798518952626
 4.6440E-03,0.015160220951872801
 4.6662E-03,0.020066486907702012
 4.6884E-03,0.02398274662432635
 4.7106E-03,0.026826614401758722
 4.7329E-03,0.029063696561332533
 4.7551E-03,0.03132846619326702
 4.7773E-03,0.03395429363538237
 4.7995E-03,0.03670057329507015
 4.8217E-03,0.03884361837404207
 4.8440E-03,0.03957614819067266
 4.8662E-03,0.03847406382028414
 4.8884E-03,0.03574927046924552
 4.9106E-03,0.03213675928762603
 4.9328E-03,0.0284866597569605
 4.9551E-03,0.02530909735748245
 4.9773E-03,0.02254356212956497
 4.9995E-03,0.01968629349959798
 5.0217E-03,0.016192110294924605
 5.0439E-03,0.011901691570966867
 5.0662E-03,0.00723281148972359
 5.0884E-03,0.003018796024128188
 5.1106E-03,9.045033261343175e-05
 5.1328E-03,-0.001148430126280867
 5.1550E-03,-0.0009004590136580926
 5.1773E-03,0.00019298048578181228
 5.1995E-03,0.0014612582316076434
 5.2217E-03,0.002607824843954173
 5.2439E-03,0.003864942001186998
 5.2661E-03,0.005809649537933606
 5.2884E-03,0.008956025007376045
 5.3106E-03,0.013372709424636663
 5.3328E-03,0.01855844124046742
 5.3550E-03,0.023652677817375775
 5.3772E-03,0.027856947764579334
 5.3995E-03,0.03081639743657112
 5.4217E-03,0.032735935293442875
 5.4439E-03,0.03416642163567109
 5.4661E-03,0.03559581747320999
 5.4883E-03,0.03709672631333424
 5.5106E-03,0.038245175038159406
 5.5328E-03,0.03835924803638286
 5.5550E-03,0.03691213827970314
 5.5772E-03,0.03386909035808018
 5.5994E-03,0.02974420777523281
 5.6217E-03,0.025343509380714183
 5.6439E-03,0.021350152282281147
 5.6661E-03,0.018000130809428663
 5.6883E-03,0.015038812383438833
 5.7105E-03,0.011977540441141266
 5.7328E-03,0.00848865191547388
 5.7550E-03,0.004695827697515639
 5.7772E-03,0.0011822742364510069
 5.7994E-03,-0.0012893380440051369
 5.8216E-03,-0.0021774162803685528
 5.8439E-03,-0.0014434585219581567
 5.8661E-03,0.0004502409983754606
 5.8883E-03,0.0028223105210089636
 5.9105E-03,0.005162714024199638
 5.9327E-03,0.007397590676095897
 5.9550E-03,0.009871945772928475
 5.9772E-03,0.013065227096934851
 5.9994E-03,0.017215781354840462
 6.0216E-03,0.022084387867800613
 6.0438E-03,0.02700241720837888
 6.0661E-03,0.03117831038492998
 6.0883E-03,0.03408070309691708
 6.1105E-03,0.03567076036405109
 6.1327E-03,0.03634796242639579
 6.1549E-03,0.036647134872063884
 6.1772E-03,0.03687400776018421
 6.1994E-03,0.0369015949175059
 6.2216E-03,0.03624995189097279
 6.2438E-03,0.034398736811100505
 6.2660E-03,0.031141294684776184
 6.2883E-03,0.026764630953861016
 6.3105E-03,0.021945398738034985
 6.3327E-03,0.01742444709842216
 6.3549E-03,0.013654853181440968
 6.3771E-03,0.010630991506458734
 6.3994E-03,0.007995167703309037
 6.4216E-03,0.005350781620376415
 6.4438E-03,0.002587520123418953
 6.4660E-03,1.9485019395715144e-05
 6.4882E-03,-0.0017480202803232983
 6.5105E-03,-0.002143418191533962
 6.5327E-03,-0.0009504194955019033
 6.5549E-03,0.0015656446615382711
 6.5771E-03,0.004800356173423867
 6.5993E-03,0.008135412914871269
 6.6216E-03,0.011251991687435129
 6.6438E-03,0.014246262774374673
 6.6660E-03,0.017482377908696535
 6.6882E-03,0.021276787263921425
 6.7104E-03,0.02560888850696466
 6.7327E-03,0.03003670853470412
 6.7549E-03,0.0338713784118462
 6.7771E-03,0.036507695378526064
 6.7993E-03,0.03771448800963791
 6.8215E-03,0.037712692505064704
 6.8438E-03,0.036997675850244716
 6.8660E-03,0.036017117518468623
 6.8882E-03,0.03490095017643336
 6.9104E-03,0.03340576613724186
 6.9326E-03,0.031104714471138602
 6.9549E-03,0.02770434537668167
 6.9771E-03,0.023293678008099165
 6.9993E-03,0.01837292369856164
 7.0215E-03,0.013642848983873702
 7.0437E-03,0.00968012467818798
 7.0660E-03,0.006690943279318528
 7.0882E-03,0.004485498228274676
 7.1104E-03,0.0026821859650880842
 7.1326E-03,0.0010129995862635894
 7.1548E-03,-0.00045743510712242114
 7.1771E-03,-0.0013323673369850227
 7.1993E-03,-0.0011026194283997876
 7.2215E-03,0.0005472812916772671
 7.2437E-03,0.0035310607330751925
 7.2659E-03,0.00737532769466958
 7.2882E-03,0.01144827788093845
 7.3104E-03,0.015266805410748634
 7.3326E-03,0.018699882982804897
 7.3548E-03,0.021950111579841468
 7.3770E-03,0.025330413816066582
 7.3993E-03,0.02897571493006408
 7.4215E-03,0.03266798698506626
 7.4437E-03,0.035883858414809976
 7.4659E-03,0.03803823874330912
 7.4881E-03,0.038778881401867936
 7.5104E-03,0.03815642574739648
 7.5326E-03,0.03656953747870147
 7.5548E-03,0.03452089485855662
 7.5770E-03,0.032333282751372795
 7.5992E-03,0.02999644161602836
 7.6215E-03,0.027233988021216318
 7.6437E-03,0.023745729112918883
 7.6659E-03,0.019474477510377154
 7.6881E-03,0.014732558761864639
 7.7103E-03,0.010109290544169796
 7.7326E-03,0.006213116633660481
 7.7548E-03,0.003400685999649456
 7.7770E-03,0.0016516173811828763
 7.7992E-03,0.000658741463140519
 7.8214E-03,7.411657478762358e-05
 7.8437E-03,-0.00024060917087499062
 7.8659E-03,-0.00011145990970579835
 7.8881E-03,0.0008414398992715232
 7.9103E-03,0.00295383664372339
 7.9325E-03,0.006275975504364728
 7.9548E-03,0.010486280799953408
 7.9770E-03,0.015013268931141487
 7.9992E-03,0.019294788816062527
 8.0214E-03,0.023021640431434117
 8.0436E-03,0.026222842450803297
 8.0659E-03,0.029146685710979947
 8.0881E-03,0.03201483453788485
 8.1103E-03,0.03480241762187159
 8.1325E-03,0.03718057630980548
 8.1547E-03,0.03865830761150315
 8.1770E-03,0.03883895148659112
 8.1992E-03,0.03763761147100937
 8.2214E-03,0.03532935191944365
 8.2436E-03,0.032400194366661486
 8.2658E-03,0.02929197397285621
 8.2881E-03,0.026194345234794372
 8.3103E-03,0.023006131348179994
 8.3325E-03,0.019484560646733255
 8.3547E-03,0.015487094146059754
 8.3769E-03,0.011155127194892154
 8.3992E-03,0.006925342657529792
 8.4214E-03,0.0033594739013987495
 8.4436E-03,0.0008923982157594272
 8.4658E-03,-0.0003532586986058526
 8.4880E-03,-0.0005787404348937732
 8.5103E-03,-0.00014439241044498808
 8.5325E-03,0.0006693297776156862
 8.5547E-03,0.0018302569294194103
 8.5769E-03,0.0035517157575008333
 8.5991E-03,0.0061223999075728005
 8.6214E-03,0.009674132705446214
 8.6436E-03,0.01402996595949868
 8.6658E-03,0.018726560742096103
 8.6880E-03,0.023200210095983533
 8.7102E-03,0.027027846155163737
 8.7325E-03,0.030081837706410916
 8.7547E-03,0.03251000826952766
 8.7769E-03,0.03455811456099638
 8.7991E-03,0.03634667685469512
 8.8213E-03,0.037740338323458925
 8.8436E-03,0.03839050749152394
 8.8658E-03,0.037926076263105055
 8.8880E-03,0.03617685533939321
 8.9102E-03,0.03329456270636286
 8.9324E-03,0.029698282656715914
 8.9547E-03,0.025877207473698004
 8.9769E-03,0.022168591751229164
 8.9991E-03,0.01864176860115623
 9.0213E-03,0.015153195918626194
 9.0435E-03,0.011533623634511183
 9.0658E-03,0.007789211204110431
 9.0880E-03,0.004191181560228281
 9.1102E-03,0.0011971295268917896
 9.1324E-03,-0.0007508319894277817
 9.1546E-03,-0.0014320673794169323
 9.1769E-03,-0.0009366537481995472
 9.1991E-03,0.000412720562255659
 9.2213E-03,0.002257002550151098
 9.2435E-03,0.004396540869473624
 9.2657E-03,0.006869781436306679
 9.2880E-03,0.009870205529861122
 9.3102E-03,0.013555116306463293
 9.3324E-03,0.017865193703808898
 9.3546E-03,0.02246700924067866
 9.3768E-03,0.02685652407136549
 9.3991E-03,0.030564730589013045
 9.4213E-03,0.03334520352561205
 9.4435E-03,0.03523465957991966
 9.4657E-03,0.036454490864169554
 9.4879E-03,0.03721688185499092
 9.5102E-03,0.03755584265386342
 9.5324E-03,0.03728681035309979
 9.5546E-03,0.03611904850703512
 9.5768E-03,0.03385177253501264
 9.5990E-03,0.03053418107008309
 9.6213E-03,0.026491362003157687
 9.6435E-03,0.022199100713038183
 9.6657E-03,0.018081610112705038
 9.6879E-03,0.014351056575638323
 9.7101E-03,0.010980696700103296
 9.7324E-03,0.00782225494460163
 9.7546E-03,0.004791213992350517
 9.7768E-03,0.002003705487631259
 9.7990E-03,-0.00022037547033251347
 9.8212E-03,-0.0014918776390708882
 9.8435E-03,-0.0015452896310992356
 9.8657E-03,-0.00037553168456576835
 9.8879E-03,0.0017618940020151046
 9.9101E-03,0.004486219468210387
 9.9323E-03,0.007481050305363699
 9.9546E-03,0.010625909326640225
 9.9768E-03,0.013993493805440571
 9.9990E-03,0.01771847732557332
 1.0021E-02,0.021821421045661107
 1.0043E-02,0.02609811882349476
 1.0066E-02,0.03014496705822493
 1.0088E-02,0.03350868113103323
 1.0110E-02,0.03587344939771503
 1.0132E-02,0.0371760737927628
 1.0155E-02,0.03758325130602573
 1.0177E-02,0.037348166147206596
 1.0199E-02,0.0366356633818727
 1.0221E-02,0.0354227647169672
 1.0243E-02,0.03353395729656676
 1.0266E-02,0.030787946892466393
 1.0288E-02,0.02716468623026423
 1.0310E-02,0.022889251517395376
 1.0332E-02,0.01837962739223232
 1.0355E-02,0.014087573396263603
 1.0377E-02,0.01032539480594366
 1.0399E-02,0.007178579397127391
 1.0421E-02,0.004551527035663941
 1.0443E-02,0.0023134008875812678
 1.0466E-02,0.0004517435137627759
 1.0488E-02,-0.0008617194508553513
 1.0510E-02,-0.0013343653251920605
 1.0532E-02,-0.0007077493603437542
 1.0554E-02,0.0010883585803215302
 1.0577E-02,0.0038752976049101343
 1.0599E-02,0.007294754120403417
 1.0621E-02,0.010967237977009273
 1.0643E-02,0.01464665935718867
 1.0666E-02,0.018281356676749766
 1.0688E-02,0.0219491866554281
 1.0710E-02,0.02571069520424973
 1.0732E-02,0.029473641205934757
 1.0754E-02,0.032954734832320864
 1.0777E-02,0.035765222936632986
 1.0799E-02,0.037571715246368605
 1.0821E-02,0.0382378786404626
 1.0843E-02,0.03786407304313909
 1.0866E-02,0.03670348553062149
 1.0888E-02,0.03500729172545786
 1.0910E-02,0.03289297340085008
 1.0932E-02,0.030314210334532292
 1.0954E-02,0.027147863938617588
 1.0977E-02,0.023342048469455423
 1.0999E-02,0.019032324613695483
 1.1021E-02,0.014552613806512323
 1.1043E-02,0.010331259122185224
 1.1066E-02,0.006731690082131466
 1.1088E-02,0.00392967070110058
 1.1110E-02,0.0018962381064356352
 1.1132E-02,0.000491685247733344
 1.1154E-02,-0.00039016822765401595
 1.1177E-02,-0.0007170700897264626
 1.1199E-02,-0.0003172040541088302
 1.1221E-02,0.001017414454570001
 1.1243E-02,0.0033858491572527024
 1.1266E-02,0.0066797169698523135
 1.1288E-02,0.01059177690494285
 1.1310E-02,0.014728342479060897
 1.1332E-02,0.01876061712398744
 1.1354E-02,0.022527495528494187
 1.1377E-02,0.02603235577285118
 1.1399E-02,0.029340732916578148
 1.1421E-02,0.03244547949755094
 1.1443E-02,0.03518503655207628
 1.1466E-02,0.03726753564101237
 1.1488E-02,0.03838873465845255
 1.1510E-02,0.03837450012791424
 1.1532E-02,0.037263360764362374
 1.1554E-02,0.0352806296536439
 1.1577E-02,0.032720651839340385
 1.1599E-02,0.029808229198590514
 1.1621E-02,0.026621317415539924
 1.1643E-02,0.023118526918470023
 1.1666E-02,0.01925068401758514
 1.1688E-02,0.015084743918962449
 1.1710E-02,0.010861254054866607
 1.1732E-02,0.00694718259371437
 1.1754E-02,0.0037092406333442195
 1.1777E-02,0.0013804386482055985
 1.1799E-02,-3.820056277504223e-06
 1.1821E-02,-0.0005657913982267646
 1.1843E-02,-0.00046915246994048705
 1.1865E-02,0.00020130585818788928
 1.1888E-02,0.0014908918165899257
 1.1910E-02,0.0035269159427005967
 1.1932E-02,0.006401796896410684
 1.1954E-02,0.010059807184869932
 1.1977E-02,0.014258010649682578
 1.1999E-02,0.01862765361413811
 1.2021E-02,0.022802307588279953
 1.2043E-02,0.02653942551860196
 1.2065E-02,0.029766447410307505
 1.2088E-02,0.03252840626380125
 1.2110E-02,0.03487335784743283
 1.2132E-02,0.03674891080802338
 1.2154E-02,0.037975441007671515
 1.2177E-02,0.03831418339763498
 1.2199E-02,0.03759019259853235
 1.2221E-02,0.03579642121481503
 1.2243E-02,0.033116239471368145
 1.2265E-02,0.029850658256610315
 1.2288E-02,0.02629336139281232
 1.2310E-02,0.022626935039695456
 1.2332E-02,0.01889945164135265
 1.2354E-02,0.01509099205603641
 1.2377E-02,0.011225077537277098
 1.2399E-02,0.00745323582611474
 1.2421E-02,0.00405781048351124
 1.2443E-02,0.001367997800486027
 1.2465E-02,-0.00036342182698218244
 1.2488E-02,-0.0010516362525963944
 1.2510E-02,-0.0007877022407674441
 1.2532E-02,0.0002393349412657302
 1.2554E-02,0.001857718910881139
 1.2577E-02,0.003996172054879211
 1.2599E-02,0.006686194846139689
 1.2621E-02,0.00998443854233687
 1.2643E-02,0.013864898265602898
 1.2665E-02,0.01814916757437617
 1.2688E-02,0.022520250628897193
 1.2710E-02,0.026615299063261634
 1.2732E-02,0.03014532944294969
 1.2754E-02,0.03297392347496988
 1.2776E-02,0.03511178226676355
 1.2799E-02,0.036634692298051844
 1.2821E-02,0.03757814679484853
 1.2843E-02,0.037874947973592955
 1.2865E-02,0.03737493019669682
 1.2888E-02,0.035935200049906614
 1.2910E-02,0.03352588540120828
 1.2932E-02,0.030286579123595808
 1.2954E-02,0.02649816131213016
 1.2976E-02,0.02248533522679441
 1.2999E-02,0.018506167556064837
 1.3021E-02,0.014691578296118668
 1.3043E-02,0.011066573792120612
 1.3065E-02,0.00763531013536177
 1.3088E-02,0.004473879841684604
 1.3110E-02,0.0017708342786845908
 1.3132E-02,-0.00021218611572648444
 1.3154E-02,-0.0012386129459340328
 1.3176E-02,-0.001197110012281985
 1.3199E-02,-0.00014551893785818117
 1.3221E-02,0.0017262895356022195
 1.3243E-02,0.0041916898055802294
 1.3265E-02,0.0070839989347838955
 1.3288E-02,0.010338299799628891
 1.3310E-02,0.013956198301057163
 1.3332E-02,0.01791845422822814
 1.3354E-02,0.022102146579375755
 1.3376E-02,0.02625635051157424
 1.3399E-02,0.030054978250586707
 1.3421E-02,0.03319883146955362
 1.3443E-02,0.035509157424494044
 1.3465E-02,0.03696003924333262
 1.3488E-02,0.0376336626479829
 1.3510E-02,0.03762855300750502
 1.3532E-02,0.036978322319809534
 1.3554E-02,0.035630833161302854
 1.3576E-02,0.03349991180828182
 1.3599E-02,0.030556946595951397
 1.3621E-02,0.026905056946685026
 1.3643E-02,0.022788789274982006
 1.3665E-02,0.018530985103803806
 1.3688E-02,0.014431901836573169
 1.3710E-02,0.010687600186748523
 1.3732E-02,0.007372154833910442
 1.3754E-02,0.004489371461911047
 1.3776E-02,0.002058068303991194
 1.3799E-02,0.00017556521267098925
 1.3821E-02,-0.0009818211689265628
 1.3843E-02,-0.0012236218250245938
 1.3865E-02,-0.00043776721118326666
 1.3888E-02,0.0013439101520999232
 1.3910E-02,0.0039462240220703255
 1.3932E-02,0.007117285293856866
 1.3954E-02,0.010622562101449245
 1.3976E-02,0.014312246802571416
 1.3999E-02,0.01812485491253032
 1.4021E-02,0.02202906943508059
 1.4043E-02,0.02594336321362966
 1.4065E-02,0.029686275913858702
 1.4087E-02,0.03299145732587441
 1.4110E-02,0.03558215776908962
 1.4132E-02,0.03726361565447411
 1.4154E-02,0.03798066531540743
 1.4176E-02,0.03780854961394831
 1.4199E-02,0.036884746040805404
 1.4221E-02,0.03532437239571571
 1.4243E-02,0.033170430961040095
 1.4265E-02,0.030407780554692954
 1.4287E-02,0.027030148373341938
 1.4310E-02,0.0231168111872133
 1.4332E-02,0.018869488211283945
 1.4354E-02,0.014583931796446823
 1.4376E-02,0.010569911915784878
 1.4399E-02,0.007063956233190643
 1.4421E-02,0.004183012565077769
 1.4443E-02,0.0019422470557673164
 1.4465E-02,0.0003218146210813941
 1.4487E-02,-0.0006612486174150493
 1.4510E-02,-0.0009218315533105791
 1.4532E-02,-0.0003364538196010526
 1.4554E-02,0.0011834925200968941
 1.4576E-02,0.0036191954239622754
 1.4599E-02,0.006816955202352905
 1.4621E-02,0.010523721873576171
 1.4643E-02,0.014466454756271147
 1.4665E-02,0.018430598041170237
 1.4687E-02,0.022294264825492516
 1.4710E-02,0.026001963860753815
 1.4732E-02,0.02949838538108373
 1.4754E-02,0.032666717583480644
 1.4776E-02,0.03531279147304522
 1.4799E-02,0.03720809406745173
 1.4821E-02,0.03816853629912438
 1.4843E-02,0.038123723833419054
 1.4865E-02,0.03713673274310363
 1.4887E-02,0.035363755609140304
 1.4910E-02,0.03297853390925651
 1.4932E-02,0.03010666602814387
 1.4954E-02,0.026807647121478942
 1.4976E-02,0.023112552583638625
 1.4998E-02,0.01909097255962807
 1.5021E-02,0.014902902400485708
 1.5043E-02,0.01080042730826342
 1.5065E-02,0.007074411152471655
 1.5087E-02,0.003974473324759234
 1.5110E-02,0.0016464059979152167
 1.5132E-02,0.00012056798725522877
 1.5154E-02,-0.0006456080106757023
 1.5176E-02,-0.0006996457008492949
 1.5198E-02,-4.344076013139929e-05
 1.5221E-02,0.0013687656364820648
 1.5243E-02,0.003582976145774623
 1.5265E-02,0.006578287108426904
 1.5287E-02,0.01022220326662318
 1.5310E-02,0.014277664492954874
 1.5332E-02,0.018460493794320923
 1.5354E-02,0.022516214619211914
 1.5376E-02,0.026274046270846438
 1.5398E-02,0.029650014032730067
 1.5421E-02,0.03260191899192485
 1.5443E-02,0.03506774419235578
 1.5465E-02,0.03692851924473057
 1.5487E-02,0.03802112194768505
 1.5510E-02,0.03819550743731196
 1.5532E-02,0.0373832713113172
 1.5554E-02,0.03563698580497399
 1.5576E-02,0.033116841421844435
 1.5598E-02,0.03003228447160241
 1.5621E-02,0.026572599427236193
 1.5643E-02,0.022865938177324654
 1.5665E-02,0.018988060355416028
 1.5687E-02,0.015011330998668419
 1.5710E-02,0.011059996109421696
 1.5732E-02,0.007334126152179402
 1.5754E-02,0.004083827686633028
 1.5776E-02,0.0015455501298021587
 1.5798E-02,-0.0001247332083893801
 1.5821E-02,-0.0008846822239003524
 1.5843E-02,-0.0007881808233877046
 1.5865E-02,6.98819864476931e-05
 1.5887E-02,0.0016122252896053797
 1.5910E-02,0.0038059402452677964
 1.5932E-02,0.006642454756235172
 1.5954E-02,0.01008481864792661
 1.5976E-02,0.014016753918136914
 1.5998E-02,0.0182273264919615
 1.6021E-02,0.022444033148906656
 1.6043E-02,0.026398271811705072
 1.6065E-02,0.02988791657745877
 1.6087E-02,0.03280361811745482
 1.6109E-02,0.0351073046003264
 1.6132E-02,0.03677990686102174
 1.6154E-02,0.03777328807515762
 1.6176E-02,0.03799792988159885
 1.6198E-02,0.03735533862325876
 1.6221E-02,0.03579620400387136
 1.6243E-02,0.03336904135942021
 1.6265E-02,0.03022920371262961
 1.6287E-02,0.026601506112972326
 1.6309E-02,0.022716988350987434
 1.6332E-02,0.018759044080025072
 1.6354E-02,0.014847570813278373
 1.6376E-02,0.01106620245235853
 1.6398E-02,0.007511501108506761
 1.6421E-02,0.004329983697467919
 1.6443E-02,0.0017166895994460136
 1.6465E-02,-0.00012729860624047782
 1.6487E-02,-0.0010558113984122514
 1.6509E-02,-0.001022950801747088
 1.6532E-02,-8.766635818144536e-05
 1.6554E-02,0.0016238577343089717
 1.6576E-02,0.0039750493022485695
 1.6598E-02,0.0068616458603115785
 1.6621E-02,0.010216466243535515
 1.6643E-02,0.013976205227926084
 1.6665E-02,0.018033700185283948
 1.6687E-02,0.022208253291298323
 1.6709E-02,0.026255919515164455
 1.6732E-02,0.02991767509241826
 1.6754E-02,0.0329805485753492
 1.6776E-02,0.0353188971021652
 1.6798E-02,0.0368947912863687
 1.6821E-02,0.037720762218672786
 1.6843E-02,0.03781022295611106
 1.6865E-02,0.03714738150904254
 1.6887E-02,0.03569560604588177
 1.6909E-02,0.033438940666977085
 1.6932E-02,0.030430604526679512
 1.6954E-02,0.026817470117417835
 1.6976E-02,0.022823526917356188
 1.6998E-02,0.018699566380638463
 1.7021E-02,0.014666050077166329
 1.7043E-02,0.01087952951778889
 1.7065E-02,0.007438258925062028
 1.7087E-02,0.004418883462479532
 1.7109E-02,0.001917670642522809
 1.7132E-02,6.765013362705109e-05
 1.7154E-02,-0.0009817106519249771
 1.7176E-02,-0.0011124061607913705
 1.7198E-02,-0.0002862615886322803
 1.7220E-02,0.0014342429594993572
 1.7243E-02,0.003904892093869654
 1.7265E-02,0.006947614894576662
 1.7287E-02,0.01040013743484355
 1.7309E-02,0.014140133625740434
 1.7332E-02,0.018072766224772004
 1.7354E-02,0.02209312091925704
 1.7376E-02,0.026050446654659103
 1.7398E-02,0.029740065717793474
 1.7420E-02,0.03293199858947552
 1.7443E-02,0.03542295947462801
 1.7465E-02,0.037083963485793736
 1.7487E-02,0.03787805537377744
 1.7509E-02,0.03784021378033234
 1.7532E-02,0.037033631262413706
 1.7554E-02,0.03550990102862941
 1.7576E-02,0.033297178848301
 1.7598E-02,0.030422402316957586
 1.7620E-02,0.02695218231625275
 1.7643E-02,0.02302507632558258
 1.7665E-02,0.018852740992619188
 1.7687E-02,0.014685900908720458
 1.7709E-02,0.010761901519519123
 1.7732E-02,0.007261276846056548
 1.7754E-02,0.004294995935119525
 1.7776E-02,0.0019255450681035903
 1.7798E-02,0.00020500949706400294
 1.7820E-02,-0.0007961860799694756
 1.7843E-02,-0.0009896896417844493
 1.7865E-02,-0.00030014587943560293
 1.7887E-02,0.0012911829408011936
 1.7909E-02,0.0037162949321669705
 1.7932E-02,0.006822652921975155
 1.7954E-02,0.01040791432783186
 1.7976E-02,0.014268674142301027
 1.7998E-02,0.01823708615078161
 1.8020E-02,0.022187193522051944
 1.8043E-02,0.026011488803526165
 1.8065E-02,0.029586331458725083
 1.8087E-02,0.03275145953568322
 1.8109E-02,0.03532000058327905
 1.8132E-02,0.03711651684621929
 1.8154E-02,0.03802316944858752
 1.8176E-02,0.03800863110888196
 1.8198E-02,0.03712419782535355
 1.8220E-02,0.03547064652637065
 1.8243E-02,0.03315615628964662
 1.8265E-02,0.030269950172915665
 1.8287E-02,0.02688574649581094
 1.8309E-02,0.023090204244465784
 1.8332E-02,0.01901584264884472
 1.8354E-02,0.014854880030385782
 1.8376E-02,0.010841781355038297
 1.8398E-02,0.007211038345607463
 1.8420E-02,0.0041514771283585414
 1.8443E-02,0.001780383165506304
 1.8465E-02,0.0001489254124320946
 1.8487E-02,-0.0007280121769657793
 1.8509E-02,-0.0008383760649842805
 1.8531E-02,-0.00015783355195218103
 1.8554E-02,0.001337091998414673
 1.8576E-02,0.003635678356775452
 1.8598E-02,0.006660470749892779
 1.8620E-02,0.010256825036375171
 1.8643E-02,0.014213215658059724
 1.8665E-02,0.01830315803176677
 1.8687E-02,0.022327189844249376
 1.8709E-02,0.026133795058332944
 1.8731E-02,0.029611122718062793
 1.8754E-02,0.0326589895623027
 1.8776E-02,0.035162302160196085
 1.8798E-02,0.03698568802261715
 1.8820E-02,0.03799567182810517
 1.8843E-02,0.038099386916357454
 1.8865E-02,0.03727811864261587
 1.8887E-02,0.035596408712131274
 1.8909E-02,0.033181488079679154
 1.8931E-02,0.030184893922376853
 1.8954E-02,0.026747924647437877
 1.8976E-02,0.022989276704840553
 1.8998E-02,0.019018963652966472
 1.9020E-02,0.014966188395691481
 1.9043E-02,0.011000173976394181
 1.9065E-02,0.007327198815102612
 1.9087E-02,0.004161530524278704
 1.9109E-02,0.0016838021576343928
 1.9131E-02,8.095534853548884e-06
 1.9154E-02,-0.0008259416800282187
 1.9176E-02,-0.0008341220605093326
 1.9198E-02,-5.538284075395916e-05
 1.9220E-02,0.0014734090070507699
 1.9243E-02,0.0037203835930105468
 1.9265E-02,0.006638595655125333
 1.9287E-02,0.010136910790363239
 1.9309E-02,0.014061948582121106
 1.9331E-02,0.01820510657762983
 1.9354E-02,0.022334075218064176
 1.9376E-02,0.02623388885050877
 1.9398E-02,0.029737068357009552
 1.9420E-02,0.03272907623243634
 1.9443E-02,0.035130072189653694
 1.9465E-02,0.03686788637081578
 1.9487E-02,0.03786181401636521
 1.9509E-02,0.03802951076579796
 1.9531E-02,0.03731445626311299
 1.9554E-02,0.0357181970685964
 1.9576E-02,0.03331793014398345
 1.9598E-02,0.03025812273769977
 1.9620E-02,0.026719795745959396
 1.9642E-02,0.022883759734359868
 1.9665E-02,0.018906889422892217
 1.9687E-02,0.01492191084295957
 1.9709E-02,0.011056509800206204
 1.9731E-02,0.007455770535910851
 1.9754E-02,0.004290088571852082
 1.9776E-02,0.0017397714605889574
 1.9798E-02,-3.8037585048215916e-05
 1.9820E-02,-0.0009434280081056612
 1.9842E-02,-0.0009510107392359691
 1.9865E-02,-0.00010209313889770154
 1.9887E-02,0.001522351982735533
 1.9909E-02,0.003831481946640469
 1.9931E-02,0.006740100526986802
 1.9954E-02,0.010162424995298501
 1.9976E-02,0.013990543978666878
 1.9998E-02,0.018073850608023842
 2.0020E-02,0.02221559594602312
 2.0042E-02,0.02619268970751609
 2.0065E-02,0.029791026974576786
 2.0087E-02,0.032839289059135704
 2.0109E-02,0.035224974365699366
 2.0131E-02,0.03688685551635771
 2.0154E-02,0.03779180107408064
 2.0176E-02,0.037912633914561907
 2.0198E-02,0.037222189509605465
 2.0220E-02,0.035707994107833846
 2.0242E-02,0.03339860658250707
 2.0265E-02,0.030384811000179927
 2.0287E-02,0.02682125509302135
 2.0309E-02,0.022905286092039873
 2.0331E-02,0.018842837489067198
 2.0354E-02,0.014818363862227329
 2.0376E-02,0.010982797650816577
 2.0398E-02,0.007462281651152016
 2.0420E-02,0.004377876096078804
 2.0442E-02,0.0018601071650859585
 2.0465E-02,4.582989521620634e-05
 2.0487E-02,-0.0009438725680651415
 2.0509E-02,-0.0010339876769983145
 2.0531E-02,-0.00021770925815896953
 2.0553E-02,0.001441787548178826
 2.0576E-02,0.003830753377632033
 2.0598E-02,0.006814502362212817
 2.0620E-02,0.010261159459208547
 2.0642E-02,0.014047842507002854
 2.0665E-02,0.018048913371202232
 2.0687E-02,0.022117253613368963
 2.0709E-02,0.026074026082131527
 2.0731E-02,0.02971737615822608
 2.0753E-02,0.03284904999733347
 2.0776E-02,0.035306907745004515
 2.0798E-02,0.03698744032186255
 2.0820E-02,0.03784799409381673
 2.0842E-02,0.037890068183865686
 2.0865E-02,0.03713571003445587
 2.0887E-02,0.035612275305462564
 2.0909E-02,0.03335476179743166
 2.0931E-02,0.03042334878535341
 2.0953E-02,0.026923761364373876
 2.0976E-02,0.02301570834104713
 2.0998E-02,0.018901299801992275
 2.1020E-02,0.014796946216115194
 2.1042E-02,0.010901747138689742
 2.1065E-02,0.007377115987291804
 2.1087E-02,0.004345428411917431
 2.1109E-02,0.001904122831175522
 2.1131E-02,0.00014278541599177736
 2.1153E-02,-0.0008503965875367738
 2.1176E-02,-0.000999255023804778
 2.1198E-02,-0.000262694400899875
 2.1220E-02,0.0013427455757612653
 2.1242E-02,0.003734263725140096
 2.1265E-02,0.006774024230020737
 2.1287E-02,0.01029509603063583
 2.1309E-02,0.01412897611387448
 2.1331E-02,0.01812138288514893
 2.1353E-02,0.022130670533616614
 2.1376E-02,0.02601407050196946
 2.1398E-02,0.02961445283549704
 2.1420E-02,0.03275991362101328
 2.1442E-02,0.03528049896905539
 2.1465E-02,0.03703563696939437
 2.1487E-02,0.037938886560342076
 2.1509E-02,0.03796764893998058
 2.1531E-02,0.03715388729807102
 2.1553E-02,0.035562565643233436
 2.1576E-02,0.03327100459661287
 2.1598E-02,0.030360801047098304
 2.1620E-02,0.026925415131585296
 2.1642E-02,0.023086260030135235
 2.1664E-02,0.019004390706451622
 2.1687E-02,0.014877120345716154
 2.1709E-02,0.010917683048949672
 2.1731E-02,0.007326052456756047
 2.1753E-02,0.004264206895196267
 2.1776E-02,0.0018464608112572097
 2.1798E-02,0.0001466618539744545
 2.1820E-02,-0.0007855688164570314
 2.1842E-02,-0.000912053078001663
 2.1864E-02,-0.00020624993662663328
 2.1887E-02,0.001332791530303747
 2.1909E-02,0.0036611159815269994
 2.1931E-02,0.006677656377411474
 2.1953E-02,0.01022814930970591
 2.1976E-02,0.014125257178174162
 2.1998E-02,0.018175939220054876
 2.2020E-02,0.022203345007520806
 2.2042E-02,0.02605423396202871
 2.2064E-02,0.02959186988924206
 2.2087E-02,0.03268308733830665
 2.2109E-02,0.03519150192433487
 2.2131E-02,0.03698469208935255
 2.2153E-02,0.03795416754850814
 2.2176E-02,0.038038556557545816
 2.2198E-02,0.037237791017188014
 2.2220E-02,0.03561075348616089
 2.2242E-02,0.03325802226079915
 2.2264E-02,0.030299455286356674
 2.2287E-02,0.02685852945493023
 2.2309E-02,0.023060375860395676
 2.2331E-02,0.01904143867043614
 2.2353E-02,0.014961148763416013
 2.2376E-02,0.011004493168911505
 2.2398E-02,0.007369732300723913
 2.2420E-02,0.004244464298956044
 2.2442E-02,0.0017803442367442016
 2.2464E-02,7.779329599274165e-05
 2.2487E-02,-0.0008135690465756409
 2.2509E-02,-0.0008818552528936052
 2.2531E-02,-0.00013704239161560516
 2.2553E-02,0.001397141925481673
 2.2576E-02,0.003678689289347464
 2.2598E-02,0.0066337922781787035
 2.2620E-02,0.010144248783269385
 2.2642E-02,0.01404588906731774
 2.2664E-02,0.018142135326714697
 2.2687E-02,0.022228225891760083
 2.2709E-02,0.02611561172465509
 2.2731E-02,0.029646164372167074
 2.2753E-02,0.032692019974330876
 2.2776E-02,0.035145375830739095
 2.2798E-02,0.03690822702301434
 2.2820E-02,0.03789148032694729
 2.2842E-02,0.03802649547776757
 2.2864E-02,0.037283803887239834
 2.2887E-02,0.0356886110395343
 2.2909E-02,0.033323830846730816
 2.2931E-02,0.030318125911706992
 2.2953E-02,0.026824653251884954
 2.2975E-02,0.023000984470130263
 2.2998E-02,0.018999169917476987
 2.3020E-02,0.014968154435106046
 2.3042E-02,0.011062891523651046
 2.3064E-02,0.0074503077340944916
 2.3087E-02,0.004304228140870447
 2.3109E-02,0.001788236808171802
 2.3131E-02,3.303017759404285e-05
 2.3153E-02,-0.0008814385886491813
 2.3175E-02,-0.0009310411970455775
 2.3198E-02,-0.00013874218044634284
 2.3220E-02,0.0014415777531077288
 2.3242E-02,0.003738891277256927
 2.3264E-02,0.006668983626099356
 2.3287E-02,0.010128024716724492
 2.3309E-02,0.013982223952828214
 2.3331E-02,0.018063041428367503
 2.3353E-02,0.022174577660359122
 2.3375E-02,0.026112771933360746
 2.3398E-02,0.029689113838372513
 2.3420E-02,0.03274888098355604
 2.3442E-02,0.035177073684640785
 2.3464E-02,0.036892310140364044
 2.3487E-02,0.03783568724787198
 2.3509E-02,0.037963947772147844
 2.3531E-02,0.03725286085502544
 2.3553E-02,0.03570966504141033
 2.3575E-02,0.0333870735085453
 2.3598E-02,0.03038957492989173
 2.3620E-02,0.026866646898130495
 2.3642E-02,0.022994664281950163
 2.3664E-02,0.018955399527063224
 2.3687E-02,0.014920425696128744
 2.3709E-02,0.011046675938940854
 2.3731E-02,0.007481415875847421
 2.3753E-02,0.004369204632052599
 2.3775E-02,0.0018524546943182278
 2.3798E-02,6.146619717674502e-05
 2.3820E-02,-0.0009033253734770338
 2.3842E-02,-0.0009888484661075994
 2.3864E-02,-0.00019804521107365182
 2.3887E-02,0.0014144210903265107
 2.3909E-02,0.003756629193154575
 2.3931E-02,0.0067161170615592635
 2.3953E-02,0.010170530522332901
 2.3975E-02,0.013988386029124205
 2.3998E-02,0.01802278152684325
 2.4020E-02,0.02210565445627303
 2.4042E-02,0.026050186693625237
 2.4064E-02,0.02966419610438225
 2.4086E-02,0.03277071188183854
 2.4109E-02,0.035227422364127035
 2.4131E-02,0.03693703773895829
 2.4153E-02,0.03784561364243875
 2.4175E-02,0.03793251147847773
 2.4198E-02,0.03719993265637543
 2.4220E-02,0.035669321554433614
 2.4242E-02,0.03338684261921522
 2.4264E-02,0.03043375165435842
 2.4286E-02,0.026933710991301738
 2.4309E-02,0.02305023340415122
 2.4331E-02,0.018972776345254544
 2.4353E-02,0.014896306494481946
 2.4375E-02,0.011002630293063314
 2.4398E-02,0.0074504016987184275
 2.4420E-02,0.004375382387512835
 2.4442E-02,0.0018965022796650307
 2.4464E-02,0.0001201692608761326
 2.4486E-02,-0.0008630858856172798
 2.4509E-02,-0.000990227519460982
 2.4531E-02,-0.00024045067043974454
 2.4553E-02,0.001354808351915687
 2.4575E-02,0.003712455825738183
 2.4598E-02,0.006709322503094559
 2.4620E-02,0.010199439279903893
 2.4642E-02,0.014029129132359222
 2.4664E-02,0.018044087254740486
 2.4686E-02,0.022088012141428665
 2.4709E-02,0.02599780703329399
 2.4731E-02,0.02960259597302621
 2.4753E-02,0.03273145720730331
 2.4775E-02,0.035229299914755874
 2.4798E-02,0.03697502764976815
 2.4820E-02,0.03789425497693031
 2.4842E-02,0.03796151885512447
 2.4864E-02,0.0371925404316575
 2.4886E-02,0.03563226029537975
 2.4909E-02,0.0333459979795879
 2.4931E-02,0.030418251950684136
 2.4953E-02,0.026958149405732202
 2.4975E-02,0.023105766324850455
 2.4998E-02,0.01903238599771607
 2.5020E-02,0.01493093300687251
 2.5042E-02,0.010998372377319236
 2.5064E-02,0.007416446146208974
 2.5086E-02,0.004338001964398389
 2.5109E-02,0.0018828749161967718
 2.5131E-02,0.0001418408477976763
 2.5153E-02,-0.0008171576613978113
 2.5175E-02,-0.0009469537606496162
 2.5197E-02,-0.00022636200927778202
 2.5220E-02,0.0013295139239851107
 2.5242E-02,0.003659996428914388
 2.5264E-02,0.00665696562719396
 2.5286E-02,0.010173198604705074
 2.5309E-02,0.014038373445962028
 2.5331E-02,0.018076298660324782
 2.5353E-02,0.02211677007123613
 2.5375E-02,0.025999095344769713
 2.5397E-02,0.02956954499784146
 2.5420E-02,0.032678632975220466
 2.5442E-02,0.03518400959744708
 2.5464E-02,0.03696096176731437
 2.5486E-02,0.03791738165404751
 2.5509E-02,0.03800672144236446
 2.5531E-02,0.0372329428074378
 2.5553E-02,0.03564550892586711
 2.5575E-02,0.03332761829137039
 2.5597E-02,0.030384050443540755
 2.5620E-02,0.026934317562118774
 2.5642E-02,0.023112773602712723
 2.5664E-02,0.019072434478082587
 2.5686E-02,0.014986503775917228
 2.5709E-02,0.011042641444474238
 2.5731E-02,0.0074292021131453344
 2.5753E-02,0.00431745859296208
 2.5775E-02,0.0018463363109612755
 2.5797E-02,0.00011493755251639707
 2.5820E-02,-0.0008160862812737603
 2.5842E-02,-0.0009179092742415382
 2.5864E-02,-0.00018757423451923154
 2.5886E-02,0.0013527036097571755
 2.5909E-02,0.0036504962952414303
 2.5931E-02,0.006616282250944237
 2.5953E-02,0.010120587683332672
 2.5975E-02,0.0139993709478066
 2.5997E-02,0.018067586945341732
 2.6020E-02,0.022136495176369498
 2.6042E-02,0.026028417314584468
 2.6064E-02,0.029584403742729228
 2.6086E-02,0.032664560711664146
 2.6108E-02,0.03514502626820046
 2.6131E-02,0.036917216001939486
 2.6153E-02,0.03789302957094224
 2.6175E-02,0.03801542289294336
 2.6197E-02,0.037269743723970426
 2.6220E-02,0.03568995749010761
 2.6242E-02,0.03335614222464578
 2.6264E-02,0.03038405167047301
 2.6286E-02,0.026911475304763822
 2.6308E-02,0.02308722558746456
 2.6331E-02,0.019066253016435577
 2.6353E-02,0.015010102993907714
 2.6375E-02,0.011088317261427687
 2.6397E-02,0.007475631793334537
 2.6420E-02,0.004342360424918073
 2.6442E-02,0.0018396181788114412
 2.6464E-02,8.444705666698022e-05
 2.6486E-02,-0.0008495828142660164
 2.6508E-02,-0.000933402317193829
 2.6531E-02,-0.0001764655790775434
 2.6553E-02,0.0013815617472256818
 2.6575E-02,0.003676340479918128
 2.6597E-02,0.0066191466169185425
 2.6620E-02,0.010093492057118457
 2.6642E-02,0.01395265985556672
 2.6664E-02,0.01802285208797711
 2.6686E-02,0.02211379228616485
 2.6708E-02,0.02603450203586786
 2.6731E-02,0.029609053433702636
 2.6753E-02,0.03268713517246053
 2.6775E-02,0.03514723304678644
 2.6797E-02,0.03689432751535404
 2.6820E-02,0.03785678500812536
 2.6842E-02,0.03798691665583683
 2.6864E-02,0.03726666427191756
 2.6886E-02,0.03571592210523474
 2.6908E-02,0.03339854776206665
 2.6931E-02,0.030421667952352578
 2.6953E-02,0.026927120348254376
 2.6975E-02,0.023077843772081975
 2.6997E-02,0.01904436017069674
 2.7020E-02,0.014995824156515538
 2.7042E-02,0.011096912972420334
 2.7064E-02,0.007508070987488432
 2.7086E-02,0.004384587956661319
 2.7108E-02,0.0018708841510367297
 2.7131E-02,8.962138223896315e-05
 2.7153E-02,-0.0008711291546644833
 2.7175E-02,-0.0009676401556654331
 2.7197E-02,-0.0002032888467553138
 2.7220E-02,0.0013762390650689082
 2.7242E-02,0.003692257973848378
 2.7264E-02,0.006642107960405361
 2.7286E-02,0.010104196796421206
 2.7308E-02,0.013938583174262371
 2.7331E-02,0.017985999538249378
 2.7353E-02,0.022069678882621596
 2.7375E-02,0.026003012728587356
 2.7397E-02,0.029602727925526342
 2.7419E-02,0.03270394142815552
 2.7442E-02,0.03517214638280681
 2.7464E-02,0.03690869348729991
 2.7486E-02,0.03784975335954446
 2.7508E-02,0.03796202354688252
 2.7531E-02,0.03723962210109795
 2.7553E-02,0.035705018801748506
 2.7575E-02,0.033413511505854115
 2.7597E-02,0.030457732205871932
 2.7619E-02,0.02696782777446712
 2.7642E-02,0.02310482602551464
 2.7664E-02,0.019048145630867347
 2.7686E-02,0.014981168615697012
 2.7708E-02,0.011079512723052179
 2.7731E-02,0.007504733051505345
 2.7753E-02,0.0044028419619288415
 2.7775E-02,0.0019042928670283746
 2.7797E-02,0.00012156161749491399
 2.7819E-02,-0.0008575543514400875
 2.7842E-02,-0.0009795538765468017
 2.7864E-02,-0.0002338821446414449
 2.7886E-02,0.0013435316048202514
 2.7908E-02,0.0036738193590847993
 2.7931E-02,0.006644442376375044
 2.7953E-02,0.0101202908613488
 2.7975E-02,0.013952461110795547
 2.7997E-02,0.01798266884022252
 2.8019E-02,0.022044436613243804
 2.8042E-02,0.025964501558724852
 2.8064E-02,0.029567927238558684
 2.8086E-02,0.0326881504445073
 2.8108E-02,0.035180019889399006
 2.8131E-02,0.03693172051171289
 2.8153E-02,0.03787164705824311
 2.8175E-02,0.03796870533572405
 2.8197E-02,0.037227734473735986
 2.8219E-02,0.03568383870467546
 2.8242E-02,0.03339916528239811
 2.8264E-02,0.03046327232493067
 2.8286E-02,0.026995198905547163
 2.8308E-02,0.023143553830197956
 2.8331E-02,0.019081484208995952
 2.8353E-02,0.014995944492215217
 2.8375E-02,0.01107371875642324
 2.8397E-02,0.007488341559746875
 2.8419E-02,0.0043914283023527125
 2.8442E-02,0.0019093815725021238
 2.8464E-02,0.00014353312861215797
 2.8486E-02,-0.0008297539935181268
 2.8508E-02,-0.0009617805963256796
 2.8530E-02,-0.00023727353017774565
 2.8553E-02,0.0013192301284730389
 2.8575E-02,0.0036400983426009637
 2.8597E-02,0.006617183407533849
 2.8619E-02,0.010110385090992635
 2.8642E-02,0.013959537009059999
 2.8664E-02,0.017995669179443237
 2.8686E-02,0.02204864164018535
 2.8708E-02,0.025950717020563042
 2.8730E-02,0.029538276178973016
 2.8753E-02,0.03265498677232162
 2.8775E-02,0.03515865117383304
 2.8797E-02,0.036931360507496284
 2.8819E-02,0.03789006114073674
 2.8842E-02,0.03799374752953161
 2.8864E-02,0.037244792002067185
 2.8886E-02,0.03568464218585816
 2.8908E-02,0.03338663756815631
 2.8930E-02,0.030449528633765183
 2.8953E-02,0.02699397188476068
 2.8975E-02,0.023161669455406514
 2.8997E-02,0.019114542897978582
 2.9019E-02,0.015030778376447243
 2.9042E-02,0.01109609239343816
 2.9064E-02,0.007491226745713459
 2.9086E-02,0.004378887632110133
 2.9108E-02,0.0018937833347994438
 2.9130E-02,0.00013784434430054102
 2.9153E-02,-0.0008199160369311093
 2.9175E-02,-0.0009415598808890313
 2.9197E-02,-0.00021943792819416775
 2.9219E-02,0.0013220401239086741
 2.9242E-02,0.0036230456029889644
 2.9264E-02,0.0065862237858129655
 2.9286E-02,0.01007880245984366
 2.9308E-02,0.013940141216102538
 2.9330E-02,0.01799336570746074
 2.9353E-02,0.022057828759201325
 2.9375E-02,0.025959034075900597
 2.9397E-02,0.029534392225942625
 2.9419E-02,0.032635696965108006
 2.9442E-02,0.035130994265737125
 2.9464E-02,0.03690850249456976
 2.9486E-02,0.03788346317225291
 2.9508E-02,0.03800636540740194
 2.9530E-02,0.03726940021377674
 2.9553E-02,0.035708251890113674
 2.9575E-02,0.03339829286166924
 2.9597E-02,0.03044675204789618
 2.9619E-02,0.026983990433826963
 2.9641E-02,0.023156739050794923
 2.9664E-02,0.019124254255189124
 2.9686E-02,0.015056017693016729
 2.9708E-02,0.011128286836424691
 2.9730E-02,0.007517289104644265
 2.9753E-02,0.004388845251086928
 2.9775E-02,0.0018864952111097553
 2.9797E-02,0.00012140342868616249
 2.9819E-02,-0.0008332780288024603
 2.9841E-02,-0.0009429514210187649
 2.9864E-02,-0.00020865811987488088
 2.9886E-02,0.0013364740296396666
 2.9908E-02,0.0036291670027720265
 2.9930E-02,0.0065759752736166115
 2.9953E-02,0.01005304356332323
 2.9975E-02,0.013908303842702164
 2.9997E-02,0.017967989223673504
 3.0019E-02,0.02204728322390008
 3.0041E-02,0.025962810722355314
 3.0064E-02,0.02954376883424538
 3.0086E-02,0.032639330300373505
 3.0108E-02,0.03512202351537747
 3.0130E-02,0.036888857813753104
 3.0153E-02,0.03786278978673058
 3.0175E-02,0.03799624470646111
 3.0197E-02,0.037276387263399685
 3.0219E-02,0.035729939558009155
 3.0241E-02,0.03342475375386342
 3.0264E-02,0.030466445451115653
 3.0286E-02,0.026990537999956574
 3.0308E-02,0.023152485419546075
 3.0330E-02,0.019118508559614944
 3.0353E-02,0.015059098073419704
 3.0375E-02,0.011145005182108468
 3.0397E-02,0.007543812240744957
 3.0419E-02,0.0044147983851968164
 3.0441E-02,0.0019010052106135339
 3.0464E-02,0.0001194269733625151
 3.0486E-02,-0.000848132699668394
 3.0508E-02,-0.0009607636122484335
 3.0530E-02,-0.00021924206066923626
 3.0552E-02,0.0013374744268056802
 3.0575E-02,0.0036377928993881967
 3.0597E-02,0.006582538130870214
 3.0619E-02,0.010048185495490794
 3.0641E-02,0.013888859127893003
 3.0664E-02,0.017939113741954425
 3.0686E-02,0.02201958278961661
 3.0708E-02,0.025946215679272373
 3.0730E-02,0.029541851862521673
 3.0752E-02,0.032647476521744996
 3.0775E-02,0.03513051954862885
 3.0797E-02,0.03688899293499609
 3.0819E-02,0.037852257789195244
 3.0841E-02,0.03798058439894963
 3.0864E-02,0.03726561769820531
 3.0886E-02,0.03573245719931217
 3.0908E-02,0.033442198170660194
 3.0930E-02,0.030492626344562523
 3.0952E-02,0.027015040238797725
 3.0975E-02,0.02316674395102574
 3.0997E-02,0.019120680187964208
 3.1019E-02,0.015054820458233665
 3.1041E-02,0.011143639570391646
 3.1064E-02,0.007552486927217689
 3.1086E-02,0.004433867059594917
 3.1108E-02,0.0019236464129953842
 3.1130E-02,0.00013559636560154056
 3.1152E-02,-0.0008458006784572488
 3.1175E-02,-0.0009726563930914083
 3.1197E-02,-0.00023863294532040422
 3.1219E-02,0.0013203535972055895
 3.1241E-02,0.0036299466493069006
 3.1264E-02,0.006584163864549358
 3.1286E-02,0.010052800975703387
 3.1308E-02,0.013887487045195258
 3.1330E-02,0.017925970181815937
 3.1352E-02,0.021995825885444298
 3.1375E-02,0.0259194973151571
 3.1397E-02,0.029521955678369065
 3.1419E-02,0.03264068308470748
 3.1441E-02,0.035136092772085806
 3.1464E-02,0.03689988266484716
 3.1486E-02,0.03785955664261042
 3.1508E-02,0.037979015058688365
 3.1530E-02,0.037256726383179686
 3.1552E-02,0.03572360224292289
 3.1575E-02,0.033441979846495724
 3.1597E-02,0.030505549462567866
 3.1619E-02,0.027038641265466873
 3.1641E-02,0.023192899753882897
 3.1664E-02,0.019140280264784596
 3.1686E-02,0.015062968610294866
 3.1708E-02,0.011142262737945583
 3.1730E-02,0.007548821265545805
 3.1752E-02,0.004435784650635144
 3.1775E-02,0.0019346725386068095
 3.1797E-02,0.00015262267177958795
 3.1819E-02,-0.0008307506428239931
 3.1841E-02,-0.0009676982077308799
 3.1863E-02,-0.00024718736394520693
 3.1886E-02,0.0013016001556318856
 3.1908E-02,0.003609084309853027
 3.1930E-02,0.0065693057312513105
 3.1952E-02,0.01004740222592294
 3.1975E-02,0.013888540140460238
 3.1997E-02,0.017926131741247076
 3.2019E-02,0.021988158524533865
 3.2041E-02,0.02590194268777861
 3.2063E-02,0.029498833006713687
 3.2086E-02,0.03262031600821151
 3.2108E-02,0.03512600847983677
 3.2130E-02,0.03690248495410086
 3.2152E-02,0.03787087190963026
 3.2175E-02,0.03799123928605181
 3.2197E-02,0.03726300274005049
 3.2219E-02,0.0357221262690445
 3.2241E-02,0.033436961384511354
 3.2263E-02,0.03050448176444511
 3.2286E-02,0.02704756338161095
 3.2308E-02,0.023212534787593223
 3.2330E-02,0.019165377743357477
 3.2352E-02,0.015085227355559717
 3.2375E-02,0.011155052911763682
 3.2397E-02,0.007550861453763005
 3.2419E-02,0.00443158752496043
 3.2441E-02,0.0019315351922013749
 3.2463E-02,0.00015601254090728215
 3.2486E-02,-0.0008206209618662856
 3.2508E-02,-0.0009560557697505461
 3.2530E-02,-0.00024155603877636404
 3.2552E-02,0.001295958634324161
 3.2575E-02,0.0035923973312334094
 3.2597E-02,0.006547253945678725
 3.2619E-02,0.010027859406694654
 3.2641E-02,0.013877061117887541
 3.2663E-02,0.017922898870368072
 3.2686E-02,0.021988202385866032
 3.2708E-02,0.02589847071567422
 3.2730E-02,0.02948762844763163
 3.2752E-02,0.032602536397720656
 3.2775E-02,0.03510769448045645
 3.2797E-02,0.036891087023633314
 3.2819E-02,0.03787090246031965
 3.2841E-02,0.038001674164766935
 3.2863E-02,0.037277983081697226
 3.2886E-02,0.03573450930214463
 3.2908E-02,0.03344255472493223
 3.2930E-02,0.030504404340869193
 3.2952E-02,0.027047332126875736
 3.2974E-02,0.02321846629496671
 3.2997E-02,0.019180508398678107
 3.3019E-02,0.015107224594179113
 3.3041E-02,0.011177367338723123
 3.3063E-02,0.007566407976082988
 3.3086E-02,0.004436731256575143
 3.3108E-02,0.0019279973396560393
 3.3130E-02,0.00014958296157749655
 3.3152E-02,-0.0008237528770429261
 3.3174E-02,-0.0009531218426260458
 3.3197E-02,-0.00023488351665532407
 3.3219E-02,0.0013004079174336863
 3.3241E-02,0.0035887203661626164
 3.3263E-02,0.006533294807305698
 3.3286E-02,0.010006671071723835
 3.3308E-02,0.01385526913749138
 3.3330E-02,0.017906960605916053
 3.3352E-02,0.02198081377980716
 3.3374E-02,0.025897269911629123
 3.3397E-02,0.029486949636826347
 3.3419E-02,0.03259712474865357
 3.3441E-02,0.03509611739996678
 3.3463E-02,0.03687677524106618
 3.3486E-02,0.0378602001481125
 3.3508E-02,0.038000089771252896
 3.3530E-02,0.037286913202710346
 3.3552E-02,0.035750407595320596
 3.3574E-02,0.03345902814458653
 3.3597E-02,0.03051595031637935
 3.3619E-02,0.027052454272806774
 3.3641E-02,0.023220304700629725
 3.3663E-02,0.01918463869094516
 3.3686E-02,0.01511799005224895
 3.3708E-02,0.011194978017096034
 3.3730E-02,0.007586556591145851
 3.3752E-02,0.004452944712069697
 3.3774E-02,0.0019352969680096967
 3.3797E-02,0.0001472544396325104
 3.3819E-02,-0.0008319247781694305
 3.3841E-02,-0.0009612646177756308
 3.3863E-02,-0.00023862019605045814
 3.3886E-02,0.0013013650673495422
 3.3908E-02,0.0035905133940820023
 3.3930E-02,0.006530411899002881
 3.3952E-02,0.009995465538849049
 3.3974E-02,0.013836375475859787
 3.3997E-02,0.017885151841844353
 3.4019E-02,0.02196239041821028
 3.4041E-02,0.025886555025555244
 3.4063E-02,0.029483993786594987
 3.4085E-02,0.03259798351230972
 3.4108E-02,0.035095505591117744
 3.4130E-02,0.036871470188031934
 3.4152E-02,0.037851126277729796
 3.4174E-02,0.03799182905670741
 3.4197E-02,0.03728495205822772
 3.4219E-02,0.0357577981192964
 3.4241E-02,0.0334744843920243
 3.4263E-02,0.030534519318097416
 3.4285E-02,0.027068340069802084
 3.4308E-02,0.023230131461785538
 3.4330E-02,0.019189193129490925
 3.4352E-02,0.015121420559643294
 3.4374E-02,0.011201970059255141
 3.4397E-02,0.0075992158959918505
 3.4419E-02,0.004469277088803908
 3.4441E-02,0.0019501944320107207
 3.4463E-02,0.0001553825352474008
 3.4485E-02,-0.0008330798381325614
 3.4508E-02,-0.0009700117404055241
 3.4530E-02,-0.0002501536421080044
 3.4552E-02,0.0012920774754173769
 3.4574E-02,0.0035857905458883317
 3.4597E-02,0.006528629495453054
 3.4619E-02,0.009992256031145307
 3.4641E-02,0.013827511538851388
 3.4663E-02,0.017869358165860022
 3.4685E-02,0.021942380832330483
 3.4708E-02,0.025867669040288883
 3.4730E-02,0.029471255784484417
 3.4752E-02,0.03259335413798645
 3.4774E-02,0.035096969535755355
 3.4797E-02,0.03687448782486845
 3.4819E-02,0.03785154797439783
 3.4841E-02,0.03798849589369851
 3.4863E-02,0.03728041115749757
 3.4885E-02,0.03575671398961751
 3.4908E-02,0.03348072500636763
 3.4930E-02,0.03054868991603169
 3.4952E-02,0.027087253991626755
 3.4974E-02,0.023248527277790643
 3.4997E-02,0.019202652358334724
 3.5019E-02,0.015128729289925372
 3.5041E-02,0.01120552164032907
 3.5063E-02,0.007603245016731348
 3.5085E-02,0.004477020799021776
 3.5108E-02,0.0019617079708643894
 3.5130E-02,0.00016732594324138416
 3.5152E-02,-0.0008255654473403936
 3.5174E-02,-0.0009704758853837031
 3.5196E-02,-0.00025875676354309926
 3.5219E-02,0.0012786553606948907
 3.5241E-02,0.0035724127501680844
 3.5263E-02,0.006518911471794011
 3.5285E-02,0.009986596134844906
 3.5308E-02,0.013823112717527543
 3.5330E-02,0.01786220386978177
 3.5352E-02,0.021929951996568612
 3.5374E-02,0.025850749140338174
 3.5396E-02,0.029453729336759434
 3.5419E-02,0.03258011994021325
 3.5441E-02,0.03509122710364017
 3.5463E-02,0.036876027497436986
 3.5485E-02,0.03785706072714425
 3.5508E-02,0.037993694585379115
 3.5530E-02,0.03728266480187436
 3.5552E-02,0.03575659925451363
 3.5574E-02,0.033481568532874206
 3.5596E-02,0.03055439848514367
 3.5619E-02,0.027099762488742667
 3.5641E-02,0.02326641456000428
 3.5663E-02,0.01922175789292601
 3.5685E-02,0.01514439146409648
 3.5708E-02,0.01121508761172079
 3.5730E-02,0.007607353281569706
 3.5752E-02,0.0044789107675022935
 3.5774E-02,0.001965002728540821
 3.5796E-02,0.00017364494062174036
 3.5819E-02,-0.0008177202127796288
 3.5841E-02,-0.0009648963307598993
 3.5863E-02,-0.0002592741971034091
 3.5885E-02,0.0012704929874220745
 3.5908E-02,0.0035583364049249495
 3.5930E-02,0.006503008049762348
 3.5952E-02,0.009973028653656325
 3.5974E-02,0.013813854233967813
 3.5996E-02,0.01785613691562435
 3.6019E-02,0.02192385461943322
 3.6041E-02,0.025841549293921035
 3.6063E-02,0.02944064865514134
 3.6085E-02,0.03256540274022214
 3.6108E-02,0.035079012134542266
 3.6130E-02,0.0368700447026582
 3.6152E-02,0.03785854210170613
 3.6174E-02,0.038000751790904536
 3.6196E-02,0.03729149384090849
 3.6219E-02,0.03576376890320766
 3.6241E-02,0.033486003467035966
 3.6263E-02,0.030557866865977855
 3.6285E-02,0.027105593424159153
 3.6307E-02,0.023277243205233746
 3.6330E-02,0.019237676037004957
 3.6352E-02,0.015162624746870383
 3.6374E-02,0.011231391137597042
 3.6396E-02,0.007618282451407601
 3.6419E-02,0.004483606943661139
 3.6441E-02,0.00196543817632742
 3.6463E-02,0.00017320574018364013
 3.6485E-02,-0.0008164380708000447
 3.6507E-02,-0.0009617411173906746
 3.6530E-02,-0.0002566506507799312
 3.6552E-02,0.0012691097779821536
 3.6574E-02,0.003550579989658582
 3.6596E-02,0.006489175498009587
 3.6619E-02,0.009956075716611945
 3.6641E-02,0.013797835795875594
 3.6663E-02,0.017844030116950564
 3.6685E-02,0.021916066277089537
 3.6707E-02,0.025835989004573567
 3.6730E-02,0.029434300634238617
 3.6752E-02,0.032556426764132354
 3.6774E-02,0.03506809130245434
 3.6796E-02,0.03686016128935775
 3.6819E-02,0.037853318679666965
 3.6841E-02,0.03800236242607453
 3.6863E-02,0.037299405104208885
 3.6885E-02,0.03577506231539475
 3.6907E-02,0.033497072629156875
 3.6930E-02,0.030566457064545145
 3.6952E-02,0.027111956658035157
 3.6974E-02,0.023283728898495896
 3.6996E-02,0.01924702907621569
 3.7019E-02,0.015176039731363642
 3.7041E-02,0.011247508573824519
 3.7063E-02,0.007633734196776796
 3.7085E-02,0.00449478072152735
 3.7107E-02,0.0019704016458537642
 3.7130E-02,0.00017264443574882484
 3.7152E-02,-0.0008198133931972063
 3.7174E-02,-0.000964941239032015
 3.7196E-02,-0.00025824617953001624
 3.7219E-02,0.0012681641604817076
 3.7241E-02,0.0035476209735928483
 3.7263E-02,0.0064815857948440445
 3.7285E-02,0.009943050106346895
 3.7307E-02,0.0137810887577046
 3.7330E-02,0.017827016115744707
 3.7352E-02,0.021902179406291522
 3.7374E-02,0.025826819390164478
 3.7396E-02,0.029428984393453872
 3.7418E-02,0.03255246155778373
 3.7441E-02,0.035063104250783045
 3.7463E-02,0.03685354574169142
 3.7485E-02,0.03784674412268303
 3.7507E-02,0.037998851096036235
 3.7530E-02,0.037301539118206675
 3.7552E-02,0.03578340858799481
 3.7574E-02,0.0335097752261594
 3.7596E-02,0.030580236392922556
 3.7618E-02,0.027123906310713077
 3.7641E-02,0.023292827928536024
 3.7663E-02,0.01925447153027638
 3.7685E-02,0.01518420617555458
 3.7707E-02,0.011258224413690556
 3.7730E-02,0.00764688218496263
 3.7752E-02,0.00450811088854498
 3.7774E-02,0.0019806533350701537
 3.7796E-02,0.00017730520961890014
 3.7818E-02,-0.0008211643013480549
 3.7841E-02,-0.0009705002021941321
 3.7863E-02,-0.00026512773242087133
 3.7885E-02,0.0012622074547888361
 3.7907E-02,0.003542937063989314
 3.7930E-02,0.006476570167057043
 3.7952E-02,0.009935318126598437
 3.7974E-02,0.013769151915546483
 3.7996E-02,0.017811440581307597
 3.8018E-02,0.02188552135976802
 3.8041E-02,0.025812370985511004
 3.8063E-02,0.02941908007759529
 3.8085E-02,0.032547355457930215
 3.8107E-02,0.035061079875716016
 3.8130E-02,0.03685217295671292
 3.8152E-02,0.037844508057663755
 3.8174E-02,0.03799616037224461
 3.8196E-02,0.0373005051249937
 3.8218E-02,0.03578653697208713
 3.8241E-02,0.033518369151558446
 3.8263E-02,0.03059348091613903
 3.8285E-02,0.027139185958223698
 3.8307E-02,0.023307082857282634
 3.8330E-02,0.019265775519431688
 3.8352E-02,0.015192625858897772
 3.8374E-02,0.0112654624537886
 3.8396E-02,0.007654944042581549
 3.8418E-02,0.004517818959608425
 3.8441E-02,0.0019909146306837044
 3.8463E-02,0.00018557599482550723
 3.8485E-02,-0.00081749770482951
 3.8507E-02,-0.0009726541630383969
 3.8529E-02,-0.000272244082615675
 3.8552E-02,0.0012525507110194413
 3.8574E-02,0.003533342041713108
 3.8596E-02,0.006468395890848066
 3.8618E-02,0.009928066510674367
 3.8641E-02,0.013761017724567948
 3.8663E-02,0.0178006765515213
 3.8685E-02,0.02187178011553163
 3.8707E-02,0.025797203335233547
 3.8729E-02,0.0294052817473167
 3.8752E-02,0.03253755042016333
 3.8774E-02,0.03505638742094029
 3.8796E-02,0.03685175135680696
 3.8818E-02,0.037846235240391234
 3.8841E-02,0.037998025811997675
 3.8863E-02,0.037301863055072014
 3.8885E-02,0.03578846381697458
 3.8907E-02,0.03352291777305028
 3.8929E-02,0.030602294633904757
 3.8952E-02,0.027152319933070167
 3.8974E-02,0.023322749594334505
 3.8996E-02,0.01928116913778308
 3.9018E-02,0.015205329978467965
 3.9041E-02,0.011274601438862417
 3.9063E-02,0.007661400936411874
 3.9085E-02,0.004523411284596543
 3.9107E-02,0.00199704550851024
 3.9129E-02,0.00019218642577831777
 3.9152E-02,-0.00081204016973045
 3.9174E-02,-0.0009706649358695585
 3.9196E-02,-0.0002753676186837182
 3.9218E-02,0.0012443439408974075
 3.9241E-02,0.003521807608581345
 3.9263E-02,0.006456088713572868
 3.9285E-02,0.00991699267051772
 3.9307E-02,0.013751669162031846
 3.9329E-02,0.017792015978886612
 3.9352E-02,0.021862167221301323
 3.9374E-02,0.025785686023702122
 3.9396E-02,0.02939245927073128
 3.9418E-02,0.032525478077752724
 3.9441E-02,0.03504757443951393
 3.9463E-02,0.03684785179764531
 3.9485E-02,0.03784721508761256
 3.9507E-02,0.03800229875346855
 3.9529E-02,0.03730730132895148
 3.9552E-02,0.035793665300428476
 3.9574E-02,0.03352796341497892
 3.9596E-02,0.030608547181971993
 3.9618E-02,0.02716139993677367
 3.9640E-02,0.023335321789672243
 3.9663E-02,0.019296282279488895
 3.9685E-02,0.015220713810552868
 3.9707E-02,0.011287745279403091
 3.9729E-02,0.007670770607626607
 3.9752E-02,0.0045290846249313715
 3.9774E-02,0.0020004026732804592
 3.9796E-02,0.00019486096918541708
 3.9818E-02,-0.0008093037547292311
 3.9840E-02,-0.0009685537816786579
 3.9863E-02,-0.00027561824730516955
 3.9885E-02,0.0012400175072182279
 3.9907E-02,0.003512825754437116
 3.9929E-02,0.006443486697104418
 3.9952E-02,0.009902979365174844
 3.9974E-02,0.01373852695901219
 3.9996E-02,0.017780997112620316
 4.0018E-02,0.021853038594616396
 4.0040E-02,0.02577717966421891
 4.0063E-02,0.02938333831897079
 4.0085E-02,0.03251555912654796
 4.0107E-02,0.03503807801442766
 4.0129E-02,0.0368408632991367
 4.0152E-02,0.037844578673248856
 4.0174E-02,0.03800460905768855
 4.0196E-02,0.03731359652089804
 4.0218E-02,0.0358019994262702
 4.0240E-02,0.03353650623830864
 4.0263E-02,0.030616546938255468
 4.0285E-02,0.02716943562207873
 4.0307E-02,0.023344707735472255
 4.0329E-02,0.019308001929913686
 4.0352E-02,0.01523454082827134
 4.0374E-02,0.011302091547792895
 4.0396E-02,0.007683358364665079
 4.0418E-02,0.004538043583023533
 4.0440E-02,0.0020051412368763837
 4.0463E-02,0.00019620166984338498
 4.0485E-02,-0.00080978974964761
 4.0507E-02,-0.0009695994409465084
 4.0529E-02,-0.00027706113337517494
 4.0552E-02,0.0012371671562562089
 4.0574E-02,0.0035070834533435305
 4.0596E-02,0.0064339299289955
 4.0618E-02,0.009889990592629651
 4.0640E-02,0.013723790438129248
 4.0663E-02,0.017766745892164475
 4.0685E-02,0.021840997614810335
 4.0707E-02,0.025767830311701764
 4.0729E-02,0.029375932315103617
 4.0751E-02,0.0325088558071238
 4.0774E-02,0.035031343736549606
 4.0796E-02,0.03683451763196495
 4.0818E-02,0.03784009091803877
 4.0840E-02,0.03800370613295118
 4.0863E-02,0.03731726113816898
 4.0885E-02,0.03580986310653447
 4.0907E-02,0.03354700108650787
 4.0929E-02,0.03062772156773863
 4.0951E-02,0.027179943203743635
 4.0974E-02,0.02335437723551505
 4.0996E-02,0.019317662505585812
 4.1018E-02,0.015245223979515807
 4.1040E-02,0.011314109806551861
 4.1063E-02,0.007695828780666582
 4.1085E-02,0.00454915089599855
 4.1107E-02,0.0020129876675779295
 4.1129E-02,0.00019973851924580573
 4.1151E-02,-0.0008102992919602643
 4.1174E-02,-0.0009728526280529152
 4.1196E-02,-0.00028154874355613535
 4.1218E-02,0.0012322733852856045
 4.1240E-02,0.0035015211086660515
 4.1263E-02,0.006426652592161568
 4.1285E-02,0.009879995309729281
 4.1307E-02,0.013710956661780679
 4.1329E-02,0.01775217098728264
 4.1351E-02,0.021826618449453123
 4.1374E-02,0.02575555045396727
 4.1396E-02,0.029366770563334563
 4.1418E-02,0.0325026162444359
 4.1440E-02,0.03502699087208774
 4.1463E-02,0.03683101493233949
 4.1485E-02,0.03783718457895729
 4.1507E-02,0.03800217460515434
 4.1529E-02,0.03731847940462805
 4.1551E-02,0.03581494830647482
 4.1574E-02,0.03355605941368954
 4.1596E-02,0.030639653424291164
 4.1618E-02,0.027192925096353945
 4.1640E-02,0.02336673188867587
 4.1663E-02,0.019328599430479182
 4.1685E-02,0.015255017491908635
 4.1707E-02,0.011323625520199446
 4.1729E-02,0.007705702795490723
 4.1751E-02,0.00455913130382075
 4.1774E-02,0.0020218445385106684
 4.1796E-02,0.00020580196110812844
 4.1818E-02,-0.0008082925131704705
 4.1840E-02,-0.0009751075657077918
 4.1862E-02,-0.00028714041692048996
 4.1885E-02,0.0012248557873261534
 4.1907E-02,0.0034935445182551154
 4.1929E-02,0.006418521389509573
 4.1951E-02,0.009871207441855094
 4.1974E-02,0.013700648408698984
 4.1996E-02,0.0177399085145515
 4.2018E-02,0.021812946512508338
 4.2040E-02,0.025741956727783726
 4.2062E-02,0.029355077654999177
 4.2085E-02,0.03249415857631685
 4.2107E-02,0.03502206210868787
 4.2129E-02,0.036828906772420254
 4.2151E-02,0.0378367804735598
 4.2174E-02,0.038002729232895625
 4.2196E-02,0.03732010758036589
 4.2218E-02,0.0358185286939964
 4.2240E-02,0.033562616842613316
 4.2262E-02,0.03064960046209088
 4.2285E-02,0.027205627511427032
 4.2307E-02,0.02338066515559291
 4.2329E-02,0.01934200648735747
 4.2351E-02,0.015266678465594959
 4.2374E-02,0.01133328777433992
 4.2396E-02,0.007713929109261006
 4.2418E-02,0.004566676081870252
 4.2440E-02,0.0020289495667047677
 4.2462E-02,0.00021184629347665716
 4.2485E-02,-0.000804572431809634
 4.2507E-02,-0.0009749576362981115
 4.2529E-02,-0.0002910837997731014
 4.2551E-02,0.0012173470808624143
 4.2574E-02,0.0034838063605597425
 4.2596E-02,0.006408029261763055
 4.2618E-02,0.009860881260431761
 4.2640E-02,0.013690539774232523
 4.2662E-02,0.01772944543512954
 4.2685E-02,0.021801572942615942
 4.2707E-02,0.0257297667055016
 4.2729E-02,0.02934304901606049
 4.2751E-02,0.03248383505488241
 4.2774E-02,0.03501486700165008
 4.2796E-02,0.036825493899429795
 4.2818E-02,0.03783680486124499
 4.2840E-02,0.03800516606655292
 4.2862E-02,0.03732391832955427
 4.2885E-02,0.03582326776795583
 4.2907E-02,0.03356861401399107
 4.2929E-02,0.030657616167155448
 4.2951E-02,0.027216199629149753
 4.2973E-02,0.023393552105892154
 4.2996E-02,0.019356071365728776
 4.3018E-02,0.015280291302402563
 4.3040E-02,0.011345011376255392
 4.3062E-02,0.007723086296572682
 4.3085E-02,0.004573471507125692
 4.3107E-02,0.0020340895184835337
 4.3129E-02,0.00021590056906044155
 4.3151E-02,-0.0008016718873591019
 4.3173E-02,-0.0009739745635946523
 4.3196E-02,-0.00029305641467379734
 4.3218E-02,0.0012117515716568515
 4.3240E-02,0.0034747714833850713
 4.3262E-02,0.00639661283087227
 4.3285E-02,0.009848565617188304
 4.3307E-02,0.01367857364343093
 4.3329E-02,0.017718364022289716
 4.3351E-02,0.021791171991992125
 4.3373E-02,0.02571953053826772
 4.3396E-02,0.029332758781558506
 4.3418E-02,0.032473976585728155
 4.3440E-02,0.03500658153384882
 4.3462E-02,0.036820093646435785
 4.3485E-02,0.037835139758274725
 4.3507E-02,0.038007218084089585
 4.3529E-02,0.037328862041048426
 4.3551E-02,0.035829955070319525
 4.3573E-02,0.03357618783235553
 4.3596E-02,0.0306658853092811
 4.3618E-02,0.02722555689326836
 4.3640E-02,0.023404497495051593
 4.3662E-02,0.01936864156415115
 4.3685E-02,0.01529375146698787
 4.3707E-02,0.01135800472136318
 4.3729E-02,0.007734160009875165
 4.3751E-02,0.004581672092847308
 4.3773E-02,0.002039281494050159
 4.3796E-02,0.00021863084202618992
 4.3818E-02,-0.0008006689808229823
 4.3840E-02,-0.0009743240990913913
 4.3862E-02,-0.00029500833642393453
 4.3885E-02,0.0012074972745938649
 4.3907E-02,0.0034675705722510717
 4.3929E-02,0.006386403746241288
 4.3951E-02,0.00983609463789781
 4.3973E-02,0.013665176499076169
 4.3996E-02,0.017705427786147962
 4.4018E-02,0.02177959123687313
 4.4040E-02,0.02570947246698338
 4.4062E-02,0.029323863756751178
 4.4084E-02,0.03246585751302074
 4.4107E-02,0.03499930689589628
 4.4129E-02,0.036814352090904
 4.4151E-02,0.037831980064774444
 4.4173E-02,0.03800751756052693
 4.4196E-02,0.037332841718538436
 4.4218E-02,0.03583703203575121
 4.4240E-02,0.033585251897099114
 4.4262E-02,0.030675833028042155
 4.4284E-02,0.02723576466411505
 4.4307E-02,0.023414957438063794
 4.4329E-02,0.019379691741572197
 4.4351E-02,0.015305578517625632
 4.4373E-02,0.011370233064261659
 4.4396E-02,0.00774578678378969
 4.4418E-02,0.0045913963241165385
 4.4440E-02,0.002046038058617354
 4.4462E-02,0.0002220176780153493
 4.4484E-02,-0.0008003164131811307
 4.4507E-02,-0.0009762452760678798
 4.4529E-02,-0.0002985213976963674
 4.4551E-02,0.001202606365515156
 4.4573E-02,0.0034610051324080477
 4.4596E-02,0.006377679089347308
 4.4618E-02,0.009825023586724137
 4.4640E-02,0.013652216268336508
 4.4662E-02,0.017691670257401506
 4.4684E-02,0.021766393085508005
 4.4707E-02,0.025697937441777383
 4.4729E-02,0.029314476755368246
 4.4751E-02,0.032458476987907395
 4.4773E-02,0.0349935055886208
 4.4796E-02,0.03680988733349228
 4.4818E-02,0.037829099828467654
 4.4840E-02,0.038006911645120676
 4.4862E-02,0.03733526550866146
 4.4884E-02,0.0358428304922759
 4.4907E-02,0.033594072766281964
 4.4929E-02,0.03068670437588295
 4.4951E-02,0.027247492938881405
 4.4973E-02,0.02342661156142307
 4.4996E-02,0.019390891086897566
 4.5018E-02,0.015316425114308413
 4.5040E-02,0.011380945047586195
 4.5062E-02,0.007756269435310199
 4.5084E-02,0.004601021796590026
 4.5107E-02,0.002053776061352846
 4.5129E-02,0.00022684626250863305
 4.5151E-02,-0.0007989596237327873
 4.5173E-02,-0.0009782350098905984
 4.5195E-02,-0.00030316969794607935
 4.5218E-02,0.0011961521495807898
 4.5240E-02,0.003453331344200906
 4.5262E-02,0.00636889678345388
 4.5284E-02,0.009814898934262892
 4.5307E-02,0.013640551018063716
 4.5329E-02,0.01767869160809129
 4.5351E-02,0.02175290688942957
 4.5373E-02,0.025685141547923576
 4.5395E-02,0.029303535900344388
 4.5418E-02,0.03245010369662035
 4.5440E-02,0.03498778724332568
 4.5462E-02,0.03680645101435986
 4.5484E-02,0.037827503842250594
 4.5507E-02,0.03800701850376641
 4.5529E-02,0.03733736636826926
 4.5551E-02,0.03584744570763814
 4.5573E-02,0.03360155255296728
 4.5595E-02,0.030696876201598302
 4.5618E-02,0.027259574387623955
 4.5640E-02,0.023439447377921297
 4.5662E-02,0.019403379043230196
 4.5684E-02,0.015327884512317681
 4.5707E-02,0.011391219564073435
 4.5729E-02,0.007765518003447366
 4.5751E-02,0.0046093387193833855
 4.5773E-02,0.002060881962025551
 4.5795E-02,0.0002320456430474527
 4.5818E-02,-0.0007965215297490275
 4.5840E-02,-0.0009791650071020498
 4.5862E-02,-0.00030750926768679306
 4.5884E-02,0.0011889669453245969
 4.5907E-02,0.003444209734101694
 4.5929E-02,0.006358687089550759
 4.5951E-02,0.009804074434758038
 4.5973E-02,0.013629167222243072
 4.5995E-02,0.017666628757337335
 4.6018E-02,0.021740238880159402
 4.6040E-02,0.025672396252835065
 4.6062E-02,0.029291677558816606
 4.6084E-02,0.03244023608097998
 4.6107E-02,0.034980745383540277
 4.6129E-02,0.03680251706098909
 4.6151E-02,0.03782640806424353
 4.6173E-02,0.03800821501312333
 4.6195E-02,0.03734040950632181
 4.6218E-02,0.03585223655788292
 4.6240E-02,0.03360830897467164
 4.6262E-02,0.03070585135311735
 4.6284E-02,0.02727070284609473
 4.6306E-02,0.023452141954696915
 4.6329E-02,0.019416610259225288
 4.6351E-02,0.015340504678133776
 4.6373E-02,0.0114023472256359
 4.6395E-02,0.00777476374915306
 4.6418E-02,0.004616750149095518
 4.6440E-02,0.002066654864492242
 4.6462E-02,0.000236187803224775
 4.6484E-02,-0.0007943615582789161
 4.6506E-02,-0.0009795942217729673
 4.6529E-02,-0.00031107008056518754
 4.6551E-02,0.0011821420298053658
 4.6573E-02,0.0034345598628063145
 4.6595E-02,0.006347100604190945
 4.6618E-02,0.009791550282790325
 4.6640E-02,0.013616456150525607
 4.6662E-02,0.01765406042525517
 4.6684E-02,0.02172782740826128
 4.6706E-02,0.025660147392291183
 4.6729E-02,0.029279897868657742
 4.6751E-02,0.03242964326881152
 4.6773E-02,0.0349723005711745
 4.6795E-02,0.036797069818074284
 4.6818E-02,0.03782435943914926
 4.6840E-02,0.038009393122559666
 4.6862E-02,0.037344224453434535
 4.6884E-02,0.035858015678186805
 4.6906E-02,0.03361560997276072
 4.6929E-02,0.030714570201168342
 4.6951E-02,0.027280921518212792
 4.6973E-02,0.023463820272279487
 4.6995E-02,0.019429320902925713
 4.7018E-02,0.01535338403495167
 4.7040E-02,0.0114143033068726
 4.7062E-02,0.00778482610460777
 4.7084E-02,0.004624360994358727
 4.7106E-02,0.0020717373318623828
 4.7129E-02,0.0002389629845267159
 4.7151E-02,-0.0007936856677896135
 4.7173E-02,-0.0009810637941617636
 4.7195E-02,-0.00031500483839827606
 4.7218E-02,0.0011753641995853876
 4.7240E-02,0.003424820117046821
 4.7262E-02,0.006334760735719594
 4.7284E-02,0.009777437446275693
 4.7306E-02,0.013601612006756525
 4.7329E-02,0.017639398106466565
 4.7351E-02,0.021713894583194976
 4.7373E-02,0.025647127143379276
 4.7395E-02,0.02926783178534656
 4.7417E-02,0.032418724705623
 4.7440E-02,0.03496304481168247
 4.7462E-02,0.03679024563916321
 4.7484E-02,0.03782071344056865
 4.7506E-02,0.03800932411005636
 4.7529E-02,0.03734759571510138
 4.7551E-02,0.035864212594076864
 4.7573E-02,0.03362380810279692
 4.7595E-02,0.030724058124326194
 4.7617E-02,0.02729129399915494
 4.7640E-02,0.023474938570233615
 4.7662E-02,0.019441080175489737
 4.7684E-02,0.015365445336131862
 4.7706E-02,0.011425966835317478
 4.7729E-02,0.007795132475793486
 4.7751E-02,0.004632366239737016
 4.7773E-02,0.0020768028146886212
 4.7795E-02,0.00024089597225624283
 4.7817E-02,-0.0007947111056380467
 4.7840E-02,-0.000984742607747445
 4.7862E-02,-0.0003211399040617403
 4.7884E-02,0.001166768146149395
 4.7906E-02,0.0034136599009344615
 4.7929E-02,0.006321062962376699
 4.7951E-02,0.009761561950685994
 4.7973E-02,0.013584297881737038
 4.7995E-02,0.01762161820164112
 4.8017E-02,0.021696601854458413
 4.8040E-02,0.02563103859250598
 4.8062E-02,0.029253365831987104
 4.8084E-02,0.032406109123826486
 4.8106E-02,0.03495250902124958
 4.8129E-02,0.03678216410653594
 4.8151E-02,0.037815599762601626
 4.8173E-02,0.03800766600716848
 4.8195E-02,0.0373496178657107
 4.8217E-02,0.035869703216939317
 4.8240E-02,0.03363211650161489
 4.8262E-02,0.030734275561114265
 4.8284E-02,0.0273025229415619
 4.8306E-02,0.023486503259669694
 4.8329E-02,0.01945256990365738
 4.8351E-02,0.015376585727159137
 4.8373E-02,0.011436415905243434
 4.8395E-02,0.007804335710114208
 4.8417E-02,0.0046395617768907275
 4.8440E-02,0.0020811758739927694
 4.8462E-02,0.0002417971562452331
 4.8484E-02,-0.0007975992092579909
 4.8506E-02,-0.0009913699855050363
 4.8528E-02,-0.0003311878570465374
 4.8551E-02,0.0011537219679345716
 4.8573E-02,0.0033980048540738677
 4.8595E-02,0.006303114441094765
 4.8617E-02,0.009741622782438472
 4.8640E-02,0.013562771738906515
 4.8662E-02,0.01759910202386393
 4.8684E-02,0.02167390311621384
 4.8706E-02,0.02560910519692237
 4.8728E-02,0.02923315638982204
 4.8751E-02,0.0323884555362325
 4.8773E-02,0.034938026007144816
 4.8795E-02,0.036771237113596734
 4.8817E-02,0.0378084384012358
 4.8840E-02,0.03800436810391871
 4.8862E-02,0.03735018182137481
 4.8884E-02,0.0358739676343692
 4.8906E-02,0.03363966951909029
 4.8928E-02,0.030744410412073094
 4.8951E-02,0.027314292078193574
 4.8973E-02,0.023498861734128965
 4.8995E-02,0.01946454631612541
 4.9017E-02,0.015387405703277044
 4.9040E-02,0.011445527154852569
 4.9062E-02,0.007811329234375124
 4.9084E-02,0.004644033571314026
 4.9106E-02,0.0020826076528822996
 4.9128E-02,0.00023953390959338618
 4.9151E-02,-0.0008042393380207635
 4.9173E-02,-0.0010028873285776888
 4.9195E-02,-0.0003476902922738658
 4.9217E-02,0.0011326192293916652
 4.9240E-02,0.0033731004928270634
 4.9262E-02,0.006275386127411076
 4.9284E-02,0.009711949711903334
 4.9306E-02,0.013531764413780541
 4.9328E-02,0.017567142478690467
 4.9351E-02,0.021641384863673393
 4.9373E-02,0.025576735732162955
 4.9395E-02,0.029202122749682764
 4.9417E-02,0.03236031319364483
 4.9440E-02,0.0349143348575657
 4.9462E-02,0.03675313049294767
 4.9484E-02,0.03779635510039944
 4.9506E-02,0.037998070017477986
 4.9528E-02,0.037349001148835624
 4.9551E-02,0.035877106075946616
 4.9573E-02,0.03364637855959203
 4.9595E-02,0.03075398519882026
 4.9617E-02,0.027325930905100444
 4.9639E-02,0.02351151791963891
 4.9662E-02,0.019476903291641735
 4.9684E-02,0.015398034409325724
 4.9706E-02,0.011453162827842948
 4.9728E-02,0.007815104186117609
 4.9751E-02,0.0046435049959461195
 4.9773E-02,0.0020775426492994093
 4.9795E-02,0.00022958458977897882
 4.9817E-02,-0.0008197377695074767
 4.9839E-02,-0.0010248152439169596
 4.9862E-02,-0.00037674645657630255
 4.9884E-02,0.0010963949733278897
 4.9906E-02,0.003330580206317721
 4.9928E-02,0.006228183848312455
 4.9951E-02,0.009661883819209282
 4.9973E-02,0.013480247128037373
 4.9995E-02,0.017514873732164614
 5.0017E-02,0.02158858946582744
 5.0039E-02,0.025523824474870345
 5.0062E-02,0.029150342057626153
 5.0084E-02,0.032311933399170094
 5.0106E-02,0.034872191195065315
 5.0128E-02,0.036719729535775736
 5.0151E-02,0.037773035649897424
 5.0173E-02,0.03798466199292005
 5.0195E-02,0.0373440971714451
 5.0217E-02,0.03587871737358792
 5.0239E-02,0.033652608405500335
 5.0262E-02,0.030763388781309256
 5.0284E-02,0.027337425026375872
 5.0306E-02,0.02352398732912286
 5.0328E-02,0.019488816687050714
 5.0351E-02,0.01540736859600272
 5.0373E-02,0.011457745835786392
 5.0395E-02,0.007813162400415297
 5.0417E-02,0.004634013391583577
 5.0439E-02,0.0020601221320084057
 5.0462E-02,0.0002040042917862909
 5.0484E-02,-0.0008540969820235722
 5.0506E-02,-0.0010690885668627039
 5.0528E-02,-0.0004321203836657624
 5.0551E-02,0.0010294964061770724
 5.0573E-02,0.0032531375861083777
 5.0595E-02,0.006142574949501389
 5.0617E-02,0.009571130564055726
 5.0639E-02,0.013386933563023496
 5.0662E-02,0.01742043370291769
 5.0684E-02,0.021493471624138005
 5.0706E-02,0.02542851564155182
 5.0728E-02,0.029056610850514777
 5.0750E-02,0.032223393254045114
 5.0773E-02,0.034793699966847225
 5.0795E-02,0.036655895853330504
 5.0817E-02,0.03772665354690091
 5.0839E-02,0.03795586108404318
 5.0862E-02,0.03733054753569285
 5.0884E-02,0.035876676740661
 5.0906E-02,0.033658188893935036
 5.0928E-02,0.030773439163252786
 5.0950E-02,0.027349690564981228
 5.0973E-02,0.023536580084311774
 5.0995E-02,0.01949946548397298
 5.1017E-02,0.015413065907687661
 5.1039E-02,0.011455088464780622
 5.1062E-02,0.007799151288093959
 5.1084E-02,0.0046067049019945065
 5.1106E-02,0.0020185977164156985
 5.1128E-02,0.00014765862770334454
 5.1150E-02,-0.000926391562919431
 5.1173E-02,-0.0011592121833801305
 5.1195E-02,-0.0005419745308230153
 5.1217E-02,0.0008993222981514566
 5.1239E-02,0.0031044298828475135
 5.1262E-02,0.0059794615868520255
 5.1284E-02,0.009398779848020988
 5.1306E-02,0.013209703567124444
 5.1328E-02,0.0172406716191732
 5.1350E-02,0.021311902251935716
 5.1373E-02,0.025246134246521064
 5.1395E-02,0.02887687331665757
 5.1417E-02,0.032053150224062965
 5.1439E-02,0.03464203481097219
 5.1462E-02,0.03653136201820497
 5.1484E-02,0.0376343909868021
 5.1506E-02,0.03789607908985317
 5.1528E-02,0.037298941349477796
 5.1550E-02,0.03586628868759009
 5.1573E-02,0.0336616787971334
 5.1595E-02,0.03078469198531367
 5.1617E-02,0.027364149261397196
 5.1639E-02,0.023550402677701216
 5.1662E-02,0.01950828707674323
 5.1684E-02,0.015411422050908511
 5.1706E-02,0.011437025869383822
 5.1728E-02,0.007759582433898131
 5.1750E-02,0.004542417404273094
 5.1773E-02,0.0019280168836864542
 5.1795E-02,2.9446521395233658e-05
 5.1817E-02,-0.0010747939267473372
 5.1839E-02,-0.0013417797186625695
 5.1861E-02,-0.0007624822757414838
 5.1884E-02,0.0006399457271753768
 5.1906E-02,0.002810024528013955
 5.1928E-02,0.005658304955376883
 5.1950E-02,0.009060829712238908
 5.1973E-02,0.012862922918035999
 5.1995E-02,0.016888855778965418
 5.2017E-02,0.020955753849093338
 5.2039E-02,0.02488726030944837
 5.2061E-02,0.028522188437328976
 5.2084E-02,0.03171654133603195
 5.2106E-02,0.034341742578230944
 5.2128E-02,0.036284265076150575
 5.2150E-02,0.03745028583309005
 5.2173E-02,0.03777486378375556
 5.2195E-02,0.037231701189724936
 5.2217E-02,0.03583918167628516
 5.2239E-02,0.03366042664263176
 5.2261E-02,0.03079759407176252
 5.2284E-02,0.027382523847556472
 5.2306E-02,0.02356677110126176
 5.2328E-02,0.01951395074428177
 5.2350E-02,0.015395498329828113
 5.2373E-02,0.011387879973517569
 5.2395E-02,0.007667625271240687
 5.2417E-02,0.004401996609231957
 5.2439E-02,0.001736677808666987
 5.2461E-02,-0.00021512448985719357
 5.2484E-02,-0.0013777921443113635
 5.2506E-02,-0.0017115275975018694
 5.2528E-02,-0.0012069088752260217
 5.2550E-02,0.00011882812536417398
 5.2573E-02,0.002220028644053456
 5.2595E-02,0.005016249728115292
 5.2617E-02,0.00838673412872802
 5.2639E-02,0.012172451296566869
 5.2661E-02,0.016188981673438456
 5.2684E-02,0.020247114472358038
 5.2706E-02,0.024172452491141392
 5.2728E-02,0.027814805349718544
 5.2750E-02,0.03104450898503179
 5.2773E-02,0.03374186685342967
 5.2795E-02,0.0357905019815009
 5.2817E-02,0.03708208097913061
 5.2839E-02,0.03753150297363098
 5.2861E-02,0.03709467989472314
 5.2884E-02,0.035780251038221945
 5.2906E-02,0.033650807939871526
 5.2928E-02,0.030814082852321956
 5.2950E-02,0.02740824598820259
 5.2972E-02,0.023587285928558552
 5.2995E-02,0.019512185496343953
 5.3017E-02,0.01534981301092121
 5.3039E-02,0.011275063631756609
 5.3061E-02,0.007468688644896013
 5.3084E-02,0.004106071550431622
 5.3106E-02,0.0013394140104760633
 5.3128E-02,-0.0007178616162307055
 5.3150E-02,-0.0019961039752571723
 5.3172E-02,-0.002462035478580941
 5.3195E-02,-0.0021055648380462204
 5.3217E-02,-0.0009320140988342521
 5.3239E-02,0.001032716287836076
 5.3261E-02,0.003726188114324717
 5.3284E-02,0.0070339191457545035
 5.3306E-02,0.010788063116071086
 5.3328E-02,0.014786856061391815
 5.3350E-02,0.018828579275430447
 5.3372E-02,0.022742914904995616
 5.3395E-02,0.026401657113520244
 5.3417E-02,0.02970361008077961
 5.3439E-02,0.03254658523858758
 5.3461E-02,0.03480825286948378
 5.3484E-02,0.0363510567137606
 5.3506E-02,0.03704947124087482
 5.3528E-02,0.03682376136307342
 5.3550E-02,0.03566306416518923
 5.3572E-02,0.03362898501436256
 5.3595E-02,0.030840680907624
 5.3617E-02,0.027449360482637675
 5.3639E-02,0.023614215787712053
 5.3661E-02,0.019491284615018152
 5.3684E-02,0.015238479824655479
 5.3706E-02,0.011027625138728885
 5.3728E-02,0.007047851591567841
 5.3750E-02,0.0034905373268965508
 5.3772E-02,0.0005207248383675279
 5.3795E-02,-0.0017478016614459937
 5.3817E-02,-0.0032572328426294316
 5.3839E-02,-0.003986968157516115
 5.3861E-02,-0.003925152458475568
 5.3884E-02,-0.003053078008619201
 5.3906E-02,-0.0013573864776179484
 5.3928E-02,0.001134752384468153
 5.3950E-02,0.004320691399229046
 5.3972E-02,0.008014880268411387
 5.3995E-02,0.011981748623516348
 5.4017E-02,0.015996004063581485
 5.4039E-02,0.019896285549734438
 5.4061E-02,0.023597633544164463
 5.4083E-02,0.02705373972430815
 5.4106E-02,0.030195045805208685
 5.4128E-02,0.03288585405792169
 5.4150E-02,0.03493016765404878
 5.4172E-02,0.036122597101726446
 5.4195E-02,0.036313180302800785
 5.4217E-02,0.03545245179950229
 5.4239E-02,0.033599858057594516
 5.4261E-02,0.0308972285761456
 5.4283E-02,0.02752228350479523
 5.4306E-02,0.02364586718419028
 5.4328E-02,0.019415786353798224
 5.4350E-02,0.014973613052431185
 5.4372E-02,0.010485812624913996
 5.4395E-02,0.006157684151854714
 5.4417E-02,0.002210838126743937
 5.4439E-02,-0.0011659666044951714
 5.4461E-02,-0.0038590930290178104
 5.4483E-02,-0.005833235307719136
 5.4506E-02,-0.007090085292148237
 5.4528E-02,-0.007610779748446465
 5.4550E-02,-0.007326966845921838
 5.4572E-02,-0.0061487991843420554
 5.4595E-02,-0.0040378716759589
 5.4617E-02,-0.0010778799448099294
 5.4639E-02,0.0025094321050432794
 5.4661E-02,0.006425393132454796
 5.4683E-02,0.01040476628906142
 5.4706E-02,0.014308373067308387
 5.4728E-02,0.018134700113949086
 5.4750E-02,0.02193767162016263
 5.4772E-02,0.025701914076036073
 5.4795E-02,0.02925798426991026
 5.4817E-02,0.032293072178479425
 5.4839E-02,0.03444770879042945
 5.4861E-02,0.03543815488260273
 5.4883E-02,0.03514170758844798
 5.4906E-02,0.03361409480463549
 5.4928E-02,0.03104171803228407
 5.4950E-02,0.027655738703678465
 5.4972E-02,0.023653100030172302
 5.4995E-02,0.01917022562893632
 5.5017E-02,0.014321965762180335
 5.5039E-02,0.009267817116758281
 5.5061E-02,0.004243899977990886
 5.5083E-02,-0.00047451580775738963
 5.5106E-02,-0.004659215720782098
 5.5128E-02,-0.008200166394285065
 5.5150E-02,-0.011101841468872676
 5.5172E-02,-0.013397776910505855
 5.5194E-02,-0.015041924322535732
 5.5217E-02,-0.01586295594773851
 5.5239E-02,-0.015629276596691485
 5.5261E-02,-0.014192509071902162
 5.5283E-02,-0.01161577307488952
 5.5306E-02,-0.008192929534781904
 5.5328E-02,-0.004328153931994346
 5.5350E-02,-0.0003388661323737467
 5.5372E-02,0.0036928218239252906
 5.5394E-02,0.007916069713210534
 5.5417E-02,0.012545493898386422
 5.5439E-02,0.017631658320050026
 5.5461E-02,0.022914147360125613
 5.5483E-02,0.0278508947794388
 5.5506E-02,0.03179908260562299
 5.5528E-02,0.034236125282710944
 5.5550E-02,0.03491192783163966
 5.5572E-02,0.03388125140113136
 5.5594E-02,0.031418961740378094
 5.5617E-02,0.02786257827939102
 5.5639E-02,0.02346689965918984
 5.5661E-02,0.018360207879660768
 5.5683E-02,0.012622920341099056
 5.5706E-02,0.006412519600750096
 5.5728E-02,2.183786466464655e-05
 5.5750E-02,-0.00618770345263979
 5.5772E-02,-0.011933749572863129
 5.5794E-02,-0.01712340415067406
 5.5817E-02,-0.021823688431699073
 5.5839E-02,-0.026092618939970596
 5.5861E-02,-0.029791779328100284
 5.5883E-02,-0.03253818553771318
 5.5906E-02,-0.033857949743374666
 5.5928E-02,-0.03345031525693866
 5.5950E-02,-0.03138493067653231
 5.5972E-02,-0.02808934230660235
 5.5994E-02,-0.02411198410533843
 5.6017E-02,-0.01980095879093576
 5.6039E-02,-0.015108872476828178
 5.6061E-02,-0.009657185509727453
 5.6083E-02,-0.003037457862631627
 5.6106E-02,0.004815335301611107
 5.6128E-02,0.013406497097770326
 5.6150E-02,0.021764359392761765
 5.6172E-02,0.02876307317238502
 5.6194E-02,0.03349460211757961
 5.6217E-02,0.03552225976026125
 5.6239E-02,0.03493567648918994
 5.6261E-02,0.03219936034837126
 5.6283E-02,0.027865606164261827
 5.6305E-02,0.022314885553146212
 5.6328E-02,0.015690110931309315
 5.6350E-02,0.008044696508372183
 5.6372E-02,-0.00044539010219467323
 5.6394E-02,-0.009394609729806576
 5.6417E-02,-0.018326948439537395
 5.6439E-02,-0.02690977908507814
 5.6461E-02,-0.035097395151146626
 5.6483E-02,-0.04302618010626449
 5.6505E-02,-0.05070244236374267
 5.6528E-02,-0.057729855235779545
 5.6550E-02,-0.06333281789903165
 5.6572E-02,-0.06669627349540984
 5.6594E-02,-0.06738608307981742
 5.6617E-02,-0.06556436094780956
 5.6639E-02,-0.06185336726031171
 5.6661E-02,-0.05692127999141425
 5.6683E-02,-0.05105979773998285
 5.6705E-02,-0.04402745886418921
 5.6728E-02,-0.03523705017501505
 5.6750E-02,-0.02420152905885537
 5.6772E-02,-0.011047322816659665
 5.6794E-02,0.0032173762792937696
 5.6817E-02,0.01689307351499853
 5.6839E-02,0.02812319330028803
 5.6861E-02,0.03548427245490186
 5.6883E-02,0.03839164507966201
 5.6905E-02,0.03716432919604469
 5.6928E-02,0.03270937383519975
 5.6950E-02,0.02598702818823235
 5.6972E-02,0.017591486418679383
 5.6994E-02,0.007704807183567006
 5.7017E-02,-0.003623595429658729
 5.7039E-02,-0.01615182550121909
 5.7061E-02,-0.029348165014680228
 5.7083E-02,-0.042605981581837024
 5.7105E-02,-0.055589445905319446
 5.7128E-02,-0.06836513937764063
 5.7150E-02,-0.08110919056242881
 5.7172E-02,-0.09357427346907206
 5.7194E-02,-0.1048062611033032
 5.7217E-02,-0.11342878324059774
 5.7239E-02,-0.11828415293611892
 5.7261E-02,-0.11894404283780842
 5.7283E-02,-0.11578950231419075
 5.7305E-02,-0.10964813489799258
 5.7328E-02,-0.10122771007414132
 5.7350E-02,-0.0907446149548215
 5.7372E-02,-0.07792107751170264
 5.7394E-02,-0.062230997338365776
 5.7416E-02,-0.04339903501561235
 5.7439E-02,-0.022074023850069083
 5.7461E-02,-0.0001575201661167952
 5.7483E-02,0.01956473315782703
 5.7505E-02,0.034302992578507524
 5.7528E-02,0.042249067665477764
 5.7550E-02,0.043170485025637674
 5.7572E-02,0.03824559589646515
 5.7594E-02,0.029248056605944095
 5.7616E-02,0.017630854055922143
 5.7639E-02,0.004094773742427553
 5.7661E-02,-0.011203493086309402
 5.7683E-02,-0.02813492397649199
 5.7705E-02,-0.04621600001551071
 5.7728E-02,-0.0646409547229587
 5.7750E-02,-0.08273182150249589
 5.7772E-02,-0.10040882160447523
 5.7794E-02,-0.11809820884360049
 5.7816E-02,-0.13594451180251124
 5.7839E-02,-0.1530104658457796
 5.7861E-02,-0.1673477710374334
 5.7883E-02,-0.17690503588205633
 5.7905E-02,-0.18041691995494447
 5.7928E-02,-0.17775496371701235
 5.7950E-02,-0.16973298345989762
 5.7972E-02,-0.15747022416092485
 5.7994E-02,-0.1417743121521071
 5.8016E-02,-0.12300021637850553
 5.8039E-02,-0.10111144541888306
 5.8061E-02,-0.07582998387733327
 5.8083E-02,-0.04736063258239342
 5.8105E-02,-0.017352490545393857
 5.8128E-02,0.010891601769869155
 5.8150E-02,0.033281782608520175
 5.8172E-02,0.0465610214054653
 5.8194E-02,0.049707193510836196
 5.8216E-02,0.04405411556251392
 5.8239E-02,0.032190199798715194
 5.8261E-02,0.01653982292307927
 5.8283E-02,-0.0014588279456280856
 5.8305E-02,-0.021196647487625127
 5.8328E-02,-0.04229320575746219
 5.8350E-02,-0.0641898011365744
 5.8372E-02,-0.08604101586961063
 5.8394E-02,-0.10705995337399186
 5.8416E-02,-0.1272349937727866
 5.8439E-02,-0.14749582191033567
 5.8461E-02,-0.16862971520484693
 5.8483E-02,-0.18983874377902193
 5.8505E-02,-0.20862150583228853
 5.8527E-02,-0.22204603551598454
 5.8550E-02,-0.22795440058587002
 5.8572E-02,-0.22558326710019197
 5.8594E-02,-0.21569459230510546
 5.8616E-02,-0.19984374865039334
 5.8639E-02,-0.17938899899957034
 5.8661E-02,-0.15525150833177304
 5.8683E-02,-0.12793892962277206
 5.8705E-02,-0.0974505014844755
 5.8727E-02,-0.06390234014697671
 5.8750E-02,-0.02871774857294794
 5.8772E-02,0.004827887499417101
 5.8794E-02,0.03222112685934128
 5.8816E-02,0.04947867446151502
 5.8839E-02,0.054944891545739484
 5.8861E-02,0.04951424586189987
 5.8883E-02,0.035750058007300925
 5.8905E-02,0.016804548081034452
 5.8927E-02,-0.004728732290232244
 5.8950E-02,-0.027145621036358356
 5.8972E-02,-0.049336128051809994
 5.8994E-02,-0.0708493985293134
 5.9016E-02,-0.09162768200424377
 5.9039E-02,-0.11157293213672116
 5.9061E-02,-0.13110820436004492
 5.9083E-02,-0.15159424103790795
 5.9105E-02,-0.17405228645276036
 5.9127E-02,-0.19740185452320344
 5.9150E-02,-0.218511245165723
 5.9172E-02,-0.23385787969081526
 5.9194E-02,-0.24086771860595999
 5.9216E-02,-0.23863427002605705
 5.9239E-02,-0.22803758287538556
 5.9261E-02,-0.21068806236542292
 5.9283E-02,-0.1880078539123453
 5.9305E-02,-0.16142371012378331
 5.9327E-02,-0.13220148856537814
 5.9350E-02,-0.10083157633672449
 5.9372E-02,-0.067419372205941
 5.9394E-02,-0.03274459201867021
 5.9416E-02,0.0008580575118564276
 5.9439E-02,0.02936766185813044
 5.9461E-02,0.04870964520475711
 5.9483E-02,0.05672611953714103
 5.9505E-02,0.05326662001190459
 5.9527E-02,0.039927488921608544
 5.9550E-02,0.02023466004536503
 5.9572E-02,-0.0017005242966706031
 5.9594E-02,-0.02285554189001866
 5.9616E-02,-0.041560895679847526
 5.9638E-02,-0.05787986807108602
 5.9661E-02,-0.07340313495105426
 5.9683E-02,-0.08949911732964702
 5.9705E-02,-0.10691700167054558
 5.9727E-02,-0.12675031986353885
 5.9750E-02,-0.14961802403688773
 5.9772E-02,-0.17382289213314184
 5.9794E-02,-0.19549870239189895
 5.9816E-02,-0.21066059319214747
 5.9838E-02,-0.21706731393786965
 5.9861E-02,-0.2147623254500494
 5.9883E-02,-0.20517882594221956
 5.9905E-02,-0.18978285923638522
 5.9927E-02,-0.16954680584906145
 5.9950E-02,-0.14555573256048918
 5.9972E-02,-0.11945413138373694
 5.9994E-02,-0.0923162626921803
 6.0016E-02,-0.06366334329431424
 6.0038E-02,-0.03285919034754613
 6.0061E-02,-0.0014865319034279706
 6.0083E-02,0.026396248320525142
 6.0105E-02,0.04652378197932279
 6.0127E-02,0.056181205050375715
 6.0150E-02,0.054525453368049724
 6.0172E-02,0.04328362859431221
 6.0194E-02,0.0266334061681562
 6.0216E-02,0.00880523703009898
 6.0238E-02,-0.007601170959047408
 6.0261E-02,-0.021080513760577763
 6.0283E-02,-0.031522558771836955
 6.0305E-02,-0.04105871377199044
 6.0327E-02,-0.05228086843041647
 6.0350E-02,-0.06630804059587804
 6.0372E-02,-0.08367988455074259
 6.0394E-02,-0.10501044343681117
 6.0416E-02,-0.12889005222235764
 6.0438E-02,-0.15085562891644608
 6.0461E-02,-0.16637125042301018
 6.0483E-02,-0.1733281321843833
 6.0505E-02,-0.17197986236057713
 6.0527E-02,-0.16475558559837425
 6.0550E-02,-0.1544478187924455
 6.0572E-02,-0.14141478449156614
 6.0594E-02,-0.12469050096952113
 6.0616E-02,-0.10465934823939164
 6.0638E-02,-0.08194348215375408
 6.0661E-02,-0.05612517153442432
 6.0683E-02,-0.027606596431343007
 6.0705E-02,0.0011891734365756246
 6.0727E-02,0.02649210498006236
 6.0749E-02,0.044362007131198505
 6.0772E-02,0.05266523793335252
 6.0794E-02,0.05211629152263653
 6.0816E-02,0.04521262283315583
 6.0838E-02,0.03511880138588212
 6.0861E-02,0.02425716316529931
 6.0883E-02,0.013460286352698659
 6.0905E-02,0.004007915983510231
 6.0927E-02,-0.002792924571963509
 6.0949E-02,-0.00881666246631728
 6.0972E-02,-0.016831261832138684
 6.0994E-02,-0.027046756468855293
 6.1016E-02,-0.03984791735818187
 6.1038E-02,-0.05721440944908582
 6.1061E-02,-0.07859604133846922
 6.1083E-02,-0.10041848559424504
 6.1105E-02,-0.1191284888062237
 6.1127E-02,-0.13101316111604688
 6.1149E-02,-0.13392223327503205
 6.1172E-02,-0.12994790759852742
 6.1194E-02,-0.12241165629340023
 6.1216E-02,-0.11280647867089792
 6.1238E-02,-0.10122876729005931
 6.1261E-02,-0.08683698959933224
 6.1283E-02,-0.0685570261160765
 6.1305E-02,-0.04653168672438444
 6.1327E-02,-0.02245954087304861
 6.1349E-02,0.0010120900442853568
 6.1372E-02,0.021325159798582682
 6.1394E-02,0.03665495052304288
 6.1416E-02,0.04568330257541039
 6.1438E-02,0.048379921418744545
 6.1461E-02,0.04592158700350745
 6.1483E-02,0.039898098045908305
 6.1505E-02,0.033043712039944564
 6.1527E-02,0.027765354670587168
 6.1549E-02,0.024181999080220087
 6.1572E-02,0.02146027834057058
 6.1594E-02,0.01852005945672804
 6.1616E-02,0.013814914513607402
 6.1638E-02,0.006243725403217371
 6.1661E-02,-0.004621488725280811
 6.1683E-02,-0.019269761097064898
 6.1705E-02,-0.03805705059162273
 6.1727E-02,-0.05977146878846301
 6.1749E-02,-0.0811520002410083
 6.1772E-02,-0.09804062327514527
 6.1794E-02,-0.10691080322727509
 6.1816E-02,-0.10688051340975009
 6.1838E-02,-0.10051865848222967
 6.1860E-02,-0.09126879202549613
 6.1883E-02,-0.08105227098434174
 6.1905E-02,-0.07030299654774712
 6.1927E-02,-0.05832083028886197
 6.1949E-02,-0.044299665863682294
 6.1972E-02,-0.028405104909043973
 6.1994E-02,-0.011030788712494532
 6.2016E-02,0.007316633055179333
 6.2038E-02,0.02448238010427706
 6.2060E-02,0.03669982606377126
 6.2083E-02,0.04122841870885829
 6.2105E-02,0.03874875008643429
 6.2127E-02,0.03307145360569293
 6.2149E-02,0.02903777406286316
 6.2172E-02,0.02970538324973811
 6.2194E-02,0.03420564379577564
 6.2216E-02,0.03879192472157321
 6.2238E-02,0.040235356344079105
 6.2260E-02,0.03735642985988776
 6.2283E-02,0.029835097179635027
 6.2305E-02,0.017876923956866637
 6.2327E-02,0.0023893101577695947
 6.2349E-02,-0.015860325816307773
 6.2372E-02,-0.03579854441419737
 6.2394E-02,-0.05529292251502391
 6.2416E-02,-0.07204703016082059
 6.2438E-02,-0.0840705118897858
 6.2460E-02,-0.08956618494502838
 6.2483E-02,-0.08820031148079448
 6.2505E-02,-0.08203590454232768
 6.2527E-02,-0.07398031814277746
 6.2549E-02,-0.06619894630124784
 6.2572E-02,-0.05971082725116431
 6.2594E-02,-0.05359472012921434
 6.2616E-02,-0.04522758660331619
 6.2638E-02,-0.03243892556262646
 6.2660E-02,-0.01547639719349193
 6.2683E-02,0.002388929959981797
 6.2705E-02,0.016546449072961725
 6.2727E-02,0.024455951430277
 6.2749E-02,0.027134162348731256
 6.2772E-02,0.02747402721819134
 6.2794E-02,0.027953475339486195
 6.2816E-02,0.029878267459981938
 6.2838E-02,0.0335809431565098
 6.2860E-02,0.038139542694188164
 6.2883E-02,0.04168403558599488
 6.2905E-02,0.04264309195960926
 6.2927E-02,0.0398784186106397
 6.2949E-02,0.032374758478782226
 6.2971E-02,0.019876256466722794
 6.2994E-02,0.0031938576430334716
 6.3016E-02,-0.016131871913621615
 6.3038E-02,-0.03606136267599562
 6.3060E-02,-0.054291282719569456
 6.3083E-02,-0.06848766612835708
 6.3105E-02,-0.07686020345198384
 6.3127E-02,-0.07951080076534442
 6.3149E-02,-0.07876227164075701
 6.3171E-02,-0.07738587829419695
 6.3194E-02,-0.07697290765134081
 6.3216E-02,-0.07738477415123789
 6.3238E-02,-0.07659753868121358
 6.3260E-02,-0.07183069409051121
 6.3283E-02,-0.0614677906530703
 6.3305E-02,-0.046103370011029376
 6.3327E-02,-0.028585207091785005
 6.3349E-02,-0.012240338253261065
 6.3371E-02,0.001473487881368767
 6.3394E-02,0.012600094824466362
 6.3416E-02,0.021237025281724047
 6.3438E-02,0.027267508421546117
 6.3460E-02,0.030613658921887513
 6.3483E-02,0.03190581118355875
 6.3505E-02,0.03245180372161759
 6.3527E-02,0.0332988502484638
 6.3549E-02,0.034778275844514976
 6.3571E-02,0.0363509488325074
 6.3594E-02,0.03648606140329169
 6.3616E-02,0.032987969720016996
 6.3638E-02,0.02376735566212538
 6.3660E-02,0.007976380075026167
 6.3683E-02,-0.01273933506619885
 6.3705E-02,-0.03432306856428613
 6.3727E-02,-0.052487798981365956
 6.3749E-02,-0.06498899376805983
 6.3771E-02,-0.07235149782286664
 6.3794E-02,-0.07729596845925496
 6.3816E-02,-0.08293247511238906
 6.3838E-02,-0.09056610664062648
 6.3860E-02,-0.09895426800235389
 6.3883E-02,-0.10507026273973832
 6.3905E-02,-0.10562285424142272
 6.3927E-02,-0.0988750902628083
 6.3949E-02,-0.08534383193353039
 6.3971E-02,-0.0671932258006474
 6.3994E-02,-0.04725516652778558
 6.4016E-02,-0.02790051884704104
 6.4038E-02,-0.010505182747146475
 6.4060E-02,0.004204731595816512
 6.4082E-02,0.0157074026426594
 6.4105E-02,0.02365772689326403
 6.4127E-02,0.028249928681598747
 6.4149E-02,0.030274895033887476
 6.4171E-02,0.03081780451785598
 6.4194E-02,0.031194567285308634
 6.4216E-02,0.03251592242807397
 6.4238E-02,0.034596890528805886
 6.4260E-02,0.03551679764374788
 6.4282E-02,0.032417277882781884
 6.4305E-02,0.023018193885146827
 6.4327E-02,0.007250838420746822
 6.4349E-02,-0.012332116442299732
 6.4371E-02,-0.03227341637612208
 6.4394E-02,-0.0504134792080318
 6.4416E-02,-0.0662776526020982
 6.4438E-02,-0.08021663302417645
 6.4460E-02,-0.0930233779601932
 6.4482E-02,-0.10558141229397647
 6.4505E-02,-0.11804642138506331
 6.4527E-02,-0.12922114403259496
 6.4549E-02,-0.13648838589840565
 6.4571E-02,-0.13687283644744422
 6.4594E-02,-0.12868906459958712
 6.4616E-02,-0.11250260515884042
 6.4638E-02,-0.09108254494405986
 6.4660E-02,-0.0680430828145382
 6.4682E-02,-0.04612163177848633
 6.4705E-02,-0.026522015587170038
 6.4727E-02,-0.009352896152020406
 6.4749E-02,0.005268559747973446
 6.4771E-02,0.01687205310461406
 6.4794E-02,0.025415959368523547
 6.4816E-02,0.0310232308232668
 6.4838E-02,0.03365838554339958
 6.4860E-02,0.0342286467637355
 6.4882E-02,0.034145706941107135
 6.4905E-02,0.03363833053610468
 6.4927E-02,0.0316710371931002
 6.4949E-02,0.026525424366813814
 6.4971E-02,0.01663646612114763
 6.4994E-02,0.0017838050251063556
 6.5016E-02,-0.017009902059170176
 6.5038E-02,-0.03848543515762045
 6.5060E-02,-0.061449664396328124
 6.5082E-02,-0.08440175754416654
 6.5105E-02,-0.10551551971726447
 6.5127E-02,-0.12365404616200212
 6.5149E-02,-0.13909733873203356
 6.5171E-02,-0.15259334491787174
 6.5193E-02,-0.16375316062540743
 6.5216E-02,-0.17046531643023174
 6.5238E-02,-0.17004017275369157
 6.5260E-02,-0.16097096585349607
 6.5282E-02,-0.14373964723236898
 6.5305E-02,-0.1206438298798522
 6.5327E-02,-0.09466439497764476
 6.5349E-02,-0.06796996625389781
 6.5371E-02,-0.041877079302614355
 6.5393E-02,-0.01780662703587121
 6.5416E-02,0.002567509601982907
 6.5438E-02,0.01804657942113497
 6.5460E-02,0.028521694972184514
 6.5482E-02,0.03450128753655566
 6.5505E-02,0.03649260102754974
 6.5527E-02,0.03559752770118347
 6.5549E-02,0.0335564872365965
 6.5571E-02,0.031027985022473517
 6.5593E-02,0.026651126898442963
 6.5616E-02,0.018454015231741866
 6.5638E-02,0.005459302095447651
 6.5660E-02,-0.01218505335371872
 6.5682E-02,-0.03368895551850721
 6.5705E-02,-0.057890222332624156
 6.5727E-02,-0.0833099736831026
 6.5749E-02,-0.10830338357632698
 6.5771E-02,-0.13152791490351096
 6.5793E-02,-0.15219765647997655
 6.5816E-02,-0.1699539949567324
 6.5838E-02,-0.18466900233016634
 6.5860E-02,-0.1955984755691127
 6.5882E-02,-0.2007227068692374
 6.5905E-02,-0.1980642660519706
 6.5927E-02,-0.18704410276225103
 6.5949E-02,-0.16784934767069615
 6.5971E-02,-0.1409845911168819
 6.5993E-02,-0.1081635984422489
 6.6016E-02,-0.0726940341642282
 6.6038E-02,-0.038628885466961686
 6.6060E-02,-0.00968843972306031
 6.6082E-02,0.011562570108102445
 6.6105E-02,0.024863741554754862
 6.6127E-02,0.03243944400412861
 6.6149E-02,0.036565805748297764
 6.6171E-02,0.03776042054249472
 6.6193E-02,0.03602022890062435
 6.6216E-02,0.03221816011531212
 6.6238E-02,0.0271353637752759
 6.6260E-02,0.019648385695877058
 6.6282E-02,0.007806980071085386
 6.6304E-02,-0.008442604812314534
 6.6327E-02,-0.027796914846912976
 6.6349E-02,-0.04984256020633207
 6.6371E-02,-0.07433352296819759
 6.6393E-02,-0.09976272633712767
 6.6416E-02,-0.12475657455880453
 6.6438E-02,-0.1487735074517868
 6.6460E-02,-0.17071900149445568
 6.6482E-02,-0.18932894211202345
 6.6504E-02,-0.20396671001137395
 6.6527E-02,-0.21314875268924494
 6.6549E-02,-0.21448040294895987
 6.6571E-02,-0.20679047657036823
 6.6593E-02,-0.19015917710785654
 6.6616E-02,-0.1647622892346178
 6.6638E-02,-0.13155906506078352
 6.6660E-02,-0.09357929293755698
 6.6682E-02,-0.055649483400319395
 6.6704E-02,-0.02238550679455549
 6.6727E-02,0.0032449744087979897
 6.6749E-02,0.020106004002551022
 6.6771E-02,0.02971993869635516
 6.6793E-02,0.03510918958712239
 6.6816E-02,0.03734034072744699
 6.6838E-02,0.03608905518374756
 6.6860E-02,0.03249482765808161
 6.6882E-02,0.02858316790398714
 6.6904E-02,0.02446603046042178
 6.6927E-02,0.017194990633254296
 6.6949E-02,0.0041195969934570194
 6.6971E-02,-0.013717026169631946
 6.6993E-02,-0.03398920613093156
 6.7000E-02,-0.04045751574377989
